,epoch,train_loss,test_loss,train_dbs,test_dbs
0,0,0.0006788010065703048,0.0006576315744927055,-4.589431446560942,-4.735954297600428
1,1,0.0006372848904893263,0.0006240009066746815,-4.862504200802817,-4.963928656141459
2,2,0.0006092956509277916,0.0005997543186439495,-5.0602123552693765,-5.136047024575059
3,3,0.0005875589960907615,0.0005809220142270389,-5.214474579558362,-5.274602518103642
4,4,0.0005709585108429424,0.0005655810420744513,-5.33988884398351,-5.390832425765709
5,5,0.0005573236225076864,0.000552513030063557,-5.44840622012501,-5.492355617662344
6,6,0.0005446181550967632,0.0005411684641761607,-5.54551412589491,-5.582456055591862
7,7,0.0005340823260395183,0.0005309782848742447,-5.632046840581837,-5.665013259848635
8,8,0.0005247278799682126,0.0005223500958986973,-5.707326863761813,-5.7361640755373
9,9,0.0005168410785587447,0.0005150546831397438,-5.7744351696552805,-5.797247459757746
10,10,0.000509773418859377,0.0005085551866183156,-5.833865002590358,-5.852399984037242
11,11,0.0005035306679291324,0.0005021139329887534,-5.8879345611863165,-5.907758136964379
12,12,0.0004979227126465592,0.0004969644145794997,-5.9363991738775965,-5.952527943853976
13,13,0.0004926803959869617,0.0004917843049808749,-5.983227206866574,-5.998034219677944
14,14,0.0004877197642008937,0.00048747909788385426,-6.0263192852813035,-6.036220875616439
15,15,0.00048333093747208566,0.00048304931413823446,-6.063882067777273,-6.075866165186615
16,16,0.0004793510594664468,0.00047890795854312415,-6.102129825014391,-6.113260320736346
17,17,0.00047507367250461554,0.00047531147567114154,-6.1373447357548505,-6.145997865281803
18,18,0.00047160249915137193,0.0004714728443344173,-6.171314969008805,-6.181214028183478
19,19,0.0004682643567067907,0.0004681447998767621,-6.202260213393505,-6.211978826960704
20,20,0.00046486137542854416,0.0004651325289160013,-6.2333093344242565,-6.2400137348862525
21,21,0.0004619164791404625,0.0004622130486256394,-6.260666469199609,-6.267358845484221
22,22,0.00045905500733216785,0.0004597565857693553,-6.289440309252811,-6.290501273349719
23,23,0.0004566288949230436,0.00045687043242842744,-6.312118804777845,-6.31785033872262
24,24,0.00045369194878130845,0.000453946981762879,-6.338951584463173,-6.345729534539942
25,25,0.0004512576077891917,0.0004517316977542482,-6.363788800945515,-6.366975205024285
26,26,0.00044877876794042505,0.000449291232814032,-6.386948181008735,-6.39050142200974
27,27,0.00044637345036818195,0.00044737249079748596,-6.410616301501913,-6.409088107741398
28,28,0.0004441752875603006,0.00044483036464570383,-6.4306636762361356,-6.433836612880832
29,29,0.0004421560160969336,0.0004430645755124523,-6.4520358899889905,-6.4511105819757315
30,30,0.00043992110685272547,0.000440943364274541,-6.473981626051778,-6.471952750065001
31,31,0.00043813226391686144,0.0004386131584301199,-6.491120824931695,-6.494964299214425
32,32,0.000435931494065858,0.0004372953339234779,-6.512808625101602,-6.508032430147822
33,33,0.0004339514188612475,0.0004351262897743206,-6.531002748648884,-6.529627627248798
34,34,0.0004325655988686401,0.00043341408079293996,-6.546043573015154,-6.546750697193772
35,35,0.00043075598929960703,0.0004317035782150924,-6.565869976234105,-6.563924379666364
36,36,0.0004292593170173428,0.0004304490315629856,-6.581135441654663,-6.576563512615067
37,37,0.00042739646664110117,0.00042899014232190033,-6.597393358668291,-6.591307735939291
38,38,0.00042582543497213845,0.0004268975202361808,-6.615388672408688,-6.612544542479023
39,39,0.0004243067850973265,0.00042577506667983373,-6.630747512990878,-6.6239786069669835
40,40,0.00042287858812733715,0.00042431911998918573,-6.646196193681418,-6.638854846373448
41,41,0.0004213965433702526,0.00042269016328071684,-6.66099358404821,-6.655559451527636
42,42,0.000419821978736304,0.0004211721886684628,-6.675893371595709,-6.671184007056661
43,43,0.00041867185146403834,0.00042014122376904676,-6.690353428019553,-6.681827902288867
44,44,0.00041730992271584106,0.00041878287141260346,-6.702552697481753,-6.6958917598369805
45,45,0.0004159708719786986,0.0004170830254320447,-6.717119690447436,-6.713555711672521
46,46,0.0004149431749199008,0.00041686946765127545,-6.7283464840224365,-6.715779986281739
47,47,0.0004133696910281925,0.00041490749725581785,-6.742468534885963,-6.736268038550853
48,48,0.0004122278124415652,0.00041412904331656665,-6.755271301280413,-6.744423972168928
49,49,0.00041114872101857564,0.00041275224372695546,-6.767318629139581,-6.758886435557492
50,50,0.000410020186988272,0.00041147051562898253,-6.781172154727072,-6.7723936551201085
51,51,0.00040899318272065487,0.00041017978985205685,-6.79089133647749,-6.786038280818561
52,52,0.00040766454785438156,0.0004092995138642819,-6.803952300610996,-6.795368575051782
53,53,0.00040675477471596266,0.00040824680074461197,-6.81519684845015,-6.806552962857318
54,54,0.0004052717659319991,0.00040739374143365577,-6.829186453882993,-6.815637334401159
55,55,0.00040442327075858705,0.0004058764499955271,-6.840001707323363,-6.831842331719508
56,56,0.0004032555131659334,0.00040507947682942217,-6.850888939208107,-6.840378459226435
57,57,0.0004023275774370725,0.0004040874191559851,-6.8614422751021635,-6.85102756984413
58,58,0.00040098410261766123,0.00040327209525888686,-6.873941823481118,-6.85979914641001
59,59,0.00040007677030048726,0.00040239309983965203,-6.883298178188979,-6.869275614153186
60,60,0.0003995069332022374,0.00040095513012554303,-6.892488337328403,-6.884823117854719
61,61,0.0003985978213508527,0.0004002309027495549,-6.902519061123643,-6.892674678560908
62,62,0.0003974542436405978,0.0003994982276038316,-6.913456268776173,-6.90063229445267
63,63,0.0003963741251824366,0.0003983223593279131,-6.9245347652114875,-6.913434006562113
64,64,0.00039594188589391484,0.00039776839395543853,-6.93248991422325,-6.919478145179992
65,65,0.00039447456527472543,0.00039663133333976334,-6.946379761752201,-6.931910664256917
66,66,0.00039378782229008367,0.0003956595962671073,-6.954690802254414,-6.942563828249008
67,67,0.0003933965566942526,0.00039495538466757064,-6.959975152722091,-6.950300471242788
68,68,0.0003921029268351105,0.00039412947003974726,-6.972620704876661,-6.959391769706624
69,69,0.00039107061726924454,0.0003931786417716036,-6.9834961140113645,-6.969881682477973
70,70,0.0003902698358756096,0.0003920961876007679,-6.993095280388398,-6.981854667055379
71,71,0.00038969517894300447,0.0003915915624116008,-7.001174403669555,-6.987447608003354
72,72,0.0003887346907297975,0.0003908822944044675,-7.009530749038614,-6.995320874652938
73,73,0.0003881975897400611,0.0003899005211056455,-7.016793580324814,-7.006242707009024
74,74,0.00038727565570110357,0.00038903428235483403,-7.026543321663609,-7.015902125561215
75,75,0.0003864390348905179,0.0003884034522343427,-7.037956241173864,-7.022950049485811
76,76,0.0003856144552647146,0.00038732422092978497,-7.045678221194263,-7.035034303248722
77,77,0.0003847074190865165,0.00038646402198968356,-7.055245600117603,-7.044690169962528
78,78,0.00038395344205296685,0.00038605387549308176,-7.063677685923354,-7.049301697476983
79,79,0.00038314713423197956,0.00038520111641111344,-7.07343562430664,-7.058905491773269
80,80,0.00038278771332733946,0.0003842192466101168,-7.078722730669286,-7.069989702394302
81,81,0.0003815771572018215,0.00038330419920384884,-7.089394601749092,-7.080345092309031
82,82,0.00038075155684167577,0.0003828763054977906,-7.098147702263045,-7.085195956917616
83,83,0.00038016329341827285,0.0003819186010667564,-7.108056510098035,-7.096072754436183
84,84,0.00037960681857867647,0.00038156680775022035,-7.114077636963413,-7.100074976487585
85,85,0.0003787762276617061,0.00038050440458678886,-7.122122156105504,-7.112183979501356
86,86,0.00037788718005104627,0.00037979516261992484,-7.131985393222814,-7.1202865741936385
87,87,0.0003774642875926934,0.00037921807348826215,-7.138514253154873,-7.126890587452394
88,88,0.00037689506317508054,0.0003784863097519663,-7.148612903882741,-7.135279110960085
89,89,0.0003758073432164593,0.0003773700905424592,-7.156061152021379,-7.148106102846179
90,90,0.0003753292410917695,0.00037727290672544196,-7.163152154664726,-7.149224681984845
91,91,0.00037480675802594913,0.00037658466087458163,-7.171628342905679,-7.157154600609086
92,92,0.0003737887942481824,0.00037556205643340945,-7.182211435001371,-7.168963779041761
93,93,0.0003733232529766704,0.0003749985128371535,-7.187662230807293,-7.175485409145374
94,94,0.0003722435638750183,0.0003742001962995059,-7.1983047647682055,-7.184740753397913
95,95,0.00037168989980535715,0.0003738022473714265,-7.205708531126623,-7.189361782147542
96,96,0.0003709720127217318,0.0003727607606714101,-7.21170751037529,-7.201478970257357
97,97,0.00037034012925734304,0.000371935431183757,-7.220230266125233,-7.2111053438822825
98,98,0.0003697763394549988,0.00037144646538715616,-7.228701295646127,-7.216818562859166
99,99,0.00036922895431172907,0.0003705407082299261,-7.235444806212187,-7.227421590639375
100,100,0.00036841986092412364,0.0003703233164024392,-7.245191781363502,-7.2299702924431895
101,101,0.00036750577831852065,0.00036995589739250903,-7.254358372794751,-7.2342813161404145
102,102,0.0003671228742231759,0.0003692531639612035,-7.258930469446327,-7.242538610574689
103,103,0.00036644767705811974,0.0003678172437694708,-7.268398621634606,-7.259460006362923
104,104,0.0003655760071345979,0.00036769527421136826,-7.27678259543719,-7.2609003817538165
105,105,0.0003649183709808078,0.0003669355937745422,-7.284323651756658,-7.269882447542334
