,epoch,train_loss,test_loss,train_dbs,test_dbs
0,0,0.0004802381181153325,0.00039761009209446217,-6.0904503410913025,-6.911227029739258
1,1,0.0002536074886669779,9.89456170109885e-05,-8.867129262405498,-12.951835410048915
2,2,6.817671458792546e-05,6.262566047984077e-05,-14.571806877349909,-14.938277828780947
3,3,6.234176172940876e-05,6.027478785223426e-05,-14.959761231830468,-15.10444411576584
4,4,5.8305899130442116e-05,5.7185808002127726e-05,-15.252403502800735,-15.332918402370087
5,5,5.6123342464039506e-05,5.672244400270038e-05,-15.413096488541466,-15.368251670070066
6,6,5.556089095033216e-05,5.62455507430346e-05,-15.45892342875282,-15.404919284100478
7,7,5.516955942082334e-05,5.638165116818671e-05,-15.490736759903026,-15.39442311773991
8,8,5.5509146365046636e-05,5.596763443655187e-05,-15.464468038982888,-15.42643150923308
9,9,5.514135184582592e-05,5.675891818674771e-05,-15.494566376526011,-15.365459927513662
10,10,5.5108334825340584e-05,5.561129939068403e-05,-15.495386638258035,-15.45417059311413
11,11,5.5284723052911017e-05,5.6015066404238734e-05,-15.48144737679991,-15.422752469004644
12,12,5.492245214817249e-05,5.548229685365712e-05,-15.511381999319536,-15.464256703755556
13,13,5.469516844707109e-05,5.591225865493087e-05,-15.527090546364775,-15.430730654984554
14,14,5.478310334549007e-05,5.475095282523207e-05,-15.519993620291373,-15.521884204922303
15,15,5.50454581749251e-05,5.530580911956924e-05,-15.499698916581773,-15.4780935165075
16,16,5.585267402792167e-05,5.617616606239033e-05,-15.439756845616152,-15.410280061113097
17,17,5.555850398617547e-05,5.57737822466726e-05,-15.457262824824234,-15.441500052898933
18,18,5.55906851341487e-05,5.51935244354689e-05,-15.457919876980672,-15.486919748109543
19,19,5.550009391112157e-05,5.709324020579899e-05,-15.463606476229907,-15.339954108839537
20,20,5.5513192172529485e-05,5.676091773478363e-05,-15.46477841007732,-15.365306933515505
21,21,5.507683532958197e-05,5.524091179004723e-05,-15.49805906990731,-15.483192637513996
22,22,5.5354934693710186e-05,5.619454513132376e-05,-15.476254824848832,-15.408859418989064
23,23,7.667770549551747e-05,0.00023504256157474103,-14.059775194582214,-9.194335904898741
24,24,0.00038590680999254096,0.00032345872023142874,-7.0404430298639475,-7.807612381286044
25,25,0.0002648169114782485,0.0002244931682454128,-8.677642236971582,-9.393769729202262
26,26,0.00021715696553637265,0.00021085988478980174,-9.542590458604804,-9.665861371615643
27,27,0.00020697396881662347,0.00019051803744667652,-9.747836293967481,-10.10644002919057
28,28,0.00018593299244026434,0.00016222262025908813,-10.212645485499696,-10.804686901013099
29,29,0.00016954005058295545,0.0001516275285547109,-10.615915927590358,-11.098020457825768
30,30,0.00014663689629385997,0.00013905123035472475,-11.243950149755886,-11.474052661059016
31,31,0.00013185009800171306,0.00012597520674860694,-11.706475971403647,-11.902950222666647
32,32,0.0001230248202510975,0.00012384104736970345,-12.009374427338315,-11.977154857086221
33,33,0.00011842503358211522,0.00011610044518755258,-12.172749238001837,-12.25746217007164
34,34,0.00011253827185485243,0.00010861359087836095,-12.39416291729703,-12.546959298921028
35,35,0.00010637181624110078,0.00010597181704054635,-12.638581567653645,-12.653897210443459
36,36,0.00010370060134818297,0.00010629153334057743,-12.75104559643359,-12.640814299085166
37,37,0.0001006328179615012,9.640526810758992e-05,-12.880671177013422,-13.064793352914371
38,38,9.666123484758199e-05,9.80400796642674e-05,-13.052742484918925,-12.991764465784597
39,39,9.496781819610444e-05,9.428788325749338e-05,-13.13206601415979,-13.161242160227411
40,40,9.241042110814531e-05,9.76457771397882e-05,-13.249379156264936,-13.00926635837266
41,41,9.225120012751617e-05,9.597642316580995e-05,-13.255851133609287,-13.084155413728165
42,42,9.186629521883736e-05,9.078005716314932e-05,-13.276222440425464,-13.325896501754855
43,43,8.92068807290118e-05,9.234189431146278e-05,-13.403754498002844,-13.25181322582802
44,44,8.84105865759583e-05,9.116253970301171e-05,-13.442058402583639,-13.307636863380374
45,45,8.931195620836249e-05,9.119388529430388e-05,-13.396961782125064,-13.306143829343931
46,46,8.81900880803815e-05,9.041882041952034e-05,-13.451422345013174,-13.343212650105393
47,47,8.752871643495026e-05,8.834254511288906e-05,-13.484561297455354,-13.444101951021402
48,48,9.031959480219568e-05,9.192380553270739e-05,-13.34789400806584,-13.271521067417726
49,49,8.964010377200896e-05,8.75247270941097e-05,-13.382999938982431,-13.484493367624262
50,50,9.11486557428005e-05,9.063609161928885e-05,-13.307995189023911,-13.332789323019892
51,51,8.866945704680474e-05,9.02647845673767e-05,-13.430060080345399,-13.35061752082542
52,52,8.828856801666972e-05,8.794279442793738e-05,-13.446723507423819,-13.463798406170874
53,53,8.868979717383987e-05,9.603277507458667e-05,-13.428866193514109,-13.08160623129801
54,54,8.95445447951584e-05,9.017423987020983e-05,-13.385045286592137,-13.35497611961172
55,55,9.167497991416219e-05,9.921283651094295e-05,-13.283689977875433,-12.940122356926924
56,56,8.99077897030889e-05,9.099285786138161e-05,-13.371727186184735,-13.31572796688864
57,57,8.761716725127099e-05,8.819395512354707e-05,-13.483053263751561,-13.4514128275359
58,58,8.96418886319206e-05,8.76518717728016e-05,-13.381338158380796,-13.478189073282127
59,59,9.38124904143816e-05,0.00010068050093985603,-13.185397240411154,-12.876347343213494
60,60,9.391746245511836e-05,8.93065497573269e-05,-13.181337441608836,-13.396967907659201
61,61,8.935765994859129e-05,8.847054299334751e-05,-13.396325600706977,-13.437814092641196
62,62,8.776896435481775e-05,8.723962443917499e-05,-13.47371056169359,-13.498663147509935
63,63,9.02997717182104e-05,9.082060339431719e-05,-13.349303708628321,-13.323957191105132
64,64,9.23473107269677e-05,0.00010549995970091244,-13.254192213910734,-12.673278083115406
65,65,9.388945691921202e-05,8.978967027934759e-05,-13.180618998055895,-13.373537252819537
66,66,9.049179001540887e-05,9.103860180690198e-05,-13.342373581441239,-13.313545229511883
67,67,9.002825345774421e-05,9.923136684320573e-05,-13.360692280972215,-12.939311285508667
68,68,9.282405074738618e-05,9.333422693950859e-05,-13.230988066727766,-13.205391673617616
69,69,9.206787899998257e-05,9.488833625494551e-05,-13.268546034234452,-13.133672701461752
70,70,9.630456628018663e-05,9.520749000856947e-05,-13.072382662491702,-13.119089862160727
71,71,9.400896782345935e-05,9.684837928752561e-05,-13.175033291289235,-13.044877446523376
72,72,9.244994606016223e-05,9.244836952635332e-05,-13.249092631379632,-13.246808459619725
73,73,8.956427156646765e-05,9.060454345001887e-05,-13.387862960507642,-13.334301257246036
74,74,9.334679567267081e-05,8.971474668023323e-05,-13.205441701696078,-13.377162668628287
75,75,9.037936964437136e-05,8.88774344562798e-05,-13.346548876983007,-13.417885923209818
76,76,8.988134069704287e-05,9.517113243131654e-05,-13.37170740047352,-13.120748650859364
77,77,9.316513061309809e-05,9.159307649640955e-05,-13.213420921781832,-13.2871745538306
78,78,9.140867513986112e-05,9.127083735381205e-05,-13.299191075752175,-13.302480671193486
79,79,8.906087228733105e-05,9.32622684845946e-05,-13.410418918401854,-13.208741271515859
80,80,9.327438181703045e-05,9.351006309244487e-05,-13.2120691108584,-13.197217520319152
81,81,9.093556904771663e-05,8.813331920751615e-05,-13.320591512117446,-13.454399755664326
82,82,9.083060330780914e-05,9.144074513307332e-05,-13.327891165508552,-13.294403456686181
83,83,9.550729212315138e-05,9.362743960656716e-05,-13.106938890324065,-13.19176954988694
84,84,9.184831925295773e-05,9.294824351519837e-05,-13.276842677597003,-13.223389149254759
85,85,9.200466022953948e-05,9.201168569760691e-05,-13.271048588435853,-13.26737114797223
86,86,9.267601321364954e-05,9.277829859025874e-05,-13.236190830081242,-13.23133698082377
87,87,9.391515822685084e-05,9.353542401712682e-05,-13.17894529002293,-13.196039827140552
88,88,9.217528046046374e-05,9.413384242706295e-05,-13.264488429452769,-13.168343156389597
89,89,9.186654357652459e-05,9.038117691249538e-05,-13.27574882993753,-13.345021097877286
90,90,9.112389610909867e-05,9.005212670768072e-05,-13.308967843380458,-13.360861283006692
91,91,9.063707506188105e-05,9.076215218029622e-05,-13.333648708912719,-13.326753165921827
92,92,9.07008249022201e-05,9.184126170830016e-05,-13.330282705430356,-13.275422606530077
93,93,9.04483354462013e-05,8.955457719582085e-05,-13.34293898397084,-13.384923142116435
94,94,9.073615222677262e-05,8.873976108397504e-05,-13.332136659223334,-13.424618469311472
95,95,9.05138294911012e-05,9.093248924105673e-05,-13.340264002690883,-13.318610221623022
96,96,9.053202771123249e-05,9.028450356134654e-05,-13.341475900399766,-13.3496688767856
97,97,9.203280693402553e-05,9.334755113262585e-05,-13.269587744637533,-13.20477172842358
98,98,9.073094241609124e-05,9.311492727934627e-05,-13.330392274431428,-13.215607936234646
99,99,9.349872246828679e-05,9.188775124800343e-05,-13.197936298096222,-13.27322478805107
100,100,9.4795152595982e-05,9.847799734224712e-05,-13.139924174096048,-12.972408938926916
101,101,9.480794087909258e-05,9.422587256841852e-05,-13.138534016200278,-13.164099341756428
102,102,9.247154200247959e-05,9.136405500803928e-05,-13.249755949237535,-13.29804735444455
103,103,9.172506385588462e-05,9.134881072800214e-05,-13.282500160129562,-13.298772044158042
104,104,9.252078748384932e-05,9.00992664882276e-05,-13.245623568899592,-13.358588467162892
105,105,9.361608403965293e-05,9.109654255505455e-05,-13.192854029082142,-13.310782078211567
106,106,9.723689571231815e-05,9.11279846485214e-05,-13.031968044210192,-13.30928336362718
107,107,9.433092227200833e-05,9.029713270903908e-05,-13.161706219491094,-13.349061420869681
108,108,8.959757039904325e-05,8.685928524324769e-05,-13.383727720918952,-13.517638507794487
109,109,8.977435216590878e-05,8.745232595461665e-05,-13.374047394799513,-13.48808737227938
110,110,9.148511635055573e-05,8.956312376540154e-05,-13.290335329003282,-13.38450869642056
111,111,8.907079594341808e-05,8.958418727974946e-05,-13.410114723809931,-13.383487439887087
112,112,9.008041997356148e-05,8.620926344424094e-05,-13.360015314516772,-13.550261674742405
113,113,8.816255600678917e-05,8.81497739771332e-05,-13.452935110417123,-13.453588989806144
114,114,8.891073912778178e-05,9.009341700125093e-05,-13.41504344021001,-13.358870431987173
115,115,8.828254412384416e-05,8.652028267725224e-05,-13.449437385345394,-13.534621723654103
116,116,8.946583896140885e-05,8.710094813355489e-05,-13.390250053631647,-13.505572195256514
117,117,8.854223775302933e-05,8.569632489908192e-05,-13.43719817549447,-13.576179045199822
118,118,8.916730747063711e-05,9.106900879966193e-05,-13.404083205296782,-13.312094923371943
119,119,8.926085340754446e-05,8.713831974953217e-05,-13.401395730418141,-13.503709206844682
120,120,8.923291268016779e-05,8.810292791550685e-05,-13.399804684906638,-13.455897605370485
121,121,8.938603843358279e-05,8.88030370237845e-05,-13.395400583319743,-13.42152283344757
122,122,8.981376662838378e-05,8.884740045208386e-05,-13.372798015757969,-13.419353765610417
123,123,8.95284924574542e-05,8.969271508057748e-05,-13.38602503381628,-13.378229313472618
124,124,8.898062747603129e-05,8.804968360652167e-05,-13.414617309651247,-13.458523023193067
125,125,8.959354289396925e-05,8.817515060256578e-05,-13.386977370258148,-13.452338919403783
126,126,8.827798667402228e-05,8.800929821231158e-05,-13.448626750280095,-13.46051544118633
127,127,8.772813726892244e-05,8.681176060283753e-05,-13.476972013528306,-13.520015379483052
128,128,8.845076505148773e-05,8.734370662990075e-05,-13.438825905221792,-13.493484837968566
129,129,8.997850203478574e-05,9.218948827382471e-05,-13.367160185920072,-13.25898697755278
130,130,8.955383574297248e-05,8.932811454685994e-05,-13.387898591894968,-13.395919346431786
131,131,9.00234742037299e-05,8.829747821437195e-05,-13.365674598936295,-13.446318017957815
132,132,8.828431578201827e-05,8.74400460528896e-05,-13.450165365065502,-13.48869724376845
133,133,8.559379589830324e-05,8.746159590756226e-05,-13.583546545422326,-13.487627044207986
134,134,8.515202495528712e-05,8.461796556060251e-05,-13.603908359433191,-13.63117522518273
135,135,8.461624826484639e-05,8.459394532684727e-05,-13.631430822670442,-13.632408218178234
136,136,8.307589698383661e-05,8.162217349500249e-05,-13.71468132153501,-13.787719467498993
137,137,8.091535425226483e-05,7.93771993669093e-05,-13.827398906227604,-13.90884330244797
138,138,7.945996852886873e-05,8.136918806581219e-05,-13.906782017133796,-13.801201195987929
139,139,7.817749537559965e-05,8.021208256985502e-05,-13.977163855282326,-13.863403098509732
140,140,7.714161192686249e-05,8.017376048404625e-05,-14.035351317380245,-13.865478477533415
141,141,7.560679356155907e-05,7.375217912914722e-05,-14.122103813479397,-14.228052452697549
142,142,7.303992808993291e-05,7.278488441155979e-05,-14.272653794163759,-14.285389054079147
143,143,6.995712086341114e-05,6.916777171059756e-05,-14.458812800146053,-14.506763172569547
144,144,6.877185146596773e-05,6.779799514333718e-05,-14.534541930805123,-14.593632505315446
145,145,6.632637150781277e-05,6.435168918534673e-05,-14.68973656034121,-14.82020150746203
146,146,6.517187288521847e-05,6.298072893466604e-05,-14.7666481881718,-14.913724192282409
147,147,6.45113775426205e-05,6.353581499608576e-05,-14.810651933883257,-14.875614969118676
148,148,6.346179541595251e-05,6.246679205153334e-05,-14.882134214026978,-14.94930898493166
149,149,6.255697949246994e-05,6.372198511503244e-05,-14.945460643371549,-14.862908052456099
150,150,6.206997808401434e-05,6.32729691125477e-05,-14.981815340753986,-14.893618876512889
151,151,6.212531612974774e-05,6.190053107658107e-05,-14.975296170963702,-14.988857269801532
152,152,6.06266958786045e-05,6.157327190617492e-05,-15.07827041850631,-15.011878701268277
153,153,6.040723289431495e-05,6.0343088989611715e-05,-15.096533217368517,-15.099525639165542
154,154,6.0172914767388214e-05,6.182529250509106e-05,-15.11241099172504,-14.994139222995496
155,155,5.9460029267038686e-05,6.148002457369952e-05,-15.166288852754912,-15.0184606963641
156,156,5.916686563274929e-05,6.050135906614167e-05,-15.187694844096168,-15.08814971560521
157,157,5.874833976159823e-05,5.9666764795302264e-05,-15.219169143608504,-15.148476115461706
158,158,5.7613531305495475e-05,5.804225963258528e-05,-15.302726947913142,-15.268357905188054
159,159,5.7135914532184487e-05,5.897187101685344e-05,-15.339031654013342,-15.19935195075125
160,160,5.629599077438638e-05,5.754138002980893e-05,-15.403112511677842,-15.305998285764348
161,161,5.565798279142833e-05,5.842216590903454e-05,-15.451304231905294,-15.24002448338292
162,162,5.6098461576879085e-05,6.129148517318659e-05,-15.415341769930697,-15.031799570472867
163,163,5.570465164617923e-05,5.732269059272336e-05,-15.447558334417407,-15.322535350839441
164,164,5.49103198639002e-05,5.5887786737385846e-05,-15.51052102924768,-15.432631909833574
165,165,5.425274971879769e-05,5.633538890642261e-05,-15.561882780701051,-15.397988052752282
166,166,5.372905321827293e-05,5.634119722679699e-05,-15.606376037086097,-15.397540307293085
167,167,5.31062676262869e-05,5.38528390614757e-05,-15.65545002104047,-15.593714982954584
168,168,5.274656569716022e-05,5.5198408900698846e-05,-15.685606291358745,-15.486535427220563
169,169,5.321841859936801e-05,5.506799118991598e-05,-15.647262412821162,-15.49680867791162
170,170,5.230312274658534e-05,5.469125895423962e-05,-15.720343100672366,-15.526621814099755
171,171,5.1521303661146016e-05,5.345509386020958e-05,-15.787773486225106,-15.625910056046662
172,172,5.119674832028452e-05,5.266593354080167e-05,-15.815889598863567,-15.690503152874694
173,173,5.101792470968482e-05,5.2379029894884875e-05,-15.828872986195988,-15.714226513998113
174,174,5.126765991570716e-05,5.182675331046707e-05,-15.80815492145148,-15.760260987603022
175,175,5.002083231637389e-05,5.3061268485371806e-05,-15.919027696953513,-15.658024740163093
176,176,5.00337666812108e-05,5.175720338899593e-05,-15.91660236115212,-15.766093001094925
177,177,4.982423061593772e-05,5.147948870312815e-05,-15.93309175162422,-15.789458772334761
