,epoch,train_loss,test_loss,train_dbs,test_dbs
0,0,0.001231864732018067,0.001224915019089454,-2.001226006455106,-2.0347212662382037
1,1,0.0012128996091520356,0.001210529798347699,-2.0675918580521526,-2.086026018448679
2,2,0.0012019211942445218,0.0012010809487516159,-2.1097332029075027,-2.1200580797455117
3,3,0.0011930579233184917,0.001194537464088123,-2.1383740876559747,-2.143783113197405
4,4,0.0011878267120205097,0.0011897249220821418,-2.1584034790618,-2.1613152714673
5,5,0.001184663869747796,0.0011861074813886692,-2.1735292989187385,-2.174540410947186
6,6,0.0011806020299548802,0.0011832335179573611,-2.185400016191502,-2.1850762272091346
7,7,0.0011783038126784808,0.0011808547914322269,-2.195556075589008,-2.193815902020379
8,8,0.0011757846847272565,0.0011789404517529827,-2.2033902727252794,-2.2008621688010477
9,9,0.0011741773827846364,0.0011771254082161345,-2.2106683041084376,-2.2075535229078875
10,10,0.001172550953924656,0.0011757015936860913,-2.2163196221231622,-2.2128097943518443
11,11,0.0011711606693444487,0.0011740797199308872,-2.2220290365062008,-2.2188049985012945
12,12,0.0011698529208271006,0.0011726360902876447,-2.2267059065049386,-2.2241482996741926
13,13,0.0011687106116838061,0.0011714451676724774,-2.2318101512430113,-2.228561211239315
14,14,0.001167279848176026,0.0011705568820042046,-2.2362729572435884,-2.231855636900785
15,15,0.0011656801948400656,0.0011692698370959413,-2.2405338373409016,-2.236633397180478
16,16,0.0011653475014531275,0.0011682632060623483,-2.244112247299123,-2.2403738733333705
17,17,0.0011631149640210817,0.0011671240821382717,-2.2487279388996346,-2.2446105605514917
18,18,0.0011626508893425932,0.0011660309361391946,-2.2525826662781414,-2.2486801342089056
19,19,0.0011616948579159594,0.00116505358049548,-2.2562505578532943,-2.252321874221033
20,20,0.001160536841105324,0.0011641657666156167,-2.2599546466834033,-2.2556326202710575
21,21,0.001159574430839149,0.0011630278619888582,-2.263314727612223,-2.2598796733193542
22,22,0.0011590797677348108,0.0011622245411241525,-2.2669543483760832,-2.2628804471893416
23,23,0.0011581166193714923,0.0011612754498951528,-2.2702297619676775,-2.2664284145497464
24,24,0.0011568902043587307,0.0011603783289166657,-2.2736408696638755,-2.269784769519677
25,25,0.001156267427992959,0.0011593878183415846,-2.277451251192925,-2.273493533902464
26,26,0.0011551725454916506,0.0011585349658210027,-2.280802613870491,-2.2766894053336517
27,27,0.0011544187106768188,0.0011578094716624993,-2.2839662852106493,-2.279409882607198
28,28,0.0011532553471624851,0.0011570933029839867,-2.286952828770014,-2.282097063412539
29,29,0.0011527480535958078,0.0011557552681647632,-2.2904472993104186,-2.287122046117081
30,30,0.0011518739293492639,0.0011552914082513827,-2.293680130836898,-2.288865427637829
31,31,0.0011508325006832013,0.0011542765975096508,-2.297051998423445,-2.292681957244875
32,32,0.0011498307276363532,0.0011533235175240982,-2.300651980758846,-2.2962693847144546
33,33,0.001148673571338973,0.0011525166306742712,-2.303447586112003,-2.299308854046077
34,34,0.0011480165376644774,0.0011514943264620868,-2.3070819084874628,-2.3031628383853375
35,35,0.0011476383450892322,0.001150784572880519,-2.310132717467224,-2.3058405510971975
36,36,0.001146798434945726,0.0011499020344528713,-2.3134618281947357,-2.3091724398192253
37,37,0.0011452838176016493,0.001149016168997868,-2.316571389673667,-2.312519461886225
38,38,0.0011450272010274463,0.0011483735625485057,-2.3195466214696885,-2.3149490056283217
39,39,0.001144034806014874,0.0011473879781796743,-2.3231549033665932,-2.3186779110179803
40,40,0.0011434084555787063,0.0011467078002169728,-2.3263391564545914,-2.321253196211834
41,41,0.00114260642962127,0.0011457483112615975,-2.328936636896812,-2.3248886052476916
42,42,0.001141273655410203,0.0011448045322475465,-2.3326471606403305,-2.32846746213628
43,43,0.0011411279310309089,0.0011440379802431714,-2.3357477019412793,-2.3313764374477914
44,44,0.0011398480045753195,0.0011433018371462822,-2.3386703786605136,-2.3341718497733024
45,45,0.00113904484086814,0.0011423966773834668,-2.342340682982616,-2.337611550226203
46,46,0.001138477973860794,0.0011417187480746132,-2.344986412746856,-2.3401895369892127
47,47,0.0011370496598754039,0.0011408977014453787,-2.3480605111407598,-2.3433138116426684
48,48,0.001136446108839945,0.0011398539829411004,-2.351155738425107,-2.3472886522341536
49,49,0.0011358114917157697,0.0011391645223882637,-2.354245481303397,-2.3499163529046085
50,50,0.0011353998315357364,0.0011382144753282007,-2.3577362937973483,-2.353539818476937
51,51,0.0011344077509645488,0.0011376405600458384,-2.360360174893346,-2.3557301886158015
52,52,0.0011331709713876708,0.0011366286841956409,-2.364027345603971,-2.359594745358344
53,53,0.0011328803843424953,0.0011360534332006385,-2.366682873599944,-2.3617932784154902
54,54,0.0011315424530526873,0.001134987044344215,-2.369941417938213,-2.365871821572469
55,55,0.0011311403929361516,0.0011341839195474197,-2.3731979665058707,-2.3689460075870263
56,56,0.0011299222230085545,0.0011333685405062216,-2.37620657227428,-2.3720693279048812
57,57,0.0011293012240767171,0.0011326186175115015,-2.379142308187891,-2.374943902274798
58,58,0.0011279067677474513,0.0011318232864141464,-2.3824813475712765,-2.3779946135381045
59,59,0.0011270356198926409,0.0011308891147277073,-2.3853551132998465,-2.3815806250119156
60,60,0.0011270001480240643,0.001130196198477949,-2.3884918127960915,-2.384242441541828
61,61,0.0011262300318663882,0.0011296130128596957,-2.3915972273873907,-2.3864839962738347
62,62,0.0011251177266720183,0.0011285701092626703,-2.3943479798807816,-2.3904954274559174
63,63,0.0011239822656300264,0.0011279527036669222,-2.3979931412758964,-2.392871967577597
64,64,0.0011241395379291829,0.0011271229136343066,-2.400602157734088,-2.3960680754668684
65,65,0.0011226102354523447,0.0011262779773556087,-2.4042798480793652,-2.399324940963486
66,66,0.0011220870037879987,0.0011251867552729028,-2.407048295538874,-2.4035347494431876
67,67,0.001121492239108943,0.00112468400651491,-2.4103179704891398,-2.405475669950468
68,68,0.001120269404167367,0.0011240569323203282,-2.413396795145045,-2.4078977797169303
69,69,0.0011192932796962175,0.0011230419745276634,-2.41660902024723,-2.4118209768432424
70,70,0.001118848118306973,0.0011222321037693244,-2.4190337800266795,-2.414953978912386
71,71,0.00111848626708247,0.0011216516263390843,-2.4221181723996694,-2.4172009594226833
72,72,0.0011170232937354402,0.0011206766112560505,-2.4254414402817783,-2.4209777811200723
73,73,0.001116617652347561,0.0011201157283626105,-2.4282770339597897,-2.4231519080696815
74,74,0.001115720431061135,0.0011192706021431245,-2.43119144142216,-2.426429892453702
75,75,0.0011152944842007819,0.00111864594203469,-2.4348705857107724,-2.4288543478777385
76,76,0.001114166078887419,0.0011174841477584682,-2.437711956528641,-2.4333671523069005
77,77,0.0011132757009016637,0.0011168124129701603,-2.4405239180213996,-2.435978539942561
78,78,0.0011125196878001402,0.0011159083131994855,-2.443386286328625,-2.4394957336368055
