,epoch,train_loss,test_loss,train_dbs,test_dbs
0,0,0.0005667878101224598,0.0005598256217413827,-19.46020477377015,-19.50146073232708
1,1,0.0005424149423242383,0.0005143197026642922,-19.648705967063417,-19.86965682648545
2,2,0.0005103705343478312,0.0004947307109097509,-19.908597332615738,-20.03829973859463
3,3,0.0004967569110113359,0.00046971381648051505,-20.031199833778388,-20.263655093267516
4,4,0.00048416004829425556,0.0004811326415572119,-20.13485409051928,-20.15934022519413
5,5,0.0004818459682300994,0.0004901610909176892,-20.161148657018707,-20.078600104258804
6,6,0.00047518365617995104,0.0004611171147859606,-20.22298644196729,-20.343876025722707
7,7,0.00046555220495102945,0.0004524505930021405,-20.313240593593946,-20.42627682574598
8,8,0.00045632164458475394,0.0004520746848644002,-20.397457961803727,-20.429886561003062
9,9,0.00044692088681820433,0.00043515357691304465,-20.484133943612136,-20.595562866056913
10,10,0.0004352963083668506,0.000424782728690556,-20.610682020116748,-20.700319939470575
11,11,0.0004246978685691876,0.0004186894389261541,-20.716311316787746,-20.763068379980673
12,12,0.00040655007757505726,0.0003921890226928027,-20.893639042065285,-21.047034106603853
13,13,0.00038935387322256706,0.000384846558230684,-21.08708533110006,-21.12911237410441
14,14,0.0003868825613645856,0.0003871695110941992,-21.11894809501272,-21.102976942600918
15,15,0.00038726398296481403,0.00038574755461396357,-21.110756954590094,-21.118956627278344
16,16,0.00038445079261101013,0.0003848891432617644,-21.13883528194838,-21.128631833991925
17,17,0.00038495922392743073,0.0003839654566131924,-21.135673968772643,-21.139066894341283
18,18,0.0003843054651839601,0.00038134613331701413,-21.149260316470997,-21.168794971391122
19,19,0.0003824470703941338,0.00037959020425516526,-21.158677499479907,-21.188838478794185
20,20,0.00038309520699765493,0.0003827041486817363,-21.1485461384885,-21.153356741363734
21,21,0.00038296066148965093,0.0003820166809753956,-21.15040277975161,-21.161165172890662
22,22,0.0003820425817579722,0.0003839321756171749,-21.16506503985792,-21.13944334433475
23,23,0.00038119596903231573,0.00038443974795212085,-21.176102535085313,-21.13370560484855
24,24,0.00038017991800629296,0.00037966814737668946,-21.18572967680477,-21.187946812140098
25,25,0.00038091655545771967,0.0003814564996374477,-21.183103415932784,-21.167538250918064
26,26,0.00038218082405252324,0.0003822987752133294,-21.16814821534382,-21.157959376763365
27,27,0.00038210387862546694,0.00037835487532184313,-21.169080903840953,-21.20299509854355
28,28,0.0003809394586720917,0.000376158897875269,-21.180959356118343,-21.228275050061328
29,29,0.00037903789600078977,0.0003770695996201156,-21.200668527773928,-21.217773245191044
30,30,0.00037982420468962144,0.0003776297059008165,-21.19550402971999,-21.211326939758692
31,31,0.0003781021709467486,0.000380664631895917,-21.209832990822683,-21.17656316572682
32,32,0.00037834570069854946,0.000375894000937574,-21.206159413500515,-21.231334496630932
33,33,0.0003789279954363928,0.0003776122773017146,-21.205611314753163,-21.211527382652147
34,34,0.00037772894582528737,0.0003789688206253279,-21.218569757901385,-21.19595364144057
35,35,0.0003773382971106462,0.00037636026727819915,-21.22278885444997,-21.225950760484295
36,36,0.00037739318183421626,0.00037666073522383447,-21.225199307362203,-21.222484945393614
37,37,0.00037938864036347983,0.00037544890227237423,-21.20722485203833,-21.236480054431127
38,38,0.00037806411543813025,0.0003758707240003308,-21.2197128082259,-21.231603438364118
39,39,0.00037772080965445753,0.0003774698109880678,-21.21532943606448,-21.21316620671029
40,40,0.00037565389642079083,0.0003781907067413589,-21.233964831897246,-21.204879915834553
41,41,0.00037523677972260596,0.0003751276511282317,-21.240861231224265,-21.240197666101608
42,42,0.00037585180396809405,0.00037450150366088276,-21.237521137586466,-21.247452785554508
43,43,0.00037601756768483553,0.0003770551350163786,-21.231314355721103,-21.217939846213344
44,44,0.0003776340172314037,0.0003753579436115136,-21.219655474685556,-21.237532331588767
45,45,0.0003766233318115671,0.00037577533083477696,-21.2330451975884,-21.232705785016964
46,46,0.0003773897889876719,0.00037520862717524563,-21.22454100439255,-21.239260287714398
47,47,0.0003756961710847069,0.00037606515750092894,-21.235288835504015,-21.229357464994145
48,48,0.0003765722077829552,0.00037401636118853564,-21.225362665216668,-21.25308243684473
49,49,0.00037622033197135115,0.0003741952302669616,-21.235426853830106,-21.25100596927565
50,50,0.0003750969277161951,0.0003760561582901956,-21.243415113334507,-21.229461392578195
51,51,0.0003775629303754144,0.000374699224362542,-21.22100260743133,-21.245160502366026
52,52,0.000378032906530617,0.0003762204708580516,-21.225010190506367,-21.22756421699419
53,53,0.000376183304398023,0.00037569523709336003,-21.229206961452473,-21.23363155035093
54,54,0.0003755189560608189,0.00037333856208102877,-21.24571257506535,-21.260959938785806
55,55,0.00037490214538021187,0.0003750321905643336,-21.246278424757506,-21.24130297710494
56,56,0.00037732641404667464,0.00037582146806495364,-21.227890990766284,-21.23217259635702
57,57,0.0003756004185823858,0.0003760530886019727,-21.238082897794545,-21.229496843509345
58,58,0.0003753575510177377,0.000376641526695733,-21.251572747430547,-21.22270642774362
59,59,0.0003745547728613019,0.0003726954363580597,-21.24902742077134,-21.268447694636837
60,60,0.0003734145453919839,0.0003741213157282848,-21.264697825064975,-21.251863913057754
61,61,0.000373354648508746,0.00037193762009816344,-21.258606509887056,-21.27728736488086
62,62,0.000376319481820809,0.00037562701771476944,-21.232305520684903,-21.234420221246076
63,63,0.0003755523828602367,0.0003760259592366454,-21.242508686013764,-21.229810165192703
64,64,0.00037469917856704097,0.00037349150424185947,-21.256317524258662,-21.259181169011452
65,65,0.00037513363934794117,0.0003755127239090047,-21.251882774553046,-21.235741870648756
66,66,0.00037486414477882004,0.00037640396285017853,-21.249191547552314,-21.225446572185863
67,67,0.00037369851356602667,0.0003735917317068302,-21.258819606114,-21.258015884257663
68,68,0.0003751429414722262,0.00037537623613484596,-21.246139641764184,-21.237320689647877
69,69,0.0003735956369260729,0.0003757215714645817,-21.251974122217504,-21.233327142145512
70,70,0.0003734926030654268,0.00037447443863033856,-21.257636097270975,-21.247766659278863
71,71,0.000373714321446557,0.00037076400813499565,-21.250357878305696,-21.291012758884612
72,72,0.0003748073701065072,0.0003756097867153585,-21.25155443810257,-21.234619448118856
73,73,0.00037371440665777194,0.0003772005622618292,-21.26201169217826,-21.216265128972807
74,74,0.0003745906371815303,0.0003743207183249883,-21.247793179734074,-21.2495497872996
75,75,0.00037646321393789475,0.0003742725453584602,-21.2287054580164,-21.250108735785616
76,76,0.00037394128121752483,0.000374552936256422,-21.256861747876414,-21.246856383176326
77,77,0.00037349556715554107,0.00037247131541861514,-21.267817870168013,-21.271060116352718
78,78,0.0003750924118218425,0.00037124446335885867,-21.24989892227006,-21.285388589088644
79,79,0.00037489802223755064,0.00037418564285249695,-21.253926164442124,-21.25111724312958
80,80,0.00037383410411157177,0.0003738752030154788,-21.264115769721048,-21.254721824673027
81,81,0.000373443889254032,0.0003746465785968068,-21.267094120601392,-21.245770735065047
82,82,0.0003746221761324817,0.00037317409327155664,-21.250879712539877,-21.262873580759386
83,83,0.0003756409386153688,0.00037426285837825974,-21.245092227156533,-21.25022114201321
84,84,0.00037499265379233997,0.000373366359302676,-21.24504057260449,-21.260636593388355
85,85,0.00037439599556406746,0.0003720446210967279,-21.249989325481074,-21.27603814303168
86,86,0.00037493150364415547,0.0003744729788434741,-21.25486245064853,-21.247783589102376
87,87,0.0003751799801470155,0.00037186514849676505,-21.249374187834682,-21.278133664948847
88,88,0.0003734287672637741,0.00037373609436479837,-21.26834468342587,-21.25633801534014
89,89,0.0003736604370546441,0.00037300855987460206,-21.262409808740976,-21.26480046130919
90,90,0.0003760888369648343,0.00037134263364255036,-21.238291583424477,-21.284240311319888
91,91,0.0003737875205805506,0.00037514929671918874,-21.262495121588806,-21.239947077016076
92,92,0.0003735685691635902,0.0003720818525547848,-21.26215766390231,-21.27560355516595
93,93,0.0003742482066130477,0.0003704051870092946,-21.25700111471859,-21.2952178458763
94,94,0.00037193940724390223,0.00037146393687611346,-21.281756673038995,-21.282821871377845
95,95,0.00037381707116980684,0.0003723425784540412,-21.26069135505238,-21.272561424380086
96,96,0.00037251348780064855,0.0003720849436879354,-21.274818244063567,-21.275567475564525
97,97,0.00037193611611074473,0.0003726714624606661,-21.275177121617027,-21.268727066617746
98,98,0.00037190552828497415,0.0003709554990851565,-21.286500504584357,-21.28877030836181
99,99,0.0003744588217328389,0.00036993905546535785,-21.262635673617485,-21.300686609527272
100,100,0.0003725805082214401,0.0003708205063288149,-21.28259069307257,-21.29035101761623
101,101,0.0003729942992819262,0.0003725143186257858,-21.272324540848718,-21.27055873606441
102,102,0.00037306704955684386,0.00037588856158483967,-21.27230944675793,-21.231397341421314
103,103,0.00037020020974204713,0.0003724361319511541,-21.287626515772633,-21.271470368279665
104,104,0.0003714135853386455,0.0003722149750070744,-21.289081753842986,-21.274050025850162
105,105,0.000374378238026936,0.0003727610011609565,-21.262759953135184,-21.26768374839543
106,106,0.00037291444947261404,0.0003711519147097868,-21.271501558977302,-21.286471389840237
107,107,0.00037361321413947136,0.0003699410774156843,-21.26964405194688,-21.300662872658815
108,108,0.000372932360029885,0.0003721572299438872,-21.2723339377281,-21.27472383828386
109,109,0.00037364997977832546,0.0003734478209241244,-21.268880314906266,-21.259689146653706
110,110,0.0003717783145419293,0.00037234650747115284,-21.28858167879305,-21.272515597189027
111,111,0.0003719968903094492,0.0003726078123834572,-21.2845311751077,-21.269468879205448
112,112,0.0003724245623968657,0.00037212177994661033,-21.281593634515804,-21.275137547068006
113,113,0.00037238310324028134,0.00036959846712354764,-21.276503278053205,-21.304686829756495
114,114,0.0003712559409905225,0.0003716791857426104,-21.29177567616366,-21.280306033049413
115,115,0.00037134344360704736,0.00037158048239928717,-21.29147217723222,-21.281459501196277
116,116,0.0003735488964743989,0.00037236694448725566,-21.265385642996133,-21.272277232129312
117,117,0.000372317066648975,0.00037163446694122334,-21.28359533087368,-21.280828588464157
118,118,0.0003719066141278857,0.00037245979642887647,-21.286511205928164,-21.27119442766289
119,119,0.0003716624818967905,0.00037011604504904856,-21.281658343721553,-21.29860931552678
120,120,0.0003753110728005773,0.00036950650361464605,-21.251377426539516,-21.305767575962776
121,121,0.00037334403671209035,0.0003708789881784469,-21.27131234404858,-21.289666148748786
122,122,0.00037179370386737214,0.0003731859186174054,-21.284759108811713,-21.262735961316565
123,123,0.00037479261476450513,0.000369271827175429,-21.25645286669439,-21.30852669007766
124,124,0.000371909521810576,0.00037326797763326844,-21.292753371904077,-21.261781105883365
125,125,0.00037221274831927544,0.00037082317928587526,-21.28336628166923,-21.290319712812472
126,126,0.00037381589021437715,0.0003708606542970397,-21.266944732007552,-21.28988084142726
127,127,0.00037310049825914435,0.00037173380444169437,-21.27759422522537,-21.279667879022597
128,128,0.00036991377494336326,0.0003701977027384074,-21.303136233342798,-21.297651249189546
129,129,0.0003712738677499259,0.0003709949102669366,-21.287728001369572,-21.288308928232553
130,130,0.00037292485544218,0.0003722123127724779,-21.27185442387274,-21.274081088488884
131,131,0.00037000742176854885,0.0003728627404933305,-21.31167780997007,-21.266498570712685
132,132,0.00037241525397175136,0.00037035429972763126,-21.280012841068533,-21.295814532548718
133,133,0.00037118035654258943,0.00037477594818674813,-21.29719416536333,-21.244271327252026
134,134,0.0003725436267673432,0.0003716948282855906,-21.27853272474841,-21.280123259103267
135,135,0.00037333318488384337,0.00037109864550936774,-21.27353350313221,-21.28709475130541
136,136,0.00037370102159611725,0.00037308005573178987,-21.268451419407867,-21.26396811363088
137,137,0.0003742619889269861,0.0003730975149665028,-21.264655061603843,-21.263764879183928
138,138,0.0003722908497984838,0.0003714480369940008,-21.282513664904087,-21.283007767723802
139,139,0.0003709752960538626,0.000372220042137135,-21.290355456185157,-21.27399090378917
140,140,0.0003717029185187955,0.0003731506263935252,-21.285325198814146,-21.26314669339713
141,141,0.00037056848301177787,0.0003718679210195612,-21.301025455841224,-21.27810128528467
142,142,0.000373407763299369,0.00037055688230075727,-21.272642778704363,-21.29343960562185
143,143,0.00037142160269383763,0.0003720025415532291,-21.29012977180064,-21.276529373009545
144,144,0.0003720361144718781,0.000373566322531061,-21.27869752860043,-21.258311271954227
145,145,0.0003725199344491144,0.00036985901686804076,-21.278854888815538,-21.30162633409779
146,146,0.00037274948176063753,0.0003721866615753817,-21.277526551681657,-21.274380395009757
147,147,0.0003709773462236926,0.00037158382014910643,-21.29250912565567,-21.281420490540803
148,148,0.0003731583518734605,0.00037201034291157206,-21.27070825349259,-21.27643829698249
149,149,0.0003714264546324182,0.00037026260734388704,-21.286605654803104,-21.29688989272794
150,150,0.00037292487884526014,0.0003717675924570741,-21.282567126292506,-21.27927315350614
151,151,0.0003715375463535875,0.000369341366948854,-21.290830977114155,-21.30770892131315
152,152,0.00037028405577731654,0.000371540414083651,-21.305741246300883,-21.28192783544658
153,153,0.00037340809484300464,0.0003719762056502269,-21.265108580554426,-21.276836842474168
154,154,0.00037186575355008245,0.00037106797773096904,-21.289287282881585,-21.28745366927669
155,155,0.0003708008933001073,0.00037246418498015324,-21.294127797484677,-21.271143256707177
156,156,0.00037094450450127887,0.00037023702814047664,-21.293723875957934,-21.297189930874207
157,157,0.0003743777033565662,0.0003731030155904591,-21.269265342720725,-21.263700851069945
158,158,0.00037177259218879044,0.0003716163321912877,-21.28758839557681,-21.28104051751525
159,159,0.00037191696338998825,0.0003722849574650785,-21.290106038533093,-21.273233558471052
160,160,0.00037136804264461257,0.00037066441329539215,-21.288360159925492,-21.29217951991712
161,161,0.0003729079671194489,0.0003719797042370039,-21.27877544316331,-21.276795995512362
162,162,0.00037380495167471775,0.00037076337091428667,-21.26541296221457,-21.291020222976847
163,163,0.0003709907702904809,0.00036872834837260217,-21.295575150383645,-21.314923162479346
164,164,0.00037216485421576526,0.0003702025018068717,-21.28110882562781,-21.297594949665598
165,165,0.00037080972916302607,0.0003703297253722619,-21.29964609555005,-21.29610271230083
166,166,0.0003721265148697901,0.00037336543563900416,-21.27534268912655,-21.260647337327168
167,167,0.00037107875597058344,0.0003722238409528999,-21.295351540050532,-21.27394658064375
168,168,0.0003726074013609401,0.0003695522609632462,-21.276862778862565,-21.30522980643804
169,169,0.00037251726499777866,0.0003679262085107008,-21.279875343910064,-21.324381192709883
170,170,0.00037321771318621014,0.0003708703152369708,-21.276547649074725,-21.28976770895539
171,171,0.0003721633858225049,0.00037071982698858177,-21.275120737685814,-21.291530305652472
172,172,0.00037180867913831986,0.0003715379172813539,-21.28942780806033,-21.28195702072663
173,173,0.0003720327744322839,0.0003727921437913258,-21.28717204590786,-21.267320928585182
174,174,0.00037108301593125173,0.0003714259257417564,-21.295342851146533,-21.283266298654272
175,175,0.00037077375142787074,0.00037028611557999333,-21.29435287140619,-21.2966141648276
176,176,0.0003743016667491228,0.00037287433454031617,-21.26182382932449,-21.26636353033994
177,177,0.0003723542034366773,0.0003709340480303294,-21.274531866137686,-21.28902145288275
178,178,0.0003725303269169034,0.0003696777183856619,-21.276647921663464,-21.303755692337848
179,179,0.0003722769714719088,0.00037258929009304235,-21.282136609453207,-21.269684771846322
180,180,0.0003711500651558343,0.0003711632728625677,-21.295164483103264,-21.286338487182167
181,181,0.0003716696363384115,0.00037110107338154003,-21.286490880382118,-21.287066338158375
182,182,0.00037219457702768833,0.0003723920641565009,-21.2836650267958,-21.271984269342212
183,183,0.00037282951669431454,0.0003710589524799664,-21.281415958390436,-21.287559301252813
184,184,0.000371633595294924,0.0003729552232758387,-21.291321665313674,-21.265421504611535
185,185,0.0003708484123542559,0.00037176653859205544,-21.294720165946593,-21.27928546464945
186,186,0.00037306264767749715,0.00037185040510896787,-21.269993741318633,-21.278305853682422
187,187,0.00037134201241868363,0.00037005043582451577,-21.29397802779756,-21.29937924296844
188,188,0.0003728648688471348,0.0003695880923738801,-21.271302653399022,-21.304808739346814
189,189,0.00037194049758740614,0.0003713044141860385,-21.27767023533591,-21.28468732041062
190,190,0.0003728427472356323,0.0003721255573174475,-21.27481186056658,-21.275093462494816
191,191,0.0003712383616768477,0.00037092261482030153,-21.290520191754098,-21.28915531647863
192,192,0.0003714791211640443,0.0003706807619892061,-21.285082076106416,-21.291987972234672
193,193,0.0003702412302408982,0.00037109435958738784,-21.30382710590471,-21.287144909478634
194,194,0.0003724500174470937,0.00037176169050661355,-21.286276807803993,-21.279342099937068
195,195,0.0003711817463255036,0.00037063340546171134,-21.28937974489624,-21.292542843016975
196,196,0.00037213055700178923,0.0003720801032613963,-21.288545421777005,-21.275623972991937
197,197,0.00037058732099111007,0.0003712560635329665,-21.293662338612943,-21.28525288840098
198,198,0.00037205787903638846,0.0003701561041740014,-21.280942921690816,-21.298139286850105
199,199,0.0003708785660228855,0.0003742035662167166,-21.29424776899008,-21.25090922254123
200,200,0.00037208215763177914,0.0003705707403193963,-21.289311429514047,-21.293277192001252
201,201,0.00037174761300119236,0.00037052528166800345,-21.281431910981638,-21.293809982379116
202,202,0.0003723785879460077,0.0003709727806333256,-21.275509441864795,-21.28856799012661
203,203,0.0003726764815528253,0.0003686304446187262,-21.27332851495252,-21.316076442557375
204,204,0.0003705566392529794,0.00036962057990757257,-21.29371275702224,-21.304427002574737
205,205,0.00037162187365219766,0.0003701344861550943,-21.29307922001797,-21.298392932822278
206,206,0.00037150160222285496,0.00037175251820467805,-21.289823787462197,-21.279449252700804
207,207,0.00037151368991375814,0.00037258896382378514,-21.287342078221915,-21.26968857488102
208,208,0.0003726499712637136,0.0003709768628284923,-21.280557876238095,-21.288520200499626
209,209,0.00037192480492203965,0.00037141724973671923,-21.2902475089032,-21.28336774513012
210,210,0.0003712098336221708,0.00037103138502540166,-21.295497795443538,-21.287881967990216
211,211,0.0003709138725697034,0.00037139314563797886,-21.292709975350395,-21.283649601096137
212,212,0.0003724280656579421,0.00037017636809890205,-21.27521358053242,-21.297901542023343
213,213,0.00037225966879464304,0.00037069004304756065,-21.283545642714973,-21.291879235489112
214,214,0.00037379571885955474,0.0003728401160946018,-21.272747820282603,-21.266762097972652
215,215,0.0003718375924437009,0.0003696014158011071,-21.287900547149917,-21.30465218163431
216,216,0.0003724072819225221,0.0003712207330145726,-21.278052126379478,-21.28566620365242
217,217,0.0003731904647999549,0.0003709749419756822,-21.271438106347766,-21.288542687560664
218,218,0.0003714429841079202,0.00037096086950776607,-21.28864424224547,-21.2887074348358
219,219,0.00037208845126010553,0.0003704950090889868,-21.286576650493064,-21.294164823243563
220,220,0.0003709217951124169,0.00037050567794052,-21.299242252102953,-21.29403976469961
221,221,0.0003711272204491627,0.0003730031526892593,-21.288352595992347,-21.26486341771369
222,222,0.00037146048571136734,0.0003691390631597881,-21.289430168799793,-21.31008838643843
223,223,0.00037109846226419756,0.0003697611697900452,-21.29034562561133,-21.302775422428756
224,224,0.0003717159285310886,0.0003738982241453701,-21.28802487893237,-21.25445441881668
225,225,0.0003713510157036374,0.00037255216585962395,-21.295980654109457,-21.270117517859926
226,226,0.0003724991531140104,0.0003715299152597589,-21.273710061497646,-21.28205055818501
227,227,0.0003700249119704954,0.00037034479043397467,-21.298021100409464,-21.29592604433041
228,228,0.0003721611850328513,0.0003726454528269211,-21.28107142965493,-21.269030181713745
229,229,0.0003709349830481272,0.000371248458242534,-21.29168313641681,-21.285341855823297
230,230,0.00037027989662991663,0.00037283842654065475,-21.294732905704574,-21.26678177840904
231,231,0.0003711681299334027,0.00037157853397442713,-21.293669066354045,-21.28148227398505
232,232,0.0003699993615077098,0.00037263043984574705,-21.30449937809072,-21.269205151948146
233,233,0.00037183373633618513,0.0003690432058647275,-21.28286663353407,-21.311216300133353
234,234,0.0003702492421953795,0.00037120802842668797,-21.299854048953776,-21.285814838314767
235,235,0.00037193456580670377,0.0003706917846820464,-21.28671944964463,-21.29185883082802
236,236,0.00037114028476860334,0.00037139610963334376,-21.290827205604472,-21.28361494128322
237,237,0.0003713877300357388,0.0003749251420805721,-21.28539574638483,-21.24254279606759
238,238,0.0003706510874836408,0.00037176658148191084,-21.300881559983846,-21.27928496361387
239,239,0.00037141153066822316,0.00037091007872827744,-21.28764829410408,-21.289302097704063
240,240,0.0003718575480701306,0.0003702339569204732,-21.284228635077792,-21.297225956969143
241,241,0.00037294468775237957,0.0003699768889131711,-21.282067515511184,-21.300242481846126
242,242,0.0003716238782160253,0.0003700285880385261,-21.288318167256218,-21.299635658096932
243,243,0.00037268317543383034,0.00036917835945802694,-21.275889508503766,-21.30962608756866
244,244,0.00037329618611430616,0.0003693862036973434,-21.28215457007832,-21.30718173502004
245,245,0.0003725219915198527,0.000369974422746485,-21.276803415525617,-21.300271430847673
246,246,0.0003710871810794414,0.0003722117123145022,-21.290687247048467,-21.274088094592308
247,247,0.00037147958952568703,0.00037057145566091334,-21.284841837768255,-21.293268808485237
248,248,0.0003717092811562044,0.00037372380948478455,-21.279286219144986,-21.25648077231142
249,249,0.0003724312100717894,0.0003734663738501503,-21.274520884956342,-21.25947339406916
250,250,0.000372900572346197,0.0003718031695921366,-21.275421209648513,-21.278857565528774
251,251,0.0003727893126029137,0.00037094021957416673,-21.28153296412904,-21.288949196233595
252,252,0.00037255630823639557,0.00037134198569937756,-21.280956974779652,-21.28424788918369
253,253,0.000374765211257834,0.0003709846197651993,-21.261520911655943,-21.288429392691203
254,254,0.0003722684404491111,0.00036950430244599516,-21.281203194048473,-21.305793447178488
255,255,0.00037118707862730647,0.00037345190618285224,-21.291360465474376,-21.2596416381259
256,256,0.0003726010591262164,0.0003725400510072512,-21.27722937849687,-21.270258746379454
257,257,0.00037423111426346386,0.0003718086273262375,-21.267102362685723,-21.27879381549647
258,258,0.0003729926352629188,0.0003725694075814988,-21.27181136613128,-21.269916530935458
259,259,0.000372199578685974,0.0003705118923742128,-21.288727755147498,-21.293966921777418
260,260,0.00037178673605031345,0.0003707987473860971,-21.282945257565913,-21.2906058596719
261,261,0.0003724903304528291,0.0003704540492770703,-21.27764127913259,-21.294644980957848
262,262,0.00037166765427754556,0.0003712614737818704,-21.286783004345992,-21.285189599895947
263,263,0.00037125553413697507,0.0003724400042923854,-21.292847512408247,-21.271425213485543
264,264,0.00037224103544224245,0.00037027739821688126,-21.285746316699743,-21.296716408662896
265,265,0.0003736699909120606,0.00037031661945787305,-21.27610857698695,-21.296256411197465
266,266,0.0003714874370585282,0.00037241425046599224,-21.290224164800186,-21.271725533840122
267,267,0.00037244919323861674,0.0003704038007478965,-21.2864090699054,-21.29523409961203
268,268,0.00037122125822580275,0.0003715980565175414,-21.292154572647625,-21.281254103914634
269,269,0.00037122196931939225,0.0003708161867076629,-21.290064900652617,-21.290401608091265
270,270,0.0003697093760417102,0.00036923762557930067,-21.302243145104455,-21.30892894801562
271,271,0.0003709906202707363,0.00037087489832437744,-21.29047482266285,-21.28971404067322
272,272,0.0003735115247557765,0.00036927836634659847,-21.275979209236297,-21.30844978464916
273,273,0.00037208478807798136,0.0003697404539898822,-21.283758579822532,-21.303018741913448
274,274,0.0003705897144061158,0.0003715290819711395,-21.30048498787685,-21.282060298801856
275,275,0.000371592948945316,0.0003709164968887834,-21.285545104187932,-21.289226948827398
276,276,0.00037174040695277916,0.0003709937384548156,-21.283809236374754,-21.288322645734535
277,277,0.0003715145720298565,0.0003707558360857595,-21.285903289201332,-21.29110848325172
278,278,0.00037227069854630713,0.00037079151891368,-21.28180809947752,-21.290690523288085
279,279,0.0003734026923319613,0.0003715511549288701,-21.27568594871449,-21.28180228726371
280,280,0.0003716651348459544,0.0003731423639692366,-21.28919660568056,-21.26324285737889
281,281,0.00037163039087317884,0.000373226912128494,-21.285370073175123,-21.26225892622434
282,282,0.00037297644423196075,0.0003738687021388231,-21.270977559801043,-21.254797339694672
283,283,0.00037223812085864394,0.000369681659657018,-21.27945811168501,-21.303709390838137
284,284,0.0003722710207887186,0.00037366264855097,-21.2796968789462,-21.257191565391423
285,285,0.0003723275230251752,0.00037112338376525596,-21.27513849137142,-21.286805250654545
286,286,0.00037069674029216633,0.00037123195637066503,-21.294377442722272,-21.28553490258262
287,287,0.0003724941991620035,0.0003722117766492853,-21.275889211850803,-21.27408734393783
288,288,0.00037352458307442747,0.0003704794216901064,-21.268811588410763,-21.294347542674647
289,289,0.00037257197239801056,0.00037135823329567517,-21.278879238066285,-21.284057873313568
290,290,0.00037204965135351437,0.0003691217785480579,-21.28002478277825,-21.310291745768183
291,291,0.00037116178439824466,0.00037135484806065887,-21.29542685263486,-21.284097462999668
292,292,0.0003704099667488991,0.0003693642471549346,-21.300180256874086,-21.307439889995152
293,293,0.0003718441984131356,0.0003696564725894285,-21.281196195652385,-21.304005293456886
294,294,0.0003701037344445964,0.0003733021746340551,-21.303671407567812,-21.26138324457845
295,295,0.0003728354823794792,0.0003703110131410588,-21.281451479165902,-21.29632216063346
296,296,0.00037118900428074846,0.0003721097661917539,-21.295954993160045,-21.27527775900792
297,297,0.0003712111579964763,0.0003702936611309844,-21.289501041462273,-21.296525666835578
298,298,0.0003739183335973084,0.00037253368186372285,-21.269014849419815,-21.270332996316522
299,299,0.00037116940120071867,0.00036960357714346364,-21.289460038511493,-21.304626785186294
300,300,0.00037138089573625284,0.0003722518342424576,-21.285541222180157,-21.273619979477424
301,301,0.00037255492745466606,0.0003703134747124032,-21.28569793861857,-21.296293291837753
302,302,0.00036995201557634647,0.0003716291363449081,-21.297933629293404,-21.280890882609995
303,303,0.0003717747587739423,0.0003687338076384836,-21.283365525783573,-21.314858862798932
304,304,0.00037117141296549405,0.00037070150689319953,-21.296399451572597,-21.2917449289974
305,305,0.0003714019330050412,0.0003703074486877181,-21.286669069632683,-21.296363964139495
306,306,0.00037148721862978007,0.0003707110774580781,-21.295498482658772,-21.29163280671614
307,307,0.00037232306803883886,0.00037108742215327526,-21.28923118649444,-21.287226099543595
308,308,0.0003728340820951829,0.0003707665034055122,-21.27691622027468,-21.290983530627663
309,309,0.00037080147477663747,0.0003705485172471718,-21.298556173600964,-21.29353764556638
310,310,0.000373071523445668,0.0003714577959678871,-21.277083492236354,-21.282893667973333
311,311,0.0003705666224669051,0.000372692188983293,-21.303075555145845,-21.268485535805482
312,312,0.0003732516185486132,0.00037123308988827234,-21.27184245843617,-21.285521641879114
313,313,0.00037154433324683417,0.00037064964999444783,-21.29228240887273,-21.29235249977689
314,314,0.000371481683201243,0.0003702552747103925,-21.29158933950194,-21.29697590070538
315,315,0.00037203224066203246,0.0003714726741523727,-21.279704032204755,-21.28271972132062
316,316,0.00037176153873400664,0.0003706782590597868,-21.289654358336342,-21.29201729698569
317,317,0.00037264854787637665,0.0003724918657864787,-21.277295598909312,-21.27082050957505
318,318,0.00037386082682864185,0.00037192271127806683,-21.276556588210536,-21.277461451817004
319,319,0.0003708471014817274,0.0003694348591747449,-21.30246006788954,-21.30660972086283
320,320,0.00037181554224159684,0.00037146634177157755,-21.28833202762477,-21.28279375480057
321,321,0.00037256394754183126,0.0003705903578329047,-21.282538919363567,-21.29304728846507
322,322,0.0003703419988034005,0.0003709392285121507,-21.299133916674307,-21.288960799541
323,323,0.0003712983782758418,0.0003707534541670037,-21.28709544950006,-21.291136384565583
324,324,0.0003717905567531695,0.00036979397287053103,-21.292501075677848,-21.302390158476634
325,325,0.000370540275699315,0.00037026096221157596,-21.30465133562231,-21.29690918912617
326,326,0.00037110352363034163,0.00037136042527364274,-21.289107377548852,-21.284032238736472
327,327,0.0003706953703118584,0.00037272714115189095,-21.293783217822163,-21.268078260776512
328,328,0.0003727267987752506,0.0003712249546017694,-21.277307436481973,-21.28561681520408
329,329,0.00036976334984539094,0.00036888315011502097,-21.300159029035918,-21.313100264011894
330,330,0.0003726802029426104,0.000371604523695025,-21.276700587600885,-21.28117852130582
331,331,0.00037368198019001135,0.00037036023690904444,-21.269676309899694,-21.29574491098742
332,332,0.00037054423592053354,0.0003689744518947248,-21.30757405614289,-21.3120254804979
333,333,0.0003725371654169423,0.00037224779646892686,-21.281954216867174,-21.273667087164014
334,334,0.00037185570702782456,0.00037178185946112007,-21.285810956051378,-21.279106491258855
335,335,0.0003732069627713105,0.00037103528187512174,-21.269749897441486,-21.287836355367908
336,336,0.0003705192717349099,0.00037028115567457124,-21.302149436943317,-21.296672338058826
337,337,0.0003710938221534964,0.00037025809165482456,-21.29500761940902,-21.296942859210702
338,338,0.0003711385901455681,0.00036976039777264784,-21.289485360148493,-21.30278448999109
339,339,0.0003712206488456001,0.00036999168131794587,-21.294449676301397,-21.300068845828946
340,340,0.00037297530798241496,0.0003720561783809803,-21.27336704259736,-21.275903234836967
341,341,0.000371389942826972,0.00037112294567601855,-21.29113058708157,-21.28681037724745
342,342,0.00037215790320091794,0.00037265739152453055,-21.28573289040931,-21.26889104604473
343,343,0.00037136905317761235,0.0003702321279744961,-21.2976392866776,-21.297247411054933
344,344,0.00037186525188405645,0.00037088541859319727,-21.289071490115813,-21.28959085007937
345,345,0.0003713500732796017,0.0003721013031042132,-21.29264498682204,-21.275376534002564
346,346,0.00037176241784971016,0.0003690980313541858,-21.285581853674618,-21.31057115510195
347,347,0.00036927959317648685,0.0003730348084661129,-21.312764880385984,-21.264494859277477
348,348,0.0003718801515450528,0.0003697596763040086,-21.280400499578867,-21.3027929638611
349,349,0.0003710527110427196,0.00036957728259853626,-21.299357126545818,-21.304935764392678
350,350,0.00037224424466461944,0.0003709595812803232,-21.284697918048344,-21.288722516508486
351,351,0.00037269046009258974,0.0003703314608796255,-21.279664956744185,-21.296082359640653
352,352,0.00036999307988096295,0.00037021233583800495,-21.300875715644395,-21.29747958554162
353,353,0.0003729181624612934,0.0003708122592223318,-21.275330466719595,-21.29044760646731
354,354,0.00037203981935949134,0.00037020374867623965,-21.279393600915334,-21.297580322331324
355,355,0.00037060958392121204,0.0003702711025988193,-21.302827476989115,-21.296790249935448
356,356,0.0003728408467855074,0.0003750948495795264,-21.280691701859233,-21.240577434279615
357,357,0.0003710176961342852,0.0003704623193602617,-21.293463420441977,-21.29454802935448
358,358,0.00036924300606112887,0.0003712665638886392,-21.305604965076338,-21.28513005722093
359,359,0.0003725613392985512,0.0003694872215610782,-21.281124601401025,-21.30599421089027
360,360,0.0003704149711075402,0.0003724775957188716,-21.293167826912445,-21.27098688986147
361,361,0.0003724858340610433,0.00037183816311880946,-21.286006000735966,-21.278448833660892
362,362,0.00037257877339311326,0.00037210372331748277,-21.281182132764673,-21.27534828680641
363,363,0.0003708986218625046,0.00037049470273287674,-21.298567371614183,-21.29416841435329
364,364,0.0003706604196118748,0.00037087034434080124,-21.296036320912407,-21.289767368145355
365,365,0.00037140380645161205,0.0003707005571892583,-21.285699476068586,-21.291756055245926
366,366,0.00037172991787227466,0.00037107815488094563,-21.285509930876234,-21.287334558500998
367,367,0.00037130987458891166,0.00037150448004372026,-21.29188032874216,-21.28234788961531
368,368,0.00037064065631075774,0.0003733288077024841,-21.29743059410158,-21.261073410271184
369,369,0.00037233170047498395,0.00036961155312478935,-21.277333345171918,-21.304533066198793
370,370,0.00037237676520611055,0.00037001453854731823,-21.286568262200234,-21.29980055704097
371,371,0.000371503372755881,0.00037163319556336656,-21.286422511687924,-21.28084344589481
372,372,0.000371155707698469,0.00036944902201771344,-21.2898903955252,-21.306443230709057
373,373,0.00037318207599587507,0.0003713125127098082,-21.275734840610646,-21.284592597436834
374,374,0.0003706196853506964,0.00036940439052781776,-21.2909299623721,-21.30696791421123
375,375,0.0003706566313132836,0.0003698755784793512,-21.29894358239447,-21.301431869314072
376,376,0.00037061363745471173,0.00037140724261438375,-21.296976464521826,-21.28348475898884
377,377,0.00037125854743356556,0.0003705179000175313,-21.294936794706814,-21.2938965039246
378,378,0.0003717596799893708,0.000369861792454398,-21.289082520947233,-21.301593742832985
379,379,0.00037177019277299494,0.0003703853060295315,-21.289910923772393,-21.295450953614296
380,380,0.00037179826806808255,0.00037188825234280606,-21.29239762066741,-21.277863847753036
381,381,0.0003718914006255836,0.0003696172559437783,-21.294854415292367,-21.304466058452668
382,382,0.00037109189529989644,0.0003710022015423563,-21.2980909718064,-21.288223575860403
383,383,0.0003705484121701843,0.00037041435471588845,-21.300554220235917,-21.295110357232673
384,384,0.00037162292469052847,0.0003721286653001842,-21.283791721794234,-21.275057190486905
385,385,0.00037042194462534925,0.00036672030661353156,-21.305808222658584,-21.338638852666037
386,386,0.00037113624593703863,0.00036643427723136385,-21.29424089746628,-21.342027523796986
387,387,0.0003727579458746291,0.0003702264757042653,-21.2849815763255,-21.29731371455277
388,388,0.00037097479648811303,0.0003701010090911663,-21.299571029395146,-21.298785751168264
389,389,0.00037266089240108264,0.00036750040108975217,-21.283206224613814,-21.329410269208392
390,390,0.00037047396397179704,0.00036836648666250865,-21.29597441389107,-21.319187323590274
391,391,0.0003707174700204782,0.0003679286746773869,-21.298681347078446,-21.32435208255222
392,392,0.00037100444639044016,0.00037053179020356193,-21.291812347938656,-21.293733696187793
393,393,0.0003705803825779213,0.00036912378977592056,-21.299154283491628,-21.310268082499483
394,394,0.00037085581012790276,0.00037177245892388254,-21.291508449079302,-21.27921630439149
395,395,0.00037250593070603294,0.00036889507043126385,-21.28180118240457,-21.31295992569821
396,396,0.0003702638382164128,0.0003720410719611927,-21.304641060058817,-21.276079572936673
397,397,0.00037000051245919053,0.00036964640879121264,-21.30570643319796,-21.304123530573023
398,398,0.0003699692669468596,0.0003701606290537472,-21.308866052807836,-21.298086197943245
399,399,0.000371334204491055,0.0003680321954705409,-21.29945462196174,-21.323130318968065
400,400,0.00037053092346843523,0.00036984832503979926,-21.304770713696154,-21.301751881101154
401,401,0.0003716930784237062,0.00037195069844050233,-21.28620859645204,-21.277134657766922
402,402,0.00036953397085602135,0.00037044863136926373,-21.311212349271457,-21.294708497193525
403,403,0.00036971988102430767,0.0003683983905878114,-21.29823242653314,-21.318811200918127
404,404,0.0003724001835882856,0.00036971131952381447,-21.278624879636897,-21.303360966742876
405,405,0.0003702536857802152,0.0003715345642137292,-21.296095879524714,-21.28199621525484
406,406,0.0003696455408401365,0.00036956521829492167,-21.30019592140787,-21.30507753571504
407,407,0.000370529326958313,0.0003710573624917551,-21.299826791797003,-21.28757791081825
408,408,0.00037086578464068316,0.00037115026345035354,-21.295532323172704,-21.286490711698136
409,409,0.00037083401645956197,0.0003702614585084743,-21.296254308159213,-21.296903367857336
410,410,0.0003709481076755052,0.0003718440589421478,-21.297639431818357,-21.278379972971038
411,411,0.0003702146641444415,0.0003712187616130043,-21.301936125417008,-21.285689267318322
412,412,0.00037092076627700827,0.00037086887229969233,-21.298661695291283,-21.28978460599166
413,413,0.0003707305376403533,0.0003695638396924264,-21.30044323477709,-21.30509373638933
414,414,0.00037111555431374187,0.0003712316959679715,-21.292865879184344,-21.285537948966166
415,415,0.0003701175722658404,0.0003696417858775117,-21.299068688236652,-21.304177845140067
416,416,0.00037222599056213325,0.0003698333595438223,-21.288157952999835,-21.301927617028053
417,417,0.00037210672396504,0.0003658126607708829,-21.27913528327404,-21.349401120038568
418,418,0.0003717949682337798,0.00036968566526315714,-21.294137610259508,-21.303662334048248
419,419,0.0003712140512772711,0.00037027056341206555,-21.295683506004607,-21.296796574112538
420,420,0.00037241282095153307,0.0003712280549256033,-21.292791999816416,-21.285580544800005
421,421,0.0003713120411740635,0.0003700634375778272,-21.299222401432484,-21.29922665591605
422,422,0.00037179626170401797,0.00037069546248714785,-21.29071378005142,-21.291815742672213
423,423,0.00036964451560520174,0.0003699215701903756,-21.311763480549025,-21.300891884904214
424,424,0.0003722965436478712,0.00037360175567875177,-21.28251117713957,-21.257899358732054
425,425,0.00036965819230523996,0.000368800835291806,-21.30551320332927,-21.31406948319942
426,426,0.0003689187107794947,0.0003706141433212906,-21.317138970638794,-21.292768555501553
427,427,0.0003699927003310091,0.00037241551418494627,-21.30405644683684,-21.271710796884257
428,428,0.000370452218609814,0.00037065519963538175,-21.298362652179005,-21.292287474478986
429,429,0.0003703749173359235,0.00037031397254108205,-21.298896786946262,-21.296287453430093
430,430,0.0003699672905867439,0.0003672266581193789,-21.308799268366364,-21.332646438762886
431,431,0.0003717407489977969,0.0003693282778840512,-21.29135075013359,-21.30786283338081
432,432,0.00037008513919721097,0.0003714811847251105,-21.30889784182007,-21.282620224030616
433,433,0.000371083901047745,0.00036931318984563023,-21.298923117046925,-21.30804025780433
434,434,0.00037180314100942736,0.00036862056769773756,-21.2927101960948,-21.31619280705772
435,435,0.00037111253381620364,0.0003693040527746473,-21.294589657674557,-21.30814770667716
436,436,0.00037099772640599956,0.00037012289823523084,-21.29735677534063,-21.298528900926343
437,437,0.0003710793569496804,0.0003690276705463858,-21.295118488299188,-21.31139912547566
438,438,0.00036986820974636863,0.00037023086731910313,-21.306611271156516,-21.29726219898314
439,439,0.00037010426461437393,0.00037129793934965213,-21.30739469105441,-21.284763053693723
440,440,0.00036967099589036454,0.0003700430940003379,-21.312833809106216,-21.29946540812458
441,441,0.0003712040419599099,0.00037203521443236813,-21.293076247400787,-21.276147950131126
442,442,0.00037015967830756355,0.00036894262149488846,-21.30358135564503,-21.312400150430683
443,443,0.00037068971756788104,0.00037010327918994193,-21.301216116679853,-21.298759112809442
444,444,0.00037219465173752116,0.00037114685523862903,-21.285808489503395,-21.286530592428043
445,445,0.00037048311367602157,0.0003689834985906552,-21.305198985846367,-21.31191899935979
446,446,0.0003720535791704681,0.000369845076133252,-21.288770261618502,-21.301790031561424
447,447,0.0003691610646765372,0.0003689655951395827,-21.310692232543037,-21.312129728530014
448,448,0.00037071748292217627,0.00036788453795260896,-21.29823009178939,-21.32487309347495
449,449,0.0003705718680572955,0.0003695114573929459,-21.307771714574546,-21.305709352788405
450,450,0.0003700767389916306,0.0003683751856442541,-21.305435923404875,-21.31908476607487
451,451,0.00037305839581789507,0.000367758127762691,-21.281082690415648,-21.32636564552601
452,452,0.00037055209425479636,0.0003706495703418592,-21.302395400322155,-21.292353433075583
453,453,0.0003696912599573891,0.000371564461506511,-21.314490175506847,-21.281646753639723
454,454,0.00036972706126932477,0.00036764777522828236,-21.31614348250965,-21.327669020897964
455,455,0.0003701653445533179,0.00037001767563388536,-21.30489469315391,-21.299763736498317
456,456,0.0003694676345252653,0.00037026601555561155,-21.318857432827585,-21.29684991675674
457,457,0.0003686967268634165,0.0003692331236762632,-21.32182832441572,-21.308981899378942
458,458,0.00037369900323047314,0.00036874303202095787,-21.27629920889251,-21.31475021943029
459,459,0.0003690009197993108,0.00036909115519129525,-21.319333688068483,-21.310652063347547
