,epoch,train_loss,test_loss,train_dbs,test_dbs
0,0,3.580858354269498e-05,3.136077497114648e-05,-34.459438182629654,-35.02892357199779
1,1,3.025740893322437e-05,3.105703849302556e-05,-35.185993709264444,-35.071191030692894
2,2,3.0523289020380876e-05,3.0904768113702486e-05,-35.154256098897655,-35.092536540853054
3,3,3.1176697674024964e-05,3.0686100121544624e-05,-35.05966286074841,-35.12337445695952
4,4,2.9570095723533293e-05,2.6968816440019412e-05,-35.29160143793839,-35.684172560851906
5,5,1.4297246210488308e-05,1.2653793323567553e-05,-38.449761389562354,-38.97058406624205
6,6,1.1793355680339054e-05,1.1624164184659572e-05,-39.28382826617708,-39.33917407909918
7,7,1.1059750934307267e-05,1.1025544919998778e-05,-39.56484193899519,-39.56879080420513
8,8,1.0872883368139491e-05,1.0575349350753976e-05,-39.62888221605053,-39.7498442044447
9,9,1.0787246903475403e-05,1.0318862797775133e-05,-39.66982308595908,-39.85647305401947
10,10,1.0142833424342638e-05,1.0077574954362048e-05,-39.93316514156768,-39.959231063982855
11,11,9.93836217566775e-06,1.0426534333275508e-05,-40.023476277184145,-39.81139165758784
12,12,9.700783800898412e-06,1.0024090490907456e-05,-40.13415284310152,-39.98234164874724
13,13,9.489348963846347e-06,9.520237510610299e-06,-40.22426002560365,-40.206313601181385
14,14,9.140028391671295e-06,9.334636304533648e-06,-40.377701838605816,-40.29181741741365
15,15,9.490018201927106e-06,9.259207457178395e-06,-40.22895859659811,-40.32705328612349
16,16,9.32850800906926e-06,9.230612082128095e-06,-40.30551813339621,-40.34048643344767
17,17,9.291550743432004e-06,9.300843310867143e-06,-40.32091319551754,-40.307568154250895
18,18,9.176189600974298e-06,9.163823314769329e-06,-40.36509546827118,-40.37202436321823
19,19,9.094813847077229e-06,9.05605436759958e-06,-40.41174913685972,-40.423401222852846
20,20,9.080479666755713e-06,9.011540417927072e-06,-40.41956769130912,-40.444801084932756
21,21,8.97454358038754e-06,8.991357653461532e-06,-40.463267142259774,-40.45453870259223
22,22,8.940054528663036e-06,9.00835594189917e-06,-40.484147325538345,-40.44633605533819
23,23,8.957669303255016e-06,8.995973315138958e-06,-40.472873925585745,-40.45230984891256
24,24,8.90827212848289e-06,8.978643970629874e-06,-40.50048082458443,-40.46068392543107
25,25,8.709207896131797e-06,8.87154070177961e-06,-40.60260225275758,-40.51280094014661
26,26,8.701977066332042e-06,8.74461140579354e-06,-40.5990622520803,-40.575386283964946
27,27,8.732531395506476e-06,8.742031193258682e-06,-40.597155505405595,-40.57666791600816
28,28,8.614083573362578e-06,8.679831137813285e-06,-40.63679466823929,-40.60767867147881
29,29,8.79828454325781e-06,8.75475272646566e-06,-40.558275178196496,-40.57035259237834
30,30,8.654627904856096e-06,8.683832268281166e-06,-40.63247888404706,-40.605677171134445
31,31,8.427589612616317e-06,8.58964061703055e-06,-40.742912439140895,-40.65304149689772
32,32,8.625509658439527e-06,8.551122535113551e-06,-40.640769018313776,-40.672560136108025
33,33,8.492306747451874e-06,8.487714766440485e-06,-40.70468020381227,-40.70488366931306
34,34,8.514394571695035e-06,8.418208022033613e-06,-40.6988682658153,-40.740594900241334
35,35,8.404668020825598e-06,8.538072075967457e-06,-40.75365407733468,-40.67919326730493
36,36,8.644185836789061e-06,8.735955409639773e-06,-40.63745779758325,-40.57968734778274
37,37,8.488965174843337e-06,8.361601885553682e-06,-40.710298781963765,-40.76989657422657
38,38,8.50864274436446e-06,8.319610922052034e-06,-40.702714419074155,-40.791761270118975
39,39,8.390767097526551e-06,8.317721063863964e-06,-40.768616324251056,-40.792747912673065
40,40,8.359576323649908e-06,8.459552454472655e-06,-40.774773535234246,-40.71931755742498
41,41,8.247063770167441e-06,8.330148375534918e-06,-40.83157615712487,-40.786264063306376
42,42,8.307498750788731e-06,8.2681721036543e-06,-40.80636456636736,-40.81869635428205
43,43,8.37943200880095e-06,8.327708320920416e-06,-40.76920457420806,-40.78753637856458
44,44,8.559174359069187e-06,8.275669020612872e-06,-40.68398773069474,-40.81476030356106
45,45,8.381126767791598e-06,8.279337922239824e-06,-40.77351000680487,-40.8128353466428
46,46,8.227356323276553e-06,8.273491881769396e-06,-40.85396031537985,-40.81590298311694
47,47,8.43816827366083e-06,8.21122459551828e-06,-40.74510533080348,-40.84871212177801
48,48,8.237318689145805e-06,8.456574625214622e-06,-40.83834138234282,-40.7208465774212
49,49,8.226300624957412e-06,8.249179748083024e-06,-40.85455700845122,-40.828683765014844
50,50,8.131336054463749e-06,8.135252875562352e-06,-40.895269563687506,-40.88908086345646
51,51,8.180384545844437e-06,8.115635218449538e-06,-40.87339745335424,-40.89956625271181
52,52,8.104903780307367e-06,8.153155297469838e-06,-40.90220649262092,-40.87953428763981
53,53,8.100986019364672e-06,8.103831269660364e-06,-40.916928949266875,-40.90588753428122
54,54,8.036200461461216e-06,8.087474749405182e-06,-40.95015322781316,-40.914662056729284
55,55,8.031157313339885e-06,8.159606822070936e-06,-40.94654977658969,-40.87609911012704
56,56,8.019836678079055e-06,8.020856823445923e-06,-40.96903487708487,-40.95058379381833
57,57,8.23571726118878e-06,8.081424192297212e-06,-40.84821562782108,-40.91791240011575
58,58,8.04629560886881e-06,8.052213328674521e-06,-40.94873237431998,-40.933638711964136
59,59,7.947411411561879e-06,8.179396086473533e-06,-40.99263458180424,-40.865579040351044
60,60,7.833319000148794e-06,7.929927864767561e-06,-41.04848731224553,-41.00009906663384
61,61,8.133063011442086e-06,7.988388389142193e-06,-40.910423607863954,-40.96819971636836
62,62,7.83150106088346e-06,7.914494361964325e-06,-41.06729683426093,-41.00855969350658
63,63,8.02656402286339e-06,7.928346253481178e-06,-40.957926584486174,-41.00096534634542
64,64,7.995850335215231e-06,7.880860362332131e-06,-40.9685868900018,-41.027055109122884
65,65,7.730695429439873e-06,8.609654670228912e-06,-41.11747486029023,-40.64293410977208
66,66,7.918790949410435e-06,7.87219778430881e-06,-41.01211055980217,-41.03183146451848
67,67,7.790715300739676e-06,7.929746492376771e-06,-41.09754087748408,-41.00019839910021
68,68,7.807147647833245e-06,7.745269445685584e-06,-41.07886061735594,-41.10242612627133
69,69,7.679961639688681e-06,7.724262128536602e-06,-41.150895219092824,-41.114221399427194
70,70,7.758645669005982e-06,7.659914564627749e-06,-41.10217061230592,-41.15055217677047
71,71,7.662091451793364e-06,7.707456341832816e-06,-41.15457568624085,-41.12368070019003
72,72,7.656885194704692e-06,7.778722958487618e-06,-41.15814721017004,-41.08370839165566
73,73,7.634770127813531e-06,7.657944527301497e-06,-41.18411283792434,-41.15166927327791
74,74,7.643031794847872e-06,7.744887074965701e-06,-41.17527743849489,-41.102640535329755
75,75,7.671303259504038e-06,7.728006972971152e-06,-41.14219391979291,-41.112116381329635
76,76,7.63600775320173e-06,7.874311402127588e-06,-41.17004431571458,-41.03066557746352
77,77,7.680534719801257e-06,7.643264253649823e-06,-41.14901239411094,-41.16000268521578
78,78,7.698961213726452e-06,7.572575501207642e-06,-41.13610435067818,-41.20035531310661
79,79,7.553268287009223e-06,7.556812785256434e-06,-41.21481395565102,-41.20940480394488
80,80,7.65288534014487e-06,7.566754926588864e-06,-41.1672406759421,-41.20369475215915
81,81,7.575087749369841e-06,7.582542892985082e-06,-41.20242461958619,-41.19464267694045
82,82,7.671120146341374e-06,7.548336677581047e-06,-41.15964879859543,-41.21427880692892
83,83,7.487806346334671e-06,7.495882599821351e-06,-41.261693489442024,-41.244563673717536
84,84,7.453907978602147e-06,7.575200949136879e-06,-41.27432066851597,-41.19884985444956
85,85,7.446846066346721e-06,7.507494717030663e-06,-41.27585091303847,-41.23784108142689
86,86,7.5916684706789594e-06,7.458937608661424e-06,-41.19451538519152,-41.26602168954448
87,87,7.510165495350333e-06,7.42378235947016e-06,-41.24197041660342,-41.28653912071735
88,88,7.505186818214254e-06,7.40803115580715e-06,-41.25257607143277,-41.29576343222694
89,89,7.455643791433534e-06,7.640877428409448e-06,-41.273099101397236,-41.16135910425606
90,90,7.430520509870737e-06,7.497087129817565e-06,-41.28798011516728,-41.24386585235031
91,91,7.625972496489058e-06,7.469729170177168e-06,-41.1724422718903,-41.25974287509549
92,92,7.399137016879659e-06,7.351969495510658e-06,-41.307654870232724,-41.328754469789544
93,93,7.616330793135819e-06,7.434991067911094e-06,-41.179946126296194,-41.27998692288986
94,94,7.4758449439277405e-06,7.375829227385111e-06,-41.2669922834376,-41.31468290464518
95,95,7.496450920014693e-06,7.428262793645875e-06,-41.24867528686125,-41.28391883795089
96,96,7.527190729850884e-06,7.3465289460727945e-06,-41.23641051380525,-41.33196949303384
97,97,7.463711782977568e-06,7.336744841411832e-06,-41.27496457800198,-41.337757280355675
98,98,7.3083478146707925e-06,7.368873435840023e-06,-41.358071557772355,-41.31878046046356
99,99,7.356985458228365e-06,7.3066506908952235e-06,-41.33129212499022,-41.35560797882036
100,100,7.376280979029222e-06,7.37457795414804e-06,-41.31977771474666,-41.31541972642485
101,101,7.334956694883415e-06,7.465738283491718e-06,-41.34993358953693,-41.262063820338106
102,102,7.518056890214361e-06,7.403403622830458e-06,-41.237633432368526,-41.29847716270887
103,103,7.314343222497348e-06,7.333298526646104e-06,-41.35354451352815,-41.339797786270545
104,104,7.391224839592883e-06,7.366985659916138e-06,-41.308845431581716,-41.319893189169726
105,105,7.4266639241670285e-06,7.265001888874012e-06,-41.29180547151884,-41.380434118549154
106,106,7.3789405853192915e-06,7.2590070981517015e-06,-41.32125783161513,-41.38401922329679
107,107,7.414524973392338e-06,7.345482811759116e-06,-41.30441191302049,-41.33258796566784
108,108,7.356675676831954e-06,7.231129817036593e-06,-41.34100270061731,-41.40072985117679
109,109,7.307591401054056e-06,7.2861894056443e-06,-41.36475859565298,-41.367786867976704
110,110,7.3446344826733525e-06,7.377964122593096e-06,-41.341536011576295,-41.31342604385996
111,111,7.326106036267335e-06,7.412209422335237e-06,-41.3521792794855,-41.29331462158102
112,112,7.308496648321809e-06,7.293781460535492e-06,-41.35037178411059,-41.363263967521256
113,113,7.385348791225643e-06,7.325520599758755e-06,-41.31612336308548,-41.34440649453783
114,114,7.304997503412131e-06,7.2782116771314146e-06,-41.36403494889424,-41.37254461091182
115,115,7.261609003837725e-06,7.265672090732933e-06,-41.383790760581476,-41.38003349711933
116,116,7.225847901881747e-06,7.340027973680806e-06,-41.417071849069096,-41.335814283390995
117,117,7.320140271404693e-06,7.2388932638109265e-06,-41.349307288435426,-41.39606970322912
118,118,7.19705879878488e-06,7.19582871361605e-06,-41.41961059071026,-41.42198326364781
119,119,7.236932420128892e-06,7.212990567495581e-06,-41.40306349001995,-41.41163779145024
120,120,7.203809785743342e-06,7.177615795004194e-06,-41.42127563935909,-41.43298935795046
121,121,7.345463993410656e-06,7.175652483151919e-06,-41.34416250713579,-41.43417745740279
122,122,7.082616410060059e-06,7.1773924183186245e-06,-41.49187100610071,-41.433124518112685
123,123,7.294533368378288e-06,7.177221959864255e-06,-41.37293840752719,-41.43322766148412
124,124,7.209919560184587e-06,7.131369114320382e-06,-41.41509174728821,-41.461062276174694
125,125,7.266889895749346e-06,7.158240661833827e-06,-41.39442853195362,-41.444728480158716
126,126,7.1006968975086345e-06,7.294054859429659e-06,-41.48346139164399,-41.36310118034912
127,127,7.212838588118045e-06,7.2530321248402625e-06,-41.42002942338428,-41.38759542378169
128,128,7.23710143143556e-06,7.4545845755461705e-06,-41.40490983214061,-41.2685569703344
129,129,7.314179804114284e-06,7.21121262502397e-06,-41.34595036677763,-41.41270842335714
130,130,7.188395594527822e-06,7.182881434250464e-06,-41.43442800765599,-41.42980445685083
131,131,7.131441808016143e-06,7.144554657363762e-06,-41.46446577630472,-41.453039803787505
132,132,7.164721180218003e-06,7.2135338709095345e-06,-41.45510425661111,-41.41131068054311
133,133,7.1349845992952715e-06,7.36987794880406e-06,-41.474294979091475,-41.31818847756545
134,134,7.097195811718511e-06,7.5749079961066235e-06,-41.48271248994522,-41.199017810845085
135,135,7.21044823914087e-06,7.171041033871006e-06,-41.41819877522276,-41.43696935790986
136,136,7.189421495175188e-06,7.11628344537243e-06,-41.4336152782445,-41.47025905466265
137,137,7.1665593955894455e-06,7.304773110885626e-06,-41.44512783410754,-41.356724122808856
138,138,7.17710154557861e-06,7.1282861187539405e-06,-41.44876889065478,-41.46294020093684
139,139,7.0863661629531275e-06,7.14198353977592e-06,-41.49123090910754,-41.45460298470282
140,140,7.082470558051466e-06,7.208259735068025e-06,-41.489021373332164,-41.414487162272735
141,141,7.049590711870121e-06,7.208611781319824e-06,-41.52009194123967,-41.414275061132216
142,142,7.123058278067997e-06,7.034049088504521e-06,-41.482109188492316,-41.520737486024075
143,143,7.167756970393946e-06,7.051634048892945e-06,-41.45366120065627,-41.50989377307907
144,144,7.151092697463308e-06,6.999888946187352e-06,-41.456072581229165,-41.541879934526406
145,145,6.9478561441034805e-06,7.046422476713288e-06,-41.58043611493849,-41.513104651314165
146,146,7.164999040225629e-06,7.033178462734213e-06,-41.44581211564322,-41.52127505885703
147,147,7.1171181009480484e-06,7.12254603441627e-06,-41.47582453272516,-41.46643878552689
148,148,6.995765076127784e-06,7.0447005639021215e-06,-41.551906552560915,-41.51416605321063
149,149,7.059616334502316e-06,6.98476737613275e-06,-41.519220040628596,-41.5512719665371
150,150,6.975908200195018e-06,6.934863928396034e-06,-41.54995609552293,-41.58241199368334
151,151,7.013072075837438e-06,6.9405785708161265e-06,-41.5507390415841,-41.57883468390088
152,152,6.9730305589586084e-06,6.970991307753138e-06,-41.570708081095624,-41.55984602196236
153,153,7.1348258174599395e-06,7.011443956703021e-06,-41.47291001693404,-41.53471676385915
154,154,7.110962195435332e-06,7.172777570399615e-06,-41.48010883820564,-41.43591779938631
155,155,6.975006961267317e-06,7.027560131016224e-06,-41.559510709557784,-41.52474573086507
156,156,6.886478903530569e-06,7.066181249109305e-06,-41.61323577211489,-41.500943704128986
157,157,7.094154062945835e-06,7.055809539068784e-06,-41.48850137732994,-41.50732294246151
158,158,7.04444041683431e-06,6.925879078105361e-06,-41.52213433885709,-41.588042386580284
159,159,6.996866249182014e-06,6.950071708974735e-06,-41.55142815482125,-41.57289857856807
160,160,6.9335134267208725e-06,7.087530799540936e-06,-41.5863318167554,-41.48784184230805
161,161,6.946759195042685e-06,6.972444776022856e-06,-41.579962976648574,-41.55894060202476
162,162,7.0184713380156835e-06,7.0323900504981315e-06,-41.539204534146094,-41.52176192589498
163,163,7.007911654468866e-06,7.025179432898049e-06,-41.54118480816543,-41.52621722197325
164,164,6.903848934973549e-06,6.948883621685366e-06,-41.60484990800306,-41.57364105128315
165,165,6.985813910170091e-06,7.092159098407903e-06,-41.551800405643895,-41.48500673837506
166,166,6.914742599976832e-06,6.922879779985554e-06,-41.6029441339567,-41.58992353514634
167,167,6.977619109748798e-06,7.0012590760215015e-06,-41.572752343021016,-41.54102994732904
168,168,7.015407269117879e-06,6.91150101996946e-06,-41.54094245513062,-41.59706766956293
169,169,7.0064369369386435e-06,6.8848464348105294e-06,-41.541582446442305,-41.61384885558748
170,170,6.9225263556740944e-06,6.887436843259677e-06,-41.5966896799016,-41.61221513939694
171,171,6.8710939755414845e-06,6.9345269606090275e-06,-41.62957023654741,-41.58262302422055
172,172,7.002961490460498e-06,7.019828803765306e-06,-41.54988710807976,-41.5295262251156
173,173,7.036045021261989e-06,6.873762039934886e-06,-41.52521775461388,-41.620846500124046
174,174,6.950688901307546e-06,6.97945511331598e-06,-41.58455409559014,-41.554576248663494
175,175,6.979586323348148e-06,6.988834780043506e-06,-41.56239828773056,-41.54874369772816
176,176,6.9898205671877094e-06,6.921915212986182e-06,-41.550691163799925,-41.590528681161345
177,177,6.927547291496987e-06,6.968907128841813e-06,-41.598484792497416,-41.56114466471984
178,178,6.9821119901349714e-06,6.889449076353278e-06,-41.55838142263197,-41.61094649024042
179,179,6.954078925605479e-06,6.892921144179509e-06,-41.580494011000255,-41.608758332607884
180,180,7.006215071800698e-06,6.857063980485116e-06,-41.549201647641574,-41.63140941693864
181,181,6.969267407427098e-06,6.9377102399333745e-06,-41.56653521597448,-41.58062986241226
182,182,6.854347815270867e-06,6.974200459808344e-06,-41.635398831382666,-41.55784717235599
183,183,6.942138450952923e-06,7.094556287101066e-06,-41.586332242437145,-41.483539047224376
184,184,6.8183699722888464e-06,7.072171851369173e-06,-41.65642392396748,-41.49726338062604
185,185,6.961822588525991e-06,6.9694994252993066e-06,-41.57409134128021,-41.560775567890445
186,186,6.893576904910811e-06,7.134168874089435e-06,-41.61067225161623,-41.45935758023549
187,187,6.907437374448096e-06,6.8723450471895235e-06,-41.60487194190991,-41.62174186945079
188,188,6.873691853394758e-06,6.8642115318078525e-06,-41.61618602972487,-41.626884848684654
189,189,6.931680035421843e-06,6.852141843027264e-06,-41.596835461509244,-41.63452798887707
190,190,6.956313568152086e-06,6.887014047893708e-06,-41.57603563202029,-41.61248174558824
191,191,6.838070372939854e-06,6.887417073716949e-06,-41.655434213313924,-41.61222760530528
192,192,6.8247594585439395e-06,6.811406628433983e-06,-41.660033692133894,-41.66042335766518
193,193,6.895091204213029e-06,6.924324871330387e-06,-41.61597577470813,-41.589017077539935
194,194,6.946691114207329e-06,6.859101607628154e-06,-41.5839089191597,-41.63011907055834
195,195,6.921734607719382e-06,6.811957758289186e-06,-41.597238919434915,-41.66007197213623
196,196,6.934960128063787e-06,6.96498043333505e-06,-41.59157977309124,-41.56359242702341
197,197,6.856924169978904e-06,6.962187662314759e-06,-41.636694909178296,-41.565334181055896
198,198,6.784062092846557e-06,6.908684482416567e-06,-41.68362628806028,-41.598837843681096
199,199,6.8688308995651545e-06,6.860313533252338e-06,-41.62873843435193,-41.62935178914434
200,200,6.8602596996046035e-06,6.875332019262714e-06,-41.64086517826293,-41.619854677159125
201,201,6.860110659676438e-06,6.8616834237457765e-06,-41.634876685916716,-41.62848466188006
202,202,6.91070810960847e-06,6.87254831925537e-06,-41.599873752966076,-41.62161341456332
203,203,6.846327619079846e-06,6.813642094608727e-06,-41.64262887258893,-41.6589982609149
204,204,6.862465988419477e-06,6.791563727778052e-06,-41.62891502043919,-41.67309363209284
205,205,6.879046789426584e-06,6.8169711324260694e-06,-41.6295967521073,-41.6568768849228
206,206,6.879815279632764e-06,6.882914428723253e-06,-41.62768286322613,-41.61506773147664
207,207,6.861008345011439e-06,6.8842049299028555e-06,-41.63976504144122,-41.61425353421688
208,208,6.830624761746971e-06,7.012259797384583e-06,-41.65538812742578,-41.53421145497252
209,209,6.9033170259046395e-06,6.807263688594838e-06,-41.60871182135534,-41.66306569487523
210,210,6.870876986045239e-06,6.80773727205968e-06,-41.633647645475975,-41.66276356535474
211,211,6.861096973863692e-06,6.94167053887596e-06,-41.63310573538067,-41.578151457861594
212,212,6.8908660481254854e-06,6.883408571555169e-06,-41.61790738743089,-41.61475595104658
213,213,6.815932188943669e-06,6.795815759113266e-06,-41.66991347157697,-41.670375471747306
214,214,6.933342343266482e-06,6.913394324663769e-06,-41.59661065517109,-41.595878146219796
215,215,6.857539602540633e-06,6.81565370541648e-06,-41.63590845831998,-41.657716270278385
216,216,6.758575064972338e-06,6.801468723432136e-06,-41.697051051326504,-41.66676438108479
217,217,6.840666080194948e-06,6.789747347188256e-06,-41.64748466646011,-41.67425529324254
218,218,6.8073640315710644e-06,6.777889163793971e-06,-41.6655693845152,-41.68184680694603
219,219,6.73442292685012e-06,6.860004209317451e-06,-41.71294445295521,-41.629547612128306
220,220,6.8546334106715746e-06,6.80718035015927e-06,-41.6325151393371,-41.66311886402792
221,221,6.87110672253166e-06,6.885696285807123e-06,-41.63608737775909,-41.61331280467617
222,222,6.892895440220864e-06,6.885705667962994e-06,-41.615546817732536,-41.61330688716895
223,223,6.864552678681068e-06,6.7733532025733055e-06,-41.63854377332194,-41.68475420532113
224,224,6.818300133409607e-06,6.803312628203696e-06,-41.666350879659916,-41.66558715132762
225,225,6.770231083436622e-06,6.767653375343223e-06,-41.69567214824072,-41.688410364330856
226,226,6.752084704503338e-06,6.7688423242591515e-06,-41.70369185608208,-41.68764745793878
227,227,6.809740424023871e-06,6.811452749388991e-06,-41.669907283326,-41.660393951098314
228,228,6.8505247449157306e-06,6.862396228251255e-06,-41.646880342996944,-41.628033532082604
229,229,6.87300571934026e-06,6.844875123964525e-06,-41.62921148458853,-41.63913614011786
230,230,6.8498859514668945e-06,6.8074074366258605e-06,-41.645293383230275,-41.66297398648788
231,231,6.8643797340442205e-06,6.990447577424531e-06,-41.63975257318718,-41.54774160192925
232,232,6.8003658683308684e-06,6.711713036853134e-06,-41.66657145401189,-41.72445763696448
233,233,6.831601137126143e-06,6.877249569171047e-06,-41.663303142936144,-41.61864358621739
234,234,6.769352802217964e-06,6.814447571837502e-06,-41.70070991197822,-41.6584848884251
235,235,6.7815485026491755e-06,6.795041898792413e-06,-41.68070825900962,-41.67087004431356
236,236,6.726406607731874e-06,6.7484196207308404e-06,-41.72241903424633,-41.70077063959017
237,237,6.74025875586145e-06,6.766883009396751e-06,-41.71985145294826,-41.688904752421365
238,238,6.865702017449555e-06,6.869312408908675e-06,-41.63778847986734,-41.62365875334426
239,239,6.755503682611983e-06,6.800599796980877e-06,-41.702798587230845,-41.6673192525191
240,240,6.821530067887561e-06,6.842908557078581e-06,-41.66283313461699,-41.64038406918021
241,241,6.8417193594457076e-06,6.825827384952725e-06,-41.66040821219633,-41.65123841985563
242,242,6.920267494314965e-06,6.7420440150032705e-06,-41.5971635297057,-41.70487559945988
243,243,6.7530209636651744e-06,6.7612901435304115e-06,-41.69965239860278,-41.69249570427378
244,244,6.872520096050684e-06,6.828664649411191e-06,-41.6257239435751,-41.64943358037476
245,245,6.796957893232868e-06,6.841542376366162e-06,-41.677348973746845,-41.641251220883326
246,246,6.849660724949046e-06,6.771265074540249e-06,-41.651139664998894,-41.68609327958797
247,247,6.70442975590668e-06,6.887623624750536e-06,-41.72755594994865,-41.612097363985356
248,248,6.860839497788867e-06,6.737037438142579e-06,-41.63936610229147,-41.708101826427004
249,249,6.775391312592396e-06,6.744917180568384e-06,-41.69106899347713,-41.703025219746756
250,250,6.780931743350331e-06,6.880165313448647e-06,-41.691758651337516,-41.616802700149535
251,251,6.7700796338163084e-06,6.764119198602489e-06,-41.691775453198474,-41.69067891190374
252,252,6.82522426659395e-06,6.778185108583114e-06,-41.659724867286094,-41.68165718392345
253,253,6.840465400657813e-06,6.82914821338368e-06,-41.648224890384654,-41.649126050659575
254,254,6.772133746352731e-06,6.774159637164925e-06,-41.69847879972127,-41.68423716562874
255,255,6.8519597165898625e-06,6.866102562765407e-06,-41.64622622393768,-41.62568856969277
256,256,6.877879040422561e-06,6.69944531756827e-06,-41.621704099716766,-41.7324029674664
257,257,6.821050421947184e-06,6.761627901141765e-06,-41.65874888451355,-41.69227875957829
258,258,6.706165812520152e-06,6.709186795648604e-06,-41.73172901577327,-41.72609259831839
259,259,6.78401796828917e-06,6.730408250931712e-06,-41.68549023629362,-41.7123773508645
260,260,6.732966263258539e-06,6.776951139679448e-06,-41.711670739890245,-41.682447889199096
261,261,6.798024069493547e-06,6.707094766361958e-06,-41.68126642408667,-41.72744700755367
262,262,6.736137521263877e-06,6.781141133902374e-06,-41.712982968637355,-41.67976360089152
263,263,6.780409665262812e-06,6.7286265508109385e-06,-41.68799971278112,-41.71352718448448
264,264,6.732341431022187e-06,6.8325960359958885e-06,-41.718274058063116,-41.646933987421505
265,265,6.7822338069069614e-06,6.807645125885947e-06,-41.684186001650545,-41.66282234971145
266,266,6.679004493974192e-06,6.745421997996011e-06,-41.74063578077564,-41.70270018800309
267,267,6.79060125661373e-06,6.739524259932009e-06,-41.680893575045786,-41.706499024440745
268,268,6.770819526508669e-06,6.773643498921669e-06,-41.69116390503603,-41.6845680768308
269,269,6.750151376613805e-06,6.716148379238898e-06,-41.70772576849956,-41.721588610045224
270,270,6.744585470627986e-06,6.707060588508428e-06,-41.71144472426641,-41.72746913828468
271,271,6.705081990187011e-06,6.7094422918575885e-06,-41.739075716143425,-41.725927215412284
272,272,6.733041310635786e-06,6.704759854121796e-06,-41.717529622386806,-41.72895916160033
273,273,6.7322658491996e-06,6.790192137965565e-06,-41.71939437132984,-41.67397079980945
274,274,6.779593843827204e-06,6.73235313354924e-06,-41.6865553669744,-41.71112255361972
275,275,6.6702186016947366e-06,6.816663866821297e-06,-41.75162892541195,-41.65707264160349
276,276,6.853505632553259e-06,6.727892923663603e-06,-41.64343299583001,-41.71400072479746
277,277,6.785100159157589e-06,6.703894110901992e-06,-41.689171079433,-41.72951997479545
278,278,6.776459907921458e-06,6.7915452985433055e-06,-41.69007226658137,-41.67310541689842
279,279,6.860991664691084e-06,6.692918137368427e-06,-41.6358616082881,-41.736636303243415
280,280,6.761932305267954e-06,6.817793291702401e-06,-41.699366993439355,-41.65635313661842
281,281,6.741962984848477e-06,6.948450534668825e-06,-41.705012877185524,-41.573911732407176
282,282,6.803151125533293e-06,6.856855849802837e-06,-41.67112591610092,-41.6315412392155
283,283,6.777983452190438e-06,6.637970847422318e-06,-41.69217697005017,-41.77243802657583
284,284,6.745628562600462e-06,6.706499980761069e-06,-41.70812960113572,-41.72783215726099
285,285,6.65044545084382e-06,6.858065573492479e-06,-41.77231385690674,-41.63077510092249
286,286,6.751567942740518e-06,6.65975934871791e-06,-41.70553814740242,-41.758206072384795
287,287,6.655769792223978e-06,6.74016875659857e-06,-41.76475714202888,-41.706083731086856
288,288,6.717639786712453e-06,6.707614111770741e-06,-41.72590084078658,-41.72711073660303
289,289,6.696959546163796e-06,6.716311418131227e-06,-41.738461883316944,-41.721483183500354
290,290,6.724719560693724e-06,6.769641147816162e-06,-41.72628623297613,-41.68713495642567
291,291,6.762051256861089e-06,6.689575792207554e-06,-41.70128257007665,-41.73880564790787
292,292,6.718824591086193e-06,6.7102699799043445e-06,-41.730247728080144,-41.72539149550322
293,293,6.667949571809791e-06,6.676708620177937e-06,-41.7617700836617,-41.747167199052456
294,294,6.643286203902837e-06,6.672652321676172e-06,-41.779380386011894,-41.749806468629714
295,295,6.694265491589868e-06,6.694281685333025e-06,-41.74010951680884,-41.73575160537272
296,296,6.701730338126882e-06,6.6749219178363045e-06,-41.73539213837639,-41.748329536446676
297,297,6.782909439579337e-06,6.687210555499309e-06,-41.68021012182676,-41.7403414566362
298,298,6.71598140282176e-06,6.78575026157839e-06,-41.723839714964505,-41.6768127129766
299,299,6.811778395373396e-06,6.751568602531303e-06,-41.66754867854837,-41.69874458531258
300,300,6.709163736774929e-06,6.7232698184900645e-06,-41.732159161992406,-41.71698602678759
301,301,6.6677496376832634e-06,6.705971181394202e-06,-41.75907820494199,-41.72817460667901
302,302,6.68026292991384e-06,6.765770840980909e-06,-41.751122250323824,-41.6896185940852
303,303,6.768907717076255e-06,6.710223428136057e-06,-41.698561607047715,-41.72542162431513
304,304,6.695666760390747e-06,6.636622832669864e-06,-41.739879884324004,-41.77332006543086
305,305,6.644436006794909e-06,6.638945610335979e-06,-41.78454771362175,-41.7718003270668
306,306,6.758442916329794e-06,6.7145487934651195e-06,-41.694183402791865,-41.722623092871
307,307,6.751315707980521e-06,6.73160069422202e-06,-41.704736475980376,-41.71160796860598
308,308,6.745374644806455e-06,6.65043446707913e-06,-41.70813922155301,-41.764291250946016
309,309,6.800780133791292e-06,6.7357937759401176e-06,-41.675487804765325,-41.708903611330015
310,310,6.675146740929346e-06,6.722905853070858e-06,-41.75859834263534,-41.717221139249396
311,311,6.6617110241702564e-06,6.6171581142713735e-06,-41.763134232952154,-41.78607631348363
312,312,6.67557700224504e-06,6.700804820674851e-06,-41.75700085105297,-41.731521753021504
313,313,6.688719885150744e-06,6.639142300532273e-06,-41.755178682302514,-41.77167166175373
314,314,6.780505579448912e-06,6.6825665798157725e-06,-41.69242032213493,-41.74335848986593
315,315,6.713350408109861e-06,6.65348606114429e-06,-41.7328883227115,-41.762298920213226
316,316,6.693810884882492e-06,6.661764042579116e-06,-41.741946476838066,-41.756898973394954
317,317,6.706229875639222e-06,6.7341913898800205e-06,-41.73798617663496,-41.70993688258978
318,318,6.798146720011011e-06,6.635136598656812e-06,-41.67663888859822,-41.77429275218987
319,319,6.6601918445382215e-06,6.694136932071017e-06,-41.76231659563505,-41.73584551570631
320,320,6.680985162469388e-06,6.6373356132412725e-06,-41.74693696719625,-41.772853653439995
321,321,6.692585997108236e-06,6.641069902750467e-06,-41.75051531786085,-41.77041091832624
322,322,6.631653218157469e-06,6.6630556207919175e-06,-41.78728899719394,-41.756057047865454
323,323,6.68137641865148e-06,6.671014944004128e-06,-41.74952090422428,-41.75087229870053
324,324,6.599004097655236e-06,6.673143281276632e-06,-41.80299475382583,-41.749486935719496
325,325,6.630246300175582e-06,6.654707823671695e-06,-41.7877892045619,-41.76150150964057
326,326,6.635089842338576e-06,6.740719623178991e-06,-41.780635085438604,-41.70572880148647
327,327,6.612392834793673e-06,6.674582795982899e-06,-41.7868151572656,-41.74855018695442
328,328,6.733393721080256e-06,6.738369943616961e-06,-41.71973981774493,-41.70724292879204
329,329,6.72011544535503e-06,6.752591544730087e-06,-41.72390076483097,-41.69808662784134
330,330,6.69729120231422e-06,6.6371690560404926e-06,-41.73698676222892,-41.772962636599864
331,331,6.755445296802623e-06,6.629253556112465e-06,-41.70937212111465,-41.778145131457265
332,332,6.63819186623177e-06,6.732410790726518e-06,-41.773670043371176,-41.71108535995769
333,333,6.683820573147686e-06,6.751202602716053e-06,-41.75427804107354,-41.69898002098392
334,334,6.905872120001994e-06,6.750763316775096e-06,-41.609591472866406,-41.69926261606872
335,335,6.58819274661058e-06,6.667668984798518e-06,-41.80884383758807,-41.75305112182566
336,336,6.702515147668405e-06,6.662444679693037e-06,-41.737788894329725,-41.75645527433684
337,337,6.692703786048349e-06,6.681997164330249e-06,-41.74484832767774,-41.7437285640534
338,338,6.660255673251441e-06,6.640587367943035e-06,-41.76107378850627,-41.770726484674654
339,339,6.712550512207768e-06,6.6592744683715096e-06,-41.72652984316139,-41.75852228279737
340,340,6.763770848807588e-06,6.600903696763501e-06,-41.70425103761885,-41.796757467028584
341,341,6.718767363241737e-06,6.76075974058078e-06,-41.72596651164235,-41.69283640864375
342,342,6.6555431264542045e-06,6.709604708464069e-06,-41.76141024928838,-41.725822086283564
343,343,6.56196253967397e-06,6.631067160350013e-06,-41.83094055505482,-41.77695716876093
344,344,6.576184116112795e-06,6.6103099303099474e-06,-41.81418120065155,-41.79057321154637
345,345,6.701604813793686e-06,6.651474498204679e-06,-41.73886455509822,-41.76361213070707
346,346,6.6692384898862995e-06,6.597538207355874e-06,-41.75537917962542,-41.79897229438613
347,347,6.615886330522342e-06,6.627492343556553e-06,-41.79333040249779,-41.779299087193884
348,348,6.627671140937384e-06,6.621733518841211e-06,-41.78171347519729,-41.78307444128566
349,349,6.6592994849041545e-06,6.622033891433507e-06,-41.77059317707882,-41.78287744271972
350,350,6.641416423439502e-06,6.65144709369327e-06,-41.777578567920514,-41.76363002396157
351,351,6.679230756565902e-06,6.687850696164931e-06,-41.744994781393956,-41.73992574331167
352,352,6.687325348485904e-06,6.679511323837735e-06,-41.747482511941556,-41.74534452952946
353,353,6.57937518141254e-06,6.612931692392235e-06,-41.814299553611676,-41.78885106677642
354,354,6.5682654551601816e-06,6.633635860596673e-06,-41.82349766827255,-41.77527515242785
355,355,6.6327771098267754e-06,6.597149230832369e-06,-41.77311694795584,-41.79922835252861
356,356,6.64453404469802e-06,6.649142769195973e-06,-41.77666312366041,-41.765134852595516
357,357,6.611296031064505e-06,6.702913268734272e-06,-41.791762807415864,-41.730155434573106
358,358,6.713580936888058e-06,6.614381522683145e-06,-41.73426079592836,-41.78789901659461
359,359,6.670295407115866e-06,6.619530650871304e-06,-41.75969056652193,-41.784519459525995
360,360,6.660514176023894e-06,6.692858852674315e-06,-41.77032253858742,-41.73667477245672
361,361,6.819030246689865e-06,6.838508924326896e-06,-41.666578260970695,-41.643177253870206
362,362,6.642172841744356e-06,6.642103208402037e-06,-41.773342884145336,-41.76973523799031
363,363,6.6597786104635425e-06,6.720567613994813e-06,-41.76675623417826,-41.718731886216425
364,364,6.635105022461485e-06,6.61042885870924e-06,-41.78230695174493,-41.79049507680915
365,365,6.500295596909841e-06,6.449493699428306e-06,-41.871210387692706,-41.89753520578752
366,366,6.421035796500798e-06,6.407108709314152e-06,-41.91923231846844,-41.926170506818366
367,367,6.4002655300410155e-06,6.382691481121583e-06,-41.942468490117776,-41.942752908721076
368,368,6.506221737807434e-06,6.457233954087745e-06,-41.87286048762925,-41.89232621652184
369,369,6.4052326837854615e-06,6.427941499216678e-06,-41.92945388651032,-41.91207227814667
370,370,6.382159675191248e-06,6.3593026281619375e-06,-41.95578717015026,-41.95869650608813
371,371,6.44793039400517e-06,6.607239524064905e-06,-41.90568735943803,-41.79259092370703
372,372,6.491797569079731e-06,6.4031748575201304e-06,-41.87566234442989,-41.92883781729836
373,373,6.468545577553948e-06,6.3888383249975865e-06,-41.89937564306551,-41.93857245325
374,374,6.366722254355896e-06,6.384542996927753e-06,-41.9553684733544,-41.94149327319892
375,375,6.4549225892724e-06,6.337868016041619e-06,-41.903403227019716,-41.973359524912375
376,376,6.4629025426669255e-06,6.416707181319668e-06,-41.898325005356426,-41.91966922164599
377,377,6.3780218118426066e-06,6.330164260840607e-06,-41.96045537471672,-41.978641637734704
378,378,6.3578549013551104e-06,6.384527631254107e-06,-41.95750509118673,-41.941503725372726
379,379,6.3590880261509694e-06,6.387715864931172e-06,-41.969933133985364,-41.9393355357009
380,380,6.345326161778955e-06,6.324174209064375e-06,-41.97345285843559,-41.98275318672357
381,381,6.348960985483292e-06,6.3653986600049965e-06,-41.963943935415415,-41.95453535034304
382,382,6.331858992442781e-06,6.349669403885185e-06,-41.979726330331744,-41.965280291050455
383,383,6.364835938903834e-06,6.317888523641925e-06,-41.96188705825481,-41.98707184701915
384,384,6.371168103552131e-06,6.35064600972232e-06,-41.95412747906531,-41.96461237924971
385,385,6.37476135303474e-06,6.293261345777673e-06,-41.95427570624072,-42.004033759545194
386,386,6.351272667856879e-06,6.298144662172203e-06,-41.980716925007265,-42.00066511672878
387,387,6.276364513620681e-06,6.3542284136163195e-06,-42.02195785978611,-41.9621632117373
388,388,6.331185356908257e-06,6.325121280257774e-06,-41.98463057192305,-41.98210286150288
389,389,6.332949818822749e-06,6.30361055779136e-06,-41.98422352279573,-41.9968976916146
390,390,6.43682787338867e-06,6.346888408427874e-06,-41.92208696850473,-41.96718280828147
391,391,6.38637604105938e-06,6.364946162456793e-06,-41.94765935568431,-41.9548440885447
392,392,6.283443893800122e-06,6.3126249427257696e-06,-42.00998716097021,-41.990691564119885
393,393,6.428250846098665e-06,6.335773569413791e-06,-41.92598655048121,-41.97479495547155
394,394,6.280488434509307e-06,6.319418700609515e-06,-42.022056167649964,-41.986020123887286
395,395,6.327171517695365e-06,6.269045331320836e-06,-41.99078926955691,-42.02077733180352
396,396,6.4258228796705266e-06,6.3389806631388825e-06,-41.923020870507266,-41.97259716431611
397,397,6.2777455297560366e-06,6.407964783169231e-06,-42.01414419133439,-41.92559027112618
398,398,6.327509980991701e-06,6.309896817631517e-06,-41.991268312353746,-41.99256885887179
399,399,6.341140301488268e-06,6.352321275028915e-06,-41.97623705817607,-41.96346688549808
400,400,6.355651115994726e-06,6.283279689293857e-06,-41.97156029277893,-42.01092751392379
401,401,6.337539485384789e-06,6.3776787292705484e-06,-41.97880203880614,-41.94616505201182
402,402,6.350279063647661e-06,6.3363469579551175e-06,-41.963969898205924,-41.97440193604103
403,403,6.297029072417909e-06,6.302448845848343e-06,-42.00924181279204,-41.997698140147634
404,404,6.300556908603746e-06,6.2548216479435245e-06,-42.00704112187143,-42.03064212814685
405,405,6.249668495377019e-06,6.2490811327925736e-06,-42.03597474673781,-42.034629801871155
406,406,6.489991936121573e-06,6.380903318801613e-06,-41.88063541766974,-41.943969790086506
407,407,6.340442981586561e-06,6.286531898742971e-06,-41.98631249330041,-42.008680198378336
408,408,6.300133895116964e-06,6.259984610024778e-06,-42.00794247825659,-42.02705877891531
409,409,6.264990401009011e-06,6.32042881414619e-06,-42.03752441481604,-41.98532599093119
410,410,6.396464826692179e-06,6.266205721323403e-06,-41.943203875060895,-42.022744946123424
411,411,6.3359572224501404e-06,6.274650834376716e-06,-41.988611062443866,-42.016895797724
412,412,6.327462626321688e-06,6.283368867642773e-06,-41.996307046247175,-42.01086587511107
413,413,6.318779150646638e-06,6.276750714038683e-06,-41.991706748021116,-42.01544262748665
414,414,6.306978072465539e-06,6.395951052246873e-06,-42.00133742557354,-41.933740119414544
415,415,6.286333560056687e-06,6.354524190866964e-06,-42.019834064095804,-41.96196106061854
416,416,6.311115879556776e-06,6.288498609233341e-06,-41.99785045648532,-42.00732174199941
417,417,6.2639691509737285e-06,6.2798711903604656e-06,-42.02510642270348,-42.01328407610926
418,418,6.266836764327834e-06,6.263617730215437e-06,-42.02742593141993,-42.024538986203446
419,419,6.356067561429563e-06,6.281408356076817e-06,-41.96693160923989,-42.012221154789415
