,epoch,train_loss,test_loss,train_dbs,test_dbs
0,0,0.00039294962537206096,0.0003746061273360331,-6.965041253331766,-7.170052253121957
1,1,0.00035889045492573115,0.0003474042398585497,-7.362025423360913,-7.497449876077969
2,2,0.0003367888095510221,0.00033101271899220973,-7.633994695678872,-7.70735420415836
3,3,0.0003234132519471891,0.00031944838242213195,-7.809423703312089,-7.861794086982967
4,4,0.0003135622789262381,0.00031136952058755254,-7.944131612955828,-7.9730400405971515
5,5,0.0003067625190861062,0.00030512097567368885,-8.040443791364439,-8.061080376215749
6,6,0.00030102539140270236,0.00030019611126351123,-8.121466403386222,-8.131750399539348
7,7,0.00029646953299027127,0.0002956238504817807,-8.184686893003391,-8.198406326993066
8,8,0.0002926522793881979,0.00029186625799507295,-8.242224949852584,-8.253962119757606
9,9,0.0002896101186988088,0.0002896727650965515,-8.28874650078345,-8.286724371018444
10,10,0.0002871522093047724,0.000286176672058278,-8.327958724667749,-8.339458730805537
11,11,0.000284698805003667,0.0002850028272644666,-8.364255146322858,-8.357309337659633
12,12,0.0002824417051388738,0.00028262392458456914,-8.39703229392676,-8.39371179234792
13,13,0.00028117630869563015,0.00028055810712670023,-8.420797524768918,-8.425572792732602
14,14,0.0002792143567762885,0.0002785499321027218,-8.449187114807803,-8.456770451175483
15,15,0.0002777332826469516,0.0002774022776927603,-8.472616277919535,-8.474700793984777
16,16,0.00027650115338211746,0.00027600460299780885,-8.491309163855853,-8.496637770892706
17,17,0.00027479779454711443,0.0002750104207447485,-8.51494507168974,-8.512309515452595
18,18,0.00027341259098563766,0.0002733634548923491,-8.537414564532979,-8.538396474149488
19,19,0.00027246594209387204,0.00027210538514497643,-8.554794640879862,-8.558429652136565
20,20,0.00027094670594189814,0.00027095045937274237,-8.577852963694282,-8.576902103953595
21,21,0.00027027395499879783,0.0002701693723027251,-8.588832427280748,-8.589439882838688
22,22,0.00026946094249538383,0.000269473253099836,-8.6035104781794,-8.600644368252494
23,23,0.0002680957364158455,0.00026840878203266154,-8.623844198866648,-8.617833806974893
24,24,0.000267434393124146,0.0002674334468074927,-8.635698433150656,-8.633643802950928
25,25,0.0002663309399948273,0.00026620907623222783,-8.653098224393787,-8.653572436623431
26,26,0.0002655856977108885,0.0002652221101973402,-8.664694361132682,-8.669703759230371
27,27,0.0002640891638968486,0.00026440073193761667,-8.68537924789755,-8.683174489847321
28,28,0.00026370564712086675,0.00026409059386136696,-8.696115170809541,-8.688271688761656
29,29,0.0002629881064328317,0.00026282765688129554,-8.710857164083182,-8.709090387335374
30,30,0.0002621155489925007,0.00026221410677719275,-8.723399434409483,-8.71924049592927
31,31,0.0002612046501059181,0.0002610386934400977,-8.738237101492738,-8.738752150131132
32,32,0.00026038215275417013,0.0002604686504989666,-8.749608509749486,-8.748246421122928
33,33,0.0002599555164030705,0.0002600485612148125,-8.75942030853997,-8.755256467804202
34,34,0.0002591598524829642,0.00025919757899828255,-8.77087164424488,-8.769491613069656
35,35,0.0002582007339500256,0.000258410749282982,-8.78657237824821,-8.782695267187734
36,36,0.0002574273023559933,0.0002584028154256214,-8.800390081677897,-8.782828608520372
37,37,0.0002571334219273641,0.0002568715296403848,-8.806439458212662,-8.808641301539632
38,38,0.00025641889633615646,0.0002564728385646288,-8.818015898559118,-8.815387235837282
39,39,0.00025571058066225773,0.00025580512316848497,-8.830312725729929,-8.826708639368528
40,40,0.00025492287153911,0.00025556466655536115,-8.844666145621344,-8.830792923970865
41,41,0.00025464439708811526,0.00025476302835159004,-8.8488630146958,-8.844436993779635
42,42,0.00025353840562471755,0.0002538331295669961,-8.86653315582702,-8.860317977330244
43,43,0.00025303173088948676,0.0002532255580023813,-8.87370531134232,-8.870725652442557
44,44,0.0002524639043558543,0.00025297241135328815,-8.883158991684002,-8.875069415501052
45,45,0.0002518346156329685,0.0002528290405232263,-8.896610479845524,-8.877531455172875
46,46,0.00025166053857207877,0.00025238764723517786,-8.899252435771238,-8.885120069039639
47,47,0.00025117928798300856,0.0002504174787502148,-8.907200804075954,-8.919154633774466
48,48,0.0002506826881237674,0.000251520903762675,-8.917267856253163,-8.900060171874127
49,49,0.00024992765600135376,0.0002497482966741939,-8.931209912455174,-8.930775671066174
50,50,0.00024962393742789196,0.00024931708589735394,-8.935420802296514,-8.938280599841526
51,51,0.00024828770616183,0.0002495370128216516,-8.956598084956013,-8.934451301612738
52,52,0.0002481268450903428,0.0002479940717182073,-8.95981123982165,-8.96138802883008
53,53,0.00024776526960213044,0.0002481807069240236,-8.966248457244161,-8.958120847694456
54,54,0.0002475787479533651,0.00024745016478271663,-8.97166407099871,-8.970923546987148
55,55,0.00024673176932955143,0.0002473067158318468,-8.985614875873164,-8.973441918817201
56,56,0.0002458201919036639,0.00024615371550776457,-9.002564784926879,-8.993737065412619
57,57,0.00024506253323556144,0.000245616374549603,-9.014798812105742,-9.003227854324805
58,58,0.00024530075393861987,0.000245161595031325,-9.012703055779253,-9.01127663825745
59,59,0.0002446380868726938,0.00024465994226231585,-9.024110266790506,-9.020172331443511
60,60,0.00024417885978221315,0.0002440990586029856,-9.030301406794031,-9.030139975404392
61,61,0.00024343661789316684,0.00024480050533862884,-9.04435752817847,-9.01767792069472
62,62,0.00024296456261432356,0.00024340861694470637,-9.052225059403655,-9.042441533627647
63,63,0.00024239855416997614,0.00024292711168527603,-9.061344956255061,-9.051041154555945
64,64,0.00024199644259666813,0.00024244886069362494,-9.06886245340866,-9.059599544162133
65,65,0.00024172364039221758,0.000242139050418413,-9.074549426622855,-9.06515267118854
66,66,0.0002412001341917389,0.00024179400229753045,-9.083254836235374,-9.071345780728935
67,67,0.00024088978264528836,0.0002410138618678933,-9.08876490282246,-9.085380803922215
68,68,0.0002402522003808606,0.00024058755278881443,-9.099138388070427,-9.09306947440166
69,69,0.0002396355590725452,0.00024009007565358557,-9.110996621878884,-9.102058935905918
70,70,0.000239501317954603,0.0002397759587773563,-9.115723673024,-9.107744657991486
71,71,0.00023903716181539306,0.0002402708586918092,-9.121995801865046,-9.098790015641367
72,72,0.00023851613904176682,0.00023833749659580032,-9.134151216379232,-9.133877286797523
73,73,0.0002378677699076415,0.00023859959956577144,-9.142923280964224,-9.129103915804816
74,74,0.00023753817562858777,0.00023812951679390512,-9.150635805021235,-9.13766871342345
75,75,0.0002370460306056631,0.00023764176876284182,-9.1598489640273,-9.146573258909442
76,76,0.00023671993328685652,0.00023727237069244054,-9.163933325630166,-9.153329325432884
77,77,0.00023616075509146203,0.00023639081719968664,-9.17783806581944,-9.169495000505021
78,78,0.0002357882233612604,0.00023568660483425972,-9.184012500688537,-9.182452018018383
79,79,0.00023505056202507665,0.00023540885472596673,-9.193995168727973,-9.187573075795893
80,80,0.00023476790832403625,0.00023514493276659203,-9.200592206404531,-9.192444776573792
81,81,0.00023450219695283502,0.0002347669375778519,-9.204263583384183,-9.199431672220523
82,82,0.00023408781661479205,0.000234162229676976,-9.216071137140364,-9.21063257284378
83,83,0.00023358183752111706,0.00023400563039008136,-9.223397884994005,-9.213537949932034
84,84,0.00023287278480021303,0.00023325942272908593,-9.237027411494104,-9.227409055543616
85,85,0.00023244962530671474,0.00023321806312244582,-9.243238501442157,-9.228179178412537
86,86,0.00023210366837411506,0.00023197862595368765,-9.248665533306102,-9.251321303427263
87,87,0.00023180909140381155,0.00023260059012835356,-9.255324046369605,-9.23969289815105
88,88,0.00023157240975331324,0.00023245843476615846,-9.260658878371112,-9.242347928501708
89,89,0.00023083154279522635,0.00023129277044637618,-9.273970343705688,-9.26418043879106
90,90,0.0002304604988108322,0.00023091808543540537,-9.280030536663045,-9.271221539894135
91,91,0.00023028257329343367,0.00023039344600156734,-9.284385905454073,-9.281099814934343
92,92,0.0002293683639211465,0.00023025652856296418,-9.299999311998263,-9.2836814926982
93,93,0.00022913992300524003,0.00022974295241415108,-9.307868523235406,-9.293379041907082
94,94,0.00022875173701472658,0.0002286697716427673,-9.314231935844111,-9.313713439889879
95,95,0.00022809716396408213,0.00022853930529795195,-9.324858579766582,-9.31619199152076
96,96,0.00022773476741780747,0.0002278675368104718,-9.331976292190534,-9.328976443066617
97,97,0.00022765896064061287,0.00022835185288721206,-9.334623396884355,-9.319755621532558
98,98,0.00022709802646410758,0.00022792883407275535,-9.34456906498286,-9.327808330961012
99,99,0.0002265755145944962,0.000227145127657997,-9.353588390855784,-9.34276676569755
100,100,0.00022649533249144972,0.0002267877601920382,-9.358853674725495,-9.349604902113587
101,101,0.00022575939368197368,0.00022685622388962656,-9.368024411747815,-9.34829403247385
102,102,0.00022573890698564806,0.00022635918024829343,-9.373851003690355,-9.35781989568456
103,103,0.0002250547033852235,0.0002254308653247886,-9.385202375238523,-9.375667239603743
104,104,0.00022485291032653455,0.00022523047549552038,-9.386676669718227,-9.37952948359645
105,105,0.00022452970163791067,0.0002252232401300908,-9.396272328264509,-9.379668999785212
106,106,0.00022370371782729767,0.00022396442900093176,-9.40994602282201,-9.404010547690104
107,107,0.00022344884793298108,0.00022423687608495943,-9.414421549382787,-9.398730675523975
108,108,0.00022328667553890612,0.00022413943492880973,-9.418864663530073,-9.400618293404436
109,109,0.00022243299073246837,0.0002235653450234646,-9.435333983799868,-9.411756178270776
110,110,0.0002227011325735522,0.0002226873207530987,-9.429692101958022,-9.428846119324593
111,111,0.00022203729565365758,0.00022200114280598141,-9.44471222647045,-9.442248919575745
112,112,0.0002213735085403182,0.0002220926015931917,-9.454479387750895,-9.440460105944862
113,113,0.00022128167065321323,0.0002216977897516795,-9.458116057351683,-9.448187386784564
114,114,0.0002205415071377089,0.00022162943098105883,-9.469691189235581,-9.449526706172914
115,115,0.00022058163291880303,0.00022071676855710777,-9.472502035621439,-9.46744772900111
116,116,0.0002201402962829476,0.00022022036290237387,-9.482896798031081,-9.477226280741686
117,117,0.00021976735394870498,0.00021979412888054197,-9.487941521151017,-9.485640146422806
118,118,0.00021938797096678623,0.0002200500671996882,-9.49532774795488,-9.480585965271917
119,119,0.00021923151927563295,0.00021905985838537547,-9.498644669838267,-9.500172994755063
120,120,0.00021874651024190076,0.0002186358783786234,-9.509699870563448,-9.508586704073874
121,121,0.00021799495317685158,0.00021933330801977334,-9.52196959794423,-9.494755132808312
122,122,0.00021767871950623417,0.00021897153438706147,-9.528739187908615,-9.501924404642125
123,123,0.00021697037127805087,0.00021785150793699644,-9.542581816163574,-9.524195316461022
124,124,0.00021694822716358664,0.00021746710990555584,-9.542152958348227,-9.53186519229251
125,125,0.00021679924600565633,0.0002171416073044958,-9.548228841678064,-9.53837053856467
126,126,0.00021625535782263374,0.00021719033400969287,-9.557699684697104,-9.537396088506352
127,127,0.00021575825914774168,0.0002166588490485753,-9.566357715350474,-9.548036703277967
128,128,0.00021543237290671575,0.0002159576351435757,-9.574268639657102,-9.562115389938986
129,129,0.00021485022683843933,0.00021577176965748598,-9.58637642817091,-9.565854785915926
130,130,0.00021462194269316598,0.0002150120248858768,-9.589029467927313,-9.5811735285539
131,131,0.00021411887473263538,0.00021489520823754566,-9.600223500163082,-9.583533704103619
132,132,0.00021419134267039366,0.00021468724145578513,-9.601277925217733,-9.58773866326143
133,133,0.00021376827018834729,0.0002141419980417643,-9.607299571802958,-9.598782515303109
134,134,0.0002133574316664551,0.00021370115542882368,-9.617843591194081,-9.607732317602874
135,135,0.00021291531402780914,0.00021335743229811718,-9.622716268077037,-9.614723259618437
136,136,0.00021259057093723726,0.00021325376292224973,-9.631293579795141,-9.61683398897914
137,137,0.0002123945231847081,0.00021257617520045881,-9.636570855765447,-9.630655133553432
138,138,0.000211946669841166,0.00021315420637716,-9.647133708331156,-9.618861946337747
139,139,0.00021171381234397785,0.00021169293598320924,-9.64974493915363,-9.648737358362016
140,140,0.00021090761943811493,0.0002126299269117513,-9.665458067222444,-9.629557121478085
141,141,0.0002105929399720518,0.00021118733122038017,-9.670215866262117,-9.659122400189771
142,142,0.00021073717285504507,0.00021103811511573824,-9.669375103345795,-9.662192027286732
143,143,0.00021016113814110532,0.0002102691406004229,-9.680954470441172,-9.678045623684499
144,144,0.0002096001696100785,0.00021016756287089695,-9.6916972597031,-9.680144139247554
145,145,0.00020957647909208672,0.00020921062969136983,-9.692855402199978,-9.699963554184183
146,146,0.00020897129614184582,0.00020917256647647408,-9.707111054025866,-9.700753769679917
147,147,0.00020821385935294566,0.00020893308867112195,-9.721779834803222,-9.705728775375036
148,148,0.00020844323204148598,0.00020931678821063158,-9.716820031158136,-9.697760398159556
149,149,0.00020808191368711595,0.00020892050509390079,-9.725957447788872,-9.705990349200556
150,150,0.00020760012887773518,0.000209024168342646,-9.732594079122329,-9.703835978984076
151,151,0.00020700489838737225,0.0002072168036216968,-9.744515589340033,-9.741551317502667
152,152,0.0002068040500030152,0.00020748592367836913,-9.751912713717806,-9.73591463540269
153,153,0.00020625709826678767,0.00020724257200000515,-9.762826626607616,-9.741011285587378
154,154,0.00020616909728467117,0.0002070601782945328,-9.763368044383267,-9.744835184167906
155,155,0.00020560537184079745,0.00020685684514893708,-9.776953869515136,-9.749102052415504
156,156,0.00020568752880376217,0.00020558491738292535,-9.775662311144913,-9.775888523210053
157,157,0.00020503776778644622,0.00020617361204992784,-9.788976083176825,-9.763470224555382
158,158,0.00020493721525237618,0.00020558553162692604,-9.791329321442712,-9.775875547434158
159,159,0.00020432056359269838,0.00020513174010710302,-9.803234337270782,-9.785472379452273
160,160,0.00020415521093005717,0.00020474962059923105,-9.805952309815781,-9.793569963664847
161,161,0.0002038392718982182,0.00020473842404929824,-9.813953312499654,-9.793807460212886
162,162,0.00020349847684499145,0.00020364595892667574,-9.821875381264734,-9.817043055203882
163,163,0.00020299346402849157,0.0002036488968817713,-9.832989854431926,-9.816980400953875
164,164,0.00020277417221673064,0.0002031821618162978,-9.837941846004423,-9.826945252360463
165,165,0.00020199106449918995,0.00020276488947657575,-9.851584037562779,-9.835873467891966
166,166,0.00020210206455829524,0.00020236193928499952,-9.85174342614475,-9.844512693436533
167,167,0.0002017304144941328,0.00020164909457028108,-9.860638030388378,-9.859838257412646
168,168,0.00020217180123658293,0.00020138721141081892,-9.850266681550812,-9.86548213739946
169,169,0.0002011388173319649,0.0002015640723249434,-9.875690093344032,-9.86166977957353
170,170,0.00020071117374829986,0.00020156111369081038,-9.880712187833446,-9.861733527437595
171,171,0.00020054942891049708,0.00020059621065707974,-9.885463092211753,-9.882573772877635
172,172,0.0002001110890690602,0.00020055112576014116,-9.893534208492518,-9.88354997888787
173,173,0.00019986858455219413,0.00019993574977362235,-9.902775313906993,-9.896896463973974
174,174,0.00019940103106584747,0.00019986273821957998,-9.909321475082983,-9.898482688851782
175,175,0.0001994879339034333,0.00020007426945468118,-9.909695307597815,-9.893888622538423
176,176,0.00019850470434715876,0.00019949118263627353,-9.926836057898203,-9.906563971027008
177,177,0.00019841984012788257,0.00019931391197085184,-9.931666320798787,-9.910424888447952
178,178,0.00019830412839865792,0.00019837619727599973,-9.93668109573553,-9.930905411489736
179,179,0.00019809760596751976,0.0001982753823731879,-9.938415636252838,-9.933113059671363
180,180,0.00019773620570236912,0.00019714083004816386,-9.946766744377669,-9.958035212626937
181,181,0.00019715667612845865,0.00019786280723852351,-9.956119219571288,-9.942159355829608
182,182,0.0001970422422674187,0.00019738834970140537,-9.962532792519362,-9.952585859869945
183,183,0.00019612481257129345,0.0001973043751939641,-9.980081828138328,-9.954433862807532
184,184,0.00019639819415199773,0.000196711448217301,-9.975132990353021,-9.967504663177008
185,185,0.00019583286994770554,0.0001962336100405082,-9.988218380572132,-9.97806708565083
186,186,0.00019548663007786746,0.00019632547398367408,-9.994901009318559,-9.976034474206863
187,187,0.00019535499270261294,0.00019567644860791532,-10.00056799558045,-9.99041544433069
188,188,0.00019455375299865822,0.00019575744839752778,-10.015120538699211,-9.988618064878615
189,189,0.00019460469505331988,0.00019451474087729461,-10.015168923990492,-10.016275830793834
190,190,0.00019429015660581668,0.00019450251267316113,-10.020075596160217,-10.016548859382262
191,191,0.00019411285292025962,0.00019439056708698014,-10.028690980172675,-10.019049153382076
192,192,0.00019351112807515202,0.00019424235583037923,-10.040245859245347,-10.022361653699088
193,193,0.00019311547710214617,0.00019286753223767797,-10.049742123190983,-10.053209783838888
194,194,0.00019268595377108102,0.0001937774680922494,-10.059508813307884,-10.032768249627011
195,195,0.00019275914075347528,0.0001931950874246755,-10.056058274715404,-10.04584023096732
