,epoch,train_loss,test_loss,train_dbs,test_dbs
0,0,0.0008834628382284847,0.0008495365220465158,-13.551798345223622,-13.71477167815848
1,1,0.0008430349125680466,0.0008167501869856527,-13.75729554178495,-13.885699794087712
2,2,0.0008002605046788903,0.0007657916928445431,-13.979977372483773,-14.1654857108568
3,3,0.0007670164293100693,0.0007542637605710249,-14.167296898257735,-14.231359799201629
4,4,0.0007379165911787795,0.0007170680389543506,-14.328981814601562,-14.450988563563625
5,5,0.0007113975283123323,0.0006895646128166271,-14.493978262972496,-14.620842557858698
6,6,0.000690708152911405,0.0006838321477468861,-14.611736769315396,-14.657097083523812
7,7,0.0006763435715387008,0.0006496082917836152,-14.706089249762204,-14.880076622571696
8,8,0.000654574606049153,0.0006414615444986051,-14.855530836289354,-14.93488596365859
9,9,0.0006326655959278421,0.0006220567677366106,-14.998735771769073,-15.068292025819392
10,10,0.0006288529707349299,0.000609984881808295,-15.030824935842894,-15.153401506257042
11,11,0.0006029703186287247,0.0006001422941488655,-15.205849986002022,-15.224049878711256
12,12,0.0005909899740537494,0.000595008203833315,-15.286315133093066,-15.261362682629251
13,13,0.0005895108987874899,0.000574849017491368,-15.305575254656095,-15.411054285640336
14,14,0.0005627125870681263,0.0005675874402329914,-15.5027497210079,-15.466264453065751
15,15,0.0005719661013554474,0.0005606069324513603,-15.444450471311573,-15.520007580508157
16,16,0.0005690010592159,0.0005639304933873447,-15.457373538810002,-15.494336431744191
17,17,0.0005504545985514624,0.0005398785916010016,-15.603927910156386,-15.683631157266298
18,18,0.0005458730498578438,0.0005356379383317146,-15.643970582683998,-15.717878922080269
19,19,0.0005418544403546173,0.0005425662874538256,-15.668471534804056,-15.66206416758768
20,20,0.0005342270704898407,0.0005315213026111259,-15.732718614694685,-15.751385468752428
21,21,0.0005215029718267933,0.0005277901578474006,-15.83480209870416,-15.7819793468259
22,22,0.0005177532496127617,0.0005076943489257246,-15.874045949807858,-15.9505689262222
23,23,0.0005226269317550835,0.0005049973429107156,-15.826081873553537,-15.973701289381335
24,24,0.0005115448436027719,0.0005041778188713483,-15.919969805972594,-15.980754868577504
25,25,0.0005018998209876728,0.0004959963553119451,-15.996331721272128,-16.051807367705088
26,26,0.0004966666753351036,0.0004939610019056616,-16.047449699732347,-16.069665591438607
27,27,0.0004950855956436855,0.0004920053225329244,-16.074828220324214,-16.08689420975478
28,28,0.0005002052099539985,0.0004868604806496909,-16.015529584626634,-16.1325469847909
29,29,0.0004887766112962296,0.0004832288602636637,-16.120667617876492,-16.16506357878725
30,30,0.00047437862862746434,0.0004769571655503425,-16.25697469794241,-16.221798442016876
31,31,0.00047646582693091987,0.00047841654649298445,-16.23067858832011,-16.20853030253664
32,32,0.000471823942096251,0.0004733245709518853,-16.272009117507757,-16.25500172085417
33,33,0.0004611973711961554,0.0004639917522007109,-16.372642716334138,-16.3414896126771
34,34,0.00046785283454492226,0.00045379190429996113,-16.313084111958084,-16.43802478228774
35,35,0.0004582565308418893,0.0004624381621588806,-16.404475366252868,-16.356055554564996
36,36,0.0004552644749469671,0.00044948605998223156,-16.419332521482005,-16.479429945826876
37,37,0.0004581327813547873,0.0004401280204642956,-16.398565894342603,-16.570802034640643
38,38,0.0004425031149798294,0.0004453268269763181,-16.555370552111544,-16.519803636879978
39,39,0.00043889030678552986,0.000438415828332501,-16.58755840456199,-16.587729966860746
40,40,0.00043462288203486004,0.0004459602044478647,-16.6166357561834,-16.513631160955615
41,41,0.0004393073655760933,0.0004357549953151886,-16.580131866872495,-16.61416847599999
42,42,0.00044506667877941097,0.00045819596332301825,-16.527419928678974,-16.39607963219267
43,43,0.00043503534392040876,0.000424699317112467,-16.618918220621943,-16.725776593076954
44,44,0.000436165646383462,0.0004283207205222233,-16.610432165089634,-16.688901375682605
45,45,0.0004286184956766089,0.0004257716247689371,-16.692944851369386,-16.714825071468155
46,46,0.0004273286820197305,0.0004256661586144841,-16.708334187305297,-16.715900977894545
47,47,0.000419138155435932,0.00046218960625609676,-16.786693806060725,-16.358390471670255
48,48,0.0004203378660340323,0.0004224407419219221,-16.773246018001814,-16.74893425292019
49,49,0.0039240540843577,0.00044486136482048194,-7.071128299118781,-16.524345320674485
50,50,0.0004274273371040706,0.0004386092830253275,-16.702605881901672,-16.58581402840317
51,51,0.0004358766606490406,0.0004305087847904743,-16.62096193008568,-16.666772040630413
52,52,0.00043308757636792113,0.00044165162437007224,-16.645241693076557,-16.555793898962584
53,53,0.00043742439935233484,0.0004330445923474862,-16.605466420645044,-16.641266022733028
54,54,0.00042976010962840667,0.00043639491961680745,-16.678182838484506,-16.607795359678043
55,55,0.0004464695002096369,0.0004265953673319401,-16.506616639348934,-16.706430871216135
56,56,0.0004299407301004976,0.0004292380319001447,-16.669462241437948,-16.67961027066064
57,57,0.00043196505392882395,0.0004355963794391994,-16.653239690983582,-16.615749606240694
58,58,0.0004327785800998435,0.0004279706948804424,-16.64951329990284,-16.692451900900597
59,59,0.0004267563980994458,0.0004264654126018286,-16.70527069766826,-16.707754074062848
60,60,0.00044094703547877364,0.00043352507667517975,-16.574064764388822,-16.636449982638343
61,61,0.000429031547739833,0.00042851624311879277,-16.68778184205261,-16.686919332660313
62,62,0.00043450231356642296,0.00042824161937460303,-16.632405936602144,-16.689703493413475
63,63,0.00042451445412937285,0.00043059916597006743,-16.72878070216594,-16.665860376821602
64,64,0.00042839542261718477,0.0004281745580221085,-16.692098873347202,-16.690383638795254
65,65,0.0004819148380943027,0.0004308804835952622,-16.18383161293366,-16.66302398488388
66,66,0.00042927976830900867,0.00042070460499656434,-16.680818680346306,-16.766819561898263
67,67,0.0004354175354219666,0.0004324491555483914,-16.627910593284465,-16.647241685933277
68,68,0.0004218134689432828,0.00042956761439870065,-16.765583950146354,-16.676276900226977
69,69,0.0004327282526760756,0.0004289374398802848,-16.649113199348683,-16.682652666188382
70,70,0.0004257770097987323,0.00042429735185578465,-16.72261493602316,-16.72988900746723
71,71,0.0004287033054387178,0.00042583171651992753,-16.699520560505977,-16.714212168379564
72,72,0.0004252762870968694,0.0004189467504865637,-16.729307008325904,-16.785003957696745
73,73,0.0004194377301640079,0.00042695871180560633,-16.780220776995492,-16.70273342512967
74,74,0.0004251044766843012,0.00042241996638231764,-16.730965508351012,-16.749147843210803
75,75,0.00042552947752014497,0.00042712954975860685,-16.717778916165585,-16.70099604072536
76,76,0.0004277527464323283,0.00042327050744604905,-16.709022324234432,-16.740412131349615
77,77,0.00041961412007930046,0.00041903914748936107,-16.77919000538229,-16.784046244477015
78,78,0.0004229414082953188,0.00041833335968763813,-16.74916992252119,-16.791367235258083
79,79,0.0004270181921550754,0.0004299596889483693,-16.70721814054224,-16.67231481956793
80,80,0.0004223351791073789,0.0004375264658225014,-16.750223970288335,-16.596548935092
81,81,0.00043049862712727304,0.0004255419082351421,-16.675740368860914,-16.717168852497885
82,82,0.00042105491570744316,0.0004262644889470386,-16.7651069350057,-16.709800678410026
83,83,0.00042260838576506094,0.0004189526325238771,-16.750389703347885,-16.784942982921027
84,84,0.00042000512494081533,0.00043357860627829244,-16.771732740964982,-16.635913769686262
85,85,0.00041192744260884283,0.0004272652456022211,-16.858693022515347,-16.699616538956054
86,86,0.000431247238854676,0.00042220214718805725,-16.66708354314352,-16.751387843198895
87,87,0.0004339939839633892,0.0004217005457336965,-16.635458150101886,-16.75655058935967
88,88,0.00043246917577806056,0.00043596807977576787,-16.651378297853675,-16.61204529239051
89,89,0.00042738063505745117,0.00042057570872681315,-16.701994176345238,-16.768150365394213
90,90,0.00042532451904484447,0.0004247764055004441,-16.719557894647057,-16.724988364273752
91,91,0.00041720677634038644,0.000421715342733813,-16.80292843422553,-16.756398202960796
92,92,0.0004333286502965025,0.00042792337817924197,-16.646733977167795,-16.6929320860754
93,93,0.0004244747189996937,0.00043261741398294503,-16.724967603281375,-16.645552250387954
94,94,0.0004334009091067368,0.0004225045084144528,-16.64295334324327,-16.74827874450996
95,95,0.0005139738105875968,0.00041956627453481287,-15.900814321465829,-16.778586504026027
96,96,0.0004180355856228697,0.0004264547345596121,-16.790635979343403,-16.707862816125697
97,97,0.00043030430265155037,0.0004256874488323535,-16.67168772615823,-16.715683765585577
98,98,0.00042885667122372415,0.000416997415748866,-16.688526719770476,-16.80525858446889
99,99,0.000428117619054488,0.00043269512733738676,-16.695872392381595,-16.644772174300222
100,100,0.0004230902521851828,0.0004188616416956249,-16.74435073099007,-16.78588631406219
101,101,0.0004252883969906948,0.000421187102083901,-16.73035970785505,-16.761841585663444
102,102,0.0004242111601117883,0.0004260305692074134,-16.7340550590012,-16.712184595897433
103,103,0.000427580311037504,0.0004184111909891822,-16.707011395545656,-16.79055930158585
104,104,0.0004206007714359301,0.00042873405312236984,-16.768634555660945,-16.684712423310565
105,105,0.00043872437294639803,0.00041977242462484067,-16.596346772935927,-16.77645316146878
106,106,0.0004210997287054383,0.00042620182533650413,-16.768432702692742,-16.710439166051454
107,107,0.00042366444135622417,0.000421007562085594,-16.747561152519136,-16.763693253337063
108,108,0.0004225130389161293,0.00042262152419425547,-16.751117138297815,-16.747076100032622
109,109,0.00041499088929975694,0.0004252615540999135,-16.821720783429647,-16.72003100019017
110,110,0.00041861589439933373,0.00042866059352251654,-16.79172702290844,-16.685456610344204
111,111,0.0004255499000080199,0.0004206967668754882,-16.728540205582767,-16.76690047578421
112,112,0.00042086897433505,0.0004252258467635042,-16.76859067916274,-16.72039567341541
113,113,0.0004200861530052018,0.00042217291928337594,-16.77068389830754,-16.751688503846747
114,114,0.00042383519292943486,0.0004286672613632522,-16.74391336533023,-16.6853890561076
115,115,0.000420434424742461,0.000416063052589858,-16.77067665881908,-16.815000708831604
116,116,0.0004267707507884533,0.00042465768178532784,-16.697973047286258,-16.726202373823252
117,117,0.0004186014799021914,0.0004210720944683999,-16.79472168559805,-16.76302761422339
118,118,0.00043208336219978854,0.00042260772438327735,-16.651362024203287,-16.747217912014868
119,119,0.0004170978269011704,0.00042114708738058413,-16.80491985229166,-16.7622542049083
120,120,0.00042516711862882617,0.0004198196678005747,-16.713647508985723,-16.775964413403244
121,121,0.0004175299905797409,0.0004167276431536792,-16.805473502017595,-16.80806912140301
122,122,0.00042075745295733213,0.00041972385645893057,-16.7742239105519,-16.776955674391104
123,123,0.00042624308093998234,0.00041296351149580195,-16.72526800857414,-16.84747541891031
124,124,0.00041892484866188284,0.00042554695545205553,-16.785426566007985,-16.717117342519362
125,125,0.00042449407304694743,0.00041366699243601605,-16.73032776261032,-16.840083531900042
126,126,0.000421723176559587,0.0004153316411630888,-16.758801492110194,-16.8226420380578
127,127,0.00040982161725381603,0.000416464412793223,-16.880917060083902,-16.810813254547416
128,128,0.00041180498089122864,0.00041300925046303555,-16.865994865662955,-16.846994430141365
129,129,0.0004157692094371875,0.00040183464941372603,-16.81722210334137,-16.966118395947397
130,130,0.0004112811695505894,0.00040898892238098935,-16.8677189939667,-16.889476768460124
131,131,0.0004126680852874115,0.00040752624198304196,-16.847884771749918,-16.905036423267084
132,132,0.0004090547250204518,0.0004141783436735798,-16.88896079117781,-16.834718349797896
133,133,0.00040800171903065724,0.0004078833459827461,-16.904599489761626,-16.901232486969523
134,134,0.00041183833658128745,0.00041008745871582314,-16.858002885449167,-16.877827340752045
135,135,0.00041100235275453743,0.0004135868496776215,-16.865191008703974,-16.840925004156134
136,136,0.0004234412497812018,0.0004132116093962012,-16.739056179391735,-16.844867072335127
137,137,0.0004018528528569132,0.00041263253814050635,-16.968210353138737,-16.850957507024113
138,138,0.0004093654033099061,0.00041627943344218165,-16.88479948706213,-16.812742671693105
139,139,0.0004049160589161569,0.000402633172741748,-16.93589363903499,-16.957496686554528
140,140,0.0004063680010113251,0.000408902108718298,-16.920319956669477,-16.890398717555264
141,141,0.00040884507902821086,0.0004077986262640671,-16.894780178138284,-16.90213463529975
142,142,0.00040123260732423323,0.00039870233893835624,-16.972134030600465,-17.00010438577869
143,143,0.00040230951205942514,0.0004019565224696539,-16.969285189816937,-16.964801417161386
144,144,0.0004092814150559188,0.00040499832922298655,-16.891315816322606,-16.932059903998063
145,145,0.000397558487560504,0.0004028649832195553,-17.012243454029534,-16.95499701567649
146,146,0.0003937178944866413,0.00039597640065231214,-17.063192046879987,-17.029899183097488
147,147,0.0003938368652447981,0.0003973297425545752,-17.048851413944238,-17.015081461200722
148,148,0.0004026282746128776,0.000394995275296663,-16.96330161978672,-17.04067321103053
149,149,0.0004029001445946351,0.000399041773849412,-16.957305584266624,-16.996408596229884
150,150,0.00039503868302023136,0.00039031841688005154,-17.039085988230607,-17.092401783608175
151,151,0.0003921558363987229,0.0003945908821678083,-17.077169655569172,-17.045121762162708
152,152,0.0003924899093672326,0.0003950849028402253,-17.074773828508423,-17.03968787438142
153,153,0.00039457459153953135,0.00039258634052729527,-17.051370160158157,-17.067240371032067
154,154,0.000394407748580747,0.0003881406170732685,-17.046993758203474,-17.11670130008799
155,155,0.00038303110386081734,0.00039999187605357483,-17.176290916041175,-16.986080512074018
156,156,0.00039198243097622983,0.00037952433922328055,-17.079788245638174,-17.214195891786396
157,157,0.00038858319299065115,0.00039195307793928996,-17.118817565379896,-17.074251427476703
158,158,0.0003782083984277182,0.00038928942644576495,-17.226401779553346,-17.10386614048637
159,159,0.0003835137890887053,0.0003819065061275308,-17.169228027174384,-17.187021649419563
160,160,0.00038544965827520746,0.0003847929796105937,-17.152741356309342,-17.15432082068902
161,161,0.0003861357060683526,0.0003922350235945104,-17.141758121515483,-17.071128517366347
162,162,0.00038577956789576437,0.0003819794678987053,-17.15370304669616,-17.186192025737896
163,163,0.0003767768335144621,0.0003842311516085542,-17.24876380059406,-17.16066649528022
164,164,0.0003757361513466488,0.0003824984688483375,-17.25206207250989,-17.18029520982413
165,165,0.00037531201972520534,0.0003772591651221247,-17.2695270958489,-17.24019422670952
166,166,0.0003792297778550305,0.0027383985717805395,-17.225685351727467,-8.631625623606586
167,167,0.00037924166541959437,0.00037519041124094084,-17.22365845687502,-17.264074914187603
168,168,0.0047837730872771255,0.00038353284195947806,-6.206836112122413,-17.16856663421412
169,169,0.0003765379048682288,0.00037870489177294075,-17.252985086533297,-17.223583069961546
170,170,0.00037078227584979966,0.0003741157814051564,-17.313371714961562,-17.276531934624085
171,171,0.00037291101372042266,0.000375936314843497,-17.29496206485245,-17.255449420942412
172,172,0.000382819627027613,0.0003769125967090459,-17.187395456687902,-17.244185698350712
173,173,0.00037567159635034037,0.0003779520492044915,-17.254198800184252,-17.2322251761368
174,174,0.0003713750356649884,0.00038302426937183266,-17.317178172489022,-17.174329291623547
175,175,0.00037703402286405033,0.4922619307257456,-17.2415523088894,13.9153702875006
176,176,0.0003791037006615709,0.0003813136120841495,-17.21701145943934,-17.193769130442288
177,177,0.00037537192320931205,0.00038048299182647546,-17.261128479152916,-17.203239740722402
178,178,0.0003730158499182807,0.0003743287846813665,-17.29462929552036,-17.27405997733628
179,179,0.00037079778129052486,0.00037587575743121927,-17.314301057163377,-17.256149057221673
180,180,0.00037553208098823644,0.0003735655443865414,-17.259263435203827,-17.28292409491538
181,181,0.0003780922654430507,0.0003753703418432882,-17.238959314944925,-17.26199266118141
182,182,0.00037290235518084203,0.0003817501113333396,-17.30032844409475,-17.188800495972117
183,183,0.00037359465999749593,0.00037079912573589305,-17.28472423993097,-17.31520520481784
184,184,0.0003734940255526453,0.0004121635559529654,-17.294453434836225,-16.85589633735003
185,185,0.00037679848946467736,0.0003767250562209244,-17.249883091879706,-17.246347156194258
186,186,0.00037774314279379994,0.0003747502939260908,-17.242233170329737,-17.269172398344853
187,187,0.0003761858802370381,0.00037503417575192685,-17.255781815123072,-17.265883764841487
188,188,0.00038360035018131293,0.00038266610384820715,-17.17042732208997,-17.17839227392825
189,189,0.0003706028732379956,0.00037443279870785773,-17.32001600790599,-17.27285337916035
190,190,0.00037096593182140325,0.00037322779290231044,-17.314910495491432,-17.28685245390128
191,191,0.0003695608678960347,0.000364105143633328,-17.335256142349735,-17.394324078230724
192,192,0.00037355807318217746,0.0003777514793910086,-17.284046437693153,-17.23453048137837
193,193,0.000376949239205377,0.0003810546569232094,-17.251404276009126,-17.196719484132327
194,194,0.00037693013419089937,0.0003726714195708107,-17.25627602752061,-17.293331342966198
195,195,0.0003770719820599926,0.00037399397881113385,-17.241560973036595,-17.277946117348225
196,196,0.0003696553944370028,0.00039316360734550183,-17.324807203418725,-17.060859108404777
197,197,0.00036731439873038496,0.00037222862470355863,-17.348497225422864,-17.298494542823445
198,198,0.00036598017052795316,0.0003645274585946218,-17.374812307180946,-17.389289741933055
199,199,0.00040140693746843213,0.00037547749295634657,-16.978336032994513,-17.260753125411572
200,200,0.0003678302011169378,0.0003776048098715316,-17.34826661809456,-17.236217043459824
201,201,0.00036628058056596707,0.00037269245398132816,-17.366846727201658,-17.2930862243404
202,202,0.0003679181423911959,0.00037281660632671495,-17.34844788149738,-17.29163973141668
203,203,0.00036884305342196574,0.0003760040547747753,-17.346328264190728,-17.254666936595864
204,204,0.0003659596043211629,0.0003695067211274842,-17.37318566286605,-17.330368795985173
205,205,0.00037318590660003425,0.00037890709905983195,-17.292722902083867,-17.22126479854965
206,206,0.0003723292197484869,0.00037784854372914295,-17.303787171927247,-17.23341469245875
207,207,0.0003683599088336197,0.00036557868435537736,-17.351024811048465,-17.376783564111523
208,208,0.00036663160696577703,0.00036604367472280403,-17.37348901590408,-17.371263153878115
209,209,0.0003673297745540508,0.0003629322439481161,-17.358098938410965,-17.408336680931033
210,210,0.00036579170792373186,0.0003718939505664534,-17.3792324126935,-17.30240108041849
211,211,0.0003552593764268131,0.0003651583453909935,-17.504202137405866,-17.381779914521154
212,212,0.00036061303384035594,0.0003656096569581055,-17.43562644693927,-17.376415636186444
213,213,0.00035740747014492675,0.00036238656244485786,-17.471671871091075,-17.414871366323577
214,214,0.00037114531313040363,0.00037126566166989505,-17.318078911508056,-17.309744387598624
215,215,0.00036406468482419235,0.0003606984759435842,-17.41027568460612,-17.4351491468183
216,216,0.0003727454720329032,0.0003615602173866998,-17.298423047276167,-17.424785831440737
217,217,0.00036339251235722726,0.00036350092207277686,-17.404524586071794,-17.40153705135676
218,218,0.0003677526700127985,0.00035371825154135496,-17.35922353606316,-17.520017523882643
219,219,0.0003628060491707598,0.0003630926918336435,-17.415273034650333,-17.406417142661265
220,220,0.0010314785230895217,0.0003577138612806601,-12.878972440741709,-17.47123452756436
221,221,0.0013228901574921016,0.00035756531226644784,-11.79499702897208,-17.47303841115214
222,222,0.00036376092934587334,0.00036164316789884314,-17.40498050014249,-17.423789570898105
223,223,0.0003673057368903699,0.00035934565178314716,-17.368625563811356,-17.451468278842146
224,224,0.0003593134211937983,0.0003587555149447565,-17.45616265715299,-17.458606360272796
225,225,0.0003597704029387612,0.0003686100290475511,-17.451176133906777,-17.34092074765856
226,226,0.00036694208782924744,0.00036368398363456915,-17.364124462239275,-17.399350465051395
227,227,0.00036090426297003843,0.00035720882404252494,-17.44000741414365,-17.477370433632682
228,228,0.00035951596855176324,0.0003671095596234265,-17.450909004057603,-17.35863528196433
229,229,0.00036423042183741927,0.0003595669450556957,-17.399173828308992,-17.44879461724244
230,230,0.00035970970675032395,0.00036031977383812005,-17.453232514261728,-17.43971125741292
231,231,0.0003631300351116806,0.00036704580078979855,-17.421770655117946,-17.359389621200407
232,232,0.00036292437364385683,0.0003662565110349341,-17.408273908842343,-17.36873867989034
233,233,0.0003706925067349731,0.00035916794992150053,-17.325741810740357,-17.453616461961506
234,234,0.0003597733589278092,0.00037003926148540094,-17.44625198715375,-17.324114164515414
235,235,0.00035629057074589753,0.00036091359307695374,-17.493448867193816,-17.432559827965044
236,236,0.000367608848483945,0.00036070085173521777,-17.35791794128732,-17.43512054149093
237,237,0.0003627105676040975,0.000365018807841759,-17.414226788964324,-17.383439796321625
238,238,0.000357562262317665,0.00036523610316707114,-17.47350786936391,-17.380855214907957
239,239,0.00036411774710790474,0.0003690051166095624,-17.40145646817825,-17.336268338730424
240,240,0.0003651747688262234,0.00036106840247827535,-17.393535383180037,-17.430697375156385
241,241,0.0003607874212920973,0.0003608381682026543,-17.44640640229544,-17.433467525281017
242,242,0.0003564962844205924,0.00036068771518521796,-17.48457819985013,-17.43527871231421
243,243,0.00036288097413189553,0.00035982326708586986,-17.417923803414123,-17.445699794818484
244,244,0.0003635504945498152,0.0003701300087605456,-17.404160246180357,-17.323049244837584
245,245,0.00035870368184387377,0.00036845082649961114,-17.457413988432045,-17.3427968692469
246,246,0.0003641814874969999,0.0003613764435469516,-17.40072553104969,-17.426993824769966
247,247,0.0003671117412579275,0.0003555796176538263,-17.37322045489796,-17.49722363369248
248,248,0.0003569208027929375,0.00035637078077630386,-17.48511266611993,-17.48757133430276
249,249,0.00035676153463109865,0.0003538200506131704,-17.494672003781556,-17.518767816967195
250,250,0.00036133745368378063,0.0003573127063358889,-17.430000999346916,-17.476107616343764
251,251,0.0003625518818189073,0.00035952358647543743,-17.4241215300232,-17.449318345239032
252,252,0.00036093458436074256,0.0003570972751875065,-17.44309573729914,-17.478726856394385
253,253,0.00035389632523088647,0.0003659629789916308,-17.517227392128213,-17.372220678259232
254,254,0.00036110758623012255,0.0003602302029704381,-17.4313125920421,-17.440790991922
255,255,0.0003526227188070986,0.00035407093329061016,-17.534722497233183,-17.515689462546625
256,256,0.00036099226065172056,0.00035862353979609907,-17.429693614904345,-17.460204290379014
257,257,0.0006377177463589985,0.0003699104387411161,-14.96601060442989,-17.325626348587782
258,258,0.00036246927794712335,0.0003522200108579311,-17.419943942581757,-17.53845195853475
259,259,0.00036628180802751755,0.0003625170257261121,-17.38049367840878,-17.413308138201216
260,260,0.00035717722884206506,0.00036286546291146234,-17.477407397850847,-17.40913587430192
261,261,0.00035599165760489545,0.000359674883503957,-17.498345608200683,-17.447491103710398
262,262,0.000365889495893948,0.0003643307059782704,-17.3816332159987,-17.39163446637494
263,263,0.0003556287667435623,0.00035402971001243904,-17.50590067602387,-17.516195126322675
264,264,0.0003644030507577141,0.000359570694854483,-17.400107060741107,-17.448749326415452
265,265,0.0003568527034301426,0.00036173534738880237,-17.485305868555226,-17.42268273559115
266,266,0.00035754004709384184,0.00035573573060039624,-17.473619880688457,-17.495317334538278
267,267,0.00035740834295980094,0.00035865287645719945,-17.48066269594829,-17.45984903681841
268,268,0.0003617264320785852,0.0003534482032256691,-17.427947968838133,-17.523334437411556
269,269,0.0003574590667357342,0.00035893508864223565,-17.484876357527966,-17.456433059768436
270,270,0.00035681916141556096,0.00035079899489095335,-17.48596232413092,-17.556008816275074
271,271,0.0003542994930932164,0.00035442924280160745,-17.507968266636947,-17.51129675067563
272,272,0.0003569915947101089,0.00034900636283533747,-17.487033474946678,-17.578258772041206
273,273,0.0003526607296098331,0.0003574395331701166,-17.531567718613395,-17.474566377525722
274,274,0.0003647737543473078,0.00035977716968198746,-17.390545673754538,-17.4462562104942
275,275,0.00035838180848099673,0.00035344566200173606,-17.465633446047086,-17.52336566245355
276,276,0.00035376262793451854,0.00036184268844264905,-17.515684157392645,-17.42139420483425
277,277,0.00035847698790789344,0.0003549771576409081,-17.465112675592497,-17.50458814363658
278,278,0.0003590544451090517,0.0003521465405356139,-17.451116369299925,-17.539357957140695
279,279,0.00034765053100010247,0.0003443480573447519,-17.597395133845268,-17.63661584746881
280,280,0.0003534275543343122,0.00036007282783669467,-17.52332548560898,-17.44268872524639
281,281,0.00035727195910984633,0.0003510889349088661,-17.480480355863545,-17.552420797399737
282,282,0.00036350311261371316,0.0003536755700080999,-17.405672709519212,-17.520541598417356
283,283,0.00035630125185167515,0.0003563883457038748,-17.490133672108175,-17.487357282996022
284,284,0.0003548533092828986,0.00035573117661682005,-17.508609737891895,-17.49537293150049
285,285,0.00036047881957594803,0.00035563597951917663,-17.445958312264544,-17.49653530100518
286,286,0.00035742747707810907,0.0003550942438826161,-17.482541471617587,-17.503155895864534
287,287,0.00034926838023088797,0.0003536425800503869,-17.58173061103256,-17.520946716159692
288,288,0.00035223124288358564,0.00035022108166135455,-17.540938214936055,-17.56316936964256
289,289,0.0003486738303801064,0.0003542224401730652,-17.58160488272969,-17.51383151479533
290,290,0.0003466519185692341,0.0003591530257835984,-17.605153224113643,-17.453796923648085
291,291,0.0003490382886477314,0.0003521315520629287,-17.57745639968989,-17.539542810568587
292,292,0.0003566094851193316,0.0003559912162783899,-17.48434477677752,-17.492199396531003
293,293,0.00035904735127540745,0.0003549763013755805,-17.465497279368755,-17.504598619571368
294,294,0.0003475943927115463,0.0003502765995156216,-17.59977648781951,-17.562480970567055
295,295,0.00035929112765966845,0.0003506565056005983,-17.456428120276644,-17.557773213684158
296,296,0.00034977229205248206,0.00034763950296971753,-17.57370133067638,-17.59530101654622
297,297,0.0003516335534195886,0.0003498682145666527,-17.546510058440187,-17.56754733245037
298,298,0.0003534266590164763,0.00034611676145639077,-17.533699565495443,-17.614365905254964
299,299,0.0003481465247795754,0.00035010135769353887,-17.59554612859762,-17.56465427020146
300,300,0.0003483579080004591,0.0003544422123875273,-17.59579180031778,-17.51113783273481
301,301,0.0003461683170207459,0.0003507936336590271,-17.614476934419567,-17.556075189647515
302,302,0.0003492282019428832,0.000358528596974027,-17.578309247560078,-17.46135420381715
303,303,0.0003572312404507214,0.00034938183441562086,-17.48819119235459,-17.573589012392308
304,304,0.00034562068374481856,0.0003469419086621584,-17.620988791904256,-17.604024586027684
305,305,0.0003566744331673709,0.00033575441767951767,-17.48634222552726,-17.74637486386984
306,306,0.000352213322725051,0.00034455739660188556,-17.53389612113992,-17.633976446474197
307,307,0.00035484852005257127,0.00034145475518399557,-17.504263339872097,-17.673260567933337
308,308,1.2981955099273503e+18,0.0003522278934006432,198.12313150267926,-17.53835476625743
309,309,3.6536139704563565e+19,0.0003444327111968673,212.61672411970443,-17.6355483176332
310,310,0.0003523134188990579,0.0003440815137429653,-17.53426373499963,-17.639978818093212
311,311,0.00035012602960911684,0.00034819361998846655,-17.57213724639907,-17.588384127812382
312,312,0.0003460998123046011,0.0003515176802849103,-17.615881985084798,-17.54712048368099
313,313,0.0003492794036817228,0.0003523634743607162,-17.575875041351466,-17.536683384340716
314,314,0.0003507214924800642,0.00034614752880052517,-17.56725517729377,-17.61397986518393
315,315,0.00034779847627169615,0.0003448928887098047,-17.59903162642868,-17.629749821703832
316,316,0.0003527882766967505,0.0003434900748911069,-17.5365152270446,-17.647450292986672
317,317,0.00035441873118655814,0.0003411560196821627,-17.516009393154377,-17.677061831934854
318,318,0.000352614256493344,0.0003444542679445524,-17.54205044132672,-17.635276517559923
319,319,0.0003517897986835733,0.00034524602539788346,-17.543054301642137,-17.6253053446503
320,320,0.0003421912137803036,0.0003431132247083281,-17.670822508246648,-17.652217644714085
321,321,0.00034833953268201924,0.0003462281494744514,-17.582204281999157,-17.612968474545283
322,322,0.00035256647850511613,0.0003471176988616782,-17.529196026002577,-17.601824639094335
323,323,0.0003478366379942937,0.0003449921971064453,-17.600152396117736,-17.628499494950805
324,324,0.000348073320244871,0.0003464869560526782,-17.592957275629022,-17.60972332302088
325,325,0.0003514352213164081,0.00034128649368588075,-17.544630645828857,-17.67540120442625
326,326,0.0003460821471796323,0.0003448113933891842,-17.618471787585165,-17.63077614469848
327,327,0.00034860587503626636,0.00034350769649455816,-17.58341375194563,-17.647227498518873
328,328,0.0003456845531508941,0.0003355265852357996,-17.625089684707316,-17.749322850673423
329,329,0.0003459349271034841,0.0003557145338211405,-17.624243994105086,-17.4955761198597
330,330,0.0003471721630404252,0.00034511206812519387,-17.60922904446187,-17.62699075706498
331,331,0.00033373188541856467,0.0003414626116864383,-17.769090336145773,-17.67316064264739
332,332,0.0003482655300422735,0.0003485296574102617,-17.588877766784805,-17.58419482585997
333,333,0.000348529783221557,0.0003491567392637463,-17.58546912942881,-17.576387929715686
334,334,0.000343125453638873,0.00034424610049953977,-17.651317749466692,-17.637901925635088
335,335,0.0003390380207775641,0.00034679582734641274,-17.70679930037964,-17.605853585863855
336,336,0.00034850460690801443,0.0003507112790095179,-17.590165579450797,-17.557094887994865
337,337,0.00034552966526555875,0.00034888192098342667,-17.630380634229898,-17.579807570364046
338,338,0.00034060060333450967,0.00034167019245950013,-17.6859626098615,-17.67052129678323
339,339,0.00034694741306029567,0.0003435235948448903,-17.607956115224496,-17.647026501390826
340,340,0.00034522543122425444,0.0003452550077590307,-17.630565140390576,-17.62519235452592
341,341,1.3561390091739986e+20,0.0003367677594437019,218.3024834893415,-17.733287144698807
342,342,0.0003460385781453596,0.0003426067384057923,-17.616024818407205,-17.658633215448035
343,343,0.0003513557543574842,0.0003392819658313927,-17.556171430910464,-17.70098446181306
344,344,0.00033937528286580494,0.0003485327270984846,-17.698092175285964,-17.58415657537663
345,345,0.00034999584817548387,0.00034280906517156646,-17.5740798303022,-17.656069241871393
346,346,0.00034583100362575237,0.0003433421094852843,-17.621137329261252,-17.649321508742638
347,347,0.00033998096448167696,0.0003468468095984702,-17.698748461344568,-17.605215179006947
348,348,0.0003433495063272295,0.00034954010257742514,-17.648021090366765,-17.571622126339108
349,349,0.0003439482924355597,0.0003431061295008189,-17.647253246023272,-17.652307453007904
350,350,0.0003416666280377426,0.00034478872456881955,-17.67017078085183,-17.631061670856113
351,351,0.00034388289792876037,0.0003391714386740013,-17.64903562013734,-17.702399484117066
352,352,0.00034265114641364317,0.00033955033225203425,-17.65476894273609,-17.69755062220308
353,353,0.00033638256628392744,0.0003407930704078784,-17.735790501366832,-17.68168466622575
354,354,0.000344946141265928,0.0003444335368265839,-17.635929926477022,-17.635537907297927
355,355,0.0003463627591119484,0.0003414559545681665,-17.618564607214488,-17.673245313056828
356,356,0.00033758063686617945,0.0003396255013189818,-17.718793737509408,-17.696589294973673
357,357,0.0003406076626636126,0.0003395197839525185,-17.69285382488676,-17.697941361174024
358,358,0.00034600671815215465,0.0003382806807119203,-17.619199808046893,-17.713820261453552
359,359,0.0003383147155808419,0.0003372712036300647,-17.711594221334217,-17.72679959472856
360,360,0.0003404414740909544,0.00033959025504851813,-17.684011911083605,-17.697040028356703
361,361,0.0003427634250910319,0.0003381394214413472,-17.65636089486697,-17.715634167410048
362,362,0.0003393142131282036,0.00033827868939720487,-17.70335017571031,-17.713845826600704
363,363,0.0003440997775730475,0.0003453035437575492,-17.647863849788763,-17.624581865630557
364,364,0.00033520668302182606,0.0003358813272298951,-17.756417740635918,-17.744733613578937
365,365,0.00034222723442110586,0.00034634713818760296,-17.665435402714866,-17.61147618502934
366,366,0.0003414099778591166,0.0003362108806246205,-17.673225594823265,-17.740474577969845
367,367,0.000335893659137151,0.0003372492333016309,-17.748521543528586,-17.727082509578437
368,368,0.00034052285620193813,0.0003375004958606472,-17.686035651510302,-17.72384806743738
369,369,0.0003339851745548322,0.00034532198180003385,-17.76215682336899,-17.62434997324275
370,370,0.00034016090446420627,0.00033293028613307367,-17.694226677430795,-17.783059179582494
371,371,3.225767072789557e+18,0.0003350630791637262,202.08053229862384,-17.755326467256655
372,372,0.00033208621862661284,0.0003305226441864905,-17.799512213505643,-17.814580035218604
373,373,0.00033439009884833214,0.00033421299610237936,-17.76761318383179,-17.766358882574668
374,374,0.0003403407568352047,0.00032884366412058865,-17.685255398371325,-17.8366974332303
375,375,0.00033512220150291844,0.00032932105425157045,-17.75605631940097,-17.8303972493957
376,376,0.00033216415118358873,0.00047088704243498415,-17.79203033531424,-16.27742482010495
377,377,0.0003376180931959378,0.00032967011487160464,-17.723454402499243,-17.825796425517886
378,378,0.0003384415335718005,0.00033255493096811205,-17.720860376150814,-17.787958302507974
379,379,0.0003294426702999884,0.00033498179216526056,-17.828841683146493,-17.756380202508364
380,380,0.0003390383235174087,0.00033462195700083514,-17.709916900685634,-17.761047871754315
381,381,0.00033512939014904126,0.00032810575794428587,-17.75976772651561,-17.84645370074619
382,382,0.0003325364023768679,0.00032719132937736024,-17.7883387267485,-17.858574357045946
383,383,0.00033118995026560483,0.00033979967855358203,-17.813142451977544,-17.694362582871793
384,384,0.000335860029811078,0.00033895431950345243,-17.74527858117603,-17.705180492205017
385,385,0.0003736135945895437,0.0003345826775521824,-17.291236937043834,-17.761557696311435
386,386,0.000333289231309312,0.0003322331896541934,-17.78463874624601,-17.79216206258763
387,387,0.00033648267685982983,0.00033237947163319116,-17.74287608209081,-17.79025028867759
388,388,0.0003442036053381822,0.0003340280489187296,-17.652745884795586,-17.768762851739748
389,389,0.0003386638793355027,0.00032747730821076974,-17.715073813871275,-17.85478010053021
390,390,0.00034256639365903727,0.0003401770679231145,-17.662679991518427,-17.689541884564257
391,391,0.00033293929030235434,0.0003360093595754159,-17.782802745034626,-17.743078471070497
392,392,0.0003300566138032363,0.00032935190124829347,-17.815816436642287,-17.829990471483896
393,393,0.00033141923624273274,0.000331512952566539,-17.809278519142328,-17.801587205596434
394,394,0.0003290795886135401,0.0003319498163795001,-17.833693448910278,-17.795867892332367
395,395,0.00033853979740464655,0.0003357687091920525,-17.7166928365317,-17.74619000873129
396,396,0.0003309849470844204,0.0003266351858129431,-17.81676934878481,-17.865962559690264
397,397,0.000337774881531398,0.00032886369521484564,-17.711307826940537,-17.836432896317902
398,398,0.0003377420809143943,0.00033396116065743725,-17.72467436555212,-17.769632602402304
399,399,0.00032736423224950036,0.00033368969084940066,-17.852024016758335,-17.773164323985966
400,400,0.0003341736629624496,0.00033024499823927487,-17.770112509285884,-17.818229732998972
401,401,0.00033491550369869877,0.00033579936471620674,-17.76966221038881,-17.745793518025238
402,402,0.0003240796384526436,0.0003272123331522667,-17.907590015342937,-17.858295574268084
403,403,0.00033659489402912326,0.0003348677817388977,-17.7370128359551,-17.757858567247432
404,404,0.0003367646677736385,0.0003256426042705578,-17.73414377950649,-17.87918002703269
405,405,1.2291450733902868e+19,0.00032686462203089734,207.8914052705029,-17.862913044256462
406,406,16390033830605.855,0.00032694660752129396,149.1402101272445,-17.861823866076197
407,407,0.00033318071437701965,0.0003264296622211604,-17.78771276261892,-17.868696063569015
408,408,0.00033595973983426225,0.00032822539919595187,-17.754746837955373,-17.844870367838194
409,409,0.0003347928379542319,0.00033641125283841237,-17.75773974976788,-17.737887076160987
410,410,0.00032718107044293557,0.00032636807851591393,-17.85599326589862,-17.869515473985874
411,411,0.0003257746863438143,0.0003262299348869802,-17.880100557788833,-17.87135412551162
412,412,0.0003427683835436312,0.00033986575956652433,-17.66740451798007,-17.693518090338845
413,413,0.00032666910631154884,0.00033469169743751223,-17.877678830965632,-17.760142828603826
414,414,0.0003933737791964266,0.00032826338735360066,-17.053609998380672,-17.844367753091348
415,415,0.00033659820406476863,0.0003314019520889576,-17.733182260517527,-17.80304159725407
416,416,0.00034043285995721817,0.000327947927871719,-17.68791234513984,-17.84854330811822
417,417,0.0003332411351292058,0.00033622992678398366,-17.78094477898459,-17.74022855953004
418,418,0.000329541480204705,0.00032693886130705083,-17.833288884418305,-17.861926762936946
419,419,0.00033440988855292425,0.00033038977754155273,-17.774956816658843,-17.816326204593118
420,420,0.0003365043373106374,0.00033028491490863656,-17.739255557178225,-17.817704833553368
421,421,0.00032886192856654143,0.0003330438293663687,-17.83983917040951,-17.78157830520592
422,422,0.00033245454860380706,0.00033423629142098914,-17.79124216008251,-17.766056181127624
423,423,0.00032734257899964055,0.0003308184003751529,-17.85880363715205,-17.810695646359218
424,424,0.0003327014543999409,0.0003286342697193552,-17.798612618942368,-17.839463726405818
425,425,0.0003355920597426017,0.0003298706509859154,-17.752763495153676,-17.82315544454871
426,426,0.0003353122636176569,0.00033910837526874324,-17.757414061460082,-17.70320705905678
427,427,0.00033480821677829266,0.00033786038310561136,-17.75963796202549,-17.719219518042316
428,428,0.0003336878063171603,0.0003351935929937386,-17.776802694877368,-17.753635132003836
429,429,0.0003365600450425265,0.00033593521833321765,-17.749473223617887,-17.744036857626693
430,430,0.0003330263575615803,0.0003263963980747289,-17.78491256282267,-17.86913864502008
431,431,0.00034342114495583954,0.0003311798806718894,-17.66161465306749,-17.80595276655766
432,432,0.0003324264352037043,0.00032884260259666726,-17.79583790410427,-17.83671145249769
433,433,0.00033523060847073793,0.00033055480085558404,-17.74872724157818,-17.81415752907929
434,434,0.00032706587388151395,0.00033149622092758745,-17.856982863539624,-17.801806401914128
435,435,0.0003356868755216374,0.0003273805195931345,-17.754140244994105,-17.85606388339334
436,436,0.0003342473328584018,0.00032513500130000085,-17.77020181198671,-17.88595497478535
437,437,0.0003358456570194247,0.00033164354145379836,-17.756016776706208,-17.799876778740053
438,438,0.00033430821627148034,0.0003271803878688891,-17.777348782465875,-17.85871959060748
439,439,0.0003319086708589313,0.00033685581231685847,-17.79825476489571,-17.732151766462398
440,440,0.0003324294046945294,0.0003349825228245831,-17.793044092174473,-17.756370729725866
441,441,1.0430336374264584e+18,0.0003331599092282551,197.16971684417803,-17.78006486896811
442,442,0.0003339955004138546,0.0003200966702455557,-17.768355934978104,-17.953780654943287
443,443,0.00033749698525649906,0.00032850298999906764,-17.736843663731424,-17.841198951673356
444,444,0.0003308475977073894,0.00033581191765781685,-17.806806362610978,-17.745631171935567
445,445,0.0003370507158214207,0.00033219296050159946,-17.732866085870512,-17.7926879690108
446,446,0.0003272023474432758,0.0003370535222960538,-17.852235401962012,-17.729603519953997
447,447,0.0003293116949618669,0.00033092284023663714,-17.832715571784185,-17.809324788594086
448,448,0.0003343478067821257,0.0003382852071234466,-17.770611303008266,-17.713762150467346
449,449,0.00033705544054325786,0.000330070785773722,-17.737684921423266,-17.820521349103135
450,450,0.00032945119682219377,0.0003287386176740064,-17.83249090941513,-17.838084973428547
451,451,0.00033421878500111864,0.0003305885582353528,-17.775621303032153,-17.813714035438515
452,452,0.0003344140549012719,0.0003380340563844105,-17.763186367139156,-17.716987650345537
453,453,0.000329709780155249,0.00033002642387720317,-17.83119419419,-17.821105085153288
454,454,0.00033021093791437133,0.0003265776919617661,-17.826204393924534,-17.86672706581755
455,455,0.00032951900964727643,0.000336917017672309,-17.834785867735107,-17.731362742416753
456,456,0.00033073036057740143,0.00033603065132506584,-17.81066059530595,-17.742803282413984
457,457,0.0003294820240794767,0.00033821535180322826,-17.832679703943715,-17.714659053797583
458,458,0.0003223501355267255,0.0003316426116630043,-17.925832201369914,-17.799888954571234
459,459,0.0003308314261789981,0.000334909801542955,-17.812831572262805,-17.75731364100588
460,460,0.0003368043167919842,0.00032983251730911434,-17.738319419209926,-17.82365752627952
461,461,0.00033158087321633913,0.00032298166862394854,-17.797724775046625,-17.914813480772757
462,462,0.0003248783747771198,0.0003315850994304607,-17.892104768275157,-17.800642157276137
463,463,0.000336351291067687,0.0003279624139203837,-17.74818915605912,-17.848351476686396
464,464,0.00033216379113620165,0.0003299039151323469,-17.79794483687106,-17.822717524204567
465,465,0.0003408401995686065,0.00033298697273590063,-17.68938900857927,-17.782319788057883
466,466,9629611392088930.0,0.00032551862501637325,176.82256654551435,-17.880833795844215
467,467,0.0003295645652430074,0.0003296475302991702,-17.82921299043897,-17.826093956010517
468,468,0.00032951048702558445,0.0003305109168745969,-17.83492169400803,-17.814734130476197
469,469,0.00033024054731136743,0.00032666535423088233,-17.826054669880975,-17.865561458615186
470,470,0.00033590416802026175,0.0003279594774970687,-17.751294830679246,-17.848390361573728
471,471,0.00033420344068159916,0.00032309596855683545,-17.76408367918707,-17.91327682858745
472,472,0.0003409659377174433,0.0003224210920866187,-17.692047598823077,-17.922357773201895
473,473,0.0003322825635682561,0.0003288770477459031,-17.801765371704946,-17.836256567555527
474,474,0.00032569496915195635,0.00033055959992404834,-17.88607972841596,-17.814094477693633
475,475,0.0003299391963495153,0.00032925481393345093,-17.828997982165784,-17.831270886166358
476,476,8.341988825647373e+17,0.00032612861066713537,196.20378893135094,-17.87270321644376
477,477,0.00033437355587105313,0.0003301024262327701,-17.77131530875375,-17.820105056029437
478,478,0.00032499068555873385,0.00032618416068879396,-17.88187430472386,-17.871963538516436
479,479,0.0003289442137963878,0.00032668105191796233,-17.834086605025526,-17.865352766294706
480,480,0.00032654589644546823,0.00032837893262407496,-17.871931768151672,-17.842839351026228
481,481,0.000330270800293068,0.00032786429878079186,-17.817410724357213,-17.84965093165548
482,482,0.00032978469461500263,0.0003301193968294875,-17.827419786169088,-17.819881790567642
483,483,81169773318608.5,0.0003257508046532932,156.0833131420607,-17.87773724824647
484,484,0.0003349659880431196,0.0003289151492553126,-17.75546121417879,-17.835753451970312
485,485,0.0003325549850225948,0.0003414838927136244,-17.787077678571535,-17.672889985059435
486,486,0.00033070531418095777,0.00032458956488163064,-17.81348480731705,-17.893246682524392
487,487,0.0003325910890743751,0.0003242533604957555,-17.791064101959243,-17.897747362640764
488,488,0.00033208479013860457,0.00033152039242467205,-17.79161122436466,-17.801489741740117
489,489,0.0003270831846598459,0.0003248570137657225,-17.8600147910481,-17.889669742251332
490,490,0.0003314672335598272,0.00033099690335802734,-17.80470753893157,-17.80835291230915
491,491,0.000334006117611221,0.00032104339793716604,-17.770621543238246,-17.940954786414032
492,492,0.0003281211310675963,0.00033351716334245314,-17.854374329500345,-17.7754103364615
493,493,0.0003324417174150495,0.00032897340440142314,-17.78911535712783,-17.834984328129387
494,494,0.0003302358468927289,0.0003236299870829833,-17.825164839243634,-17.90610466084538
495,495,0.000330949739550634,0.00032282479744600624,-17.810273183725847,-17.916923347795443
496,496,0.0003369342965990804,0.0003245817466737016,-17.73500873362396,-17.893351289875383
497,497,0.0003264865894398662,0.0003282410677792014,-17.87179861957471,-17.844663052473642
498,498,0.0003342016356440319,0.0003322131049476172,-17.767982065486144,-17.79242461735873
499,499,0.0003311285486843283,0.00032881511479469116,-17.815653267117575,-17.83707449243196
500,500,0.0003301859128207314,0.0003281761172203053,-17.819172170920986,-17.84552249582954
501,501,0.00032843382232198394,0.00032527471806755975,-17.84289171234404,-17.884089128679218
502,502,0.0003299738653124185,0.0003299914671132635,-17.826692354304317,-17.821565119037388
503,503,0.0003323576037445557,0.00032761216770220354,-17.800575238090346,-17.852991986510894
504,504,0.00033223638959113775,0.00032833993961838513,-17.794682334548583,-17.84335507999153
505,505,0.0003245724857179928,0.00032577523655307134,-17.892209954639124,-17.877411531741217
506,506,0.00032971287236222517,0.0003369108675733993,-17.824258906828614,-17.73144201945702
507,507,0.0003299171488477666,0.0003269861136734682,-17.827500853302553,-17.861299123901496
508,508,0.0003280471266276136,0.0003329081120778267,-17.855857773635716,-17.783348441056887
509,509,0.00032642273893627847,0.0003265790828185058,-17.86686879402023,-17.866708569755637
510,510,0.0003805617155560014,0.0003289410072427831,-17.203487841818827,-17.835412040518385
511,511,0.000328492822087149,0.0003233345586953587,-17.843620184122575,-17.91007096559262
512,512,0.0003328857614572362,0.0003226870673978211,-17.792842866350313,-17.91877661817154
513,513,0.0003295650270037814,0.00032928539286857764,-17.834541814759113,-17.83086756188455
514,514,0.00033414245225469935,0.00032765909686292475,-17.77928994659859,-17.85236992121737
515,515,0.0003322370505781326,0.0003230856198474373,-17.796861630803228,-17.913415934605556
516,516,0.00033057737884294126,0.00032866928775451685,-17.820514126956148,-17.839000983148786
517,517,0.00033673095293631106,0.0003263425958146782,-17.73432672384225,-17.869854582781592
518,518,0.00033083865833084683,0.0003285891082333891,-17.803899371323887,-17.840060582355818
519,519,0.00033258377891225914,0.0003314518176729938,-17.785714714401916,-17.802388169635112
520,520,0.00032903690739611603,0.00033595296094733243,-17.84002472754008,-17.743807488524986
521,521,0.0003251802613094603,0.0003265358161450805,-17.899365119225084,-17.867283980838017
522,522,0.0003317925612773439,0.0003313621579620399,-17.809855745515172,-17.80356312126212
523,523,0.00033043228154617946,0.000332257558750969,-17.819154818150885,-17.791843521982248
524,524,0.00033208642505378144,0.0003228511149676419,-17.804210084356665,-17.916569314008203
525,525,0.0003287921279798425,0.00033138209714946384,-17.837685091987968,-17.803301799371884
526,526,0.0003288430098765866,0.00031983529180778483,-17.834728089852415,-17.957328382709864
527,527,0.0003302572475093388,0.0003304986228038998,-17.822712224157776,-17.814895678736672
528,528,0.00032718945834689687,0.00032691966962853546,-17.85731535715884,-17.862181706160463
529,529,0.0003316483238937583,0.00033463244816582456,-17.80483059984082,-17.760911712618753
530,530,0.0003312250590863993,0.0003286116591066514,-17.80304410352986,-17.839762538886895
531,531,0.0003338941980811009,0.000323414634055409,-17.777459170761112,-17.90899554756122
532,532,0.0003293483105809764,1.7025583108283984e+17,-17.834633684940123,189.30442772984958
533,533,4.5744716546949235e+17,0.00032692905791152855,193.60043234170374,-17.86205698986671
534,534,0.00032945219805396937,0.0003185600385461983,-17.830489144810592,-17.974679267494714
535,535,0.00032814568989986994,0.00033106556542119697,-17.852625084201993,-17.80745210440465
536,536,0.00032788513320709394,0.00032540651859323447,-17.842277179838042,-17.882329734414554
537,537,0.0003306521159793567,0.00032896360100590085,-17.81737360808788,-17.835113749655903
538,538,0.0003321004452990349,0.0003234654233031171,-17.79754002283056,-17.908313582185592
539,539,1.1460193827069259e+17,0.000328140896990111,187.58629233989936,-17.845988610567026
540,540,0.00032658029117227827,0.00033084105540949265,-17.87256394438723,-17.810398243932063
541,541,0.000329197691657494,0.0003286046435517308,-17.83688586241904,-17.839855257730825
542,542,0.0003365861670805391,0.00033417413482981687,-17.739993626957766,-17.766863896374954
543,543,0.00034342378320306846,0.0003293625808222906,-17.655275777440803,-17.829849649316397
544,544,0.00032439256103747744,0.00032974251601109773,-17.892881332315444,-17.824842746015282
545,545,0.00033485265052637334,0.0003314010575291161,-17.755768891839164,-17.803053320266706
546,546,0.0003287793877030502,0.00033378563851951376,-17.833114754692065,-17.771915752177087
547,547,3.503783949408801e+16,0.0003356288423099996,182.44219905530247,-17.74799947067584
548,548,0.0003246937355761099,0.00032842619264939507,-17.89546668704,-17.84221436296031
549,549,0.00032705030123194315,0.0003359802419589342,-17.863201935281843,-17.74345483463753
550,550,7235991581177708.0,0.0003233541930584531,175.5840064106499,-17.90980724999444
551,551,0.00033066145410838045,0.00032296322445434173,-17.809134675733006,-17.915061495771297
552,552,0.00032764185008775327,0.00032844382344352966,-17.851400066523748,-17.841981228354726
553,553,0.00032867335254739316,0.00033061497685450475,-17.83879068424174,-17.813366987671394
554,554,2.9933688315901972e+16,0.0003287901161361094,181.75209162730636,-17.83740468382861
555,555,0.00033130177438316734,0.0003327468492850465,-17.8126119761121,-17.785452700665125
556,556,3.2415189710835334e+17,0.0003236949606185877,192.0895320656731,-17.905232837561645
557,557,0.00033211687306115,0.00032776635826418276,-17.80194528191374,-17.850948461774834
558,558,0.0003276805392797729,0.0003267689822486749,-17.848934046188475,-17.86418396514223
559,559,0.0003275366079364663,0.0003305075944425832,-17.853807178857263,-17.814777787767646
560,560,9.300064945211979e+16,0.0003213691754928349,186.6727162205192,-17.936550034305032
561,561,0.00033667636135132197,0.0003304516277766149,-17.73929550263855,-17.815513264736317
562,562,0.00032766655533929766,0.0003252646067841469,-17.85888122805145,-17.884224132803453
563,563,0.00032038604867639807,0.00033006709724615673,-17.948906533213883,-17.820569881605486
564,564,0.00032927263582115704,0.0003261667366850337,-17.835587133944234,-17.87219553478464
565,565,0.0003334572400715317,0.00032507517148348456,-17.78333428322054,-17.88675421664059
566,566,0.00032938680534740696,0.00032984868984816496,-17.82968635032995,-17.823444585713887
567,567,1.4666245500185308e+18,0.00033144815671747843,198.65681312409325,-17.802436138645227
568,568,1.2578605719671586e+17,0.0003222635484570147,187.98350050870334,-17.924480371633905
569,569,0.00033257756839487123,0.0003249574755931175,-17.799360573023268,-17.888326896921114
570,570,4.21269067086595e+16,0.00032690249070966323,183.23018643625738,-17.86240992447809
571,571,48158809654599.26,0.0003301831970211903,153.82379512021964,-17.8190425368211
572,572,1.1414457402215562e+16,0.00032749758898525645,177.5610724789237,-17.854511148895917
573,573,0.00032582661807873124,0.0003268921328095817,-17.88726846443218,-17.862547532793855
574,574,153682564063485.38,0.00033432445917768697,158.8528063944416,-17.764910712435263
575,575,0.0003263485388705488,0.0003241943777538836,-17.880512387511168,-17.8985374303018
576,576,0.0003309666428753396,0.0003304260761452545,-17.816247822561067,-17.815849088821263
577,577,0.00033131922287962486,0.000325304613828561,-17.80699399963362,-17.88368999014506
578,578,2.0152003555589132e+16,0.00033024419711804703,180.033630707284,-17.81824026829708
579,579,93526576876005.61,0.00032387255372381523,156.6990115370647,-17.902850762925418
580,580,10734766402106.062,0.00032690995660806567,147.3119918256415,-17.862310740117437
581,581,0.000325467493913146,0.00032135490695700834,-17.883296408934264,-17.936742861882045
582,582,0.00032653575181029737,0.00033540546122056087,-17.880917993422294,-17.75089092279916
583,583,0.00033333147161870657,0.000323803539351119,-17.780161886939247,-17.903776304617256
584,584,0.0003339459125874276,0.0003235396104987319,-17.77135877838043,-17.90731763661666
585,585,0.0003335865216867365,0.0003292371938617802,-17.77698722514266,-17.831503305081352
586,586,0.00033388162312606714,0.00032234920868895163,-17.777020249190738,-17.923326135517563
587,587,0.0003320253895206819,0.00032355471079139724,-17.79909328812018,-17.90711494672849
588,588,0.0003286254818469632,0.0003334485548916028,-17.845446920065317,-17.77630382381495
589,589,0.0003336900440116711,0.00032727354003949776,-17.773434548107502,-17.857483278249322
590,590,0.000330849868406244,0.00032740406306019346,-17.82022639189808,-17.855751573112865
591,591,0.00033317165318444447,0.00032528488143151134,-17.778134973183832,-17.88395343341362
592,592,0.0003316737492400769,0.00033388368472898086,-17.8018665968316,-17.770640242682596
593,593,0.0003265476084707938,0.00033355555282660614,-17.86312560737037,-17.7749104706824
594,594,0.00033398355764202467,0.0003267088828387817,-17.767079373865666,-17.86498279379582
595,595,0.00032575556992783605,0.00032786338277602275,-17.881998940590286,-17.849663065223357
596,596,0.0003325649382325715,0.0003250194131396711,-17.787993342947527,-17.887499201806452
597,597,0.00033382242563487864,0.0003277143972043536,-17.77997194645836,-17.851637006828724
598,598,0.0003374669285006245,0.0003292406832578739,-17.735122924183667,-17.831457276945212
599,599,0.00032816704251016155,0.00033166372419432983,-17.842992994790126,-17.79961248937375
600,600,0.00032392239375712026,0.00032679349073748057,-17.907039470415725,-17.86385824566191
601,601,0.0003275039021319412,0.000332097702132734,-17.86463531277289,-17.793933513666595
602,602,0.0003301246039516571,0.00033325125389781435,-17.81231132147034,-17.77887429808982
603,603,0.0003267950831417993,0.00032641999362232655,-17.873067172622786,-17.868824700203316
604,604,0.0003332558229623228,0.00032913758829971284,-17.779747197113878,-17.832817393879246
605,605,0.0003337139919635446,0.0003310551018282575,-17.775802154290552,-17.807589368830897
606,606,0.00033764990758314035,0.00032600525025229315,-17.726265499664137,-17.874346276290854
607,607,0.0003326329142791363,0.0003326895269932912,-17.78707278298655,-17.786200924115132
608,608,0.0003352123255644608,0.00032608377698220705,-17.750322120479357,-17.873300292560902
609,609,0.0003362337439969067,0.00032850184882255763,-17.750589737557107,-17.841214038523006
610,610,0.00033040549882121153,0.00033266014437877427,-17.82103143383717,-17.786584503093405
611,611,0.0003367786142091776,0.0003229907781228815,-17.73592970743762,-17.91469099241773
612,612,0.00033265928925043834,0.00032540745910649235,-17.780766289222793,-17.882317182142103
613,613,0.0003313342185532578,0.00032895861812377056,-17.808258220317985,-17.835179533669585
614,614,0.00033610040374753094,0.0003273771037225072,-17.74942011741507,-17.856109197680997
615,615,0.0003306835811205938,0.00032037027688745995,-17.81788185527756,-17.950070054027766
616,616,0.0003244168048282874,0.0003263115726631919,-17.89205102527827,-17.87026745637262
617,617,0.0003338930957360174,0.00032436220575810264,-17.78265426584997,-17.89628976896828
618,618,0.0003289484815580828,0.00032696431643623665,-17.838602930083923,-17.861588638807152
619,619,0.00033523076149087746,0.00032095287583376234,-17.75322708250368,-17.942179505368493
