,epoch,train_loss,test_loss,train_dbs,test_dbs
0,0,3.493996247044313e-05,3.074920526782271e-05,-34.57172502760491,-35.11953410628703
1,1,3.142389610242315e-05,3.0485359131585266e-05,-35.03582907175669,-35.156959906991226
2,2,3.0188221477221735e-05,2.6963625044261692e-05,-35.197705323282705,-35.690090270597864
3,3,1.524136987615007e-05,1.3844055549845124e-05,-38.18054667800186,-38.585239730262714
4,4,1.2246970007104256e-05,1.19705976574455e-05,-39.112288787740795,-39.21671472256722
5,5,1.1692327593054775e-05,1.1564499561102007e-05,-39.31603335807253,-39.3666046230029
6,6,1.1421221633727983e-05,1.0988015674229246e-05,-39.42308615452215,-39.58868036013293
7,7,1.0818477207554753e-05,1.0569519776924464e-05,-39.65243333695045,-39.7573205056498
8,8,1.0679404591222188e-05,1.0438212293114415e-05,-39.71501686584501,-39.8116118095466
9,9,1.0242836436088145e-05,1.0012987523192638e-05,-39.88999705017237,-39.99223631268733
10,10,1.0119484032497659e-05,9.807086443240559e-06,-39.95132585871571,-40.082473029293865
11,11,9.81044200839794e-06,9.503276487521362e-06,-40.0818776876246,-40.21913941501032
12,12,9.40428632470544e-06,9.370983542267871e-06,-40.25952168169606,-40.28002131123642
13,13,9.492457804261688e-06,9.234539519591061e-06,-40.220944340513796,-40.34372062059079
14,14,9.336741491144081e-06,8.99101972831168e-06,-40.29993123244211,-40.4597835567067
15,15,9.265551215293336e-06,8.951476621931712e-06,-40.33726337730586,-40.47892624495602
16,16,9.019506907543004e-06,8.855973503255212e-06,-40.446320664897904,-40.52550997796815
17,17,8.916600366778907e-06,8.745144441490993e-06,-40.49933749546067,-40.58020319262815
18,18,8.815600276929471e-06,8.683818027508861e-06,-40.5474522576762,-40.61076592193804
19,19,8.703421250156117e-06,8.62628502019154e-06,-40.60105751411177,-40.63963502750341
20,20,8.63642529664728e-06,8.570888368060542e-06,-40.62272739722276,-40.667614676261216
21,21,8.733489984169677e-06,8.651320106429538e-06,-40.584715775604096,-40.62704924685066
22,22,8.501686089712353e-06,8.493717263933687e-06,-40.69995682555313,-40.70689506033002
23,23,8.545276670570884e-06,8.463401627523126e-06,-40.680636954952405,-40.72242355631994
24,24,8.457448431502213e-06,8.485948862806636e-06,-40.725059809226984,-40.710868959407776
25,25,8.428569438449616e-06,8.439896407109795e-06,-40.73057371742674,-40.734501902309376
26,26,8.612275352563826e-06,8.360253152779096e-06,-40.6476401603669,-40.77567877977298
27,27,8.481445247619462e-06,8.537758778976767e-06,-40.72226241935846,-40.68443425946604
28,28,8.361736842378322e-06,8.436264411820479e-06,-40.77662575887523,-40.73637123213353
29,29,8.339443655169122e-06,8.294726237516825e-06,-40.784976211921034,-40.8098524930938
30,30,8.369155961021928e-06,8.268406585748858e-06,-40.77527794727579,-40.82365482055369
31,31,8.190466125841377e-06,8.238273542366714e-06,-40.86210021576253,-40.83951098169476
32,32,8.120474667146145e-06,8.218793817305644e-06,-40.89617775850062,-40.84979220722434
33,33,8.244875774385177e-06,8.220271195712389e-06,-40.84031056457599,-40.849011606513834
34,34,8.29817482207142e-06,8.207292419109236e-06,-40.80795352058025,-40.855873990206945
35,35,8.122004123130686e-06,8.157512566915676e-06,-40.896629051907865,-40.88229554771095
36,36,8.101082088258633e-06,8.091210020211292e-06,-40.90914525734033,-40.9177383215428
37,37,8.126250089769679e-06,8.101932460129702e-06,-40.90326434483134,-40.911986878084136
38,38,8.129983518639287e-06,8.166812102373163e-06,-40.9040627534943,-40.87734742587172
39,39,8.113252965110227e-06,8.114729242056215e-06,-40.9173884162304,-40.905132726431425
40,40,8.171062225151264e-06,8.141129575577858e-06,-40.88300687097864,-40.89102639175203
41,41,8.146865967159776e-06,8.022189328920304e-06,-40.88988916696842,-40.95494398875732
42,42,8.007920633204289e-06,7.995802566016974e-06,-40.96694043106177,-40.96925244385611
43,43,7.905049000159519e-06,8.102091669570655e-06,-41.02021366971867,-40.91190153658979
44,44,8.14052250883758e-06,7.907889372099338e-06,-40.89276527409978,-41.01726721181427
45,45,7.984586613695018e-06,7.859715328538042e-06,-40.97691015978607,-41.043804896878946
46,46,7.987116138802148e-06,7.806352019351356e-06,-40.97825938039173,-41.0733917483019
47,47,7.817908676629814e-06,7.857987240736533e-06,-41.067258465053385,-41.04475986977802
48,48,7.985854421180587e-06,8.010469436588832e-06,-40.98493861667127,-40.961293385384685
49,49,7.758116150876753e-06,7.888327696778824e-06,-41.102520088668754,-41.02802362514322
50,50,7.77461611937021e-06,7.713792743551925e-06,-41.09383277642741,-41.12519340341279
51,51,7.792845613930131e-06,7.676240904019275e-06,-41.076095712902905,-41.14638710504212
52,52,7.65553437473106e-06,7.743447368786866e-06,-41.16608348574328,-41.10852955422679
53,53,7.744275104208278e-06,7.85638258093968e-06,-41.108789196085965,-41.04564682217309
54,54,7.68650104723794e-06,7.727017490603766e-06,-41.142421583987186,-41.117754109766324
55,55,7.793891181228395e-06,7.852281501790889e-06,-41.083944744275975,-41.04791445750511
56,56,7.652547111254385e-06,7.593496966843591e-06,-41.159380273369294,-41.19345482469215
57,57,7.59087880893632e-06,7.5916023697094425e-06,-41.193737389936246,-41.19453853585771
58,58,7.672950574750448e-06,7.6154493925921425e-06,-41.15428867333436,-41.180917698500096
59,59,7.669535965966865e-06,7.71047236986832e-06,-41.15595966585062,-41.12706321047369
60,60,7.568190136863478e-06,7.549158980461805e-06,-41.20374871812076,-41.21888734844491
61,61,7.5120743606452585e-06,7.545654099024097e-06,-41.2389816505221,-41.22090413485686
62,62,7.392787182718316e-06,7.523938788117927e-06,-41.31142720493632,-41.23342052637143
63,63,7.46393214322995e-06,7.431941125296841e-06,-41.26916195243463,-41.286850456917975
64,64,7.585181429396808e-06,7.535626082244562e-06,-41.207537863951416,-41.22667965648538
65,65,7.485134274341447e-06,7.468253706496111e-06,-41.25396578669702,-41.26568243188486
66,66,7.384879557593167e-06,7.385209851475481e-06,-41.31180012602837,-41.31424465932041
67,67,7.465915272986581e-06,7.357224986710782e-06,-41.26518218296302,-41.33073269142037
68,68,7.412039179040765e-06,7.497590008585432e-06,-41.29957257180643,-41.248656181072946
69,69,7.581985455638544e-06,7.432109453618882e-06,-41.207830051578554,-41.28675209333798
70,70,8.149759154192222e-06,7.391799116655755e-06,-40.89424745708519,-41.310371505147685
71,71,7.337063009602848e-06,7.385940223589148e-06,-41.33091086015564,-41.31381517809878
72,72,7.3394003172240645e-06,7.510848191534598e-06,-41.34483597061367,-41.24098322121413
73,73,7.440003107908571e-06,7.421432608105916e-06,-41.290883707560575,-41.29299558175273
74,74,7.329349683487569e-06,7.388098645989023e-06,-41.36090953214929,-41.31254620763941
75,75,7.314434214160578e-06,7.283170218311409e-06,-41.3592187263359,-41.37466846108019
76,76,7.3121904626026025e-06,7.491386608499421e-06,-41.36494309546818,-41.25225095962126
77,77,7.475637822917821e-06,7.401004758752319e-06,-41.26451807220253,-41.30496622821077
78,78,7.295980561973488e-06,7.334006233194439e-06,-41.373840851753805,-41.34446031543461
79,79,7.251413352577467e-06,7.180735433633488e-06,-41.38627394491977,-41.43618380361073
80,80,7.286951379861309e-06,7.3646101794254625e-06,-41.372487409729004,-41.32637542389682
81,81,7.21717769826598e-06,7.1720332925906405e-06,-41.41776999703165,-41.44145009385875
82,82,7.248869106782895e-06,7.191762937222129e-06,-41.39129945470227,-41.42951943006352
83,83,7.2883114541779375e-06,7.125773974717288e-06,-41.380029629073135,-41.46955263603807
84,84,7.130664818253808e-06,7.16157908180704e-06,-41.46081606074507,-41.44778514289236
85,85,7.153445250841071e-06,7.207347966629497e-06,-41.45816936564952,-41.42011816222105
86,86,7.284547210315161e-06,7.071156855281994e-06,-41.37265671567333,-41.502968352284604
87,87,7.231486253339867e-06,7.1562104063846885e-06,-41.398081966896896,-41.45104205098177
88,88,7.26440322471989e-06,7.165393741926987e-06,-41.38510310322344,-41.44547246190949
89,89,7.117809359114449e-06,7.177165379720177e-06,-41.481105437382524,-41.43834352705048
90,90,7.204880176621223e-06,7.08997482721124e-06,-41.42786460229154,-41.4914261304295
91,91,7.107351168612986e-06,7.0532872230519144e-06,-41.48362794235802,-41.513957367878795
92,92,7.22704852396231e-06,7.013132122473938e-06,-41.41687894675477,-41.538752854981446
93,93,7.135242712954011e-06,7.064936725280284e-06,-41.47009969886143,-41.50679029686273
94,94,7.08383782862772e-06,7.128050822900964e-06,-41.4928008545877,-41.46816518723082
95,95,7.092620181378827e-06,7.116300606101408e-06,-41.496194720953326,-41.475330210503564
96,96,7.191860155198248e-06,7.067232194171275e-06,-41.436757333508886,-41.5053794596626
97,97,6.994164876457419e-06,7.081368733595714e-06,-41.55385796248537,-41.496700971747686
98,98,7.0411233396371995e-06,7.069952612494633e-06,-41.5238166216089,-41.503708033990456
99,99,7.112686466122618e-06,6.988712046126909e-06,-41.483589581474135,-41.5539015954339
100,100,7.068645793213401e-06,6.999039813212891e-06,-41.50603904132032,-41.54748842323012
101,101,7.02268182967319e-06,6.9461805794976256e-06,-41.53090401471752,-41.58041236823707
102,102,6.968760809501976e-06,7.002298413058988e-06,-41.56642087103837,-41.54546691366501
103,103,7.059675039103634e-06,6.989654880989722e-06,-41.50878841383982,-41.55331573589677
104,104,7.010246814932487e-06,6.971057772668581e-06,-41.545606911284665,-41.564886243077765
105,105,7.019725535897546e-06,6.881901275559549e-06,-41.54287199123758,-41.62078868126241
106,106,7.130139238142874e-06,6.9069625217372575e-06,-41.47809660912876,-41.60500206813901
107,107,7.052756798882385e-06,7.552881973089442e-06,-41.51899586053858,-41.21674608132469
108,108,7.021963446061715e-06,6.924513830821716e-06,-41.53105576646859,-41.59398019226329
109,109,6.963375986724151e-06,7.002207056709602e-06,-41.55964176844104,-41.54552357479954
110,110,6.923703635620018e-06,6.96714156028496e-06,-41.594798377589214,-41.56732671538311
111,111,7.010077836442638e-06,6.955046549257149e-06,-41.53832892362927,-41.57487265259945
112,112,7.023634680081159e-06,6.875433356119749e-06,-41.52761909676396,-41.62487229484639
113,113,7.123280893304666e-06,7.253539575015709e-06,-41.47626681973787,-41.392373213921054
114,114,6.989852610467537e-06,7.0681493477758e-06,-41.56014036591381,-41.504815888387384
115,115,6.9465735690493006e-06,6.977509201533394e-06,-41.581753773073736,-41.560868883930624
116,116,6.893743637792608e-06,6.888644939432484e-06,-41.61679831833192,-41.616535057337515
117,117,7.12284011185438e-06,6.9193928491011704e-06,-41.47913629924611,-41.5971931786782
118,118,6.9493744142408145e-06,7.073077708092139e-06,-41.58302332988728,-41.50178876808387
119,119,7.0145023172014975e-06,6.9157243304193555e-06,-41.54274241349961,-41.59949632860738
120,120,6.945228585781356e-06,6.892117222665356e-06,-41.583771732209485,-41.61434650860295
121,121,6.900943783866469e-06,6.899746710443747e-06,-41.597452330685385,-41.6095415818781
122,122,6.917803856004425e-06,6.887290438546763e-06,-41.60120367423713,-41.61738908611474
123,123,7.0201802082385596e-06,6.904605255074689e-06,-41.540570250140874,-41.60648451811198
124,124,6.937557607427115e-06,6.863509713041008e-06,-41.58704572093059,-41.63241053656896
125,125,6.952177406589923e-06,7.1135460099245205e-06,-41.57868793317959,-41.47701161433977
126,126,7.111082834750594e-06,6.877523733955489e-06,-41.48418242256342,-41.623552084857806
127,127,7.014170436021457e-06,6.850646155056127e-06,-41.539291448436884,-41.64055770062713
128,128,6.947522200151952e-06,6.923599166360586e-06,-41.58660258565361,-41.594553893140684
129,129,7.028433563241426e-06,6.921358051745062e-06,-41.52711626502001,-41.59595989780216
130,130,6.933991267736197e-06,6.8239720396951795e-06,-41.593707251534696,-41.65750067576354
131,131,6.9663181833319184e-06,6.998673478320645e-06,-41.5685207113144,-41.547715742105645
132,132,6.9435227393939585e-06,6.910388109597414e-06,-41.586063966503126,-41.60284866843871
133,133,6.85741061368896e-06,6.831687163579964e-06,-41.644661277099395,-41.65259335340438
134,134,6.890861608478668e-06,6.8641603128956995e-06,-41.61513068709329,-41.6319988834239
135,135,6.942444111494474e-06,6.9320666817044475e-06,-41.5949210284662,-41.5892457460081
136,136,6.895791468252224e-06,6.853158346960922e-06,-41.60891367568616,-41.63896539668877
137,137,6.953424637929894e-06,7.182789096604163e-06,-41.574002511245894,-41.434941915521144
138,138,6.907748323185645e-06,6.843855747942335e-06,-41.603387145408675,-41.64486459196495
139,139,6.878659804119097e-06,7.001586182971216e-06,-41.6236038981248,-41.545908673371194
140,140,6.873880282882121e-06,6.868141649886782e-06,-41.62895383724806,-41.62948062721462
141,141,6.882784929853797e-06,6.85180080644817e-06,-41.61432050288896,-41.63982577481755
142,142,6.910686689601808e-06,6.908318530469459e-06,-41.60414805940067,-41.604149523613174
143,143,6.798121812045286e-06,6.780043756742471e-06,-41.67101428239802,-41.6855480957005
144,144,6.898279142538722e-06,6.834770302750832e-06,-41.60995123957326,-41.650633825333756
145,145,6.807595713626049e-06,6.7886268257816e-06,-41.66824638289932,-41.6800537033118
146,146,6.964411746481608e-06,6.768296268427021e-06,-41.57423343609351,-41.693079454702
147,147,6.941762065478017e-06,6.861092563332549e-06,-41.597141149546786,-41.63394027822563
148,148,6.897711969453592e-06,6.904774421089219e-06,-41.62033237472165,-41.60637811526353
149,149,7.245148063918453e-06,7.316926138101783e-06,-41.399750702828904,-41.35458635277017
150,150,7.121387733201755e-06,7.042167501487328e-06,-41.47607285842221,-41.520809555072454
151,151,6.983935278541824e-06,6.910367669900695e-06,-41.558203829737074,-41.60286151411465
152,152,7.010981325666509e-06,6.976202640592084e-06,-41.54171082882836,-41.561682190404426
153,153,6.910897139174811e-06,6.833041042179837e-06,-41.61091059510825,-41.651732769866726
154,154,6.949221370660714e-06,6.896376027342692e-06,-41.577818995746654,-41.61166372753884
155,155,6.8983321041966904e-06,6.869500243498662e-06,-41.61191960117733,-41.628621630138866
156,156,6.903627346434508e-06,6.876579965663902e-06,-41.61017822948221,-41.624148086416064
157,157,6.883747526857049e-06,6.81699509043124e-06,-41.62563757971349,-41.66194325054752
158,158,6.972882123797539e-06,6.8687230324078545e-06,-41.56693645019782,-41.62911301607952
159,159,6.846384214028505e-06,6.862811604055184e-06,-41.64555137284495,-41.63285229350233
160,160,6.895221374470191e-06,6.9561829150188714e-06,-41.60951651252107,-41.5741631288552
161,161,7.21685185538066e-06,6.904493626567082e-06,-41.40767296009339,-41.606554732171986
162,162,6.830930553555798e-06,6.871155308449249e-06,-41.65190180781805,-41.62757541283724
163,163,6.813364272846266e-06,6.9469548945658305e-06,-41.65957902738854,-41.57992827195463
164,164,6.85299569668882e-06,6.806657342837609e-06,-41.64524318630322,-41.66853418145817
165,165,6.795995375927605e-06,7.1085654254650425e-06,-41.6738389283324,-41.480053413647354
166,166,6.866117483067936e-06,6.831507179365297e-06,-41.62761963674454,-41.65270777196464
167,167,6.819284295751149e-06,6.735375192970662e-06,-41.668463444858155,-41.71425513240674
168,168,6.902469043986279e-06,6.798078653733491e-06,-41.6094163466671,-41.67401121215485
169,169,6.902055777094781e-06,6.7927708426539445e-06,-41.60925829297838,-41.67740342568888
170,170,6.82412501097958e-06,7.036898224262251e-06,-41.66271278823501,-41.52406036471266
171,171,6.833728974990813e-06,6.977080685924432e-06,-41.648022320632705,-41.56113560902385
172,172,6.922280773352147e-06,6.801065218927474e-06,-41.59592873045182,-41.67210366736146
173,173,6.7393425243355204e-06,6.804937249015845e-06,-41.711755451506875,-41.66963181517637
174,174,6.871526187113859e-06,6.846683749915285e-06,-41.63248881125669,-41.64307038119725
175,175,6.8281561259036885e-06,6.824322506298286e-06,-41.65209731545434,-41.65727763586454
176,176,6.825382532736409e-06,6.855119504746797e-06,-41.65603014281206,-41.6377227606413
177,177,6.823097821100034e-06,6.779025218412771e-06,-41.66719217660397,-41.68620056760375
178,178,6.834517961644601e-06,6.931684143446067e-06,-41.65669042151238,-41.58948541311821
179,179,6.7847345610399435e-06,6.7127736034116855e-06,-41.68560405897346,-41.728853059627966
180,180,6.835481238424821e-06,6.794932161076424e-06,-41.65476409555499,-41.67602181075047
181,181,6.824628716336501e-06,6.839933264832086e-06,-41.649520625858294,-41.64735441816032
182,182,6.740513405001713e-06,6.741507939678788e-06,-41.71262558647487,-41.710302559379464
183,183,6.804213190315347e-06,6.7216195403536976e-06,-41.67314958611736,-41.723133795474716
184,184,6.676718254011669e-06,6.6245292816203895e-06,-41.757486299407816,-41.78632282181944
185,185,6.666693203329749e-06,6.7653117854972246e-06,-41.7618038639893,-41.69499490028546
186,186,6.6172162461821856e-06,6.544302155625222e-06,-41.7835391597702,-41.83923963429273
187,187,6.607923034007586e-06,6.524154167364989e-06,-41.7992692847174,-41.85263091301675
188,188,6.589258477500143e-06,6.550730847122491e-06,-41.802750934484784,-41.8349755053412
189,189,6.658473330858637e-06,6.579327035931208e-06,-41.766533395045656,-41.81605832043643
190,190,6.682397363959156e-06,6.541590473237815e-06,-41.75464675037666,-41.84103954011158
191,191,6.537457756701432e-06,6.484237330464805e-06,-41.8549486478446,-41.87928404136805
192,192,6.462782133069398e-06,6.443231253988894e-06,-41.89076747385921,-41.90683587388713
193,193,7.065768447328364e-06,6.555922577957206e-06,-41.50999722271572,-41.83153490140082
194,194,6.570067304807905e-06,6.486036023776059e-06,-41.825242168458665,-41.87807949838983
195,195,6.513715744432309e-06,6.558319694848155e-06,-41.86209694235895,-41.82994723109833
196,196,6.445539177726347e-06,6.454683276196623e-06,-41.90118616012704,-41.89912369476423
197,197,6.553437995853997e-06,6.52171351439871e-06,-41.83433678405458,-41.85425589060156
198,198,6.522204260072988e-06,6.471419534423867e-06,-41.84980293827192,-41.88787750747337
199,199,6.585915029644798e-06,6.466789775578563e-06,-41.81270649406652,-41.89098563280463
200,200,6.551888151248538e-06,6.45558872604038e-06,-41.83877408332785,-41.89851451802285
201,201,6.507814713089472e-06,6.428604472986128e-06,-41.869938081052254,-41.916706001422064
202,202,6.468197616132531e-06,6.483772315397418e-06,-41.88289380061381,-41.87959550547607
203,203,6.493994898902979e-06,6.430777279762735e-06,-41.87314918738408,-41.91523837565211
204,204,6.50033419886538e-06,6.393959282784061e-06,-41.86719416071472,-41.940174399520245
205,205,6.476882516995154e-06,6.465665424720531e-06,-41.88915179616596,-41.89174078620286
206,206,6.581541865014833e-06,6.5801032896591715e-06,-41.81890410838199,-41.81554595371133
207,207,6.508029424160846e-06,6.502131590854046e-06,-41.86983518418768,-41.867315517278925
208,208,6.532900953839699e-06,6.429751321870993e-06,-41.84868618347974,-41.91593129872828
209,209,6.517910535585918e-06,6.481296048533343e-06,-41.8686817858091,-41.88125446942084
210,210,6.5627200174932704e-06,6.5204776068352846e-06,-41.8310837142282,-41.85507898517449
211,211,6.4744093618070655e-06,6.5159212059179e-06,-41.88859042213031,-41.858114823345375
212,212,6.517582334577737e-06,6.40608361304897e-06,-41.856487799990425,-41.93194703442713
213,213,6.499053081815592e-06,6.433105610133345e-06,-41.86646095755055,-41.91366625150934
214,214,6.4703657530511e-06,6.407627145228234e-06,-41.89291150905991,-41.930900737185084
215,215,6.4976160942511414e-06,6.566279257401077e-06,-41.876749890028165,-41.82467957372995
216,216,6.515775571783378e-06,6.429580025724135e-06,-41.86035401464264,-41.916047001433725
217,217,6.4668106789053804e-06,6.427769508981758e-06,-41.88796242324344,-41.91727011111692
218,218,6.435669749088888e-06,6.411594767996576e-06,-41.916379842612635,-41.92821240439663
219,219,6.479172277733559e-06,6.4412411599110595e-06,-41.88079227698364,-41.908177468413605
220,220,6.56067354658759e-06,6.444316616245105e-06,-41.82947458186854,-41.90610436647455
221,221,6.467300090193508e-06,6.470000985963882e-06,-41.885268553169524,-41.88882959425547
222,222,6.431474587574035e-06,6.422057379639132e-06,-41.911903448909094,-41.92113124705023
223,223,6.363995636121151e-06,6.400496754634476e-06,-41.96074638571509,-41.93573624569954
224,224,6.699675822412396e-06,6.438922570707387e-06,-41.732789373016516,-41.9097410362826
225,225,6.4941363581459245e-06,6.436070921872191e-06,-41.88275385108801,-41.911664851427695
226,226,6.459735363323395e-06,6.366384288986937e-06,-41.892910321207935,-41.95894456228109
227,227,1.0069521930248456e-05,8.65231164712704e-06,-39.97210216508964,-40.62655152399096
228,228,8.809802112250274e-06,8.180139000040454e-06,-40.54690149027032,-40.870266228449886
229,229,8.221866013177673e-06,7.999165087599785e-06,-40.84244837834099,-40.9674264638081
230,230,7.915653033293339e-06,7.780719706237218e-06,-41.01555842943908,-41.087675357660245
231,231,7.722668365157419e-06,7.635841915256797e-06,-41.12197248676483,-41.169303776551445
232,232,7.64746635974644e-06,7.583530939308203e-06,-41.16455350515564,-41.19915843334857
233,233,7.505270135429923e-06,7.49401342067071e-06,-41.24537755711166,-41.25072839760696
234,234,7.5565838218158345e-06,8.02786373816688e-06,-41.217432318037375,-40.95187313943835
235,235,7.513306289971278e-06,7.469773280670204e-06,-41.24526054858626,-41.26479885779372
236,236,7.396285474390697e-06,7.321644453010154e-06,-41.30532598103972,-41.35178671029579
237,237,7.494499974181401e-06,7.269322610993281e-06,-41.25782296623183,-41.38293363094698
238,238,7.269864449740781e-06,7.221680693634737e-06,-41.38750892444486,-41.41149024076793
239,239,7.239688432857349e-06,7.170030561323265e-06,-41.40002621001666,-41.44266299480894
240,240,7.1579190599672095e-06,7.094939208304583e-06,-41.449457739308826,-41.48838627640214
241,241,7.1478804278102845e-06,7.033763674706661e-06,-41.46575077019654,-41.52599533779003
242,242,7.03751617113516e-06,7.031737129038543e-06,-41.52213507969125,-41.52724679356023
243,243,7.096384233028805e-06,6.933607006718184e-06,-41.49087552252978,-41.588280838465074
244,244,7.034802046732271e-06,6.983476539876153e-06,-41.527185995165894,-41.55715627750048
245,245,6.8828792407038775e-06,6.953463669464997e-06,-41.621078487333,-41.57586116387982
246,246,7.021174567234618e-06,6.899821432613719e-06,-41.542437961205216,-41.60949454935395
247,247,6.996604385029659e-06,6.871071706738899e-06,-41.55555315115021,-41.627628253998196
248,248,6.8892172326816285e-06,6.92976628239481e-06,-41.618063067971775,-41.590687187032685
249,249,6.892678746075991e-06,7.009599094568617e-06,-41.61454997714503,-41.540941265402225
250,250,6.8951413342483175e-06,6.786200557192053e-06,-41.61158209618361,-41.68160615777998
251,251,6.888153747400118e-06,6.838806903512082e-06,-41.61649022366606,-41.648069648511935
252,252,6.868359392195923e-06,6.81979240892504e-06,-41.628353738863225,-41.660161511258735
253,253,6.960406125537852e-06,6.8125636253649936e-06,-41.582737833171706,-41.6647673491599
254,254,6.912299040871487e-06,6.818968598197803e-06,-41.610026750338356,-41.66068615782042
255,255,6.759494034358608e-06,6.715403574880359e-06,-41.69536846493887,-41.727151887390136
256,256,6.820487369716914e-06,6.703667359512397e-06,-41.67198178714728,-41.73474850104132
257,257,6.7754501203322886e-06,6.747370590394559e-06,-41.70176857935418,-41.706527424167405
258,258,6.743462422819743e-06,6.706160284489957e-06,-41.71004569911088,-41.733133769513415
259,259,6.7728398330332636e-06,6.688298813778122e-06,-41.69162805211141,-41.74471638395103
260,260,6.7204229670790375e-06,6.691283153103493e-06,-41.73442724976436,-41.74277898093524
261,261,6.73306030688595e-06,6.709207283213465e-06,-41.72222158755375,-41.7311609651932
262,262,6.7518020907450545e-06,6.611594160762922e-06,-41.70995276645555,-41.79481118840797
263,263,6.711642892752803e-06,6.662004579993663e-06,-41.734471340673096,-41.76182379352467
264,264,6.708766217268499e-06,6.849974852229934e-06,-41.73322708468733,-41.640983291719934
265,265,6.661369040098039e-06,6.722427961473218e-06,-41.76736511675746,-41.722611493196865
266,266,6.560002123844299e-06,6.656107009468159e-06,-41.82954853635756,-41.76567010835102
267,267,6.681103860904204e-06,6.6125962324517065e-06,-41.753486378784864,-41.794153009430204
268,268,6.778127682110542e-06,6.719349800589139e-06,-41.69455697556313,-41.72460055793725
269,269,6.624551724130047e-06,6.5926994801358025e-06,-41.78966261938169,-41.807240268459765
270,270,6.649015434509379e-06,6.574138296855381e-06,-41.77573966104077,-41.8194847039917
271,271,6.5490535094214306e-06,6.554306358004014e-06,-41.83763980934663,-41.832605691871684
272,272,6.6556387968582205e-06,6.6574804900722625e-06,-41.76965521180616,-41.76477403875371
273,273,6.595093781442367e-06,6.567801201048209e-06,-41.803229256020195,-41.823673075052305
274,274,6.599432685313154e-06,6.67510427152401e-06,-41.80957331973636,-41.7532925209092
275,275,6.577595853478979e-06,6.640302337090313e-06,-41.82196604766687,-41.7759945276069
276,276,6.552202119133447e-06,6.67173825556682e-06,-41.825839331875386,-41.7554830647539
277,277,6.56500660906457e-06,6.605602218195073e-06,-41.83519944856559,-41.798748888502246
278,278,6.525797392352672e-06,6.533508104966083e-06,-41.85702800372296,-41.84640872087488
279,279,7.2000299726439445e-06,7.276696937639683e-06,-41.42740842998198,-41.37853018623285
280,280,6.679240493784951e-06,6.511087217643906e-06,-41.75418178479197,-41.861337934072075
281,281,6.578864368870218e-06,6.52680366903568e-06,-41.818240477666976,-41.85086757275375
282,282,6.501448779934285e-06,6.455359581243676e-06,-41.871204031184206,-41.898668676057426
283,283,6.563486060502365e-06,6.50415390019158e-06,-41.83326383750561,-41.865964973661114
284,284,6.584577341086937e-06,6.553347846324629e-06,-41.81149483372604,-41.83324085713841
285,285,6.500398186974578e-06,6.451164967745028e-06,-41.86902261679897,-41.901491585591906
286,286,6.572905795579085e-06,6.469139335470238e-06,-41.829047249691094,-41.889408009893565
287,287,6.5415336806480126e-06,6.421178329075797e-06,-41.846575815851345,-41.92172574958562
288,288,6.459307361680105e-06,6.455748701371608e-06,-41.89484903133654,-41.898406897253146
289,289,6.490908228593024e-06,6.466034416294669e-06,-41.88105160350395,-41.89149294406836
290,290,6.5193276689747905e-06,6.419048914770094e-06,-41.86019747688478,-41.92316621146151
291,291,6.4820478749509475e-06,6.571971353926194e-06,-41.876615800354024,-41.82091644522963
292,292,6.4460039717120065e-06,6.488272902060999e-06,-41.90063734501316,-41.87658197908299
293,293,6.502041484504703e-06,6.440788255483647e-06,-41.86110498131353,-41.90848284559819
294,294,6.430428617097709e-06,6.472421318903798e-06,-41.92759701800384,-41.8872052657833
295,295,6.4673070754878675e-06,6.345365435615684e-06,-41.88531911851969,-41.973306676941945
296,296,6.39967582586549e-06,6.355974284432657e-06,-41.93710196727387,-41.966051748448486
297,297,6.491969046335951e-06,6.477930391587219e-06,-41.87859994660445,-41.88351029275921
298,298,6.392102796340136e-06,6.34990639905721e-06,-41.93325389326216,-41.970199826651594
299,299,6.443702453176117e-06,6.419306253902553e-06,-41.90682530936932,-41.92299210665797
300,300,6.407153091224489e-06,6.335034748573028e-06,-41.927957568026514,-41.980383048829815
301,301,6.399382129398573e-06,6.333346032318475e-06,-41.932796916005415,-41.98154089238991
302,302,6.413688424800057e-06,6.348489621718488e-06,-41.9302107060982,-41.97116892319235
303,303,6.4192140739250294e-06,6.331532021201718e-06,-41.92837350715009,-41.982784986522006
304,304,6.351063034016238e-06,6.314075060225533e-06,-41.97691084626713,-41.99477565899819
305,305,6.331966781629292e-06,6.317302737251769e-06,-41.9882936386232,-41.992556166596266
306,306,6.394139370630788e-06,6.307823768063252e-06,-41.93943726376682,-41.99907755041685
307,307,6.295697206501386e-06,6.284289084808399e-06,-42.00418733925468,-42.015311513837574
308,308,6.315173491718279e-06,6.231585805500417e-06,-41.98798497497766,-42.05188726882061
309,309,6.331169061013497e-06,6.304370775691687e-06,-41.98204635702629,-42.0014555910747
310,310,6.322954659574946e-06,6.233480115425712e-06,-41.99410791934392,-42.05056727844251
311,311,6.324424881200947e-06,6.494164201859875e-06,-41.98365472995932,-41.872640409177386
312,312,6.3339315011503884e-06,6.223051825241112e-06,-41.996450827196135,-42.05783888495784
313,313,6.284884017714858e-06,6.229112745801869e-06,-42.01666059687429,-42.05361114680414
314,314,6.206322545152681e-06,6.389911050064256e-06,-42.05952903768985,-41.94292493616473
315,315,6.411436572175871e-06,6.216390374902403e-06,-41.9277007750334,-42.062490269406716
316,316,6.278957000139383e-06,6.3162664159072416e-06,-42.016255484557334,-41.993268663020615
317,317,6.318618587326839e-06,6.208005408169763e-06,-42.000861584246664,-42.068352196858754
318,318,6.267834067461381e-06,6.212259785043946e-06,-42.02242793984942,-42.06537697460075
319,319,6.21210692676784e-06,6.321735351153429e-06,-42.067368402425714,-41.98950995402319
320,320,6.250907822551696e-06,6.180856249365637e-06,-42.03944608492047,-42.08738663126793
321,321,6.2296171000928825e-06,6.175270061105134e-06,-42.05106210483709,-42.09131351068101
322,322,6.190776345938127e-06,6.086034174682266e-06,-42.086959745762854,-42.15452919569704
323,323,6.226360255823238e-06,6.127765309908059e-06,-42.05351008797612,-42.124851825767536
324,324,6.216006319668052e-06,6.245377048081106e-06,-42.07395247114573,-42.04228643396854
325,325,6.610511413735779e-06,6.1883215972844294e-06,-41.80406652224291,-42.082144310653774
326,326,6.129909435031484e-06,6.08957399986378e-06,-42.11796326258298,-42.15200393935746
327,327,6.161032465617197e-06,6.213966236445183e-06,-42.100845105130674,-42.064184170879706
328,328,6.182851609185857e-06,6.129922487736239e-06,-42.09040579576451,-42.12332323334064
329,329,6.188114606554814e-06,6.107520292923589e-06,-42.08763719829306,-42.139223876362486
330,330,6.154720773975924e-06,6.11947440407484e-06,-42.10730215583737,-42.13073183675364
331,331,6.1837342362889906e-06,6.248178315696637e-06,-42.08764995041331,-42.0403389097407
332,332,6.151380865648929e-06,6.076676599102364e-06,-42.112784477371854,-42.161211824784885
333,333,6.228666171812892e-06,6.096720426285174e-06,-42.05446586253387,-42.146910259839494
334,334,6.130716292787351e-06,6.081750741845769e-06,-42.1304184045331,-42.15758689491526
335,335,6.1548117703272716e-06,6.1162329888917925e-06,-42.11258262680288,-42.13303285412073
336,336,6.102499800991356e-06,6.14733538608753e-06,-42.13762187070997,-42.11100398287543
337,337,6.137271199251475e-06,6.132479986837624e-06,-42.12667339918034,-42.121511667025466
338,338,6.086537376683464e-06,6.081157176882507e-06,-42.15201964795974,-42.15801077708246
339,339,6.101051196272931e-06,6.056486510811067e-06,-42.145793205605344,-42.17566551991452
340,340,6.180600530100979e-06,6.041131703233604e-06,-42.08398983665568,-42.18669002352263
341,341,6.130248526535501e-06,6.037879398048206e-06,-42.13480470763049,-42.18902872197695
342,342,5.6426005962701725e-05,2.540571662585104e-05,-32.484859227327064,-35.94855856596596
343,343,2.0770546827932157e-05,1.6726084715245587e-05,-36.82604449307049,-37.763930141821525
344,344,1.3483016437490245e-05,1.1786337381636258e-05,-38.70978916912941,-39.284084377435036
345,345,1.1374467792791752e-05,1.1053172927763386e-05,-39.43851942542905,-39.56300341629246
346,346,1.1171946172589273e-05,1.0694397707610684e-05,-39.530211908811765,-39.70630975491985
347,347,1.098745130932621e-05,1.0462063265118846e-05,-39.59265472041705,-39.801699643558905
348,348,1.0388367571198914e-05,1.063607645559578e-05,-39.832081257898835,-39.73005855754908
349,349,1.0448575135951709e-05,1.034651181965417e-05,-39.80265163146467,-39.84993348059377
350,350,1.0241811463687949e-05,1.0077202540215743e-05,-39.897145240887816,-39.9644731880628
351,351,1.0032725110728073e-05,9.868105543749775e-06,-39.987271901197616,-40.055535204624675
352,352,1.0182602814780957e-05,9.927005713076428e-06,-39.91848650000436,-40.02969034456652
353,353,9.916173177171191e-06,9.619469078882647e-06,-40.044420261778335,-40.166362033107966
354,354,9.684044832199303e-06,9.575321105091317e-06,-40.138643741982555,-40.18633959475864
355,355,9.606291061254055e-06,9.488131246670443e-06,-40.1832908638619,-40.22606622740366
356,356,9.798398798349021e-06,9.51802786929827e-06,-40.089164144921014,-40.21240334174181
357,357,9.537316089467213e-06,9.398290929216033e-06,-40.20185830932867,-40.26738421559102
358,358,9.368320516119807e-06,9.26649346710244e-06,-40.28198548440528,-40.32871882378504
359,359,9.414811250552675e-06,9.197101031819138e-06,-40.258017005317896,-40.36136348961896
360,360,9.258609267264322e-06,9.169439372750563e-06,-40.3355896091946,-40.374445229252494
361,361,9.293542218036931e-06,9.10562563436351e-06,-40.31487178999298,-40.40477515374785
362,362,9.169730885295179e-06,8.993231858767103e-06,-40.37344358171744,-40.458715159670284
363,363,9.05816894598886e-06,9.005272659123875e-06,-40.42998839082509,-40.45290439475083
364,364,8.958490586346952e-06,8.93073578673035e-06,-40.47679941905705,-40.48900065198285
365,365,8.95599252319314e-06,8.796344302122874e-06,-40.482101399151205,-40.554850863168994
366,366,8.944997726129513e-06,9.035675200146598e-06,-40.4762364062279,-40.438266950638706
367,367,8.756723959261753e-06,8.755820521113683e-06,-40.5794056438583,-40.574904555606075
368,368,8.81715388140478e-06,8.633810418694721e-06,-40.54417198308653,-40.63584798094539
369,369,8.794809106155899e-06,8.581195384306883e-06,-40.562574720583854,-40.66239515788187
370,370,8.699989389101902e-06,8.60537154853534e-06,-40.60340891184704,-40.65017679957393
371,371,8.597068272981992e-06,8.495501261725286e-06,-40.6613017301661,-40.70598297552954
372,372,8.469905283491994e-06,8.437630951543964e-06,-40.71927619626281,-40.73566780159811
373,373,8.572997515883113e-06,8.303149044015873e-06,-40.6615733563759,-40.80544472566981
374,374,8.285247901964335e-06,8.217065609833777e-06,-40.816658634175546,-40.85070551629067
375,375,8.214323437660477e-06,8.103268483912535e-06,-40.85275948479946,-40.91127077742003
376,376,8.181385271303408e-06,8.010302041695563e-06,-40.87090718920344,-40.961384140912344
377,377,8.037658672131414e-06,8.041093200230726e-06,-40.948828470777016,-40.944722104442086
378,378,8.032189041316706e-06,7.918561311127728e-06,-40.9575894273873,-41.011410225903184
379,379,7.985304636321481e-06,7.868241266949458e-06,-40.97516627078754,-41.03909637883931
380,380,7.879034568496845e-06,7.87492085931406e-06,-41.04121025017322,-41.03541108327274
381,381,7.72745418722367e-06,7.709415584893003e-06,-41.11222731043826,-41.1276584883193
382,382,7.728662432182505e-06,7.746263619130906e-06,-41.11802032707217,-41.106950335610634
383,383,7.6210953030220984e-06,7.60628427087795e-06,-41.17729433715255,-41.18614753940449
384,384,7.784028470662624e-06,7.566899105433167e-06,-41.08791507013157,-41.208693630113416
385,385,7.557368584476188e-06,7.526108579201575e-06,-41.215761418855706,-41.232168266789735
386,386,7.641307369452726e-06,7.489298600136719e-06,-41.1672093038427,-41.25346159919259
387,387,7.492223091700448e-06,7.419383875553888e-06,-41.248259725382525,-41.29419464414781
388,388,7.559555816095378e-06,7.497025906463693e-06,-41.20973858850177,-41.24898294694705
389,389,7.474828124163041e-06,7.3566862547044075e-06,-41.259440379286154,-41.331050714730225
390,390,7.548748989083646e-06,7.329351702585547e-06,-41.21874999356859,-41.347217442466544
391,391,7.400457645379686e-06,7.29417680352191e-06,-41.30247724317566,-41.3681102030889
392,392,7.3325967249045264e-06,7.263448112912317e-06,-41.350868469242776,-41.386444678204164
393,393,7.52015228162114e-06,7.2693539167582795e-06,-41.24594168208911,-41.38291492784019
394,394,7.2992801946871695e-06,7.1886935362080725e-06,-41.36269685146664,-41.43137336835242
395,395,7.237261169646763e-06,7.2027833323916545e-06,-41.393611833982504,-41.422869553567274
396,396,7.38950937318936e-06,7.264739786861403e-06,-41.31853430335739,-41.385672432038504
397,397,7.199875030376452e-06,7.138589042274122e-06,-41.42409464953579,-41.46174925271718
398,398,7.156090188012986e-06,7.111845948920266e-06,-41.452162405672304,-41.47804965549702
399,399,7.139766117670098e-06,7.066362430027527e-06,-41.45785447951171,-41.505913978698565
400,400,7.213226121935223e-06,7.142429814465638e-06,-41.420766095131015,-41.45941324822623
401,401,7.182062023444421e-06,7.073285288290783e-06,-41.427796971398855,-41.50166131350794
402,402,7.109383326697405e-06,7.013460976610843e-06,-41.487415768764244,-41.53854921388909
403,403,7.0811479792947585e-06,7.065624734088105e-06,-41.502707211149314,-41.50636738595458
404,404,7.027687440041546e-06,6.997584406283415e-06,-41.53263571376308,-41.54839160558432
405,405,7.082120721383241e-06,6.97688837566315e-06,-41.50048479337262,-41.56125531587561
406,406,7.107623168474337e-06,7.047536847063671e-06,-41.48077932782022,-41.51749951078702
407,407,6.9915388699020284e-06,6.9133833389251345e-06,-41.54997464464305,-41.600966676112286
408,408,7.200497190386102e-06,6.897366706413634e-06,-41.43414593187479,-41.611039899093015
409,409,6.925186594859961e-06,6.887052294539324e-06,-41.59543740927348,-41.61753925607978
410,410,7.004886393803748e-06,6.952933314383508e-06,-41.54493178543053,-41.57619242191268
411,411,6.978409399699117e-06,6.842557922936976e-06,-41.557184387000355,-41.64568823832482
412,412,6.81912275730301e-06,6.868389080313807e-06,-41.66845146806211,-41.62932417188942
413,413,7.0648438897066076e-06,6.833886896186557e-06,-41.50819920646423,-41.65119519517585
414,414,6.8896441419936535e-06,6.823894277898178e-06,-41.614979990677696,-41.6575501655791
415,415,6.933745071270921e-06,6.841433452408589e-06,-41.598176710233886,-41.64640199403139
416,416,6.765577714740522e-06,6.910223826133388e-06,-41.68661143829979,-41.602951916257595
417,417,6.903722782432673e-06,6.785445197908159e-06,-41.61171942443965,-41.68208958974557
418,418,6.838041930133897e-06,6.731930074908489e-06,-41.65241280858558,-41.71647710000424
419,419,6.856670824135174e-06,6.794859066423286e-06,-41.63871654015969,-41.67606852906127
