,epoch,train_loss,test_loss,train_dbs,test_dbs
0,0,0.0006854568617706446,0.0006762872983113324,-18.629894638670365,-18.687198313202146
1,1,0.000677594628794714,0.0006667438459484593,-18.677660936573456,-18.748920462825897
2,2,0.0006764873432609992,0.0006612031199773284,-18.68928153383045,-18.7851616793899
3,3,0.0006731468332048083,0.0006592125006902375,-18.710312450030017,-18.798256277990074
4,4,0.0006652760767070673,0.0006557218975534564,-18.75018999386217,-18.82131375133216
5,5,0.0006587185324457733,0.0006481943878737327,-18.79592851617148,-18.87145795569987
6,6,0.0006566659731012722,0.0006450860068741205,-18.823205592370265,-18.892334407870944
7,7,0.0006479384076359115,0.0006431119982153177,-18.87039446553288,-18.905644500502603
8,8,0.0006473545043863664,0.000639123765531143,-18.87869853540003,-18.932660952264033
9,9,0.0006403933404032717,0.0006328234540935801,-18.92362064512863,-18.97568495242985
10,10,0.0006405042265973909,0.0006300942776234526,-18.937221484270744,-18.994455266543007
11,11,0.0006300175614107746,0.0006203644382032124,-18.994771406232225,-19.06204167780928
12,12,0.0006272376115318656,0.0006216929943643903,-19.013877081273506,-19.052750886343148
13,13,0.0006233065367493894,0.0006155047296105247,-19.046464480913226,-19.096196676712424
14,14,0.000615820571295341,0.0006104390026609364,-19.091681953447743,-19.13208787994613
15,15,0.0006141239709998528,0.0006109708797578749,-19.103291674799777,-19.128305508341366
16,16,0.00061584416940117,0.0006051295510444202,-19.100645707642574,-19.170027002279422
17,17,0.0006095997613528263,0.0006023213469521387,-19.14006757974053,-19.190228067884494
18,18,0.0006094910852495849,0.0005990716500060731,-19.14776082135155,-19.213722942537608
19,19,0.0006069182454291539,0.0005960499402135611,-19.154784084794414,-19.235684133699028
20,20,0.0006047579785088826,0.0005948522838910943,-19.176876515503267,-19.24441928754939
21,21,0.0005999395849432834,0.0005928254073583766,-19.21165213101788,-19.259242537236
22,22,0.0005957184211811839,0.000587659590804067,-19.24476233669273,-19.29725233741553
23,23,0.000596468449094976,0.0005894239691674317,-19.23526610924995,-19.28423269484909
24,24,0.0005900443179926538,0.00058623559858748,-19.28604704083711,-19.30778875107263
25,25,0.000589426422669293,0.0005816680771347723,-19.284485351913464,-19.341758324376745
26,26,0.0005905128284549513,0.0005845525761527058,-19.280076764145875,-19.320274833108392
27,27,0.0005877445249088569,0.0005816781930135269,-19.302668577177567,-19.341682796213966
28,28,0.0005862906835637218,0.0005792275984085313,-19.3061644242916,-19.360018156464967
29,29,0.0005842738961272864,0.0005725635534250422,-19.323489828252878,-19.410273626027887
30,30,0.000578236638342712,0.000574693797572859,-19.367434607438913,-19.39414552118835
31,31,0.0005776769848847666,0.0005745952734478602,-19.373181377106725,-19.39489012905081
32,32,0.0005747258900808766,0.0005734053740621006,-19.392734221230334,-19.40389303202713
33,33,0.0005717487920546116,0.000565146724080765,-19.41125720355473,-19.46689847600449
34,34,0.0005715638957197595,0.0005683353183006769,-19.41780759175446,-19.44246416693169
35,35,0.000574267756184275,0.0005664274243539886,-19.402716105004345,-19.457067899724727
36,36,0.0005683957937547995,0.0005609379885228057,-19.443980307288005,-19.499362092979883
37,37,0.0005649938812172136,0.0005607519108851097,-19.4676217463702,-19.50080299909914
38,38,0.0005623026812189864,0.000554403299343233,-19.484253158067435,-19.550252559533522
39,39,0.0005626746491749876,0.0005597476816834195,-19.49217918577016,-19.50858758591246
40,40,0.0005630319566014654,0.0005573326090693866,-19.48484203532462,-19.52736608111071
41,41,0.0005629313383587473,0.0005558705214705123,-19.496400320497877,-19.53877418667473
42,42,0.0005626922848960865,0.000549550943297187,-19.496285759546655,-19.588431044565013
43,43,0.0005548393891490612,0.000553389824314141,-19.54659051011884,-19.55819893013428
44,44,0.0005549166385161201,0.0005457299963669165,-19.541796411477485,-19.618732364329123
45,45,0.0005534002275359769,0.0005503242994707666,-19.555831050024782,-19.582323726916226
46,46,0.000551947217300227,0.0005451284783990367,-19.570076001276036,-19.623521912501246
47,47,0.0005510049084796733,0.0005443271948024631,-19.576083461575937,-19.62991029737527
48,48,0.0005455829104715862,0.000540948929387684,-19.620596433846526,-19.656947965193055
49,49,0.0005462715797097489,0.0005364265801434062,-19.618018703784863,-19.693407729497526
50,50,0.0005447573458161397,0.0005359806236810982,-19.631169249134025,-19.697019723919475
51,51,0.0005435189910319432,0.000537029283709432,-19.63133004220254,-19.68853094100035
52,52,0.0005449250780919701,0.0005372890001653056,-19.624396789771758,-19.686431127052554
53,53,0.0005373588388728112,0.0005352384545595238,-19.691382771165514,-19.703037540671584
54,54,0.0005399746509489709,0.0005351875412375911,-19.664381923931508,-19.70345067291752
55,55,0.0005362615488546411,0.0005294641902621247,-19.691829362039783,-19.75014469721943
56,56,0.0005361756439483964,0.0005300417971356135,-19.696645759856267,-19.745409443134964
57,57,0.0005395992835455565,0.0005266486857037403,-19.669151968015612,-19.77330057417291
58,58,0.0005349940530350912,0.0005317608133497599,-19.711816033420206,-19.731347320834892
59,59,0.0005339926664391052,0.0005256061466704858,-19.711076228191054,-19.7819062670817
60,60,0.0005332466038472028,0.0005246138959926995,-19.722526229799524,-19.790112721057913
61,61,0.0005296191000187597,0.0005242692744727002,-19.750560363589106,-19.792966560915026
62,62,0.0005297615257639092,0.0005231376271694899,-19.748550020833328,-19.802351039281717
63,63,0.0005283097384891175,0.0005257911336804299,-19.769059100927194,-19.78037803717331
64,64,0.0005267967521597046,0.0005211623823637829,-19.782789670818513,-19.81878001437885
65,65,0.000525189227887823,0.0005181335834908838,-19.789742141769974,-19.844093195694125
66,66,0.0005246398135774874,0.0005197089906830929,-19.79267807951556,-19.830908321747717
67,67,0.0005165008901853652,0.0005181874102594233,-19.848403386324684,-19.84364204843922
68,68,0.0005212345868037035,0.0005162555255657552,-19.82131837292522,-19.859863491082464
69,69,0.0005169948403958769,0.0005162209394927087,-19.854298130051028,-19.86015445249783
70,70,0.00051876998472882,0.0005191343202329192,-19.834857149750256,-19.835713208649498
71,71,0.0005198744975976146,0.0005124451816204543,-19.8291931635639,-19.892036481847164
72,72,0.0005173910176381469,0.0005098511648707484,-19.85533228651822,-19.91407646236904
73,73,0.0005178702596128563,0.0005109566585528419,-19.85244620046625,-19.904669990698526
74,74,0.0005145486709469757,0.0005070905271598971,-19.879606011666432,-19.93765564451605
75,75,0.0005132294369179794,0.0005030876812892721,-19.88540074165752,-19.972073788911725
76,76,0.0005100366576051474,0.0005070656678933455,-19.912311698762927,-19.937868555354484
77,77,0.0005123489536345005,0.0005024539040230019,-19.89313224572511,-19.97754837116601
78,78,0.000510225514161218,0.0005047505056657093,-19.91087537128947,-19.95774299423298
79,79,0.0005073851747342299,0.0005053974945392264,-19.928037304280625,-19.952179775061403
80,80,0.0005100523403692107,0.0005033736830993899,-19.920935472186958,-19.969605556832747
81,81,0.0005096806220460645,0.0005063276912551373,-19.926534869463527,-19.944193823534082
82,82,0.0005069973424902742,0.0005013151615122823,-19.936501687994188,-19.987402227353833
83,83,0.000504555721039951,0.0005002816109672973,-19.95835815499436,-19.99636522464195
84,84,0.0005036723444756773,0.0005039787517345854,-19.96895135201623,-19.964388355941512
85,85,0.0005029409547149175,0.0004998604509685384,-19.966597473158238,-20.000022854517383
86,86,0.000505769401176631,0.0004956645808354216,-19.950791509137538,-20.036631758916133
87,87,0.0005025180346529316,0.0004965655634326762,-19.97552384877313,-20.028744639580292
88,88,0.0004990985473022633,0.0004972236163571085,-20.002412955881116,-20.02299314215081
89,89,0.0004995428745817277,0.0004957925871406731,-20.002683736544704,-20.035510330091487
90,90,0.0004987340464290308,0.0004952667100281504,-20.0051002658708,-20.040119248048565
91,91,0.0004980942155186509,0.0004933917738717833,-20.009180784934667,-20.056591577292153
92,92,0.0004952838263335187,0.0004951746622713184,-20.045423403120846,-20.040926480744954
93,93,0.0005001853938459313,0.0004938191865987488,-20.004826343642712,-20.052831023411635
94,94,0.0004974966367692255,0.0004887886262670355,-20.017334082328393,-20.09729970465466
95,95,0.00049778324739105,0.0004908671682259362,-20.016125860600088,-20.078870769455687
96,96,0.0004944590693843772,0.0004927392889696517,-20.045864237441204,-20.062338696403422
97,97,0.000494293521696068,0.0004839349176587635,-20.052516635838057,-20.140641029605927
98,98,0.000493470438667237,0.00048685440713980874,-20.058689993159167,-20.11451956408083
99,99,0.0004911433248876681,0.0004887652712089843,-20.0766028902431,-20.097507222068568
100,100,0.0004892068820256624,0.0004855283845436612,-20.083431177487945,-20.126364377837092
101,101,0.00048811536386714693,0.000484381468451925,-20.090377543050963,-20.136635426439664
102,102,0.0004923885127711925,0.0004840028429354884,-20.07050702985827,-20.140031495106648
103,103,0.0004894126773110984,0.000484265203244592,-20.089459182800105,-20.137677980751775
104,104,0.0004904994344429986,0.0004826395996037479,-20.08347301671002,-20.1522811010193
105,105,0.0004876779446968828,0.00048158394699720174,-20.10062532646669,-20.161790602972932
106,106,0.00048703191977128693,0.00048330787563157315,-20.113659463236914,-20.146271899794222
107,107,0.00048745963686462683,0.00048276842694337433,-20.107501418859997,-20.151122026275537
108,108,0.0004875703436351314,0.00048384331565007175,-20.109395349509356,-20.14146316520798
109,109,0.0004809045199228009,0.0004783171032996554,-20.171091103834794,-20.191351517993198
110,110,0.0004853790307287895,0.00047693053095013296,-20.130240767877904,-20.20395937215556
111,111,0.00048266290074944034,0.00047689287672064414,-20.14758625429994,-20.204302266321594
112,112,0.0004833494526089275,0.00047699158312752843,-20.13696140213764,-20.20340346463657
113,113,0.0004850256775227404,0.00048023230383956904,-20.138605055443474,-20.17399691682502
114,114,0.00048176015273562257,0.0004786279888848137,-20.168921833436322,-20.188529707212407
115,115,0.0004824836448569465,0.0004729540822537322,-20.153800608772325,-20.240320837339333
116,116,0.0004792169835202434,0.0004730441417594097,-20.182444758772892,-20.23949393628426
117,117,0.0004790775497688806,0.0004752355927944575,-20.18289825617756,-20.219421024220672
118,118,0.00048129833255385616,0.0004732118855156985,-20.168632785418573,-20.237954179888668
119,119,0.00047883590636534865,0.00047569540880718514,-20.192459274779928,-20.215221022911514
120,120,0.00047820761977435697,0.0004746217700334168,-20.1955962904629,-20.225034074885496
121,121,0.00047936403827463306,0.000473204113261186,-20.182522546959603,-20.238025511042224
122,122,0.0004772358272733532,0.00047391672514526074,-20.19517790417914,-20.231490263271454
123,123,0.000476827296205153,0.0004728811572452909,-20.204859849396883,-20.240990529638772
124,124,0.0004782006204531518,0.00047103711403906345,-20.196155039538233,-20.257959346369315
125,125,0.00047456845761151967,0.0004719537116072484,-20.221650269182064,-20.24951656239879
126,126,0.0004756396231913613,0.00046717560555981964,-20.221134989125144,-20.293709049160945
127,127,0.00047294522477217863,0.0004721972003799716,-20.24555847987727,-20.247276542685817
128,128,0.0004714347635751072,0.0004696329691030673,-20.24252967307211,-20.270924845354507
129,129,0.0004736423143185675,0.0004697070061841882,-20.24050234521564,-20.27024023921191
130,130,0.00047456675248710225,0.0004678843297848576,-20.23206383416142,-20.287125619213164
131,131,0.0004715019550184076,0.0004668045118083491,-20.2593163986368,-20.297160171385418
132,132,0.0004669594624651039,0.0004652951320167631,-20.28676950122386,-20.311225532141606
133,133,0.0004725291786148914,0.00046669731627365475,-20.245412907739883,-20.298157586237892
134,134,0.0004719352288430883,0.00046452705435896,-20.25998975874881,-20.318400494606827
135,135,0.00047266783946452986,0.00046384203750149985,-20.239734337827684,-20.324809563969552
136,136,0.0004691233277589697,0.0004627355879883429,-20.271118969555676,-20.335181606920916
137,137,0.00047080037928157555,0.00046859416455079456,-20.270838638033787,-20.280541861383952
138,138,0.00046694300139860545,0.0004647305958267105,-20.29569586346945,-20.316497966547388
139,139,0.0004696719106598805,0.0004635834851988444,-20.275870506604452,-20.327231059571886
140,140,0.00047050396666967686,0.0004635502179888518,-20.26078256963161,-20.327542724775828
141,141,0.0004681139646131622,0.0004619253756429412,-20.28901664310157,-20.342792414658454
142,142,0.0004721610757675905,0.00046349582752506986,-20.249722799246236,-20.328052332220466
143,143,0.00046797711840235466,0.0004641446575988084,-20.287372767831215,-20.321977061225127
144,144,0.00046711089749599703,0.0004627299449087954,-20.293217416923582,-20.335234569634736
145,145,0.0004700996112510485,0.0004601808016703121,-20.272506921210617,-20.359225657862538
146,146,0.00046833627587232316,0.0004617166521615888,-20.28648585578882,-20.34475524127329
147,147,0.00046814401146773365,0.00046012448422659774,-20.283991857818414,-20.359757184855702
148,148,0.00046729695168323815,0.0004636076153378542,-20.293500231365282,-20.32700500938189
149,149,0.0004705261731923548,0.0004642341534092434,-20.26514724062524,-20.321139740590816
150,150,0.000465786202448257,0.00046240057685951655,-20.31260511888466,-20.33832694912055
151,151,0.0004674706673465631,0.0004632346650683566,-20.293069471582893,-20.330500107873473
152,152,0.00046500528126849417,0.0004642021774902548,-20.31527322149113,-20.32143888797904
153,153,0.00046833484138352507,0.00046327386486442074,-20.287775317830953,-20.330132615193534
154,154,0.0004641588524670446,0.0004610861406514519,-20.319852918432936,-20.35068993749166
155,155,0.00046722719640250214,0.00046007681981121237,-20.296517659869927,-20.360207094946304
156,156,0.00046337801439822027,0.00046132362790797884,-20.332704790852702,-20.34845363404331
157,157,0.00046426366526182243,0.0004640750963804557,-20.314878579242443,-20.322627985819484
158,158,0.00046875808518811985,0.0004635859391112861,-20.276282088729317,-20.327208070879536
159,159,0.0004652330430450168,0.00046099634461202905,-20.308677664779886,-20.351535803781594
160,160,0.00046744984820648334,0.00046324338855859086,-20.300378949573936,-20.33041832366591
161,161,0.00046721923365449706,0.00046632002953341916,-20.29738531133331,-20.301669923045928
162,162,0.0004681862363250945,0.0004618126764207294,-20.2917505824173,-20.343852123099712
163,163,0.00046861722234866975,0.0004610092651809713,-20.27919601542521,-20.351414083658955
164,164,0.00046902837486188743,0.00046419347084960654,-20.271529746104704,-20.321520345620428
165,165,0.0004698397575507958,0.0004653450221092881,-20.279317265925133,-20.310759895841475
166,166,0.00046763303911687864,0.000463015896170155,-20.293852123165053,-20.332551607349828
167,167,0.00046923012741524535,0.0004637847795445276,-20.27602057469859,-20.32534570230304
168,168,0.00046889073624678876,0.00046581857972533296,-20.284117853370056,-20.306342552276135
169,169,0.0004685360889704226,0.00046663067156546995,-20.27749458862399,-20.29877780612713
170,170,0.00046578013084915264,0.0004649752686657992,-20.303313644192485,-20.314212080862475
171,171,0.00046766355223281633,0.00046446530368963356,-20.29284908918957,-20.31897785080894
172,172,0.00046955356878449313,0.0004630876141355226,-20.276495669820733,-20.331878967276047
173,173,0.0004681238122092387,0.00046730292869094566,-20.282600764281188,-20.29252559268587
174,174,0.0004692054401660703,0.00046587101716891324,-20.26756619894656,-20.30585369219887
175,175,0.0004685194400792039,0.00046489583052645783,-20.283622937388266,-20.314954109422835
176,176,0.0004696895529818481,0.0004673888738340649,-20.27484847378694,-20.29172692297662
177,177,0.00046780040654469015,0.0004649939318800247,-20.29073747700231,-20.314037766897044
178,178,0.00047398490540817687,0.0004631470793882679,-20.23231304659637,-20.331321323919603
179,179,0.0004688343897308271,0.00046875422642762333,-20.277628299504237,-20.279058656393907
180,180,0.0004713697630201572,0.00046876437906911105,-20.259726200093965,-20.27896459455558
181,181,0.0004675419942341438,0.00046827942041043,-20.294010659837376,-20.283459899648847
182,182,0.0004708204258199704,0.0004665167683637456,-20.269625367155648,-20.29983803584237
183,183,0.0004713891809758221,0.00046457837819808016,-20.25375480441541,-20.317920685548316
184,184,0.00047378729640016546,0.0004710742244864569,-20.242535664365317,-20.257617202890657
185,185,0.0004718004835087844,0.0004663347116499943,-20.255401282801596,-20.30153318729731
186,186,0.00046771057832208416,0.00046405611761943683,-20.282715282397877,-20.322805598016135
187,187,0.000470792583655566,0.00046456970525660406,-20.268019518343216,-20.31800176219674
188,188,0.00047315638026308997,0.0004660197852277442,-20.241146114524973,-20.304467067340756
189,189,0.00047319524917876365,0.00046660460831940567,-20.239881227665002,-20.29902038426778
190,190,0.0004745611831541029,0.0004684531564922317,-20.22619244757984,-20.281848924983088
191,191,0.0004740785453324542,0.00047006171294733097,-20.233835042167364,-20.266961832640035
192,192,0.00047338253952870047,0.0004695991228800267,-20.23430687711897,-20.271237850585727
193,193,0.0004711376056651172,0.00047068860179646626,-20.252439963136485,-20.26117380570074
194,194,0.0004701006922933283,0.00046689683834924117,-20.259934184493616,-20.29630129060161
195,195,0.0004730552897582157,0.00046686751241060466,-20.237692088900356,-20.296574080911505
196,196,0.00047441044211454846,0.00046615673100428755,-20.22093725389222,-20.30319102585151
197,197,0.00046996694969099744,0.00047166133912182167,-20.268591718196014,-20.252207824286703
198,198,0.0004759311073546096,0.0004667981227516736,-20.211443690327698,-20.29721961277849
199,199,0.0004776226780881395,0.00046818550081776555,-20.204015188295944,-20.28433102167486
200,200,0.0004742542322552235,0.000471755422615005,-20.223367849007982,-20.25134161237018
201,201,0.0004736558623016649,0.00047336709011640206,-20.228309267861064,-20.23653000918573
202,202,0.00047325754337752064,0.00047256413075190623,-20.23685890624927,-20.243903080234823
203,203,0.0004726303231268737,0.00047130223002137716,-20.241681680707284,-20.25551567441724
204,204,0.000476080274687043,0.00047149515012279153,-20.21764610225034,-20.253738322497803
205,205,0.00047638701135772714,0.0004723959427792579,-20.209489716193403,-20.245449031460932
206,206,0.00047569204729108007,0.0004718458344302091,-20.214042916297842,-20.250509367769638
207,207,0.0004775476571143672,0.0004708558063660013,-20.199310726148,-20.259631318229477
208,208,0.00047567461499675495,0.00047090849808515295,-20.2282163956343,-20.259145342645454
209,209,0.00047750728260053646,0.00047562151264987494,-20.200323124364132,-20.21589572327045
210,210,0.00047751873000716964,0.000474013558184532,-20.20378692906714,-20.230602981674753
211,211,0.00047772741707320296,0.0004713998197602402,-20.19764500409437,-20.254616499853235
212,212,0.00047589339839160136,0.00047043148324040597,-20.21224556774465,-20.263546832791448
213,213,0.00047438061128840926,0.000473021929409649,-20.22962922247624,-20.239697869206637
214,214,0.0004743438231465935,0.0004743637048369764,-20.22441450013305,-20.227396098257103
215,215,0.00047784089260811426,0.00047392120407159,-20.191039805154197,-20.231449218849626
216,216,0.00047659185191750833,0.00047285907050153534,-20.208314109107985,-20.241193379230165
217,217,0.00047652516424051035,0.00047400788753293455,-20.210571496461153,-20.230654936885447
218,218,0.0004774902064530851,0.0004734006881909935,-20.19729246560499,-20.236221771859995
219,219,0.0004784582040546289,0.00047198480062529837,-20.193207846199037,-20.249230488913774
220,220,0.00048111266301724024,0.000472915761699704,-20.166266439294695,-20.24067273364459
221,221,0.0004810310906812203,0.00047164735396539693,-20.174905759161675,-20.25233659817183
222,222,0.00047709236819220267,0.00047381506699725593,-20.19509052958268,-20.232421952453024
223,223,0.0004781562092080328,0.00047848533263037866,-20.195070312137116,-20.189824325585718
224,224,0.00047693689072927096,0.00047113308928122645,-20.198334774266975,-20.257074548313337
225,225,0.00047654055476611116,0.00047299656312373514,-20.209763049278045,-20.239930770319848
226,226,0.0004772635407208167,0.0004751799860969186,-20.204768854164623,-20.219929216267648
227,227,0.0004775779929069668,0.0004719346884245935,-20.200400419987904,-20.249691618332438
228,228,0.00047857042452435674,0.00047418741374521663,-20.192639472392013,-20.229010397112308
229,229,0.00047794172957962014,0.0004731628945783565,-20.192052071226488,-20.238403821916698
230,230,0.0004796587298600214,0.0004727036713647019,-20.18324074869525,-20.242620867544552
231,231,0.00047350806794993423,0.0004748090547141864,-20.235279609792034,-20.22332069667324
232,232,0.0004814807397611055,0.0004774070341801761,-20.172251697462972,-20.199622484492842
233,233,0.00047894958592711265,0.00047432416039028843,-20.18730915529106,-20.227758154853923
234,234,0.0004799750059862266,0.00047455183046526814,-20.18129833140371,-20.225674092023617
235,235,0.0004784183741124712,0.0004756309913079205,-20.189540917427045,-20.215809173613696
236,236,0.0004800778184177296,0.0004743346255150084,-20.183229637281265,-20.227662336505198
237,237,0.0004741172942323322,0.00047397976710559115,-20.218589254049768,-20.23091258889954
238,238,0.00048342349965451765,0.00047490442949837367,-20.155841430519523,-20.22244841796365
239,239,0.0004800948921648651,0.0004740647242502554,-20.17453677730403,-20.230134219960924
240,240,0.0004785578996759177,0.0004742496699021247,-20.183955153069792,-20.228440248476943
241,241,0.0004771332938785751,0.00047529067255948717,-20.202926625446715,-20.218917706449968
242,242,0.0004781445094681892,0.0004763619860903801,-20.196600906983356,-20.209139648307254
243,243,0.0004776722512126315,0.0004787508667887826,-20.200459237757386,-20.187414888442
244,244,0.0004798584223422462,0.00047665829525182123,-20.177742962202867,-20.206439066999234
245,245,0.0004807247746659001,0.00047628681549165204,-20.168010807809637,-20.209825025252933
246,246,0.0004808116213961015,0.000475331443962396,-20.161150174105096,-20.218545175767044
247,247,0.0004822714875341806,0.0004786672024669028,-20.161624617412244,-20.188173908029867
248,248,0.00047682063892896565,0.00047219217001264423,-20.198614518026645,-20.24732280878836
249,249,0.00047940803276490154,0.00047810143166172664,-20.173884109878628,-20.19331017940385
250,250,0.0004815631108022458,0.0004737026802582764,-20.158666358547176,-20.23345220103566
251,251,0.0004794844441216669,0.0004763665676460062,-20.176864740310577,-20.209097878921437
252,252,0.0004846212101893826,0.0004781834003025372,-20.14461444046693,-20.192565662136808
253,253,0.0004807070906384435,0.00047670668266762634,-20.161016014737406,-20.205998220352196
254,254,0.000479011703102571,0.00047354025790761963,-20.183478625716774,-20.23494155774611
255,255,0.0004807139417401409,0.0004751474556733707,-20.169201911403697,-20.220226540807072
256,256,0.0004818123563063168,0.00047657529572270026,-20.161035357071064,-20.20719536090096
257,257,0.0004825634667625862,0.0004761567504733409,-20.152053443610658,-20.211011164193042
258,258,0.00048165790677867523,0.0004776902956348893,-20.163192755377068,-20.19704643519432
259,259,0.00048240407948507014,0.0004767180408204072,-20.154418294858974,-20.205894745312037
260,260,0.00048380353057171345,0.0004764478837483023,-20.146600405238402,-20.208356598506324
261,261,0.0004808504192024162,0.00047892393807782546,-20.167742869848425,-20.185845171743946
262,262,0.00048350203409070895,0.00047566853065386807,-20.14507569089499,-20.215466418667827
263,263,0.0004795705908597399,0.0004770075810435963,-20.17336059858282,-20.20325780818462
264,264,0.0004792563778050628,0.0004799036113055129,-20.182061140943738,-20.17697044082528
265,265,0.00048186105301546066,0.0004755338978659558,-20.15644371148502,-20.21669581580793
266,266,0.0004810754377178886,0.00047387529660849586,-20.172254144859373,-20.231869928525196
267,267,0.00048511992292670707,0.0004781700370490159,-20.132325180812888,-20.192687031225645
268,268,0.00048237674288720506,0.0004766246129292995,-20.15997909458325,-20.20674596533318
269,269,0.0004826791529884543,0.00047709416187564403,-20.159872187708608,-20.202469599212588
270,270,0.0004804046178289411,0.00047566519903117105,-20.171739519117928,-20.215496837127887
271,271,0.00048114556684782827,0.0004787897541016144,-20.169408484978852,-20.187062140056824
272,272,0.00047883082459651934,0.0004778725453529899,-20.189435617733906,-20.19538981891616
273,273,0.00048042233906129433,0.00047315614555325166,-20.180665025260932,-20.238465768559152
274,274,0.00048236198334465017,0.0004753793641851333,-20.154395771281397,-20.21810736674782
275,275,0.00047724905631447344,0.00047800184754458696,-20.19992015754777,-20.194214868963144
276,276,0.00047954771584907986,0.000472876568030762,-20.17504628798836,-20.241032677230972
277,277,0.0004802086890420694,0.0004752574727478388,-20.17682933829559,-20.21922107866896
278,278,0.000478652363808672,0.0004746731137856841,-20.18575763004021,-20.224564288127098
279,279,0.0004840821955477838,0.00047734963529939324,-20.13883894868581,-20.200144670260553
280,280,0.00048138367488605844,0.00047571279451643164,-20.16629957611988,-20.215062299924597
281,281,0.000481842493172735,0.0004739632575748194,-20.16654921425703,-20.231063863774228
282,282,0.0004801073603058407,0.0004737459913533377,-20.17134469179841,-20.233055139534244
283,283,0.00047941110666946884,0.0004730560544167498,-20.18726593535831,-20.239384569403903
284,284,0.00048101117586016117,0.00047647829265578796,-20.171985012226372,-20.208079422350327
285,285,0.0004773415425869147,0.00047499972769353345,-20.192821604427557,-20.22157701467272
286,286,0.00047714609446330476,0.00047612133264345556,-20.20484786206927,-20.211334216216606
287,287,0.0004808403597784603,0.0004745044708742123,-20.16810663035304,-20.226107533307317
288,288,0.00047706348729108645,0.000476522616257793,-20.195558969391104,-20.20767544590911
289,289,0.0004781658533773356,0.0004725213603753793,-20.197127127252585,-20.244296165065805
290,290,0.00047799938936842623,0.00047541199264263635,-20.191480800431542,-20.21780929169801
291,291,0.00047839913047974947,0.00047125402641923805,-20.193966354711375,-20.25595988256486
292,292,0.00048201158852796504,0.00047515388149277945,-20.160653382016335,-20.22016780790201
293,293,0.00048071679481564414,0.0004730682458581501,-20.174362767564414,-20.239272645934115
294,294,0.0004775715621605938,0.00047247708579035183,-20.19559417332863,-20.24470311193557
295,295,0.0004795000200716721,0.0004720571803198637,-20.177721620719844,-20.248564541791765
296,296,0.000475442567456168,0.0004757428112880964,-20.21291316021164,-20.214788275193996
297,297,0.00047818449903135523,0.0004743998180952315,-20.19756961861113,-20.22706548291593
298,298,0.0004781392509761007,0.0004717916139940682,-20.198396668498656,-20.25100845004509
299,299,0.0004780244036606446,0.00047331834579572866,-20.20011309270803,-20.236977240942092
300,300,0.0004768607803121132,0.0004688663864630814,-20.205417891918334,-20.278019633060755
301,301,0.0004733755243054025,0.0004744844520341997,-20.232156676290348,-20.22629076140499
302,302,0.00047405386468414796,0.00047104874638056283,-20.22368712420746,-20.25785209793396
303,303,0.00047930990274966764,0.0004729811442207153,-20.18281027499122,-20.240072345421396
304,304,0.00047291078323920824,0.000470149246546881,-20.234436954858964,-20.266153176689123
305,305,0.0004740470891924018,0.00047277821393340434,-20.2309608933858,-20.24193606486721
306,306,0.00047654960965785707,0.0004678357126019699,-20.217065288415938,-20.287576911764702
307,307,0.0004790527590060818,0.0004708148189820349,-20.18637386261076,-20.260009382368175
308,308,0.00047187433642882507,0.0004704832375098608,-20.245731692780016,-20.26306907230655
309,309,0.00047198182737608394,0.00046799362692246705,-20.24260274971403,-20.286111231736097
310,310,0.0004757463925436485,0.000467415356788,-20.22014691094123,-20.291480852186933
311,311,0.00047289940904221046,0.0004671591986583448,-20.241293212661517,-20.293861573218578
312,312,0.00047460585423341964,0.00046423180059431806,-20.229351139197654,-20.321161751404127
313,313,0.0004722196761801954,0.0004686285177931974,-20.2426966181583,-20.280223486169632
314,314,0.0004730596304295066,0.00046705442640048106,-20.24379599422408,-20.294835697603343
315,315,0.0004708213985479946,0.000467071442950615,-20.259495382308977,-20.294677470664823
316,316,0.00047067581878773405,0.00046477657375170996,-20.26662437078774,-20.316068320391093
317,317,0.00047050110699330485,0.0004702827963659442,-20.263887757332736,-20.264919702132286
318,318,0.0004713226037133562,0.00046628449222465093,-20.26260341774304,-20.302000902721602
319,319,0.00047008847768572113,0.00046583433562007387,-20.25978532952401,-20.306195658555705
320,320,0.00046872957543585183,0.0004671341923408602,-20.275591390445307,-20.29409405063528
321,321,0.0004698034503722813,0.0004645701693861108,-20.261383216375055,-20.317997423369206
322,322,0.00046802768435751655,0.00046543992970040753,-20.280654304991987,-20.309874238135546
323,323,0.0004680147190511073,0.00046860843921374336,-20.290540339778644,-20.280409565393196
324,324,0.0004699565314198124,0.00046910493371174917,-20.267431960307697,-20.275810615497534
325,325,0.0004722599744839959,0.00046478356632992233,-20.255402348802352,-20.316002981140816
326,326,0.00047171750188728355,0.00046269410583925873,-20.259115442964323,-20.33557094970032
327,327,0.0004694122480847825,0.00046861711981412217,-20.27200699603542,-20.28032911652349
328,328,0.00046738588518808723,0.00046127824584561353,-20.29006947292496,-20.34888088614065
329,329,0.0004664005786084484,0.0004620134377067811,-20.299092566688515,-20.341964548831108
330,330,0.00046910108013088173,0.0004630431327601208,-20.275756419853458,-20.33229614413718
331,331,0.0004674917262181947,0.00046597708990846415,-20.29378371799662,-20.304864973000612
332,332,0.00046881132899572326,0.0004619812412113932,-20.2793853828743,-20.342267207723165
333,333,0.0004677382515642562,0.00046345711177165965,-20.28955562468697,-20.328415113055733
334,334,0.00046629610035770104,0.00046399068914500897,-20.307191047667207,-20.323417964229638
335,335,0.0004653883185813722,0.00046208678089131256,-20.31114481296428,-20.341275174675513
336,336,0.0004678376543470034,0.00046847978802888016,-20.29207816358297,-20.281602035822406
337,337,0.0004673161710127612,0.00046247483451703663,-20.295165006778113,-20.337629564573987
338,338,0.00046769216639882665,0.00046005977722080916,-20.287194594397924,-20.36036797329837
339,339,0.0004630895270293905,0.0004632346191149401,-20.329598790599608,-20.33050053869866
340,340,0.00046723508684099027,0.00046397502209354,-20.29019801534233,-20.323564610036023
341,341,0.00046611443574818754,0.0004621059296799726,-20.302406580000373,-20.341095207593835
342,342,0.000465958855371711,0.00046035682470047553,-20.306730942071027,-20.357564762545937
343,343,0.00046618709541117946,0.000461346918631247,-20.306371442726842,-20.348234378478367
344,344,0.00046543282013837746,0.0004584623675327748,-20.304769549170008,-20.37547369320349
345,345,0.0004658997958986876,0.000459098577266559,-20.30658728887381,-20.369451152192774
346,346,0.00046692628469846223,0.00045946361282595287,-20.304882036372923,-20.365999389444454
347,347,0.00046577242883546376,0.00045956532152271584,-20.309729438555763,-20.3650381242591
348,348,0.0004664491451004539,0.0004611985166679676,-20.298350767690522,-20.34963160298018
349,349,0.0004625928674622909,0.00046209632235236074,-20.334126769021914,-20.3411854997211
350,350,0.00046391640465764196,0.0004578792202090354,-20.32757257788464,-20.381001275982953
351,351,0.00046394691537326375,0.00045873723176651095,-20.324595614048448,-20.372870726005317
352,352,0.0004648481097826062,0.00046002780896072323,-20.317088845216524,-20.360669762805486
353,353,0.0004657639437187079,0.0004588462072302048,-20.314952589670526,-20.37183915894
354,354,0.0004620854250760269,0.00045904814186015805,-20.349095780628236,-20.36992828331481
355,355,0.00046513378158086893,0.0004570123319832706,-20.322645613048074,-20.38923142926496
356,356,0.0004599686677822094,0.0004587806791900412,-20.361257254499527,-20.372459421199586
357,357,0.0004653153018713881,0.00045900256985700443,-20.313509226535817,-20.37035945055345
358,358,0.00046315304778957953,0.00045955703305815786,-20.33056529566624,-20.365116451902928
359,359,0.0004590905479097873,0.0004600842489468816,-20.360389906779197,-20.360136967384165
360,360,0.00046344155526105505,0.00045846450743020366,-20.33169362978721,-20.375453422325393
361,361,0.00046256477236459703,0.00045638140076526294,-20.334497551292486,-20.395231251251857
362,362,0.00046230934844736357,0.00045737448319988817,-20.34423517652291,-20.385791303475663
363,363,0.00046270861339601734,0.0004576842689666113,-20.339859025548243,-20.382850765419906
364,364,0.00046304777233390924,0.0004591104761378742,-20.33607769856267,-20.369338593639053
365,365,0.0004645232513268507,0.00045831141515487904,-20.32012903975521,-20.376903877761134
366,366,0.000457115266136057,0.0004565476510355151,-20.375498402761867,-20.393649494692767
367,367,0.00046026418147579836,0.00045645732346824124,-20.356683941972094,-20.394508827670226
368,368,0.0004616202720556139,0.00045368780755732015,-20.35260826004487,-20.420939539631725
369,369,0.0004593603185152385,0.0004537916301112426,-20.363114074605292,-20.41994580774997
370,370,0.00046148345824907123,0.0004542923829591784,-20.348938252630795,-20.415156069849747
371,371,0.00046238590052264945,0.00045449320551645204,-20.35011613978923,-20.413236670356817
372,372,0.00045978269940626223,0.0004556239123064044,-20.36757446915213,-20.40244553232501
373,373,0.0004575920339851381,0.0004570009033685844,-20.385853245289557,-20.389340035663697
374,374,0.00046235210317446243,0.00045603611292072425,-20.342564385965392,-20.39851826866353
375,375,0.00045814934383463305,0.0004565839297260697,-20.378203748907346,-20.39330440455551
376,376,0.0004587354658762012,0.00045468247232125387,-20.3794815522495,-20.41142849329876
377,377,0.00046001579498478507,0.00045330007101017003,-20.36370127554587,-20.424652750295213
378,378,0.00045996408887956407,0.00045490521618998364,-20.36209066622198,-20.40930145406499
379,379,0.00045842735862513026,0.00045505679047078287,-20.371096959265167,-20.407854627189224
380,380,0.0004586684637578185,0.0004523320500371291,-20.375705004310408,-20.433937013017264
381,381,0.00045913657426747696,0.0004533299177541937,-20.375692520891523,-20.424366806163704
382,382,0.0004587944416382072,0.0004538523789960891,-20.368736588752014,-20.4193644585592
383,383,0.000456725574247347,0.0004536667501700944,-20.390477639979842,-20.421141116997465
384,384,0.0004608300007452478,0.00045418826630339026,-20.362351375221284,-20.416151518444448
385,385,0.0004608795363648036,0.0004535168960788532,-20.36249094874205,-20.42257590488805
386,386,0.0004575153453918846,0.00045474431183385223,-20.38170828765962,-20.41083786721221
387,387,0.00045695578944677314,0.0004547255000369133,-20.384266038142208,-20.41101752924167
388,388,0.00045731339841293767,0.0004520754767949448,-20.38932367590357,-20.43640113108281
389,389,0.00045937567723665346,0.00045196112018617754,-20.367173824417346,-20.437499857496924
390,390,0.00045733885436328417,0.00045254827464783664,-20.387165662423868,-20.43186148646403
391,391,0.0004572938079345664,0.0004538329958450049,-20.39098513477822,-20.419549941233978
392,392,0.00045784300651650916,0.00044951859193756,-20.38627479244606,-20.461034034069176
393,393,0.0004576338003821594,0.0004525433806089782,-20.38153777070971,-20.431908453068086
394,394,0.00045837197043529723,0.0004527378891668233,-20.382596058491256,-20.430042204478276
395,395,0.0004556842412938815,0.0004520681165894003,-20.40955497027757,-20.43647183880395
396,396,0.0004537099214467537,0.0004517992982934964,-20.41768908007725,-20.439055100553748
397,397,0.00045661218722408504,0.0004522617857315038,-20.397953996395593,-20.434611689298766
398,398,0.0004553226439027865,0.0004506607763591762,-20.39359590742022,-20.45001301591885
399,399,0.00045428859410788286,0.00045217036140935595,-20.41361971391464,-20.435489700521195
400,400,0.00045488565108863654,0.00045002239149701044,-20.41149147201412,-20.456169388754276
401,401,0.0004569375989526587,0.00044906501639879455,-20.389291831166602,-20.465418386699575
402,402,0.0004538144528044906,0.00045050137621154517,-20.419126605390826,-20.451549401020138
403,403,0.0004523567733542091,0.0004506771311801123,-20.426011846303847,-20.44985541002152
404,404,0.00045468331915902494,0.00045067702701903487,-20.41709403764142,-20.449856413768618
405,405,0.0004525371946000792,0.0004503662961437122,-20.42357521947494,-20.452851801590498
406,406,0.00045163304930236,0.00044928832089920575,-20.44198156993671,-20.463259327223007
407,407,0.00045637218113604586,0.00044708093628287315,-20.398089524648096,-20.484649103556826
408,408,0.0004561852802373661,0.0004484622867924995,-20.41134451642698,-20.471251349786318
409,409,0.0004534566452121842,0.00044921828636066303,-20.421780442732395,-20.46393635315576
410,410,0.00045577130345243614,0.0004478742791290738,-20.408511046854127,-20.476949399601185
411,411,0.0004518060982779398,0.00044596974590891287,-20.43665776744512,-20.495456644638704
412,412,0.00045284582121950603,0.000446288688659766,-20.42838882267171,-20.4923518248405
413,413,0.0004519754381653536,0.0004453255264946309,-20.43854406440016,-20.501734720920307
414,414,0.0004507366003175794,0.00044510555668047776,-20.444765341446562,-20.50388046089324
415,415,0.0004511350545595333,0.00044391223070162694,-20.448795474686676,-20.515539512181974
416,416,0.0004513049318176723,0.0004459008678646856,-20.452019821405987,-20.49612744495726
417,417,0.00044976179151959023,0.00044503341288011715,-20.465042519225783,-20.50458443309399
418,418,0.00044883243930430065,0.000445665733423084,-20.46678010619194,-20.498418190095382
419,419,0.0004504162106499767,0.00044382577853914544,-20.451132561565156,-20.51638538555547
420,420,0.00045139438949150907,0.0004453633859827134,-20.452530836395777,-20.501365519809987
421,421,0.0004511788330213695,0.0004457778214648562,-20.453829596613154,-20.497326046503822
422,422,0.00044955094776970826,0.0004442884375365745,-20.45530036819194,-20.511860511071408
423,423,0.00045081331231391306,0.0004438449411138304,-20.447901339170013,-20.516197879078987
424,424,0.00044760464921056,0.00044044568264660865,-20.478704835168806,-20.549587048358884
425,425,0.00044746849639101203,0.0004426817391312828,-20.48101788128215,-20.527594546624684
426,426,0.00045050123404020195,0.00044121834339181846,-20.457419624229054,-20.54197502441272
427,427,0.00044679508806139075,0.0004440942215488145,-20.48838313177734,-20.513759398499314
428,428,0.0004463500829927201,0.00044241279522937377,-20.496706629120503,-20.5302338320705
429,429,0.00044690136174844173,0.0004381200246586415,-20.48593617119117,-20.57257958680447
430,430,0.0004457950834472923,0.0004420516641786028,-20.50069633676305,-20.53378032237073
431,431,0.00044866254794430566,0.00044279821266077066,-20.477570000833715,-20.52645202925129
432,432,0.0004447955600965346,0.0004411752743180841,-20.499148348146832,-20.54239897718624
433,433,0.00044594762742413763,0.00043824519410631373,-20.49730787773784,-20.571338998984857
434,434,0.0004462893847040064,0.00043868576789176777,-20.495787004045418,-20.566975171311206
435,435,0.0004439259121391308,0.000440235961976118,-20.52282251736724,-20.551655458259624
436,436,0.0004424205054072951,0.0004409495388819395,-20.52554338082328,-20.544621693404185
437,437,0.0004446406899135291,0.0004380682305628924,-20.51161749215488,-20.57309303559521
438,438,0.00043972549550763343,0.00043851134710406,-20.543956700860594,-20.568702262869856
439,439,0.000441270824893829,0.0004370522173734284,-20.540961978598894,-20.58317734161323
440,440,0.0004432392078595831,0.00043665360824793185,-20.526565142080848,-20.587140088583062
441,441,0.0004416020489873883,0.00043727824078431646,-20.531098525454233,-20.580931949807415
442,442,0.00044185802347708453,0.0004372383578141269,-20.531835696065365,-20.581328076168308
443,443,0.000438581415831313,0.00043725327429312627,-20.562475413892976,-20.58117991821501
444,444,0.0004407848512331389,0.00043677952214095156,-20.53964391295471,-20.585887932982146
445,445,0.0004382549719668963,0.000436162193134231,-20.568682217359218,-20.592030442181546
446,446,0.00043919788686721823,0.0004336142017947216,-20.563638318494025,-20.617475642825056
447,447,0.000438299587838947,0.0004337057992080717,-20.57157631110225,-20.616558328540215
448,448,0.0004380260877426445,0.0004337578705561004,-20.569733894042542,-20.61603693957767
449,449,0.00043839644538670703,0.0004321110440957311,-20.580314268910918,-20.632556957669944
450,450,0.0004386164829466185,0.0004336398943498927,-20.567881902718362,-20.617218321816374
451,451,0.0004358450061828858,0.0004325674289200259,-20.59148190511921,-20.627972469090512
452,452,0.00043707225170495353,0.0004323496572109626,-20.590584502486593,-20.630159431403456
453,453,0.00043636988056343546,0.0004344226556560515,-20.587280969973534,-20.60938595978094
454,454,0.00043672103027947554,0.0004302897692756041,-20.58879207331499,-20.65090041857703
455,455,0.000435132418696759,0.0004305412998962167,-20.602447909383983,-20.64836244411067
456,456,0.0004353028195238067,0.00043213492608629167,-20.59929427536914,-20.6323169376507
457,457,0.0004366009082697985,0.00043047177084525555,-20.5970749590869,-20.64906385235303
458,458,0.0004321162177240188,0.0004291673754586985,-20.64068449165054,-20.662243618672584
459,459,0.0004348779074996518,0.00042835007556469033,-20.616514669784458,-20.670522142709213
460,460,0.0004355861657159883,0.00042833631251644537,-20.602965867743407,-20.670661685393462
461,461,0.00043326614006931327,0.0004289891221560538,-20.6234018326694,-20.664047821683297
462,462,0.0004323533020275117,0.00042692027330447574,-20.624340154975197,-20.685042833415267
463,463,0.0004307332979131144,0.00042755013687143987,-20.645704653743625,-20.678640123203827
464,464,0.0004310770291527829,0.00042616661736055424,-20.642580067466238,-20.69271634724915
465,465,0.0004301005320325878,0.00042653399654419015,-20.65517814226952,-20.688974101506865
466,466,0.00043101878098653843,0.0004272864730170879,-20.643354536586646,-20.68131917927908
467,467,0.00042881501944178773,0.0004261334527798585,-20.662687637108398,-20.693054331367712
468,468,0.00042781498182334544,0.00042473503517134016,-20.674119036584983,-20.70732975950267
469,469,0.0004282941577893672,0.0004249409187315522,-20.673745737238676,-20.70522509606118
470,470,0.0004274218028756915,0.000424144137038016,-20.67420922405732,-20.713375940125765
471,471,0.0004264440434893651,0.00042077928848907744,-20.688785055394753,-20.747967072023343
472,472,0.000427808856217133,0.00041955837667429527,-20.6827579767955,-20.76058665720005
473,473,0.00042524873537069053,0.00042238206400437966,-20.70001063869134,-20.731455940473367
474,474,0.0004242851876548117,0.000420739684302948,-20.70540556081167,-20.748375853763626
475,475,0.0004254832807400254,0.00041900349070170994,-20.6988506612127,-20.766334210494026
476,476,0.0004231146288934865,0.0004192036331484192,-20.715818573966818,-20.764260241915636
477,477,0.0004240039738432802,0.00041878797071005563,-20.71404547464352,-20.768568636350366
478,478,0.0004242321046683745,0.0004212483074393515,-20.71906413621818,-20.743128932179395
479,479,0.0004211546713366298,0.00041863453378410717,-20.744176022825375,-20.77016011044254
480,480,0.0004213735825482986,0.0004183599912242866,-20.738103700057408,-20.773009169056216
481,481,0.0004214221709431869,0.0004160364118625263,-20.740499710974028,-20.79719720006534
482,482,0.00042005164216310937,0.0004186657821073344,-20.751865249066466,-20.76983595018379
483,483,0.0004205986063509757,0.0004148732359202481,-20.75512566000059,-20.809356433612468
484,484,0.00042050299726753044,0.0004148770990707961,-20.746178407246877,-20.8093159938586
485,485,0.00041948799067896976,0.00041560467798262835,-20.76099480191157,-20.801706348562774
486,486,0.0004198327153493871,0.0004124095308055219,-20.753006409148306,-20.835223688258054
487,487,0.0004205310323573265,0.0004140698384665149,-20.75797684727791,-20.817774651966857
488,488,0.0004175262394860464,0.000412971878081168,-20.783410235725107,-20.82930583370291
489,489,0.0004177052295435527,0.00041423676118842865,-20.78109586576857,-20.816024246548306
490,490,0.00041786346526950904,0.0004121177740958764,-20.780023596461184,-20.838297166445912
491,491,0.000416024311412049,0.0004124842158298155,-20.80509106787526,-20.834437276816523
492,492,0.0004178897085234753,0.00041184530403514047,-20.77961714536301,-20.841169437092873
493,493,0.0004171076801979972,0.0004121700047490824,-20.79071556915647,-20.837746788651025
494,494,0.000416556066298166,0.000412948958048793,-20.787298080727197,-20.82954687480885
495,495,0.00041555602927980273,0.00041219368148104926,-20.803172467283424,-20.837497319291387
496,496,0.00041368314018232997,0.0004097145038509839,-20.823096255399065,-20.863697239162015
497,497,0.00041597444994960784,0.00041029054371296967,-20.801671326191315,-20.857595545634354
498,498,0.00041320970247153997,0.0004103820201156563,-20.820639704799877,-20.856627371509212
499,499,0.000413510402047661,0.00041001893451290305,-20.823141912711293,-20.860471493901805
500,500,0.00041292643759006,0.0004096265658613686,-20.829744153461416,-20.864629475692027
501,501,0.0004138839353096777,0.00040654626239924446,-20.819730826289316,-20.89741089407463
502,502,0.00041240980049364807,0.0004103246932285593,-20.832299095795236,-20.85723408643835
503,503,0.0004129995443118909,0.00040673737040426776,-20.833870390249224,-20.895369855740423
504,504,0.0004128158013288354,0.00040832943570996195,-20.828906838834307,-20.87840373587754
505,505,0.00040966342833402,0.00040834664526444514,-20.861559457385276,-20.878220700896513
506,506,0.00041076973753923683,0.00040873813773750474,-20.85126423713824,-20.874059002201246
507,507,0.00041271153100545414,0.0004060925214281796,-20.83456945454514,-20.902260704946247
508,508,0.0004105805203357001,0.0004061976888854253,-20.857530984429964,-20.90113614020244
509,509,0.00040912632944456006,0.0004051623339029519,-20.870360224344928,-20.912219979364693
510,510,0.00041142403155315627,0.0004070619118130325,-20.847136728418214,-20.891905941393787
511,511,0.000408367563780762,0.0004039173409661376,-20.873572810519917,-20.9255856343433
512,512,0.000408808293286711,0.00040623257671924015,-20.87216074514259,-20.900763145882507
513,513,0.000409072350540208,0.00040330979697357277,-20.872413623078888,-20.932122903493536
514,514,0.00040817181201718904,0.00040531072667554806,-20.87925550161959,-20.910629644876167
515,515,0.0004097161950788355,0.000403819248803254,-20.86576788654787,-20.926640455576045
516,516,0.0004073489333152502,0.0004037316386146765,-20.892073662774493,-20.927582776913308
517,517,0.0004108090874182118,0.00040466349884426514,-20.85279812884279,-20.91757029870515
518,518,0.0004064141557859161,0.00040182588916075855,-20.89381429277622,-20.94813147734166
519,519,0.00040585470725494177,0.00040222728306329563,-20.90658286602111,-20.943795366809557
520,520,0.0004069475935935283,0.00040542140701099445,-20.894131283257565,-20.90944385595179
521,521,0.00040668118553063306,0.00040260605256710395,-20.899291082216287,-20.939707625651746
522,522,0.0004076305116747612,0.00040383581041456446,-20.89427833416769,-20.926462344479667
523,523,0.0004050780055305162,0.000402054735643201,-20.91870624619083,-20.945658802565184
524,524,0.00040355219281297755,0.00040163834867263705,-20.93662359967597,-20.95015889304403
525,525,0.0004060103155350908,0.00040144627411408643,-20.90197618108954,-20.952236306061693
526,526,0.0004074222902700151,0.0004015799311577882,-20.888848480511363,-20.950790611843946
527,527,0.0004063378587441961,0.0004009546062565948,-20.90513883332035,-20.957558550076747
528,528,0.0004060098948797269,0.00039987669381509096,-20.904624782773283,-20.96924969421615
529,529,0.0004050708921943052,0.00039909555160097385,-20.914750533437147,-20.97774175043488
530,530,0.0004018077842252732,0.0004006797925716168,-20.947505078581223,-20.960536218494855
531,531,0.0004050284903136456,0.00040306696686648617,-20.908508869877874,-20.93473854877164
532,532,0.0004065956940788046,0.00039908651409572676,-20.905109604178552,-20.97784009738673
533,533,0.0004062654790180476,0.00040049543359169836,-20.902849867403447,-20.962534934542646
534,534,0.0004042142731516824,0.00040005738264881074,-20.927551450581202,-20.967287728422477
535,535,0.000404258611187166,0.0003971186157095393,-20.928783398933074,-20.99930816179297
536,536,0.0004050367065950191,0.00039873940036877205,-20.920903211554844,-20.981619106892136
537,537,0.00040242244932349274,0.00039890053449198604,-20.94234347946103,-20.979864438941057
538,538,0.0004036293095625822,0.0003994679810650843,-20.93391776102562,-20.973690874924745
539,539,0.00040384936062427064,0.00039796713482294425,-20.929677734919572,-20.990038537519226
