,epoch,train_loss,test_loss,train_dbs,test_dbs
0,0,9.65696549944378e-05,8.24543182572693e-05,-30.157354238635353,-30.844272217645393
1,1,7.143014350806402e-05,4.325574149046779e-05,-31.455034429189116,-33.645968659003394
2,2,3.843052896983638e-05,3.716533779209529e-05,-34.162609559735074,-34.30502542582413
3,3,3.677622717265136e-05,3.6230242250511714e-05,-34.34592415368694,-34.41569389080798
4,4,3.51555807487175e-05,3.439762315936509e-05,-34.54482707346895,-34.64112192696025
5,5,3.3575034546263795e-05,3.304309269113123e-05,-34.743777847007635,-34.8155993835576
6,6,3.163347550464996e-05,3.1391300198217655e-05,-34.994921308943645,-35.03831322856331
7,7,3.04557758034807e-05,2.979523177552772e-05,-35.157706300781705,-35.26493858871411
8,8,2.949812108820026e-05,2.9101050370771093e-05,-35.29511759081959,-35.36731962343182
9,9,2.8903026590735853e-05,2.8855027650072435e-05,-35.388475978464136,-35.404191321954094
10,10,2.8236894199976304e-05,2.7937370185482952e-05,-35.48887531048821,-35.544551045225276
11,11,2.7717660430557162e-05,2.6862644804886688e-05,-35.572490440337525,-35.71491857399784
12,12,2.6656852045112057e-05,2.6333014351334178e-05,-35.743327224724105,-35.80140051173677
13,13,2.5927619868319377e-05,2.5609957159950252e-05,-35.86044650972413,-35.9223177501301
14,14,2.5652269053437323e-05,2.5632914625212404e-05,-35.913725255561516,-35.918426359658966
15,15,2.5181587186603585e-05,2.4765877242316492e-05,-35.98787472293758,-36.0678691108483
16,16,2.4453323556034654e-05,2.425232416594793e-05,-36.12183579701216,-36.158872624493014
17,17,2.4444790245435853e-05,2.424963177442183e-05,-36.11116220359576,-36.15935478681469
18,18,2.388525835974094e-05,2.3671954917709197e-05,-36.2232979774593,-36.26406501942194
19,19,2.3320376544923175e-05,2.4838304805024036e-05,-36.321090336146035,-36.05518674743599
20,20,2.3754586080256033e-05,2.3879186732014396e-05,-36.24268865359983,-36.22621095321202
21,21,2.3189326590731182e-05,2.329322026190838e-05,-36.34243142236907,-36.33411093582528
22,22,2.3223311801143374e-05,2.371336995565798e-05,-36.33964482683193,-36.256473501551426
23,23,2.2993886886979453e-05,2.302413687223299e-05,-36.38830715621265,-36.38457268636292
24,24,2.3146847899962388e-05,2.3039588612798406e-05,-36.35341465030048,-36.381659067959546
25,25,2.279875288596233e-05,2.287206552864518e-05,-36.4179559281901,-36.41335240390323
26,26,2.2636287540831055e-05,2.2819625595921505e-05,-36.449400832599665,-36.423321123752366
27,27,2.2541267884962415e-05,2.2472888399773327e-05,-36.46698449704941,-36.48981731906817
28,28,2.2538629262684125e-05,2.3167764562745824e-05,-36.47002300867853,-36.357564958806925
29,29,2.2514935725544983e-05,2.235520284892501e-05,-36.47821089900432,-36.512620120315
30,30,2.214833495093716e-05,2.2383174310609894e-05,-36.5424125833555,-36.5071895017657
31,31,2.2463745725750395e-05,2.2411703053206255e-05,-36.488678472464116,-36.50165767407042
32,32,2.2288151215143818e-05,2.2405762903968263e-05,-36.523101064997434,-36.502808910087786
33,33,2.1609018450859722e-05,2.1868987172829773e-05,-36.65791308864493,-36.60811957150158
34,34,2.1407594647019688e-05,2.157376174612804e-05,-36.68919778771068,-36.66714748788277
35,35,2.1905816388472474e-05,2.17222556162405e-05,-36.59599489091347,-36.63735707057225
36,36,2.158484316281566e-05,2.127032990086407e-05,-36.654336727651135,-36.72866401176587
37,37,2.1021755059074476e-05,2.1068506612209603e-05,-36.780441207187145,-36.77006874165667
38,38,2.085586511947037e-05,2.120667015429047e-05,-36.80852260215643,-36.74168145523855
39,39,2.0382993451929315e-05,2.052437182436207e-05,-36.906659845720014,-36.8837075316319
40,40,2.019848904366e-05,2.0227868605472492e-05,-36.948434374345105,-36.94690503083854
41,41,1.9927816969563357e-05,2.0086782138892695e-05,-37.005191561787576,-36.97730257759794
42,42,2.0069638547696385e-05,2.004882806336115e-05,-36.98450791440044,-36.98551635603528
43,43,1.9717342699559876e-05,1.9769740040493688e-05,-37.05198224244291,-37.04639668344069
44,44,1.9903334103537888e-05,1.956136417758994e-05,-37.013054300988344,-37.09241488503509
45,45,1.9509092884824715e-05,1.9292981768988905e-05,-37.09292517112896,-37.15241273085475
46,46,1.9444881808780826e-05,1.9210242163880092e-05,-37.117937027330655,-37.171077873964386
47,47,1.9093518033317657e-05,1.9472129440002488e-05,-37.19383814488914,-37.11227179152756
48,48,1.888494449472607e-05,1.9167663834339594e-05,-37.233747044939065,-37.180714429515845
49,49,1.86057316653008e-05,1.9359035114145006e-05,-37.30576438698014,-37.137569194319525
50,50,1.8688046449036865e-05,1.8668546353613858e-05,-37.28942096556886,-37.29530124539165
51,51,1.8790614404613586e-05,1.8514427881056788e-05,-37.255910393521404,-37.33130330648147
52,52,1.830036468426133e-05,1.8498270851284216e-05,-37.37363319215471,-37.33509492911922
53,53,1.825730473261576e-05,1.820174771924748e-05,-37.376936339673996,-37.40527536355594
54,54,1.846558532952727e-05,1.846308029933808e-05,-37.34104634812893,-37.34336468477884
55,55,1.7725726532252966e-05,1.8298108682900322e-05,-37.51488322348911,-37.38234424210109
56,56,1.792410661362306e-05,1.7825935030582752e-05,-37.467891902470896,-37.49588307663289
57,57,1.7753929362875968e-05,1.8050072723877076e-05,-37.504742845908645,-37.441616709782025
58,58,1.773370952354732e-05,1.8125657286298902e-05,-37.51327590869617,-37.423468627554115
59,59,1.76859099981099e-05,1.782582933772478e-05,-37.527155859034906,-37.49590882673295
60,60,1.7693261987605904e-05,1.7707478898381324e-05,-37.52536001223009,-37.5248389406768
61,61,1.740129458263142e-05,1.7661775640781823e-05,-37.591677143862746,-37.536062634184795
62,62,1.767942945455794e-05,1.7366775481557278e-05,-37.532954344197734,-37.60921437254639
63,63,1.7342418339973574e-05,1.7514789569280477e-05,-37.61740813073297,-37.57235703127248
64,64,1.7142130813808014e-05,1.7142854391606404e-05,-37.65484266121018,-37.665574906654946
65,65,1.7245897520906603e-05,1.6933085230687683e-05,-37.62865760395081,-37.71904532647399
66,66,1.707862145511959e-05,1.7026252048947898e-05,-37.68128601686411,-37.695215687957344
67,67,1.699708171088918e-05,1.676903206029429e-05,-37.69205396791287,-37.76132631954435
68,68,1.6715549773112968e-05,1.6820469634120328e-05,-37.76817848862986,-37.74802509695371
69,69,1.672406616898556e-05,1.673159017388427e-05,-37.75886136123745,-37.771034086353524
70,70,1.6958860308561982e-05,1.6699924919138492e-05,-37.71310532896224,-37.779261083830804
71,71,1.668359160136141e-05,1.72996687979321e-05,-37.78265924681407,-37.62602838356278
72,72,1.669184812553138e-05,1.670241061602658e-05,-37.7756222985553,-37.77861470720661
73,73,1.6476508799595903e-05,1.6634965600372342e-05,-37.83361543407423,-37.79618719875646
74,74,1.652646783112846e-05,1.6342684064415824e-05,-37.817833089955776,-37.87317241960809
75,75,1.6297068035895528e-05,1.6495792902117645e-05,-37.876238588947174,-37.83267431413688
76,76,1.6602686253126074e-05,1.6525441280560028e-05,-37.80713502142111,-37.82487561676312
77,77,1.627999981136191e-05,1.6416423070615182e-05,-37.88342606366509,-37.853620911413245
78,78,1.660922009119231e-05,1.6450573064886204e-05,-37.79685622362041,-37.8445959555913
79,79,1.6479209623810805e-05,1.6252858298876643e-05,-37.83813474464153,-37.897108780368626
80,80,1.6215470130885376e-05,1.6720723291846778e-05,-37.90097846783089,-37.77385567121952
81,81,1.6579440271766308e-05,1.6152574301629914e-05,-37.80928700633718,-37.92398879533376
82,82,1.6319463386550815e-05,1.651604562587301e-05,-37.88431154730717,-37.82734553048461
83,83,1.6511429589392964e-05,1.618657796299024e-05,-37.82635890616958,-37.91485583611779
84,84,1.634735516998581e-05,1.6049549326692758e-05,-37.875665955349504,-37.95177785129138
85,85,1.6281379092893967e-05,1.6002381016733125e-05,-37.88564138378841,-37.96456020249742
86,86,1.630018958110799e-05,1.6003150497118967e-05,-37.87674008386156,-37.96435137541675
87,87,1.6447991508835705e-05,1.6200359344733634e-05,-37.83553772647548,-37.911159791414
88,88,1.6000152895357293e-05,1.6091208683639324e-05,-37.96271817217673,-37.94051959847259
89,89,1.633020335632573e-05,1.5904236246761254e-05,-37.87549695589839,-37.99127808744731
90,90,1.650795531963219e-05,1.5883801815538102e-05,-37.826550068271004,-37.996861673276726
91,91,1.6013263974077136e-05,1.597407399937143e-05,-37.95752939097599,-37.972249350431085
92,92,1.615729993740313e-05,1.5891050966992654e-05,-37.92448427579202,-37.99488006439164
93,93,1.589816750395388e-05,1.6271708916878868e-05,-37.9918577658683,-37.89207460405433
94,94,1.5865333188765025e-05,1.5799213686382007e-05,-38.001137296516106,-38.02005153979047
95,95,1.6087459332937344e-05,1.5952760326112375e-05,-37.9367283768866,-37.97804786585307
96,96,1.566204439571725e-05,1.5699846890607948e-05,-38.05166452970533,-38.0474520993307
97,97,1.5760276105585533e-05,1.5673174139489054e-05,-38.02410080895875,-38.054836680756864
98,98,1.57343315128021e-05,1.574534742662524e-05,-38.03020176911453,-38.03488379060418
99,99,1.574424214530004e-05,1.638661213196189e-05,-38.030102736364036,-37.86151452835554
100,100,1.6069009867238755e-05,1.5753446620548954e-05,-37.95059345816431,-38.03265041284299
101,101,1.5904437729200115e-05,1.565539782620219e-05,-37.98405255693832,-38.05976518857781
102,102,1.5697749507491663e-05,1.5623538418271653e-05,-38.049781472576754,-38.068612273234194
103,103,1.5513392390482867e-05,1.553269478455676e-05,-38.08977549614361,-38.093938184993796
104,104,1.555111493965426e-05,1.5995375083309083e-05,-38.08456791788601,-37.96646198477599
105,105,1.5650645801758503e-05,1.538556266735357e-05,-38.05478703038622,-38.13527243486896
106,106,1.5727596957693788e-05,1.5382415528476583e-05,-38.03367857412242,-38.136160881320734
107,107,1.5394530302878547e-05,1.558027863785882e-05,-38.13198850016972,-38.08065406666246
108,108,1.5363473318485404e-05,1.5372326264409103e-05,-38.130193501430625,-38.139010335819606
109,109,1.5561412219915265e-05,1.530344261960923e-05,-38.07518617796258,-38.15851487520126
110,110,1.5423073481420924e-05,1.5205973077651211e-05,-38.122150374251234,-38.186264097710165
111,111,1.550310381136705e-05,1.5257967884520584e-05,-38.09184755713449,-38.171439305562856
112,112,1.5235222648341957e-05,1.5654736432081433e-05,-38.1783504967814,-38.059948668990046
113,113,1.517319602855198e-05,1.5268429993547645e-05,-38.184386028876276,-38.168462448342055
114,114,1.5276474271362083e-05,1.5565280447940733e-05,-38.16555319378523,-38.084836769952844
115,115,1.5162663854875832e-05,1.5547917906875036e-05,-38.18676105987086,-38.08968388111987
116,116,1.528614666312933e-05,1.5279160930061297e-05,-38.16393124199849,-38.16541121807196
117,117,1.5270838348348578e-05,1.4954899885005465e-05,-38.15673817934403,-38.25857116989515
118,118,1.5206002233791184e-05,1.502128083972677e-05,-38.18100270871043,-38.23933661181207
119,119,1.505894745127286e-05,1.4911060134181753e-05,-38.22111835171693,-38.271321053396726
120,120,1.5379454790612745e-05,1.5100482845522684e-05,-38.13812964575267,-38.21649792699737
121,121,1.4869452983119342e-05,1.4940545473731809e-05,-38.27301244572577,-38.262741733010294
122,122,1.5159591900565201e-05,1.5100845973249402e-05,-38.188366431040414,-38.216393491613815
123,123,1.4791738498594718e-05,1.499896203121783e-05,-38.303285815568984,-38.245794212575404
124,124,1.4974094774140785e-05,1.4821019775761096e-05,-38.2475472387102,-38.297625402418234
125,125,1.4803416607466397e-05,1.4937183359028208e-05,-38.293893270229155,-38.263719148581366
126,126,1.5024000558040234e-05,1.4893132653301827e-05,-38.22649011892488,-38.276545692101145
127,127,1.4805796736348469e-05,1.5022993418250208e-05,-38.291542135055884,-38.23884150023309
128,128,1.4766294999887024e-05,1.4561010893406714e-05,-38.31072039671856,-38.37449100223427
129,129,1.4546014089197324e-05,1.4747065410789984e-05,-38.36483225095446,-38.31935020427234
130,130,1.4632536561096918e-05,1.4658192508489409e-05,-38.34292872565215,-38.34560205942627
131,131,1.490730294593509e-05,1.466287272035659e-05,-38.271418387713645,-38.34421562261747
132,132,1.4491857561467637e-05,1.5780548701035225e-05,-38.39615177877653,-38.02518527131471
133,133,1.4991317715912279e-05,1.46681509967924e-05,-38.24268641727902,-38.3426525497586
134,134,1.4852685107490692e-05,1.4819330796231761e-05,-38.28684921897824,-38.298120345613086
135,135,1.460936413629319e-05,1.4770933184512327e-05,-38.34119304211941,-38.31232693360681
136,136,1.4796857012885253e-05,1.4697805933170266e-05,-38.300839727784336,-38.33388118253312
137,137,1.4724174481258516e-05,1.459744204399421e-05,-38.31776695963895,-38.36363867345235
138,138,1.4674446817677103e-05,1.4701658504858833e-05,-38.33079079629499,-38.33274296408796
139,139,1.4609891333804494e-05,1.448185024568566e-05,-38.34714625109402,-38.39816574795624
140,140,1.466121124132169e-05,1.4463164964246588e-05,-38.345203519250056,-38.4037728728378
141,141,1.4524017950458711e-05,1.4602358293670573e-05,-38.381621337818615,-38.362176266106005
142,142,1.4295942585788711e-05,1.4424466969917136e-05,-38.44393484622099,-38.41540853441749
143,143,1.4428162844008502e-05,1.4651935137073069e-05,-38.40284190049815,-38.34745639588736
144,144,1.4610892846867126e-05,1.4289777697597042e-05,-38.35549475186591,-38.456151543633325
145,145,1.4192281783253588e-05,1.4768546622546733e-05,-38.487354006254435,-38.31302868644836
146,146,1.4588880224709073e-05,1.4574904238734712e-05,-38.36228139583813,-38.37034916996912
147,147,1.4348777252043592e-05,1.4521695352174758e-05,-38.43269357723801,-38.38623305461906
148,148,1.4433790750341903e-05,1.4302105850411432e-05,-38.4070896463174,-38.452406390529184
149,149,1.4513690178684611e-05,1.4305915149299453e-05,-38.389137392400166,-38.451249821539825
150,150,1.4538414595251394e-05,1.4323492043905916e-05,-38.37862006855226,-38.445917158349026
151,151,1.4326517800524466e-05,1.4242748348854212e-05,-38.44191805780087,-38.47046826070898
152,152,1.4415101524962702e-05,1.4258040257692828e-05,-38.40844071918201,-38.465807903863876
153,153,1.45744371956866e-05,1.4254637550804641e-05,-38.36030297659796,-38.466844479131915
154,154,1.4405089751028182e-05,1.4490698384562214e-05,-38.4170465479932,-38.39551310040514
155,155,1.4373116380401248e-05,1.4283391321537478e-05,-38.425078922405454,-38.45809292292265
156,156,1.425472161367766e-05,1.4254167342043825e-05,-38.4587954258795,-38.4669877394832
157,157,1.4126624460614133e-05,1.4233527652226927e-05,-38.493925259576194,-38.47328077580353
158,158,1.4325504126486286e-05,1.4321827333524676e-05,-38.435999098236685,-38.44642193507979
159,159,1.450541429259135e-05,1.4250554685483957e-05,-38.390352858085,-38.468088579418314
160,160,1.4546078278895553e-05,1.4392338925972581e-05,-38.37216218213702,-38.42509249316792
161,161,1.4750222859576528e-05,1.4668162485146527e-05,-38.31833455211354,-38.34264914828908
162,162,1.4180136250362602e-05,1.430377266699093e-05,-38.484200172741524,-38.451900278302496
163,163,1.424115276845957e-05,1.423045954365271e-05,-38.46400609717484,-38.47421702034275
164,164,1.4187221176584476e-05,1.4165580739101738e-05,-38.48384519845368,-38.49406243227898
165,165,1.4135942374477308e-05,1.413706487303563e-05,-38.499569357784466,-38.50281376078689
166,166,1.4115768694348835e-05,1.4268835720462161e-05,-38.501788799788876,-38.46252089119715
167,167,1.4273422568725642e-05,1.4326082811366129e-05,-38.45524518469687,-38.445131697468284
168,168,1.4249548632843593e-05,1.4471397327341898e-05,-38.460118241638604,-38.40130159304047
169,169,1.4194981632340151e-05,1.4170065601080606e-05,-38.477855112030255,-38.49268766157328
170,170,1.4361461130788156e-05,1.45755562506996e-05,-38.435417340804214,-38.37015489159836
171,171,1.440327580603855e-05,1.469575377804607e-05,-38.41142845706399,-38.33448760084833
172,172,1.4342069597350741e-05,1.4143924425680828e-05,-38.439340522169594,-38.50070699861596
173,173,1.4852739995964754e-05,1.4113412888898319e-05,-38.28864112539548,-38.510085799641224
174,174,1.4177082645341984e-05,1.4115447955095748e-05,-38.48732022472311,-38.50945961920393
175,175,1.418710884930069e-05,1.410168198689414e-05,-38.49058178963971,-38.513697105096085
176,176,1.46534191313999e-05,1.4150563114717921e-05,-38.349929838885174,-38.4986690425903
177,177,1.4354629934835607e-05,1.4161482077294127e-05,-38.437794491757316,-38.49531919951263
178,178,1.425521051864915e-05,1.466160057660952e-05,-38.456727219876846,-38.34459243075605
179,179,1.4014074013081796e-05,1.4103078061261362e-05,-38.53600089168084,-38.51326717242269
180,180,1.4193702020175928e-05,1.409819622877924e-05,-38.477850883850145,-38.51477075903933
181,181,1.4212399224730294e-05,1.427147995663721e-05,-38.47963454184764,-38.46171615084602
182,182,1.4037742065616821e-05,1.4125267242841227e-05,-38.52628026396569,-38.50643953800128
183,183,1.4168775939567437e-05,1.4352192728869054e-05,-38.49119229947196,-38.437223693228866
184,184,1.3913637734937587e-05,1.4092366798554154e-05,-38.558628658923595,-38.51656688451084
185,185,1.4187138412566615e-05,1.4969922152599075e-05,-38.483780580990455,-38.25421085091888
186,186,1.409105873593494e-05,1.4135326828660541e-05,-38.50993586932486,-38.5033477255751
187,187,1.4167069136804166e-05,1.4078621940203256e-05,-38.48694642851103,-38.52080480222496
188,188,1.4113047411191259e-05,1.4035432813168308e-05,-38.511567234858866,-38.53414817405024
189,189,1.40392788866332e-05,1.4271365408172929e-05,-38.52348552396617,-38.46175100915487
190,190,1.397856779936005e-05,1.4009377656820058e-05,-38.5406664083786,-38.54221784091066
191,191,1.3879877854181818e-05,1.4053122915931071e-05,-38.56992850628222,-38.52867782156645
192,192,1.431798217399586e-05,1.4168749610115283e-05,-38.44357823358528,-38.493091014790856
193,193,1.423434791972467e-05,1.4061021877415969e-05,-38.47432592179317,-38.52623743043868
194,194,1.4297932222651765e-05,1.410939550719616e-05,-38.453089760953254,-38.5113221944693
195,195,1.3934188695971316e-05,1.410883832202097e-05,-38.55616851396471,-38.511493702330824
196,196,1.4308676027306404e-05,1.3957797579534695e-05,-38.43897856742458,-38.55823731241655
197,197,1.4060123605079367e-05,1.4089160207444557e-05,-38.51272831225743,-38.51755519492449
198,198,1.4214817739914521e-05,1.4108410141489003e-05,-38.47520420522425,-38.51162550571524
199,199,1.3939297852780282e-05,1.408711475386027e-05,-38.55565200844564,-38.518185746129305
200,200,1.4170680880908417e-05,1.4018185969402303e-05,-38.4868604228046,-38.53948809834274
201,201,1.4133386572474283e-05,1.4043677047562883e-05,-38.494697874812786,-38.53159793251785
202,202,1.4124670209658342e-05,1.4121404762447223e-05,-38.500122451894924,-38.50762725592551
203,203,1.432872835083771e-05,1.417748918404533e-05,-38.439484309062294,-38.490413023626076
204,204,1.40694445099612e-05,1.4097543738132931e-05,-38.522771752970144,-38.51497176322476
205,205,1.3696143591023992e-05,1.4006672963181413e-05,-38.63507994537567,-38.54305638417437
206,206,1.4194674898219804e-05,1.420191644061369e-05,-38.48332728216518,-38.48293673924165
207,207,1.3928845452103337e-05,1.4174599336432661e-05,-38.555069848455716,-38.49129835161535
208,208,1.4054507737830473e-05,1.3976360031320886e-05,-38.51925582533803,-38.55246547445371
209,209,1.3814366275724264e-05,1.4202574244623783e-05,-38.59961845382892,-38.4827355874907
210,210,1.3898638085781395e-05,1.3977067139517443e-05,-38.570431040689414,-38.55224575671673
211,211,1.3920864007887599e-05,1.4035027800817165e-05,-38.5609016929464,-38.53427349770034
212,212,1.3932463309512181e-05,1.4522029711148016e-05,-38.565654033369256,-38.38613306038158
213,213,1.3934630072812464e-05,1.400499403596194e-05,-38.55589264525292,-38.543576987841284
214,214,1.4081007366164073e-05,1.4013381922651255e-05,-38.50721971026606,-38.54097668508412
215,215,1.4036809608517887e-05,1.3899124640279057e-05,-38.53069177076638,-38.576531775268364
216,216,1.41465978550073e-05,1.391883587960987e-05,-38.50145969436963,-38.570377130035176
217,217,1.3963876562670099e-05,1.389214967754302e-05,-38.54749572059582,-38.57871173136301
218,218,1.4262882462755498e-05,1.396853320712628e-05,-38.46197275473895,-38.55489822423623
219,219,1.4025497238407362e-05,1.3989690303692201e-05,-38.53413898502415,-38.54832526580628
220,220,1.4128324099934598e-05,1.4016236778651977e-05,-38.5033207274451,-38.54009201503188
221,221,1.400667103562509e-05,1.3946430140334231e-05,-38.53371602437909,-38.56177571271975
222,222,1.3901675104243997e-05,1.433977003647382e-05,-38.563529111838136,-38.440984402901385
223,223,1.403964858216512e-05,1.4019566773832162e-05,-38.52822530621954,-38.53906033528308
224,224,1.3998471987769776e-05,1.3956894642768403e-05,-38.53239269950766,-38.55851826873312
225,225,1.3837883361515028e-05,1.3924733952750868e-05,-38.59322862527754,-38.568537207444265
226,226,1.3841059935845065e-05,1.3870023155361291e-05,-38.587439025208695,-38.585634408906834
227,227,1.4020324107553551e-05,1.4002429356639224e-05,-38.53324297745075,-38.54437236702716
228,228,1.4094472679005907e-05,1.3949147806239412e-05,-38.510840954725566,-38.56092950884309
229,229,1.3919912957716565e-05,1.3948819191443218e-05,-38.560199830299695,-38.56103182138269
230,230,1.3872756829458894e-05,1.4040097898702553e-05,-38.57347910181866,-38.53270490949038
231,231,1.3930645013949953e-05,1.4109625561487568e-05,-38.56626453134938,-38.511251383147346
232,232,1.3754891585552651e-05,1.3844716752493313e-05,-38.61175792170688,-38.59356552008693
233,233,1.4158887622506507e-05,1.3845354021070402e-05,-38.490830024560466,-38.59336562010919
234,234,1.4287881565474685e-05,1.410490863475532e-05,-38.4525438305418,-38.5127034966263
235,235,1.378042932478867e-05,1.3988392311148345e-05,-38.59754758122624,-38.54872823194767
236,236,1.4089104316206936e-05,1.4073144436559615e-05,-38.51151139833724,-38.522494820254536
237,237,1.3846693636691102e-05,1.3990574093201614e-05,-38.590688716727534,-38.54805091178175
238,238,1.4040416983297076e-05,1.3915415892322352e-05,-38.52251198715122,-38.57144436304492
239,239,1.408765882908633e-05,1.4294408365937048e-05,-38.51420187602485,-38.45474442032345
240,240,1.398574271867623e-05,1.396840563852732e-05,-38.53880157994445,-38.55493788666231
241,241,1.3926962844951836e-05,1.390855887668869e-05,-38.55860071655543,-38.57358493723465
242,242,1.378423147207755e-05,1.414675989508396e-05,-38.60967960040871,-38.49983644440415
243,243,1.3882052062211928e-05,1.3921099564054442e-05,-38.576080589613994,-38.56967087432765
244,244,1.3906207603907102e-05,1.385231591580362e-05,-38.56309540733023,-38.59118239492325
245,245,1.4067254409214396e-05,1.4038994585893019e-05,-38.51308471043832,-38.533046204470274
246,246,1.389106845514088e-05,1.40236407356784e-05,-38.57235822739971,-38.537798497341655
247,247,1.4132394773190117e-05,1.3866412892208532e-05,-38.50244488719443,-38.586764992065845
248,248,1.4060519807224915e-05,1.4645614627577169e-05,-38.51838006829879,-38.349330247087565
249,249,1.4078177918770625e-05,1.3999879612176875e-05,-38.51525052755781,-38.54516325891722
250,250,1.3989057395557426e-05,1.3985646450907408e-05,-38.54728040861344,-38.54958081670649
251,251,1.3976511506849214e-05,1.4058910796608726e-05,-38.54938383984934,-38.526889516457366
252,252,1.4012071249491088e-05,1.383515494748472e-05,-38.54164581483024,-38.59656599592906
253,253,1.398948543939377e-05,1.4074056516141067e-05,-38.54817981597047,-38.52221336340198
254,254,1.3927622350501665e-05,1.3835805810614196e-05,-38.563654923035735,-38.5963616905794
255,255,8.309399682852036e-05,0.00017445121652838824,-30.80764526395617,-27.58966624669689
256,256,0.00011943961568980852,9.91355777123796e-05,-29.22627946166376,-30.04411085215393
257,257,8.657017570305808e-05,8.311051198305856e-05,-30.62772749451517,-30.80984669309931
258,258,8.157950711374161e-05,8.022948589457788e-05,-30.886582259352654,-30.963066177189923
259,259,8.162148968921494e-05,8.300217718657989e-05,-30.87825845140626,-30.815511427228234
260,260,8.784689496153697e-05,9.135562830028663e-05,-30.564690944133368,-30.399053181736043
261,261,9.271461134368419e-05,9.386978796867065e-05,-30.33424859037514,-30.28114790108424
262,262,9.326293133499254e-05,9.393265990135995e-05,-30.299528813707806,-30.278240065242557
263,263,9.627726051137907e-05,9.610547146478079e-05,-30.16544406300083,-30.178925134271246
264,264,9.576360490737176e-05,9.434369253301013e-05,-30.193762781163343,-30.25927756834937
265,265,9.604545315240328e-05,9.615034918839995e-05,-30.1729308772701,-30.176897611981836
266,266,9.700699150382262e-05,9.344207462977226e-05,-30.129091059169486,-30.30098154783643
267,267,9.661672233913535e-05,9.923848464447809e-05,-30.158332237843865,-30.039605029544067
268,268,9.643441106951268e-05,9.888058067238155e-05,-30.160887146808175,-30.055296188693386
269,269,9.871982498581703e-05,9.925256553718722e-05,-30.053003889850952,-30.038988855262303
270,270,9.781513339119781e-05,0.00010013464289888936,-30.095595986492523,-30.00056273625887
271,271,0.00010046574607258663,9.788366074453254e-05,-29.98078028077832,-30.099304238651104
272,272,0.00010127690350684846,9.925197541873019e-05,-29.94449945906418,-30.039014676856944
273,273,0.00010406109331878978,0.00010567908075723895,-29.822413499880724,-29.766516000591196
274,274,0.00010298533840993055,9.922786174636138e-05,-29.86754371467873,-30.04006994121521
275,275,0.00010459061478595874,0.00010146741681781255,-29.81423925843332,-29.943140228584085
276,276,0.00010165842194482204,0.00010154308256460354,-29.928881186510328,-29.93990283761938
277,277,0.000103001467557744,0.00010250811350201012,-29.881796536959687,-29.89882385902934
278,278,0.00010420743457927397,0.00010494049753393291,-29.82125877376069,-29.796975080960934
279,279,0.00010380973883714891,9.832641731727083e-05,-29.837674034145717,-30.0797041177357
280,280,0.00010240396156789466,0.00010021406035919331,-29.897753017465135,-29.99711968262065
281,281,0.00010250495711027059,0.000103391787744936,-29.89086468726122,-29.861545822324402
282,282,0.00010080377986239385,9.640348664680986e-05,-29.97029680297747,-30.165478855849933
283,283,9.776249708855026e-05,9.143889933751013e-05,-30.092761343634223,-30.39509637242261
284,284,9.703594613964334e-05,0.00010256144971782832,-30.124170405151833,-29.89656475978769
285,285,9.4223281229995e-05,9.138164827355037e-05,-30.25508576632656,-30.397816397310237
286,286,9.47081436944367e-05,9.103326852997078e-05,-30.23865709729325,-30.414404907377907
287,287,9.347689212011846e-05,9.165711909238445e-05,-30.293623759917768,-30.38474424340635
288,288,8.911358577513722e-05,8.554962206337797e-05,-30.50124502160468,-30.68422531721067
289,289,8.885266378428307e-05,9.003895033138658e-05,-30.513184379799515,-30.46210203619792
290,290,6.395673195002768e-05,3.244501845313751e-05,-31.933541478988037,-34.89492601498823
291,291,2.8392375938470724e-05,2.7949603176430653e-05,-35.47139686776958,-35.54264980769853
292,292,2.7279967399249237e-05,2.68215727900449e-05,-35.63965747806806,-35.721563861453184
293,293,2.611980063690127e-05,2.6480962333153002e-05,-35.831476980869716,-35.77706863437478
294,294,2.623544727630923e-05,2.6148286595248226e-05,-35.804130259459676,-35.8319739064507
295,295,2.5782874855422896e-05,2.588378839917775e-05,-35.89269669549542,-35.87612786206102
296,296,2.5118816300108067e-05,2.5782446946801717e-05,-35.98999135939356,-35.89316494235281
297,297,2.5534574194456037e-05,2.5501035021366797e-05,-35.92751702977768,-35.94082819312357
298,298,2.562322806250112e-05,2.5408895740647015e-05,-35.9173053528305,-35.95654835784402
299,299,2.5035311484747788e-05,2.54855806959217e-05,-36.0158498226535,-35.94346093443165
