,epoch,train_loss,test_loss,train_dbs,test_dbs
0,0,0.00023723578863037924,0.00022968018464253922,-20.228211236284807,-20.374654122789686
1,1,0.00020919125989204293,0.0002076642956940065,-20.77104722146383,-20.812271074192985
2,2,0.00020505525746332366,0.00019273087903121975,-20.86663333386472,-21.136376387088262
3,3,0.00018268220289250278,0.00017870835481995813,-21.365155315078674,-21.46444084157924
4,4,0.0001829676096808866,0.00016566545903180284,-21.353197806670387,-21.793569727095544
5,5,0.00016917620342076016,0.00016224705101003086,-21.69505202590682,-21.88412129060969
6,6,0.00015520857001676406,0.00015131468114161275,-22.065464729493414,-22.187078738868166
7,7,0.00014246036310574598,0.00014353571819619422,-22.444656067895007,-22.416289542201685
8,8,0.00013903808643796588,0.00013497279034804945,-22.54411608121741,-22.683427145752653
9,9,0.00013244188988950948,0.00012625081427885512,-22.76447718246252,-22.973547530365444
10,10,0.0001292751858085298,0.00012626361460302418,-22.86805758197893,-22.973107229968942
11,11,0.0001175886135729577,0.00011770804351391761,-23.27120464565902,-23.27782799771684
12,12,0.0001187429897794404,0.00011534748965028772,-23.24291294697415,-23.36580793651975
13,13,0.00011089849678833114,0.00010701799156346456,-23.534154856731533,-23.69132144712996
14,14,0.00010639786600710143,0.00010751920413703804,-23.705280248066828,-23.67102899851469
15,15,0.00010605989402542899,0.0001010622240995106,-23.726116923297404,-23.940000892763766
16,16,0.00010045663698620796,9.874885367217327e-05,-23.960281347167882,-24.04056878089351
17,17,9.471494052649149e-05,9.228656524914856e-05,-24.213472814023213,-24.334504583248634
18,18,9.200323973008258e-05,8.958945871104094e-05,-24.353265283640432,-24.463320282592495
19,19,8.759873284380427e-05,8.473239339716536e-05,-24.56474727268003,-24.70539467004128
20,20,8.254948754500256e-05,8.127624823828228e-05,-24.809751816801402,-24.886252928003397
21,21,7.718066403539684e-05,7.761228392298922e-05,-25.10282275155366,-25.086584771466867
22,22,8.10802324024538e-05,7.75774883789525e-05,-24.885786125730863,-25.08853225973224
23,23,7.264354877106692e-05,7.24853304602316e-05,-25.367310072818164,-25.383388177074337
24,24,7.457970063227287e-05,7.548642373110756e-05,-25.251903970909098,-25.207200903169465
25,25,7.387770947201548e-05,6.967756685059469e-05,-25.294882060768742,-25.55495964255465
26,26,6.718323508261933e-05,6.997798194980102e-05,-25.70304144890091,-25.53627526914795
27,27,6.927263458828278e-05,6.645408699880231e-05,-25.578633852558653,-25.760672452176344
28,28,6.345685354053504e-05,6.615370444993267e-05,-25.952557335678087,-25.780347722405192
29,29,7.180371738792656e-05,6.770403390538904e-05,-25.424713371171382,-25.679743955452533
30,30,6.855302722824584e-05,6.18886139196356e-05,-25.623961960031735,-26.069781847205338
31,31,6.05431017264863e-05,6.329493139913354e-05,-26.15313966988878,-25.97220007401471
32,32,5.5871410181352237e-05,5.956268011543312e-05,-26.509530436725587,-26.23614709626377
33,33,5.931692321985221e-05,5.968080691481622e-05,-26.246440291132433,-26.227542545156375
34,34,6.569830717107271e-05,5.559730781992824e-05,-25.804146900008746,-26.53535178587036
35,35,6.112624655121256e-05,5.512424544768261e-05,-26.121721715012185,-26.572462830999193
36,36,6.1010693130323415e-05,5.483799558485196e-05,-26.125410289999195,-26.59507368641942
37,37,5.789030143842893e-05,5.694719565278654e-05,-26.353450958235417,-26.431165986589754
38,38,5.555467079417569e-05,5.271691512270512e-05,-26.537543616095306,-26.766389525250563
39,39,5.28044905802313e-05,5.3165051117263685e-05,-26.754057826540112,-26.72962705122096
40,40,4.681642010687075e-05,5.255239739199169e-05,-27.27397179635719,-26.77996407971229
41,41,4.9064727914510606e-05,5.355175361680602e-05,-27.070286355859388,-26.69815244004174
42,42,5.539163991211213e-05,5.252047125587093e-05,-26.54778099640332,-26.782603266278883
43,43,4.832770125560892e-05,4.8905023025949244e-05,-27.132218210566144,-27.092354731807347
44,44,4.924678464750783e-05,5.1496594288006524e-05,-27.053022252396964,-26.86810432847758
45,45,4.9162739901710424e-05,5.1282088335076546e-05,-27.06667309801855,-26.88623238471987
46,46,5.2143614600036295e-05,5.1834216815462386e-05,-26.806508276937127,-26.839723999150817
47,47,5.0194937806005216e-05,4.89159493123512e-05,-26.97066016015758,-27.09138454600805
48,48,4.558458459944903e-05,4.723532286956661e-05,-27.402571815990836,-27.243220526483793
49,49,4.833595435745347e-05,4.7353583125330166e-05,-27.140451463748946,-27.23236094359145
50,50,4.8053888480653675e-05,4.951603410805355e-05,-27.15852418632689,-27.038430874819262
51,51,5.28950382975325e-05,4.941658277714037e-05,-26.73807546243481,-27.04716230842363
52,52,4.8694400208763365e-05,4.761557394024414e-05,-27.109250095388067,-27.208399173816247
53,53,4.638728073727761e-05,4.543428832747802e-05,-27.311446649236444,-27.41205211151616
54,54,4.7540384621618045e-05,4.505396899682972e-05,-27.215174914095176,-27.448558850430715
55,55,4.4339098523553347e-05,4.2968833536418205e-05,-27.50947182048791,-27.654353767356177
56,56,4.222217107921678e-05,4.392431903972082e-05,-27.715854502723495,-27.55883903565148
57,57,4.446495521611705e-05,4.19122928322299e-05,-27.50367806297318,-27.762475211286915
58,58,4.322265941322932e-05,4.1717018527714045e-05,-27.62301063104692,-27.782756786169706
59,59,4.340902456327236e-05,4.246019699693486e-05,-27.605410831135547,-27.706069361288186
60,60,4.070299309271072e-05,4.2076065830387e-05,-27.878067487697678,-27.745538149850244
61,61,4.015037805955442e-05,4.242851589783401e-05,-27.940533732881736,-27.709311000062
62,62,3.8196586300137385e-05,4.194218586474706e-05,-28.165568272925636,-27.759378804315876
63,63,4.2452987867195075e-05,3.917596648917472e-05,-27.698125331761606,-28.055692213837744
64,64,3.905533640604939e-05,4.307994430219926e-05,-28.051033455682884,-27.64313807772297
65,65,4.1001531648474806e-05,4.080840024375663e-05,-27.841373873936814,-27.87839370851146
66,66,3.8412102874401134e-05,3.913294016169139e-05,-28.129818802637967,-28.06046462077895
67,67,3.983736705683357e-05,4.021966938843865e-05,-27.983636582902783,-27.94150444590609
68,68,4.1329649798875105e-05,3.764147664984002e-05,-27.81795923571107,-28.229222887317277
69,69,3.9947196582193336e-05,3.9716512793874194e-05,-27.96311817422824,-27.99617831513156
70,70,3.98682358742739e-05,4.084178525724718e-05,-27.967509314021967,-27.874842233923566
71,71,4.075821642490877e-05,3.960432485128924e-05,-27.880295657654063,-28.0084632678213
72,72,4.118681277459567e-05,3.581978585555733e-05,-27.83133441822796,-28.444659557603874
73,73,3.9630547689739615e-05,3.8105737698252164e-05,-27.999859909175665,-28.175985672452253
74,74,4.167607458211276e-05,3.66149199755072e-05,-27.77224141159543,-28.349308516092286
75,75,3.6683362447275644e-05,3.726033925264155e-05,-28.327952670290006,-28.273421361044207
76,76,4.027339665046065e-05,3.834130783568406e-05,-27.924183829617846,-28.14922018167516
77,77,4.248459148603268e-05,3.7357484344331747e-05,-27.69441479327361,-28.26211317780656
78,78,3.6607940705131844e-05,3.968619033625337e-05,-28.34313405183902,-27.999495299602742
79,79,3.565134789523748e-05,3.682145731880538e-05,-28.465758918187664,-28.32487967896547
80,80,3.4937470731559175e-05,3.646758121153413e-05,-28.550517849512147,-28.366819821211422
81,81,3.576469534141559e-05,3.7145242698132185e-05,-28.438388817037755,-28.286857406316173
82,82,3.6026124211481877e-05,3.6644954219043845e-05,-28.41199115273642,-28.345747574414375
83,83,3.510241972388443e-05,3.602997687841324e-05,-28.518811059527064,-28.419249574798616
84,84,3.456139257209965e-05,3.5451849008064817e-05,-28.595939557256493,-28.489500499566077
85,85,3.6155692725383846e-05,3.5969882781883876e-05,-28.395994909524088,-28.426499183534276
86,86,3.7613674207604324e-05,3.5613612549480566e-05,-28.22318432397077,-28.469729113239694
87,87,3.360180857946278e-05,3.232507697248366e-05,-28.709636393263477,-28.890493732060595
88,88,3.3884262374505344e-05,3.4018543900808586e-05,-28.68816031108004,-28.668732203783463
89,89,3.429981647640648e-05,3.661559687890602e-05,-28.630539652314404,-28.349228228413452
90,90,3.4674733356463474e-05,3.334027444093648e-05,-28.580718022697983,-28.756197704940654
91,91,3.530979691127006e-05,3.1101401107566506e-05,-28.500459146388586,-29.058089866152926
92,92,3.488884310181956e-05,3.533649382198315e-05,-28.54930994782148,-28.50365485411572
93,93,3.374396858807532e-05,3.327768904694638e-05,-28.69826278001314,-28.76435781606716
94,94,3.1107301957799977e-05,3.2843693397329555e-05,-29.05037690591652,-28.82136951654017
95,95,3.56115434236195e-05,3.1198838530001106e-05,-28.46768163896037,-29.044505144924315
96,96,3.275134137775521e-05,3.534263070928558e-05,-28.831702236592278,-28.502900680569887
97,97,3.363135430245353e-05,3.25209532667558e-05,-28.706129606042676,-28.864256735855058
98,98,3.1263207384870035e-05,3.0247298989132487e-05,-29.026581408436627,-29.179023416320163
99,99,3.313623268620655e-05,3.3206988854018214e-05,-28.779721835572115,-28.7735944450775
100,100,3.3855167348332376e-05,3.236506601847635e-05,-28.69131379146744,-28.88512443670264
101,101,3.5321280313265685e-05,3.0665376710347024e-05,-28.49643037123098,-29.119406367334136
102,102,3.2073957684297434e-05,3.2303896372659914e-05,-28.912705832808413,-28.893340324689273
103,103,3.177150284434752e-05,3.433800721770814e-05,-28.952257005486196,-28.628138533229226
104,104,3.215309100868553e-05,3.0607271582994144e-05,-28.909184454612852,-29.127643237927103
105,105,3.1979037538400644e-05,3.260504222692505e-05,-28.93826503556494,-28.853041739014593
106,106,3.258910448456629e-05,3.110420350008338e-05,-28.8529885234173,-29.05769856263142
107,107,3.152173508872871e-05,3.0506675724800996e-05,-28.991096195475855,-29.141940552205465
108,108,3.339896690151138e-05,3.027669127301411e-05,-28.74923709185768,-29.174805284750015
109,109,3.379336184826974e-05,3.124162297976191e-05,-28.690057669943375,-29.0385535382574
110,110,3.1356399481457214e-05,3.124390810913419e-05,-29.019874746825867,-29.038235890616427
111,111,3.52286946339912e-05,2.978330485348124e-05,-28.50824321732588,-29.246160540674644
112,112,3.149952227459769e-05,3.146836972614677e-05,-28.993618776432655,-29.007146967900027
113,113,3.1235417441401055e-05,2.7473138958923398e-05,-29.03292790821527,-29.59680658086419
114,114,2.6481008117303815e-05,3.004055188763519e-05,-29.74612636941139,-29.208810338895603
115,115,3.0080806796250566e-05,3.0314625100321503e-05,-29.19508660264797,-29.16936739199061
116,116,3.1086223597665916e-05,2.9452703912331918e-05,-29.05156304255098,-29.294637694425823
117,117,3.435497089328434e-05,2.9723075002900595e-05,-28.618729031619186,-29.25495203521645
118,118,3.13499452007368e-05,3.0325991821499836e-05,-29.015630780215993,-29.167739273876556
119,119,2.6537074387006307e-05,2.9352021317065107e-05,-29.73879168365588,-29.309509267451467
120,120,2.992570800190676e-05,2.8488745508519442e-05,-29.22911501003656,-29.439156152399015
121,121,2.8307422555896955e-05,3.077141642087985e-05,-29.46054741605773,-29.104414534417387
122,122,2.6981844843548877e-05,2.868483529470579e-05,-29.666602081607273,-29.40936580349302
123,123,3.053457246480939e-05,2.8385448163853173e-05,-29.123662703613867,-29.454931854247583
124,124,2.9306055056594297e-05,3.4844393092881597e-05,-29.30839320131417,-28.564560363653214
125,125,4.227744309282196e-05,2.7388368691486232e-05,-27.714435347822995,-29.61022775365128
126,126,3.2501663994968186e-05,2.984402358139816e-05,-28.85798088800607,-29.237315664243205
127,127,2.7849969509842004e-05,2.915538487669485e-05,-29.521346995650035,-29.338701620382665
128,128,2.822398201462101e-05,3.012574406487769e-05,-29.468303907946122,-29.196511587038554
129,129,2.9013655561938483e-05,2.721049878872643e-05,-29.355056439835803,-29.638524381075673
130,130,2.9403709799900997e-05,3.0300878470849345e-05,-29.29252673757132,-29.171337213265748
131,131,2.716912435924727e-05,2.787108592440889e-05,-29.634779139007282,-29.534350507034365
132,132,2.6929972399247883e-05,2.906147356521902e-05,-29.677512257559847,-29.352713094320187
133,133,2.847728430105676e-05,2.80172487596007e-05,-29.42860180201713,-29.511634547482647
134,134,2.7351634119056434e-05,2.6398844535211346e-05,-29.607838175158456,-29.770040224776423
135,135,2.943347764587613e-05,2.7437878375885223e-05,-29.286131833204383,-29.60238414234101
136,136,2.613867041573124e-05,2.7749840371957123e-05,-29.799898866806874,-29.553284516694056
137,137,2.7185322642722406e-05,2.781333786946274e-05,-29.63207735199311,-29.54335829373163
138,138,2.5790626553775976e-05,2.657975021161531e-05,-29.85799567815856,-29.74038045643056
139,139,2.5746189927191416e-05,2.7285444239647693e-05,-29.876887963849885,-29.626579118918592
140,140,2.965116408697363e-05,2.4974298484219043e-05,-29.249450643856584,-30.010956429512706
141,141,2.9620499652682877e-05,2.304001368190113e-05,-29.270238202436566,-30.361062082525997
142,142,2.803453127722305e-05,2.602750873847981e-05,-29.504497164395296,-29.831563399424475
143,143,2.7205681695685945e-05,2.6643949144942636e-05,-29.6365908160401,-29.729903448500984
144,144,2.257166191803972e-05,2.5892628304733845e-05,-30.438093016052097,-29.85412803935251
145,145,2.5323844787748122e-05,2.696093892346222e-05,-29.948169570395628,-29.67853928328728
146,146,2.5847698049529782e-05,2.5340741941411244e-05,-29.855900588316594,-29.947696146345038
147,147,2.4597241092836618e-05,2.382153017702206e-05,-30.077438558033766,-30.216192859342605
148,148,2.857031056956873e-05,2.4217989687856873e-05,-29.42258659187921,-30.144508509679248
149,149,3.325587700488803e-05,2.430106348440045e-05,-28.76357489641521,-30.129636609126113
150,150,2.2988699855858678e-05,2.582479905150218e-05,-30.358666964273304,-29.865519900389085
151,151,2.46697490530499e-05,2.5366988235251292e-05,-30.056002316136098,-29.943200334143086
152,152,2.8770655061044197e-05,2.428818630792911e-05,-29.38542518553451,-30.13193855321409
153,153,2.8104026597182234e-05,2.6087425411740122e-05,-29.490651971211776,-29.821577205462816
154,154,2.542972960486857e-05,2.6153826566817434e-05,-29.93343933442743,-29.810537014165863
155,155,2.573067997180954e-05,2.49387707969474e-05,-29.866917643467975,-30.017138971025314
156,156,2.664817926772005e-05,2.5500231841808846e-05,-29.719316775108155,-29.92044811951827
157,157,2.6534896161259913e-05,2.4162244507782527e-05,-29.737882831699544,-30.154516660824207
158,158,2.486460182799138e-05,2.3901685381133575e-05,-30.013331630856385,-30.201604154382828
159,159,2.7195605914889757e-05,2.4044872229990832e-05,-29.63742448042892,-30.17566467246573
160,160,2.5494360712756817e-05,2.5040392804504863e-05,-29.919191790003453,-29.99947803604269
161,161,2.7397075184088646e-05,2.370979731686499e-05,-29.60091709940224,-30.236610994729702
162,162,2.4389071637115287e-05,2.441207959093031e-05,-30.104215874072512,-30.109841636806767
163,163,2.337034150692376e-05,2.2690623346103455e-05,-30.286347324141232,-30.427425141198757
164,164,2.1868989799409018e-05,2.5034681249579943e-05,-30.576747755152965,-30.000468747227682
165,165,2.4491353847271555e-05,2.338595866029592e-05,-30.09356033962082,-30.29633763264462
166,166,2.5973685896855216e-05,2.4201795440603746e-05,-29.83270601059655,-30.14741355044479
167,167,2.5515346299743187e-05,2.5312373222014255e-05,-29.910894740695685,-29.952560755181512
168,168,2.7999847767092696e-05,2.4982579912160107e-05,-29.50895949236817,-30.009516556323877
169,169,2.872287299884267e-05,2.501906764289168e-05,-29.39408996136361,-30.00317819600916
170,170,2.6178837499136318e-05,2.3293947474724663e-05,-29.80309199933967,-30.313458490515778
171,171,2.4022359032164084e-05,2.395943183249696e-05,-30.1741059234536,-30.19112425804685
172,172,2.5448787147473285e-05,2.395822723069853e-05,-29.916908071190264,-30.191342612584315
173,173,2.408656136955785e-05,2.2659361859137118e-05,-30.15294002329353,-30.433412659551678
174,174,2.2777640354143306e-05,2.4805716820035167e-05,-30.406988972002445,-30.040371593789935
175,175,2.457407981637516e-05,2.3639306786399655e-05,-30.080670239098765,-30.249542040249647
176,176,2.3014078925774174e-05,2.2920955895020406e-05,-30.357385496301703,-30.383562154217113
177,177,2.326467221660705e-05,2.4218000649661437e-05,-30.316764001544048,-30.14450654392973
178,178,2.6504458894367454e-05,2.446943692216576e-05,-29.758942365826467,-30.099649651916906
179,179,2.582473795423398e-05,2.251781853900818e-05,-29.855310328589727,-30.46062625875338
180,180,2.481782834853295e-05,2.4364865710499305e-05,-30.027384551849302,-30.11824918837343
181,181,2.5897733356726247e-05,2.284136974738335e-05,-29.851064090359323,-30.39866796849385
182,182,2.435167753273416e-05,2.4117818611557595e-05,-30.11330220791511,-30.16250916364339
183,183,2.5509638521960125e-05,2.1996696934940318e-05,-29.916469645607467,-30.562314696536397
184,184,2.3603617216966875e-05,2.2562418483798147e-05,-30.252800092164456,-30.452032907203193
185,185,2.47265039930782e-05,2.3198394429575847e-05,-30.04388891272346,-30.331310126706732
186,186,2.4678318809070408e-05,2.3047480872743397e-05,-30.062690924189365,-30.35965477677513
187,187,2.4676177797596913e-05,2.2986848546823142e-05,-30.050764352039945,-30.37109506498225
188,188,2.3699849008931478e-05,2.1259991483116448e-05,-30.230797597024782,-30.710258546956133
189,189,2.5954631921907555e-05,2.484443101773075e-05,-29.83801915337347,-30.03359885833186
190,190,2.556699919483604e-05,2.2122972112763245e-05,-29.914447656505754,-30.537454690167646
191,191,2.338174409515821e-05,2.183622281767097e-05,-30.28938731935358,-30.594114236874827
192,192,2.363361344456261e-05,2.2246778850163346e-05,-30.246032841209335,-30.51321803287005
193,193,2.47542186594522e-05,2.1527034636835052e-05,-30.043801887642765,-30.656047313085743
194,194,2.4081149927651588e-05,2.250583941675263e-05,-30.161668837886232,-30.462937251263806
195,195,2.1637787305979183e-05,2.304069125545395e-05,-30.62692291934048,-30.360934364664264
196,196,2.3987000137831555e-05,2.3385214310684732e-05,-30.182217375760306,-30.296475866051328
197,197,2.409100309321111e-05,2.2585843716545862e-05,-30.16572975278825,-30.44752622201234
198,198,2.4515306393499786e-05,2.2064118207996025e-05,-30.07816529717415,-30.549023653413695
199,199,2.2765312345673573e-05,2.2972982677808767e-05,-30.408912509790483,-30.373715557887458
200,200,2.3158511996052296e-05,2.1258512836203935e-05,-30.34335153843752,-30.710560612235867
201,201,2.1969375061463823e-05,2.1437999102521355e-05,-30.550787927914385,-30.674046924970668
202,202,2.3040415932704602e-05,2.0140994796460482e-05,-30.35994773115611,-30.94508023644373
203,203,2.684911330866318e-05,2.0683176252963388e-05,-29.69488952245362,-30.829717080654543
204,204,2.1730721359229383e-05,2.096000638343149e-05,-30.604617014565754,-30.77197530324513
205,205,2.397374306645961e-05,2.1826973639499076e-05,-30.17833621380337,-30.595954169554158
206,206,2.463757211031763e-05,2.315173021902171e-05,-30.06791468748898,-30.340054878159673
207,207,2.1071918905063378e-05,2.0859349134345967e-05,-30.743007957567063,-30.79288187711271
208,208,2.2430284820281306e-05,2.0750977623002225e-05,-30.46658804451389,-30.815503788285294
209,209,2.069822210277258e-05,2.076438903187457e-05,-30.81900140515407,-30.812697838806958
210,210,2.1476600002492933e-05,2.1815447900352363e-05,-30.656738568066437,-30.598248068403503
211,211,1.8488225174861355e-05,2.00084549712636e-05,-31.306029933171835,-30.973753866665067
212,212,2.2776173817377284e-05,2.1777700160447766e-05,-30.41754104333773,-30.605769268395456
213,213,2.3437860541777162e-05,1.890052566235873e-05,-30.270862244210377,-31.221150579409617
214,214,2.0863956954777566e-05,1.987272834843392e-05,-30.78288905596708,-31.003314449381524
215,215,1.9366527382218693e-05,1.9907532795945083e-05,-31.105919683529923,-30.99571501040259
216,216,2.129114216248914e-05,2.0646751373102522e-05,-30.706441707918636,-30.837372128379954
217,217,2.2201915782584974e-05,1.9270195240862547e-05,-30.510663577387223,-31.137028260596257
218,218,2.1341052076619683e-05,1.9195111810021397e-05,-30.699299554863558,-31.153982947097816
219,219,2.0225866957900377e-05,2.013290867053959e-05,-30.92265764182168,-30.946824174633125
220,220,2.3368412403027662e-05,2.0145609740115777e-05,-30.290566152143054,-30.944085243395488
221,221,2.1846528772922404e-05,2.0182831313401327e-05,-30.587981654980045,-30.936068504809263
222,222,1.8319869749828604e-05,1.999195393708712e-05,-31.349604674866267,-30.977336984283426
223,223,1.9801165781808375e-05,2.0312206958662598e-05,-31.00176806241212,-30.908318280388126
224,224,2.0679484988278026e-05,2.0372861256060116e-05,-30.830285699268426,-30.895369133521825
225,225,1.9208969004785574e-05,2.2075255473234728e-05,-31.14640942195671,-30.546832026058834
226,226,2.0158817283258613e-05,1.948781908523463e-05,-30.936313731312612,-31.088257016942254
227,227,1.7634390390872025e-05,1.9941646601900604e-05,-31.508183289577133,-30.9882792531166
228,228,2.139295930674896e-05,1.9536580375164415e-05,-30.67840511399661,-31.07740392479442
229,229,2.046164790391634e-05,2.051559500901739e-05,-30.86517703568007,-30.86504823674719
230,230,2.188157768426949e-05,1.91259683130116e-05,-30.57699878848299,-31.169655089793842
231,231,2.0760225019442906e-05,1.879273627549226e-05,-30.802170387745416,-31.245989216938767
232,232,2.2935471828457164e-05,2.0561730085127667e-05,-30.377249969373466,-30.855292870566153
233,233,2.3151595856107472e-05,1.9583314233865456e-05,-30.323264775511788,-31.067027482419007
234,234,2.0093511700662893e-05,1.9506360905851532e-05,-30.95873612993517,-31.08412685649928
235,235,2.2281014241446793e-05,1.9390431828613048e-05,-30.503723358747198,-31.110014598945806
236,236,2.3797161004002884e-05,1.9981687824168292e-05,-30.21353389378301,-30.979567712379655
237,237,2.154594672789507e-05,2.014406467615596e-05,-30.646637064824134,-30.944418337550246
238,238,2.1330771711084887e-05,1.7316365038392466e-05,-30.690193529362677,-31.60132208500395
239,239,2.1508067347145023e-05,2.1638112038520997e-05,-30.647996638773307,-30.63369575734518
240,240,2.3724860675804276e-05,1.9815856448028507e-05,-30.224103247601573,-31.015760934714013
241,241,2.1776863841577578e-05,2.0400816203235944e-05,-30.600771389883956,-30.889413977176275
242,242,1.9295134214039582e-05,2.0488506211940578e-05,-31.130714880498726,-30.870786451439404
243,243,98049985166.51546,1.9723154932044533e-05,125.93463791754843,-31.03612554638213
244,244,2.0149651695693635e-05,2.104137995143231e-05,-30.936606140906623,-30.75514722262392
245,245,2.1219460037529417e-05,2.0433407515060697e-05,-30.713047930049026,-30.882481444315285
246,246,2.1086800207393533e-05,2.1333381889570247e-05,-30.740004708159354,-30.69529233152575
247,247,2.0543224567068276e-05,1.8870898537371478e-05,-30.858655099038025,-31.22796361323507
248,248,2.3093619980387565e-05,1.9178516619209213e-05,-30.35215747466582,-31.157739276921287
249,249,1.943652322430334e-05,2.2570019035284578e-05,-31.08891696733822,-30.450570155451846
250,250,1.9906199715066024e-05,1.8927801121256044e-05,-30.98239185295177,-31.214887768256997
251,251,2.2334097598245207e-05,1.9170277339167353e-05,-30.491538174990026,-31.159605449774585
252,252,2.0142188504061926e-05,1.989339855419147e-05,-30.9328184574246,-30.998799573124764
253,253,1.958891558275617e-05,1.8054028954027574e-05,-31.05903114897408,-31.42014806280743
254,254,1.963333576811434e-05,2.0581930177860685e-05,-31.041797446646967,-30.851028403352153
255,255,2.1624735316286252e-05,2.1374126103374263e-05,-30.63738793818475,-30.68700573583115
256,256,1.7453138321591903e-05,1.8884004499628454e-05,-31.562184752732406,-31.22494845660162
257,257,2.278200362684636e-05,1.9207664990972262e-05,-30.401934620071543,-31.151143685010222
258,258,1.9308327348871617e-05,1.848400434985371e-05,-31.126233859860484,-31.317928788523773
259,259,2.2314999976928092e-05,1.99926014015785e-05,-30.499720244400635,-30.977196334848426
260,260,2.03933480209803e-05,1.9893448552465998e-05,-30.888549092726052,-30.998788657972494
261,261,2.0152928351945803e-05,1.841729738914996e-05,-30.935489642724594,-31.333630400732446
262,262,2.2496174917307014e-05,2.1733973043362647e-05,-30.46212294342204,-30.614498168322445
263,263,2.143047445831153e-05,2.0836372306420297e-05,-30.665965868935853,-30.797668320539046
264,264,2.153167761863778e-05,2.1159615674772986e-05,-30.65613688603161,-30.730811656219636
265,265,2.2955846670998824e-05,1.9387470657468503e-05,-30.373603365051057,-31.11067787375341
266,266,1.975710124169541e-05,2.1276384718236697e-05,-31.018030100592746,-30.706911062971113
267,267,2.1281832776310823e-05,2.112495791918359e-05,-30.70030268796902,-30.73793088391847
268,268,1.8885113191928896e-05,2.1349926148679132e-05,-31.217800362797213,-30.691925638020386
269,269,2.0213763243013202e-05,2.085434004440781e-05,-30.9150956106173,-30.793924901679837
270,270,2.1398859930225617e-05,1.9976371085680223e-05,-30.675980460359945,-30.98072343929118
271,271,2.003457530946369e-05,1.7979462068308893e-05,-30.962475029034906,-31.438122470675154
272,272,2.20693462783997e-05,2.0055288515370768e-05,-30.535178053158994,-30.963600267790717
273,273,2.060355892663398e-05,2.0579914139249778e-05,-30.839505035702636,-30.851453823767223
274,274,2.0210969669091185e-05,2.0877951771437535e-05,-30.929021751229868,-30.789010508817505
275,275,2.1699317102568023e-05,1.9901861833204748e-05,-30.61034924149846,-30.996952340366942
276,276,1.775901481656528e-05,1.877684199395222e-05,-31.486105390303273,-31.24966389176688
277,277,2.1130641522814613e-05,2.079496811060572e-05,-30.734725506323045,-30.80630682197495
278,278,2.213754930483812e-05,2.0514318940082664e-05,-30.521401368441307,-30.865318376088812
279,279,2.073312142099369e-05,1.8748432466964005e-05,-30.81213028140986,-31.25623978139805
280,280,1.884839131195907e-05,2.150618581110489e-05,-31.229851566384585,-30.660255471612086
281,281,2.2589109940997434e-05,2.1820905586585132e-05,-30.43981094976302,-30.597161706763355
282,282,2.0120005412592816e-05,1.8462347342344737e-05,-30.94693610540101,-31.32302023571796
283,283,2.2231915484075424e-05,2.0156261574524442e-05,-30.51354954846854,-30.9417895519734
284,284,1.8659286243493306e-05,1.963894381237639e-05,-31.25996013747544,-31.054708132957053
285,285,1.884144144570041e-05,2.1175426737547815e-05,-31.22822993980043,-30.727567696963135
286,286,1.9587410008039724e-05,1.997536049346213e-05,-31.05353110501982,-30.980943151732422
287,287,1.9001156717947488e-05,1.841452970103618e-05,-31.18840113022465,-31.33428309258765
288,288,1.9135209298575628e-05,1.97929362959832e-05,-31.16341379222591,-31.020787140250267
289,289,1.7519148106245112e-05,1.8414797595093995e-05,-31.543037182208558,-31.3342199120087
290,290,2.0849119514470247e-05,2.0976341626297462e-05,-30.79568523831258,-30.768591934624475
291,291,1.8853552370911557e-05,1.9102112865335873e-05,-31.225256298280783,-31.175075341250036
292,292,1.866724093731333e-05,2.0721282812461906e-05,-31.270570981746282,-30.821723027086026
293,293,2.32974054653692e-05,1.884154112543145e-05,-30.299932295096138,-31.23472518299716
294,294,1.9838219172596998e-05,1.9599105718570125e-05,-31.00780299808559,-31.0635268537963
295,295,2.2144595746307385e-05,2.0106825726734794e-05,-30.51763486863282,-30.9524542715124
296,296,2.018843721914178e-05,1.8673614512839488e-05,-30.928203231702135,-31.2736055165942
297,297,2.355462636598494e-05,1.826453111980778e-05,-30.260047944132168,-31.369804132558855
298,298,1.9186356177069872e-05,1.9740145609447562e-05,-31.14930797205218,-31.032385890654087
299,299,2.3253363545420854e-05,1.867498090895855e-05,-30.312186198114578,-31.273287743843618
300,300,1.953912927551896e-05,1.9270652046543546e-05,-31.07547952744183,-31.136925311024292
301,301,1.8265510854839657e-05,2.1189880307678034e-05,-31.366979057624597,-30.724604373228367
302,302,1.790767821392402e-05,2.0217493137782806e-05,-31.443933101611705,-30.928616365273427
303,303,2.2594487628461157e-05,2.1261431356833782e-05,-30.43916336147237,-30.70996442264488
304,304,2.0249016176524857e-05,1.6839683523453697e-05,-30.918667115480275,-31.72255015573716
305,305,2.1919680650696427e-05,1.7560937785195786e-05,-30.5741053791144,-31.540412366176213
306,306,1.7613275608756838e-05,1.902064679215025e-05,-31.518138568782746,-31.19363659978415
307,307,2.0027898455699653e-05,1.8363588112965534e-05,-30.966813712553098,-31.34631397728849
308,308,2.0331063062501963e-05,2.0973634730724273e-05,-30.888576494899294,-30.769152406841265
309,309,2.0541338139101407e-05,1.8314876270826636e-05,-30.847885724537186,-31.35784951839552
310,310,1.997639399576787e-05,1.9729020215508125e-05,-30.980412254332144,-31.034834230883163
311,311,1.87530417064146e-05,1.8787592340997532e-05,-31.25431861656764,-31.247178127447278
312,312,2.2520364110306153e-05,2.0177721317419416e-05,-30.45164622096145,-30.93716821376997
313,313,1.9315432996570718e-05,1.812556250737735e-05,-31.123580177002374,-31.40297447586615
314,314,2.0067157164862927e-05,2.0420556594265355e-05,-30.952075035247265,-30.885213656130976
315,315,1.8542078583008915e-05,1.911457904593829e-05,-31.302980116153655,-31.17224202765469
316,316,2.1788802722270347e-05,1.7351946218313013e-05,-30.615286534752116,-31.592407479726283
317,317,2.1429974344052246e-05,1.832874769254551e-05,-30.662851702209526,-31.35456147996218
318,318,2.0157911928164167e-05,1.8076062612013438e-05,-30.93667196542258,-31.414851039273355
319,319,1.990138903660334e-05,1.8621165461234723e-05,-30.988517806703307,-31.285820817891455
320,320,1.8578156948596068e-05,2.045738308783927e-05,-31.28777013827017,-30.877388630017542
321,321,2.0033967466963414e-05,1.8636977696779038e-05,-30.96216818383415,-31.282134554179052
322,322,2.103501007236305e-05,1.8515628126854273e-05,-30.74567981767057,-31.310504911975126
323,323,1.9289293846930977e-05,1.8140613136845212e-05,-31.129990535066455,-31.399369791563924
324,324,2.044399379133445e-05,1.9134601619665964e-05,-30.866379810876083,-31.16769516211331
325,325,1.886013535450851e-05,1.8942475866137293e-05,-31.22883831799506,-31.211521982975636
326,326,2.110108405140261e-05,1.875491903104519e-05,-30.75197043077852,-31.254737473522866
327,327,2.0460482358327316e-05,1.8143752305676524e-05,-30.863242155814138,-31.398618325367412
328,328,2.1529677756991507e-05,1.7236603071069112e-05,-30.649005113816443,-31.62137260204998
329,329,2.1106174221337644e-05,1.8504764212641595e-05,-30.746945511242266,-31.313053852076358
330,330,2.0414211632538054e-05,1.8633769765361457e-05,-30.88306272449627,-31.282882157600657
331,331,1.82368988734919e-05,1.823203973272987e-05,-31.373373483654902,-31.37753682279007
332,332,1.7626224811484116e-05,1.8662860647485725e-05,-31.5149344572809,-31.276107276329878
333,333,2.0637733447899534e-05,1.7508180989304828e-05,-30.832928470401498,-31.55347913456002
334,334,2.1153628059090404e-05,1.638199357426186e-05,-30.730460382177377,-31.84222189654634
335,335,1.7541284672840927e-05,1.9300490820521526e-05,-31.540990849386592,-31.130205874415854
336,336,1.7341529004174984e-05,1.8045718853069336e-05,-31.587655725686943,-31.422147539963483
337,337,2.0452223635430463e-05,1.924204695426038e-05,-30.866934511394515,-31.14337670827231
338,338,1.7920798889219404e-05,1.8009535850930996e-05,-31.453472068842817,-31.4308642075181
339,339,1.8177053161051254e-05,1.674606420764528e-05,-31.388101816353824,-31.746761888574714
340,340,2.0851884879992157e-05,1.7433769603246075e-05,-30.79349190132675,-31.571976386522607
341,341,1.9549180612473008e-05,1.82992339911212e-05,-31.067244715575484,-31.36156030427842
342,342,1.784357391912148e-05,1.8347341258624128e-05,-31.454484673373088,-31.350158020340622
343,343,1.568567859067116e-05,1.7223118256400706e-05,-32.02424968100976,-31.624771573761482
344,344,1.780948121487415e-05,2.0061661440482376e-05,-31.473792270833734,-30.962220438947355
345,345,1.858240524522922e-05,1.658698721784228e-05,-31.289696553866634,-31.788214309165824
346,346,2.0281393161210346e-05,1.6760123176745285e-05,-30.906734978493233,-31.743117347947244
347,347,1.548441982730268e-05,1.604118570915154e-05,-32.08129288991895,-31.933524742162284
348,348,1.7694661582749007e-05,1.813169257346951e-05,-31.49935737809252,-31.401505940039613
349,349,2.156554755294058e-05,1.9701523677596062e-05,-30.64134558855794,-31.040891259492604
350,350,1.854982817170934e-05,1.9010732031395156e-05,-31.294583222110685,-31.1959010067639
351,351,1.6619737070681197e-05,1.7146403694680073e-05,-31.77319492334363,-31.64415896367808
352,352,1.8962556051641532e-05,1.7143088777964677e-05,-31.201010229165895,-31.644998667002998
353,353,2.1693566320687543e-05,1.7754321513501437e-05,-30.616172266265092,-31.492848606355576
354,354,1.9890025509759897e-05,1.7265587733785842e-05,-30.996638793720344,-31.614075742491035
355,355,1.8034926320866624e-05,1.829702434980917e-05,-31.416394897398227,-31.362084748619715
356,356,2.189482669676828e-05,1.7066754432897524e-05,-30.577604457296076,-31.664380012692437
357,357,1.8734942897804713e-05,1.7348622733200164e-05,-31.248344422747568,-31.5932393803511
358,358,1.9256709820933558e-05,1.8093686321662972e-05,-31.131622851618555,-31.410618839336774
359,359,1.7999972245438724e-05,1.740913708808397e-05,-31.423421303070093,-31.57811695756468
360,360,1.6483994709842684e-05,1.8992443648657125e-05,-31.809024735376674,-31.20008094392813
361,361,1.7330243084420684e-05,1.571437676255683e-05,-31.595857640824285,-32.02291779471275
362,362,1.9721050334409644e-05,1.9003786627236924e-05,-31.030796693023248,-31.19748795345717
363,363,2.02666904667624e-05,1.8574426001961048e-05,-30.91233692225797,-31.29673539090139
364,364,1.927714584809044e-05,1.8028438764878574e-05,-31.132086782260014,-31.426308217865664
365,365,1.7189918558007364e-05,1.6796393657913494e-05,-31.628589790234166,-31.733728962353286
366,366,1.7119461386455534e-05,1.7084619948467373e-05,-31.64623120681513,-31.659836186461916
367,367,1.998956880006236e-05,1.698507601663311e-05,-30.97310280328621,-31.685214460084392
368,368,1.8727307239724095e-05,1.6526218874595972e-05,-31.258281545586787,-31.80415440611688
369,369,1.8355158570876044e-05,1.7638345190406606e-05,-31.338102594887015,-31.521311032118962
370,370,1.6978827402125878e-05,1.7757523892214522e-05,-31.681037183053505,-31.492065332272276
371,371,1.6438315568163872e-05,1.8060774389021772e-05,-31.814494775351037,-31.418525733480447
372,372,1.706038430017646e-05,1.7348382100049332e-05,-31.65764230710159,-31.59329961935448
373,373,1.8627578993828982e-05,1.735210442252298e-05,-31.285926387926217,-31.59236788364794
374,374,2.0055152889625853e-05,1.818407937255535e-05,-30.964387464689963,-31.388976225081322
375,375,1.957488357501714e-05,1.7660204345080083e-05,-31.062744262003037,-31.515932164379514
376,376,1.6968284201998497e-05,1.7557928339029833e-05,-31.6899918299828,-31.541156687397766
377,377,1.9552005849937375e-05,1.6934850440233468e-05,-31.066958677060363,-31.698075753666494
378,378,1.5772959796805416e-05,1.7526833026319143e-05,-31.99409202647185,-31.54885491633464
379,379,1.880950820535516e-05,1.7648976800525195e-05,-31.235470203276456,-31.51869408671906
380,380,1.9427287136834622e-05,1.6888026924502092e-05,-31.104118245643555,-31.71010028208075
381,381,1.8243757884042726e-05,1.687676189919186e-05,-31.371780493212857,-31.71299817582313
382,382,1.855472297843194e-05,1.5944395320395033e-05,-31.296315510903057,-31.95980887313203
383,383,1.6451091193358507e-05,1.6848079667397542e-05,-31.828772786379744,-31.720385334618634
384,384,1.8374670959282102e-05,1.984595526568898e-05,-31.33691754352972,-31.009169328145212
385,385,1.6983859687880074e-05,1.6011940212927967e-05,-31.674962496220136,-31.941449810803526
386,386,1.8016502128806886e-05,1.7487515043811935e-05,-31.420530407964296,-31.558608397956107
387,387,1.7327184088065496e-05,1.6026919997545375e-05,-31.593448864322585,-31.93738871859815
388,388,1.762715096306566e-05,1.649511745869715e-05,-31.511752530927488,-31.81233528478391
389,389,1.6232903208126034e-05,1.8160022830814244e-05,-31.867125036657058,-31.394725507206473
390,390,1.737689418058432e-05,1.4803317059742863e-05,-31.57250048069232,-32.28229899876449
391,391,1.6997693786759125e-05,1.6161089972324828e-05,-31.674410076985666,-31.901182928171053
392,392,1.786265962793325e-05,1.7076521927313143e-05,-31.45445706652589,-31.661895207779345
393,393,1.7185794660559322e-05,1.6542188859602902e-05,-31.625259099813007,-31.79995966111462
394,394,1.5864158609174503e-05,1.6817299733941726e-05,-31.970069752748742,-31.728326762409253
395,395,1.4859836886261264e-05,1.788126258505049e-05,-32.25569378396271,-31.46190760090688
396,396,1.73554465562251e-05,1.6840164598282793e-05,-31.585750546226905,-31.72242608858405
397,397,1.768362129688594e-05,1.6281215027304012e-05,-31.501243307269682,-31.86902128803043
398,398,1.7524575262719625e-05,1.5939913354438767e-05,-31.53731702070136,-31.961029845564305
399,399,1.7334837706322414e-05,1.6796970277554418e-05,-31.588003208516025,-31.73357987175985
400,400,1.7859464741818135e-05,1.676654349131767e-05,-31.467691744424844,-31.741454010966827
401,401,1.7593797120124945e-05,1.531169300506008e-05,-31.524783520355058,-32.13565727858413
402,402,1.7521650201179563e-05,1.8770360862905172e-05,-31.54177014736376,-31.251163188259838
403,403,1.6156001511825305e-05,1.8675222307999656e-05,-31.9016323652229,-31.273231605851073
404,404,1.8815129628022724e-05,1.7769602819546554e-05,-31.241504546484258,-31.489112201988306
405,405,1.918677845452228e-05,1.5388696977568446e-05,-31.152022762891427,-32.11387092961856
406,406,1.6508102231155228e-05,1.6277404292371723e-05,-31.794703024928538,-31.87003790433372
407,407,1.742455912893458e-05,1.565198659878469e-05,-31.564453496617475,-32.04019473515582
408,408,1.8614645749452037e-05,1.772201422729842e-05,-31.283760863147418,-31.500758600276292
409,409,1.8485195113564408e-05,1.6944093228008378e-05,-31.313367717143272,-31.695706086024586
410,410,1.6653733359113905e-05,1.780060174975293e-05,-31.763467189484942,-31.48154257009848
411,411,2.000402638100006e-05,1.7308853378046096e-05,-30.974185734284152,-31.603206418353306
412,412,1.574769756414228e-05,1.693015632267098e-05,-32.01025696541854,-31.69927972765777
413,413,1.792659285334575e-05,1.585853140951306e-05,-31.447261364639655,-31.983259742050215
414,414,1.9515508619847003e-05,1.5872675296697325e-05,-31.078370742220564,-31.9793880881163
415,415,1.853869756927189e-05,1.5559175488689154e-05,-31.30179727916837,-32.06602361757216
416,416,1.906226815166163e-05,1.6626050972646273e-05,-31.181011855649743,-31.777998332609027
417,417,1.8014637561529674e-05,1.7726712796598133e-05,-31.41833039340537,-31.499607324671793
418,418,1.887056635861938e-05,1.6379122323422435e-05,-31.223987694247697,-31.842983145584874
419,419,1.5893484000041578e-05,1.7500031844974728e-05,-31.960224353459232,-31.555501019250606
420,420,1.729964965635031e-05,1.6798352350490047e-05,-31.59490890596887,-31.7332225442494
421,421,1.7138027234659133e-05,1.7902760167711868e-05,-31.63268926864778,-31.456689471736894
422,422,1.8964638194429615e-05,1.646864505968743e-05,-31.205050568822948,-31.819310713804065
423,423,1.7660521176911005e-05,1.756758930289499e-05,-31.51047920110458,-31.538767709991042
424,424,1.6469578070230916e-05,1.684335922235684e-05,-31.812485848025567,-31.721602298520605
425,425,1.972887108872642e-05,1.6341429177134015e-05,-31.023131133028258,-31.85298904825405
426,426,1.806150782247585e-05,1.709014244816468e-05,-31.41469051792148,-31.658432582751146
427,427,1.8284705093560425e-05,1.7096067662542307e-05,-31.360241705515122,-31.65692712898735
428,428,1.7804108721844086e-05,1.4621991555797745e-05,-31.479059649552312,-32.33582412138568
429,429,1.5058603652899355e-05,1.7235789336585806e-05,-32.1987003014297,-31.621577635916918
430,430,1.8405627247609783e-05,1.5912077383530376e-05,-31.33007261356836,-31.96862058721745
431,431,1.75778718678969e-05,1.7417686553687273e-05,-31.530766436288364,-31.575984701205325
432,432,1.84414429004954e-05,1.775540405153726e-05,-31.32347976814645,-31.492583811126625
433,433,1.8925239033968555e-05,1.764020156482921e-05,-31.206312009310373,-31.520853976348256
434,434,1.8285765517501523e-05,1.5967926676814004e-05,-31.36046227925753,-31.953404111925657
435,435,1.9026429423864046e-05,1.725571021444538e-05,-31.18534397939198,-31.616561021154634
436,436,1.9027619671141646e-05,1.671805516946877e-05,-31.186406585536567,-31.7540318683563
437,437,1.9837668126634415e-05,1.6549936797099163e-05,-31.008203512403654,-31.797926013232853
438,438,1.6548389817920176e-05,1.6685850464694485e-05,-31.7883858792965,-31.762405936982496
439,439,1.6490324544496823e-05,1.6924241735020923e-05,-31.801239030557717,-31.700797210143158
440,440,1.6020393629623494e-05,1.4609092024904002e-05,-31.9305080699758,-32.33965716126221
441,441,1.672620746643419e-05,1.6304657899462127e-05,-31.75243300407238,-31.862772499300682
442,442,1.6791048991078625e-05,1.711186594452317e-05,-31.733682229833406,-31.65291571616455
443,443,1.995537118513237e-05,1.819006375195673e-05,-30.986548266023636,-31.387547197342478
444,444,1.5974968068194265e-05,1.7048079275570527e-05,-31.94318174786947,-31.669134846707017
445,445,1.7573351838625067e-05,1.6078534204816126e-05,-31.540985329524865,-31.923424870227954
446,446,1.8536469372886187e-05,1.8423026487748995e-05,-31.298620101874505,-31.332279643917055
447,447,1.76221444150739e-05,1.651708548946006e-05,-31.5307343380373,-31.806555242802546
448,448,1.6427592372471652e-05,1.7526504531193304e-05,-31.82318991223547,-31.548936314358578
449,449,4.1738069754013776e-05,1.594998880854722e-05,-27.78085773608504,-31.958285582351955
450,450,1.641373585970513e-05,1.7954323539015604e-05,-31.825263802949408,-31.4441989394645
451,451,1.5772742075962915e-05,1.5519188237751797e-05,-31.9979474687636,-32.0771994002901
452,452,1.8266923304799628e-05,1.689681503672833e-05,-31.35803514301072,-31.70784090863945
453,453,1.9363470776803186e-05,1.804794630133026e-05,-31.108310277320996,-31.421611507678847
454,454,1.872502501278974e-05,1.6591807252552826e-05,-31.249832298121127,-31.78695247037662
455,455,1.717837581851462e-05,1.6983070030332065e-05,-31.6275069015184,-31.685727404641995
456,456,1.83612791186102e-05,1.5216795514118675e-05,-31.331467393674302,-32.16265736368937
457,457,1.7665740917024224e-05,1.7511146324977744e-05,-31.504226068516637,-31.55274363846596
458,458,1.89473696325914e-05,1.628769287938332e-05,-31.200023065033417,-31.86729369221556
459,459,1.7116029473832033e-05,1.4528284401948391e-05,-31.636706108578274,-32.36374608004891
460,460,1.729545816563108e-05,1.754511985334255e-05,-31.59968622857795,-31.54432601609646
461,461,2.066372045407764e-05,1.565607058900672e-05,-30.83175583388901,-32.03906170130642
462,462,1.978246745210592e-05,1.5127862824508492e-05,-31.01804471507843,-32.18811363115475
463,463,1.5963723708597342e-05,1.8140981649737926e-05,-31.944129500637374,-31.399281568807034
464,464,1.662095699373953e-05,1.6980070636475974e-05,-31.762714892969484,-31.686494483409486
465,465,1.9144392208732995e-05,1.6827025678809915e-05,-31.15695232772914,-31.725815834189774
466,466,1.5278906194560985e-05,1.504217099959772e-05,-32.1361201691955,-32.21278419466578
467,467,1.64923647614544e-05,1.6408630879021458e-05,-31.801235654888647,-31.835165954668177
468,468,1.7048588336731028e-05,1.8896603562193615e-05,-31.65438975816848,-31.22205188937693
469,469,1.648819453603397e-05,1.5796350094445332e-05,-31.818476050733917,-32.00032190463808
470,470,1.9039487231510195e-05,1.716413656762789e-05,-31.18726121201088,-31.639669795337177
471,471,1.696828784466542e-05,1.7696960520353106e-05,-31.69250661577207,-31.506902588672233
472,472,1.9343336617501188e-05,1.5687933539179778e-05,-31.11707289278923,-32.03023200096095
473,473,1.794058998149415e-05,1.5480767376031606e-05,-31.44033427257382,-32.08796456201264
474,474,1.947935420831368e-05,1.6965012419907572e-05,-31.088765478207083,-31.690347589781958
475,475,1.6056867451945585e-05,1.664477636758851e-05,-31.918113412553954,-31.773109763731323
476,476,1.5905907121029403e-05,1.8961307504421137e-05,-31.960614066952772,-31.207206594622537
477,477,1.7143786398892845e-05,1.641927538960437e-05,-31.64741356543876,-31.83234953845637
478,478,1.79376641511029e-05,1.8056044178880065e-05,-31.443537168637175,-31.419663322147436
479,479,1.7886201752957014e-05,1.4075766007169333e-05,-31.45503120249763,-32.501169023067746
480,480,1.6310477269481573e-05,1.7992757875617826e-05,-31.855907281345903,-31.434912051068764
481,481,1.6851601610620284e-05,1.7326573302661447e-05,-31.71412550987022,-31.5987626064017
482,482,1.8599091261646592e-05,1.647171778753737e-05,-31.277792241270955,-31.81850048062013
483,483,1.6021966806987358e-05,1.5372987993606857e-05,-31.931400662815086,-32.11830652906655
484,484,1.852667803421392e-05,1.7529754658378232e-05,-31.309468578751346,-31.54813103031597
485,485,1.721312543109495e-05,1.5766679265844257e-05,-31.622448849242804,-32.008487078382075
486,486,1.579824295253481e-05,1.637338410594231e-05,-31.992947727820294,-31.844504907724485
487,487,1.8620646904910056e-05,1.7795842387912624e-05,-31.276192409733294,-31.482703902162406
488,488,1.5896611977350592e-05,1.868691611219363e-05,-31.961836893311247,-31.270513049036893
489,489,1.5112384873421048e-05,1.6403353440278135e-05,-32.188502550181276,-31.836562982365294
490,490,1.6097382548341368e-05,1.763964378130224e-05,-31.91229205659671,-31.5209913025216
491,491,1.8305570524107587e-05,1.6535038867004914e-05,-31.357297552051673,-31.80183720805113
492,492,1.6267829253302272e-05,1.777281328797567e-05,-31.867579476936374,-31.48832762464125
493,493,1.6755783062106594e-05,1.765223712362441e-05,-31.74894068570266,-31.517891881821352
494,494,1.571339053324917e-05,1.6093215890577994e-05,-32.016921666381684,-31.919461035164495
495,495,1.598797460659269e-05,1.8112440150281672e-05,-31.932854828498684,-31.40611977478295
496,496,1.711629909212994e-05,1.6093008573654133e-05,-31.645183667438094,-31.919516982450972
497,497,1.9697792356158426e-05,1.6133088808457712e-05,-31.033085339627387,-31.908714164115715
498,498,1.8566350043085512e-05,1.6730220594533756e-05,-31.294733499805595,-31.750872735583073
499,499,1.814430903585762e-05,1.6067967408162076e-05,-31.389107963367813,-31.92627998752736
500,500,1.642177079533606e-05,1.7495778688738172e-05,-31.830607002792846,-31.556556644061192
501,501,1.9282320497894164e-05,1.7746282609502822e-05,-31.126661217855194,-31.494815475254327
502,502,1.856271107039761e-05,1.552531981169044e-05,-31.286501381830835,-32.075483857716634
503,503,1.7383161883623598e-05,1.57826513091813e-05,-31.574090245555183,-32.0040897927648
504,504,1.8196804727811413e-05,1.576529266936919e-05,-31.37756927060345,-32.008869034321506
505,505,1.79103448477015e-05,1.644022852001638e-05,-31.44985951838133,-31.826810909404074
506,506,1.86334363600499e-05,1.6307473527520317e-05,-31.276021322102096,-31.862022587118748
507,507,1.599742358145526e-05,1.729986409995227e-05,-31.944390429812444,-31.605462493842214
508,508,1.5005471361535493e-05,1.6571408842106682e-05,-32.220822499683415,-31.79229508744264
509,509,1.809378672237706e-05,1.7510530453460216e-05,-31.398537743516467,-31.552896383637666
510,510,1.8938717314142066e-05,1.5994714120001607e-05,-31.205172286244718,-31.946124587334175
511,511,1.808879354489504e-05,1.731620099426915e-05,-31.39164208743772,-31.601363227469385
512,512,1.453067483753236e-05,1.564149339939927e-05,-32.34701100720453,-32.0431072516044
513,513,1.571110980651226e-05,1.5045685694004581e-05,-32.00693295869343,-32.211769557824766
514,514,1.7654560850264106e-05,1.6479519648495816e-05,-31.51259368350635,-31.81644392342241
515,515,1.718606188322943e-05,1.4772190728476026e-05,-31.62873821737066,-32.29144034571875
516,516,1.6608055708256307e-05,1.3852542715061358e-05,-31.775635066896008,-32.57059442897456
517,517,1.779972310557532e-05,1.4014342061847473e-05,-31.475496891999256,-32.52016227361862
518,518,1.7409922039996202e-05,1.7954985172477073e-05,-31.575952556356413,-31.444038900871888
519,519,1.7116314511346817e-05,1.5218084603188081e-05,-31.64639696188365,-32.16228946720501
520,520,1.7434979439450526e-05,1.474823403967955e-05,-31.573062277199277,-32.298489200953526
521,521,1.5225115968166496e-05,1.5745157461902925e-05,-32.15201180755269,-32.01441932677899
522,522,1.6986574965559748e-05,1.5490959077923388e-05,-31.673948371148843,-32.085106342236514
523,523,1.7083664776701252e-05,1.5195425547924396e-05,-31.660034183856173,-32.16876073897735
524,524,1.4627274295074215e-05,1.4385439403428646e-05,-32.33181743182132,-32.40665808942489
525,525,1.7821006739601198e-05,1.5910514608357946e-05,-31.462140268056697,-31.96904714243618
526,526,1.7402384349496942e-05,1.437133577335197e-05,-31.581956662290864,-32.41091804498009
527,527,1.655151956733742e-05,1.5195911433501782e-05,-31.78565921877881,-32.16862187215142
528,528,1.4973286369306302e-05,1.844752157347485e-05,-32.226284629023745,-31.326509139984257
529,529,1.6101467051542095e-05,1.4416394175273844e-05,-31.910233759564516,-32.397322925578216
530,530,1.7721111559235257e-05,1.4925436899877815e-05,-31.493813854973787,-32.24661888173912
531,531,1.3906855196951583e-05,1.4494577738476341e-05,-32.54621536834775,-32.37383373057768
532,532,1.6282164024326532e-05,1.4549969364452409e-05,-31.871319441919304,-32.357268620035484
533,533,1.7079331925189537e-05,1.5619637116814327e-05,-31.650569282111988,-32.04918000989012
534,534,1.5101547357995309e-05,1.4127670582590662e-05,-32.19359683863586,-32.48518381072057
535,535,1.5028590093334997e-05,1.5595804885187565e-05,-32.21648714365067,-32.05581147690398
536,536,1.651587931566197e-05,1.650709816060139e-05,-31.79931129590596,-31.80918207045737
537,537,1.7206379376035592e-05,1.530090417202844e-05,-31.612584441015517,-32.138718456842675
538,538,0.00012710173926457972,1.470667063442402e-05,-22.93386038241229,-32.310745746837476
539,539,1.6221183121854563e-05,1.574878687231256e-05,-31.879364000535034,-32.013418351541524
540,540,1.7998438288861844e-05,1.5667420197324216e-05,-31.421910180748313,-32.035914496217835
541,541,1.4864890291982633e-05,1.4653050847731433e-05,-32.24483741139068,-32.326608842395636
542,542,1.5240277760537923e-05,1.636055762183356e-05,-32.153694088514676,-31.847908391241422
543,543,1.5249540481199427e-05,1.707421946967339e-05,-32.147387321402796,-31.66248081418692
544,544,1.749839432789289e-05,1.474571562491627e-05,-31.551413612774407,-32.29923086739694
545,545,1.663824479560999e-05,1.5190955166058542e-05,-31.767251447921666,-32.17003858921467
546,546,1.7910559024327534e-05,1.519637577841518e-05,-31.44098461333067,-32.16848916582879
547,547,1.6332082170790563e-05,1.4939440772746151e-05,-31.846722746821253,-32.242546000393745
548,548,1.575513789182728e-05,1.641830242174604e-05,-32.002735625280174,-31.832606898834467
549,549,1.4519302487652689e-05,1.5003153772627947e-05,-32.36084720970664,-32.224063803740336
550,550,1.4834122836320379e-05,1.6264824927547077e-05,-32.26824573719965,-31.873395479479775
551,551,1.5317713180208848e-05,1.606363914681041e-05,-32.13158793298245,-31.927450013078005
552,552,1.5251613472783087e-05,1.5278961822523822e-05,-32.147879511222015,-32.14495095174439
553,553,1.7253199530387064e-05,1.6461532906855848e-05,-31.619080187662234,-31.821186664052725
554,554,1.4504610046116664e-05,1.390482382128922e-05,-32.35814512677801,-32.55423450321383
555,555,1.4015484939403736e-05,1.4522803212457802e-05,-32.51083744240897,-32.36538488298109
556,556,1.5161988212827223e-05,1.5743608664228016e-05,-32.17467755739369,-32.01484654852636
557,557,1.5449820131328397e-05,1.4154987519233194e-05,-32.092427832480226,-32.47679450127679
558,558,1.4525922287032596e-05,1.564046550284777e-05,-32.35030084451248,-32.043392661991795
559,559,1.563287764135388e-05,1.4242181709720936e-05,-32.0399545191941,-32.450124184608214
560,560,1.8864115903402447e-05,1.4098795298578856e-05,-31.224212108253013,-32.494069358728616
561,561,1.4419354842569182e-05,1.4889998079812167e-05,-32.38584881870438,-32.256942991555505
562,562,1.6719561404222742e-05,1.47791568834739e-05,-31.742713367690154,-32.289392816264986
563,563,1.928206031677582e-05,1.4796501904799553e-05,-31.12818897983899,-32.284298865210324
564,564,1.540267079146417e-05,1.6026197356136674e-05,-32.10161790311032,-31.93758454303094
565,565,1.5048381598164045e-05,1.5538437046894903e-05,-32.19321445739907,-32.071816082932244
566,566,1.414873596453636e-05,1.4065585530356897e-05,-32.476321999912315,-32.50431124961629
567,567,1.6133154550169418e-05,1.327723458943135e-05,-31.904761813096677,-32.75481312226446
568,568,1.442170957592136e-05,1.3486317656267937e-05,-32.38449299557128,-32.68695556083314
569,569,1.4448160832263553e-05,1.3883731418517479e-05,-32.37776154187146,-32.560827372698384
570,570,1.6300268425860024e-05,1.444273012614423e-05,-31.868833188171042,-32.38939644714857
571,571,1.7186323034788e-05,1.4208601777155357e-05,-31.634007489670072,-32.46037598396172
572,572,1.4570915763468611e-05,1.5021534229737499e-05,-32.34490219375612,-32.21874649147112
573,573,1.8063953392783398e-05,1.4277911185146016e-05,-31.413796626621146,-32.4392426477258
574,574,1.591358064034307e-05,1.2525886296843006e-05,-31.953479037114533,-33.00780475806893
575,575,1.778426378654537e-05,1.3824829095124427e-05,-31.482038618070266,-32.57929169713802
576,576,1.2442628514653519e-05,1.3909318496237239e-05,-33.027182001855316,-32.55283089168227
577,577,1.494678255917232e-05,1.3971115142914259e-05,-32.2250980151588,-32.53357868997736
578,578,1.6358048460179562e-05,1.4311691158677844e-05,-31.844431092965202,-32.42897985165455
579,579,1.770380420322871e-05,1.4929349330678202e-05,-31.505018283495154,-32.24548060722324
580,580,1.4169135157157817e-05,1.4088464156788847e-05,-32.46065966900168,-32.49725289494942
581,581,1.6773104351196924e-05,1.4563451881449988e-05,-31.72795884047857,-32.35324615692244
582,582,1.6864140710935054e-05,1.4909498603581023e-05,-31.70727298616093,-32.25125902234898
583,583,1.4805413051475362e-05,1.601147366608003e-05,-32.272671579627456,-31.94157635491427
584,584,1.4844430922691113e-05,1.4494004302066873e-05,-32.26360806085379,-32.374005550136175
585,585,1.3897396433300677e-05,1.4171614231217015e-05,-32.55042200326968,-32.47169619110203
586,586,1.35916887386687e-05,1.5168256499907185e-05,-32.64904692186146,-32.176532767918296
587,587,1.6018885762417824e-05,1.3942561508883955e-05,-31.92901496564898,-32.542463718042704
588,588,1.3859832511256754e-05,1.5080422264490104e-05,-32.56763111036436,-32.20175438587594
589,589,1.394771299001337e-05,1.4568894943965316e-05,-32.538610819798194,-32.351623292786755
590,590,1.744628014083779e-05,1.218298168743403e-05,-31.564352752224075,-33.128353494913554
591,591,1.6206189661012834e-05,1.4367641094730444e-05,-31.881003439664482,-32.412034701675246
592,592,1.6747037656405718e-05,1.3208686021626866e-05,-31.73751685892568,-32.77729324039791
593,593,1.5604614943476543e-05,1.455248627136921e-05,-32.039056631937285,-32.35651742652671
594,594,1.6039341737512623e-05,1.4556404350610377e-05,-31.92538599497723,-32.35534829904159
595,595,1.4517605304905542e-05,1.3321738965475416e-05,-32.347535466541274,-32.74028021336655
596,596,1.5721978333832086e-05,1.5642633451007943e-05,-32.01339033980685,-32.04279072167513
597,597,1.6560067640816716e-05,1.1883520097686223e-05,-31.78877852407856,-33.23643835900098
598,598,515432870549102.9,1.6067875740669767e-05,163.14136084772738,-31.926304764027478
599,599,1.4377797019874051e-05,1.2517993318875884e-05,-32.397997923891936,-33.01054225476912
600,600,1.3637039187087044e-05,1.4996632193000742e-05,-32.62457153962446,-32.22595200793836
601,601,1.611853934067317e-05,1.4408846063337191e-05,-31.906959070864353,-32.39959739296212
602,602,1.5344062990386857e-05,1.3573125694452565e-05,-32.120356588116906,-32.65909069989543
603,603,3.162242765824456e+16,1.5379407542288965e-05,181.01720020608127,-32.11649335350031
604,604,1.4818876728164356e-05,1.1097934642939914e-05,-32.261379690551415,-33.533467780281796
605,605,19966432619403.875,1.4679573173213468e-05,149.02446288208208,-32.31875512788656
606,606,1.5118618747007916e-05,1.5348399182058576e-05,-32.18922898529097,-32.125258550725746
607,607,1.614761686610531e-05,1.4076063076859818e-05,-31.89849622517761,-32.50107736598434
608,608,1.4107455003279929e-05,1.345381202841772e-05,-32.4797544768527,-32.697435853112474
609,609,1.417022072347049e-05,1.4452060297212723e-05,-32.47356121716674,-32.3865917602886
610,610,1.5024849547903754e-05,1.397263378365958e-05,-32.21402300005512,-32.53310664358296
611,611,1.6011108912316933e-05,1.3899681921190532e-05,-31.930336359984068,-32.55584078881768
612,612,1.612088453839533e-05,1.4530003610209525e-05,-31.89993497941145,-32.36323218696504
613,613,1.4469441208048105e-05,1.4991390128814505e-05,-32.37900403444401,-32.227470347193034
614,614,1.73037518900096e-05,1.5260855123319505e-05,-31.593737097463514,-32.150100714419956
615,615,1.3792204332351025e-05,1.4036846167934863e-05,-32.57670310463037,-32.513194004673565
616,616,1.4539929630587984e-05,1.4658347481599776e-05,-32.353448477400654,-32.325039283099365
617,617,1.5073663520918662e-05,1.4369646937427061e-05,-32.19491372438488,-32.41142843262498
618,618,1.6549998287428962e-05,1.35883466148363e-05,-31.79079204224979,-32.65422324473775
619,619,1.3127266905114797e-05,1.5225427432596916e-05,-32.7911889903311,-32.160194472151936
620,620,1.468403772059432e-05,1.3970833462831491e-05,-32.304477541051064,-32.53366625159114
621,621,1.3483202466661693e-05,1.3466340054659859e-05,-32.68622216870013,-32.6933936374206
622,622,1.4377644834219365e-05,1.4804392417557354e-05,-32.40541879384111,-32.281983525549336
623,623,1.4510275837123699e-05,1.4687790912591337e-05,-32.363948334898176,-32.31632459380917
624,624,1.4715376920255799e-05,1.2421180743235469e-05,-32.30205003798555,-33.04426059562262
625,625,1.4982880783623167e-05,1.321012833661945e-05,-32.22245731503818,-32.77681904088648
626,626,1.325522203167322e-05,1.4377596040790913e-05,-32.75438275003652,-32.4090266358213
627,627,1.4819680294862074e-05,1.4699187934303681e-05,-32.27170802774658,-32.31295598357282
628,628,1.6541785283049284e-05,1.5018887312946486e-05,-31.78702405993296,-32.21951182118378
629,629,1.5381772694117617e-05,1.4030604090389956e-05,-32.10883987733499,-32.515125708375265
630,630,1.6234681978173668e-05,1.4381687953190473e-05,-31.872282617808136,-32.407790794909594
631,631,1.4487173982545464e-05,1.3622633607730294e-05,-32.36773124479135,-32.643278648421266
632,632,1.667344869610574e-05,1.4108376394448752e-05,-31.758660770600983,-32.4911190329943
633,633,0.0004962201418934034,1.5521260042748364e-05,-17.024427101823886,-32.07661965770984
634,634,1.620500791797951e-05,1.4348215700010769e-05,-31.884163594033232,-32.41791044000526
635,635,1.460481074169253e-05,1.5125580639026961e-05,-32.34119721666541,-32.1887688561141
636,636,1.2690286753568966e-05,1.4350301434636717e-05,-32.94780202098411,-32.41727917182084
637,637,1.3418860864063746e-05,1.5037434422993101e-05,-32.7027412154175,-32.21415194472141
638,638,1.2872996391247257e-05,1.4707152020396039e-05,-32.883181839027664,-32.31060359375946
639,639,1.6031299127434132e-05,1.5050286540491997e-05,-31.932094384438017,-32.21044172415881
640,640,1.4639160973583972e-05,1.447689354742914e-05,-32.32130500779832,-32.379135599762556
641,641,1.7695779998697636e-05,1.4571592074437495e-05,-31.493137018235164,-32.350819360523275
642,642,1.907342204466443e-05,1.3728425911770165e-05,-31.17576670901441,-32.60968196601924
643,643,1.4568113821257715e-05,1.505628142695059e-05,-32.34576509716851,-32.20871217056384
644,644,1.710082341157159e-05,1.3698328817362812e-05,-31.659317287375362,-32.619213540132364
645,645,1.656255774354783e-05,1.3924865207196777e-05,-31.794557788394275,-32.54797941009721
646,646,1.5290884108516056e-05,1.4700386791925044e-05,-32.13187109226178,-32.31260178984404
647,647,1.5266850603195016e-05,1.4137149982592459e-05,-32.144028705109385,-32.48227075400585
648,648,1.5407902659736118e-05,1.3596018681327174e-05,-32.10551283722586,-32.651771882571346
649,649,1.3598882869888426e-05,1.4306895440983536e-05,-32.645734484335264,-32.43043537689068
650,650,1.3646343978910681e-05,1.333242990815626e-05,-32.634731361784056,-32.7367963173324
651,651,1.6751391850570163e-05,1.5172778651168828e-05,-31.740923256662196,-32.17523818759562
652,652,1.40611692192588e-05,1.4478762319700572e-05,-32.50105459510402,-32.37857502017129
653,653,1.6478517376451716e-05,1.350982924314418e-05,-31.806735826280814,-32.67939081089984
654,654,1.2892044332588317e-05,1.3907317823299978e-05,-32.86932541665851,-32.553455612233144
655,655,1.6722444427417492e-05,1.3710966222309875e-05,-31.750572942507556,-32.61520879968571
656,656,1.458874132517802e-05,1.5023459965098146e-05,-32.339528204098464,-32.218189768952584
657,657,1.480185500975157e-05,1.4373260790690486e-05,-32.28306461662532,-32.410336353456216
658,658,1.7165906378930642e-05,1.5162616436052639e-05,-31.636353799867898,-32.17814792000641
659,659,1.5369075262026752e-05,1.6145501711817862e-05,-32.1112603473287,-31.905373958975055
