,epoch,train_loss,test_loss,train_dbs,test_dbs
0,0,9.383476182059913e-05,8.929199937387908e-05,-24.258103523304094,-24.46689310570291
1,1,0.2652715393125674,0.00015700707253448568,10.254612712920935,-22.015826420479527
2,2,0.00015217783918169798,0.0001591883713109909,-22.150048562430108,-21.95590518703023
3,3,0.0001564271238448876,0.0001598372477210911,-22.030918353387907,-21.93823865392889
4,4,0.00015772415135120588,0.00015225936543796897,-22.003694989214996,-22.14917842631616
5,5,0.0001467198069935266,0.00015074753211688643,-22.317774525673684,-22.19251647061107
6,6,0.00014474663258465392,0.00014047681715486474,-22.375985535289566,-22.498971994380806
7,7,0.00013456207040886962,0.00013232969152005879,-22.689324171671686,-22.75844558015126
8,8,0.00012458916734027937,0.00012070111628609563,-23.033219871579075,-23.15790571487139
9,9,0.00011635336851054256,0.00011493602141854353,-23.31493689494989,-23.37045698424356
10,10,0.00011159328135635377,0.00011050194638971191,-23.498633721921927,-23.5413193032554
11,11,0.00010792798912944752,0.00010406662209118765,-23.65637210275581,-23.801904001273485
12,12,0.0001070932930346804,0.00011196639790892062,-23.685266355586535,-23.484141514425847
13,13,0.00010562122534071191,0.00010539592614421915,-23.740742654221194,-23.7467803364046
14,14,9.646710168453865e-05,0.00010290060756807706,-24.129985408871214,-23.850839190845274
15,15,9.337784945976815e-05,9.726154090266821e-05,-24.27347019618887,-24.095607123492755
16,16,9.819730854060348e-05,9.385046436555537e-05,-24.054502633041274,-24.250654322886668
17,17,9.180055484151679e-05,9.281767396666845e-05,-24.348574480726025,-24.29871177415418
18,18,9.359752866001464e-05,9.338738125638644e-05,-24.26686975632157,-24.27213660905302
19,19,8.726090647504646e-05,9.42653965275416e-05,-24.56390070065642,-24.231495593824405
20,20,9.713015565138608e-05,9.186200661229362e-05,-24.105138991050023,-24.343659302970618
21,21,9.43387903200496e-05,9.474756753709363e-05,-24.23248392048723,-24.209337890086154
22,22,8.81189117001096e-05,9.401818552808101e-05,-24.535165216051524,-24.242899926953534
23,23,9.698308405728013e-05,9.269768538376268e-05,-24.11463374126017,-24.3043296795283
24,24,9.036294645785844e-05,9.446896116347297e-05,-24.42187429231828,-24.222127184864913
25,25,9.225910980603658e-05,9.771166265923774e-05,-24.329218729113663,-24.075554548185856
26,26,9.812266325377667e-05,9.469009149286553e-05,-24.067358895513685,-24.211973219275045
27,27,9.478057236452682e-05,0.00010290807691298572,-24.216124552934485,-23.850523956793136
28,28,9.657632160935427e-05,0.00010316547482752388,-24.125586433887097,-23.839674767158886
29,29,9.391487585218652e-05,0.00010377439761405664,-24.254823126184142,-23.814116370295043
30,30,0.00010015899274971086,9.569153840665852e-05,-23.974629780035528,-24.16628321438509
31,31,9.670153892714261e-05,9.643263777099109e-05,-24.127527940459895,-24.132778117083944
32,32,0.00010035828509177177,0.0001008465744809272,-23.96756501306338,-23.938407072648783
33,33,9.74323358098717e-05,0.00010073013426766633,-24.093171369259387,-23.943424452685335
34,34,0.00010684340964665531,0.0001158391935046223,-23.684945915557954,-23.336463328906575
35,35,0.00010850803282102282,0.00011453539819309586,-23.628210104349485,-23.385621280799644
36,36,0.00011900090199916806,0.00011973687268389193,-23.220683787931495,-23.192739471589082
37,37,0.00011941883082924046,0.00013038086456761353,-23.211010096722745,-22.822880015494373
38,38,0.0001299667423266975,0.00013417133557499925,-22.836601249353134,-22.69842115237658
39,39,0.00012072934439800651,0.00012780429518132128,-23.156248010601782,-22.909564084959186
40,40,0.00011589770180115611,0.00012362646980603275,-23.336804442780746,-23.05390390108737
41,41,0.00011553052262542289,0.00011620089131419693,-23.350116971538117,-23.322923988049737
42,42,0.00011177244288642824,0.00011149718040159266,-23.501608368904918,-23.502379732507684
43,43,0.00010978700143804764,0.000106177479641414,-23.572198377671008,-23.714694459279492
44,44,0.00010497779736941028,0.00010516528211730092,-23.764861183657537,-23.756294668988804
45,45,0.00010761203457056497,0.0001040794947919877,-23.667369021492462,-23.801366826425788
46,46,0.00010646963391522637,0.00010251217808170048,-23.705479148291907,-23.86726397015757
47,47,0.00010366088099544868,0.0001071648638523919,-23.824814020590836,-23.674494415622238
48,48,0.00010193207116075071,0.00010582214006143132,-23.89987164182642,-23.72925318004733
49,49,0.00010436690620539143,0.00010444078553088107,-23.799978258975536,-23.786317284862257
50,50,0.00010883739423192797,0.00010682751273730231,-23.608895570403504,-23.688187412676882
51,51,0.0001135175096107522,0.00011379466320106171,-23.429632893218034,-23.413799633330015
52,52,0.0001152754910098216,0.00011569487335356443,-23.3582333780613,-23.341877430960732
53,53,0.0001195059349933236,0.00011978940126841495,-23.20747437936714,-23.19083463882148
54,54,0.00011899540842613973,0.00011931629514468736,-23.22158400349513,-23.20802098361467
55,55,0.00012311370672475662,0.00011692747801517773,-23.074647801686282,-23.29585275536351
56,56,0.00011569961865574179,0.00010817553036184491,-23.338470425651177,-23.63372824979801
57,57,0.00010666910238046746,0.00010536657071880702,-23.704795762968693,-23.747990124629986
58,58,9.340844647424805e-05,8.93187815994392e-05,-24.274720189203993,-24.465590678962748
59,59,7.249329008249633e-05,6.781712306148715e-05,-25.371410494723058,-25.661624959211604
60,60,5.596028221561093e-05,5.528730712524664e-05,-26.502358105942285,-26.548764208053054
61,61,5.026502110491286e-05,5.448607733246478e-05,-26.970449751580986,-26.612163156527046
62,62,4.651758269771103e-05,5.282865679060036e-05,-27.297893309097834,-26.746322895554716
63,63,5.188169446218754e-05,5.158914781962889e-05,-26.839814272446038,-26.84943504113378
64,64,4.7924329788356865e-05,5.073395569572887e-05,-27.16730360166305,-26.922031327954834
65,65,4.885510235308362e-05,5.1509961370979194e-05,-27.09008964730689,-26.856106339212403
66,66,4.903383634563838e-05,5.095313061151261e-05,-27.074333190431837,-26.90330985458868
67,67,4.797589682527463e-05,5.203029583131674e-05,-27.167072146822257,-26.812455629167435
68,68,5.2315058467487236e-05,7.752214955153729e-05,-26.797732439402967,-25.080760516857737
69,69,6.283314465203072e-05,6.843569185309064e-05,-26.00380221412367,-25.622191959804447
70,70,7.420657561148622e-05,8.200123997276502e-05,-25.271052947932077,-24.8368143854038
71,71,7.394611474382211e-05,0.00014339433638317707,-25.291477444712914,-22.40969859680117
72,72,0.00011818561905943404,0.00010266498085050109,-23.246315620121383,-23.860795276281145
73,73,9.726320339976474e-05,9.332193171997603e-05,-24.099967679611865,-24.2751813820445
74,74,9.512845798846833e-05,8.750839161190302e-05,-24.194047657572785,-24.554521564478918
75,75,8.110144838226297e-05,8.400039931936925e-05,-24.884729107629386,-24.732205075032123
76,76,7.841387537389648e-05,6.517317696737959e-05,-25.037154299470966,-25.834329662418863
77,77,7.121857651299317e-05,7.297013527070368e-05,-25.46326755841921,-25.343567067695794
78,78,7.73054036340609e-05,7.822444470213285e-05,-25.097844071172158,-25.04159369240555
79,79,7.671676823670121e-05,8.535691353915211e-05,-25.132060727657624,-24.66263155268607
80,80,7.345610986506931e-05,8.449456991480762e-05,-25.319085868730284,-24.70673058412678
81,81,7.849756085053422e-05,8.314207929958541e-05,-25.03826769947864,-24.776809765369894
82,82,7.790452762436093e-05,7.997085642847723e-05,-25.062404149467127,-24.945701110966564
83,83,7.788723372325022e-05,8.433130642515607e-05,-25.063708907700253,-24.715130298233667
84,84,7.131313275787067e-05,7.661482672311219e-05,-25.44172622054047,-25.131890344184367
85,85,7.890547488752473e-05,7.073333376626436e-05,-25.01207590678475,-25.47877730606364
86,86,7.256596497249233e-05,7.922003006617735e-05,-25.375315224355255,-24.9866685521518
87,87,6.684655079542486e-05,6.701245020897324e-05,-25.72116488249896,-25.71346360562518
88,88,6.698443608048862e-05,6.547482534140152e-05,-25.722069754401176,-25.81427509521746
89,89,6.976802461329349e-05,7.068806773627569e-05,-25.547382079041242,-25.481557477594148
90,90,7.205705490556171e-05,7.366669371166561e-05,-25.405939100856692,-25.302306797036586
91,91,7.37627337584104e-05,7.796405387987186e-05,-25.30550686680271,-25.056074451622045
92,92,7.093032336248968e-05,7.518727866945003e-05,-25.47451237755905,-25.21357491867188
93,93,7.416577399144256e-05,7.368012646972937e-05,-25.26916452553951,-25.301514954672726
94,94,7.328186823251974e-05,7.05788918008023e-05,-25.333780099018316,-25.488270231365856
95,95,6.934713889405458e-05,7.308169121020718e-05,-25.565888838267195,-25.336932691455676
96,96,7.372890978171875e-05,7.500390270969977e-05,-25.298090332875823,-25.224179963026042
97,97,7.221808774965652e-05,7.494905213733498e-05,-25.388950716453188,-25.227357133091676
98,98,7.05325643120324e-05,7.4151195325325e-05,-25.49325093639567,-25.273837018151077
99,99,6.952022533706563e-05,7.35470176119921e-05,-25.561053308737662,-25.309367916641023
100,100,6.886181755671902e-05,7.086265548806343e-05,-25.594568849277046,-25.470844351736396
101,101,7.028460860271582e-05,7.553756892632104e-05,-25.51189806219421,-25.193388545695967
102,102,6.936238495064131e-05,6.864170906115568e-05,-25.569282161900606,-25.609137699450912
103,103,6.255969908790538e-05,6.833010334766616e-05,-26.017063685811138,-25.62889780526848
104,104,6.591146793840549e-05,6.407560431398451e-05,-25.790968546112584,-25.90809147288361
105,105,6.612480839188739e-05,6.61629595637542e-05,-25.77650470591625,-25.76886934518223
106,106,6.346535429684925e-05,6.617704198824388e-05,-25.96009705536683,-25.76794507146317
107,107,5.820469498561129e-05,6.223296651641201e-05,-26.333633530899803,-26.034813547152634
108,108,5.572422005289556e-05,6.449587511413388e-05,-26.504996171841487,-25.879699182416406
109,109,5.400436122127036e-05,5.635708418451127e-05,-26.657764731481898,-26.465533427171216
110,110,5.042735139476903e-05,4.958383674659815e-05,-26.949258905381136,-27.021617291150974
111,111,4.257913763270613e-05,4.00312886708171e-05,-27.694614575217326,-27.951022871502925
112,112,3.9072890957090136e-05,3.708576303707607e-05,-28.06034009681187,-28.282946390907235
113,113,3.455002351796624e-05,3.718438213246899e-05,-28.5912297523242,-28.271412886020805
114,114,3.1178250022084916e-05,3.397496613232713e-05,-29.0384124937508,-28.66342825628398
115,115,3.141109692412861e-05,3.272583317563036e-05,-29.012765138271064,-28.826111459287045
116,116,2.88363890015801e-05,3.0173202360042762e-05,-29.390506449832436,-29.17880452691888
117,117,2.705597460627575e-05,3.0580236470038804e-05,-29.652226436093034,-29.12061018720071
118,118,2.6658532322509234e-05,2.6890120352618396e-05,-29.721125518122484,-29.679091121025216
119,119,2.503960094304837e-05,2.7141270421500513e-05,-29.982835914366554,-29.638716859679413
120,120,2.4353252397820152e-05,2.7265770002390798e-05,-30.11260405572692,-29.61884091166465
121,121,7.493552219756632e-05,8.697847730026727e-05,-25.227270324937912,-24.58090057745673
122,122,9.458250257086979e-05,9.564746793138941e-05,-24.215025060025962,-24.16828380641585
123,123,9.39227213972661e-05,9.674912871560082e-05,-24.25179498221381,-24.11854795485997
124,124,9.70304107486112e-05,9.331026567930454e-05,-24.108943620665425,-24.275724321276474
125,125,9.40661253836654e-05,9.178128330907049e-05,-24.24417032659757,-24.347477322940062
126,126,8.833605162865367e-05,8.333122624255913e-05,-24.5122286729379,-24.766940854713802
127,127,6.885127375651267e-05,6.343853333658587e-05,-25.592788944641054,-25.95148724330109
128,128,5.1541473759553086e-05,4.6088766554787165e-05,-26.846990028054407,-27.339067725852942
129,129,3.319272268198961e-05,2.9837504371243995e-05,-28.76687343240638,-29.22739362470491
130,130,2.7936901948198713e-05,2.7005593629406865e-05,-29.516013086814198,-29.660481298481834
131,131,2.6223285522533354e-05,2.5497091787416904e-05,-29.798366705592905,-29.91011210723459
132,132,2.430203322856147e-05,2.3866459023817076e-05,-30.125014937111487,-30.19713868952259
133,133,2.066308277171254e-05,2.1559096383402664e-05,-30.82977913690779,-30.63871304003912
134,134,2.1711374991111333e-05,2.1482420475206853e-05,-30.60850917206068,-30.654186453376262
135,135,2.1652539806982343e-05,2.3983121776071032e-05,-30.62434301434959,-30.175961454907814
136,136,2.140387007869125e-05,2.067134932746596e-05,-30.67628368148638,-30.82133031877342
137,137,2.0333151463926267e-05,2.0057115187611136e-05,-30.899757527955046,-30.952333894555167
138,138,1.9747341257149772e-05,2.0147612638921648e-05,-31.0233427253532,-30.93278265656282
139,139,1.8697079114419992e-05,1.9628342430989603e-05,-31.263661438437495,-31.04618232145903
140,140,1.99512442779132e-05,2.2522216520308958e-05,-30.97911815792876,-30.44890728806106
141,141,2.0564474606047596e-05,2.049488030982167e-05,-30.850279714372533,-30.85856471731656
142,142,1.905517374606714e-05,2.1141715335129686e-05,-31.181489745557624,-30.723616371842027
143,143,2.091580867760133e-05,1.9525196253916394e-05,-30.776581588948897,-31.069064503078437
144,144,2.008702520789043e-05,2.1725430231431108e-05,-30.95679442762565,-30.605334725159846
145,145,1.729904128409281e-05,1.978135960119911e-05,-31.603126087232056,-31.01245720140917
146,146,1.7941231048679744e-05,2.06737586267991e-05,-31.44264112398958,-30.820824166796275
147,147,1.8588478016362826e-05,2.0485159965526117e-05,-31.29734035678038,-30.860624984676264
148,148,1.915155977239357e-05,1.934621257915799e-05,-31.15544644243815,-31.109059025520924
149,149,1.866999940192699e-05,1.9538057992911873e-05,-31.265458109434235,-31.06620463767144
150,150,1.8531909686832487e-05,1.967392917753099e-05,-31.310556967247656,-31.03610754433335
151,151,1.7762845401972e-05,2.0286607650632504e-05,-31.48313297384391,-30.902924282175725
152,152,1.7587888381517726e-05,1.9703763858782814e-05,-31.532357785155313,-31.02952664082316
153,153,1.841757060076619e-05,1.985258304078965e-05,-31.32859296753282,-30.99684836815621
154,154,1.6693588152979967e-05,1.9015755098830834e-05,-31.75318974592896,-31.183882825700664
155,155,1.9604960742953218e-05,1.864601127683847e-05,-31.063015536870793,-31.26915915570232
156,156,1.7020724363206193e-05,1.8493444545847044e-05,-31.669355639226847,-31.304840487395552
157,157,1.8074801597115945e-05,1.851170451884268e-05,-31.404467066599043,-31.30055448593047
158,158,1.7616191430018252e-05,1.836814604566347e-05,-31.526880658137394,-31.33436534290505
159,159,1.8304981363753634e-05,1.8164148155177062e-05,-31.359231644103236,-31.382868225605268
160,160,1.7807132486999874e-05,1.8401917690138553e-05,-31.47776953172905,-31.326387742936866
161,161,1.699674045816322e-05,1.8845421101631426e-05,-31.677842298668963,-31.222960118898648
162,162,1.726770421283646e-05,1.8843307244471936e-05,-31.601530760156713,-31.2234472865698
163,163,1.825677020288944e-05,2.0367508879740182e-05,-31.374488697812495,-30.885639437855808
164,164,1.6651690212083194e-05,1.9579557661736064e-05,-31.758425792424816,-31.056989820443356
165,165,1.6273015379616463e-05,1.9161046159416928e-05,-31.857455709106738,-31.150826410055036
166,166,1.685604250447683e-05,1.923115245230484e-05,-31.71647761154719,-31.13496547419289
167,167,1.634881146790426e-05,1.9079675200229855e-05,-31.833190164507332,-31.169308808211575
168,168,1.7247663797122384e-05,1.9762141260128518e-05,-31.614734510521533,-31.01667858796
169,169,1.7759907668451634e-05,1.8708388970959565e-05,-31.482023773921092,-31.25465467250802
170,170,1.5846074704088622e-05,1.9021618228228027e-05,-31.97925919747393,-31.1825439715468
171,171,1.7953717070133617e-05,1.753956913537542e-05,-31.431860604442456,-31.534829375195574
172,172,1.696061199066948e-05,1.7830771531934214e-05,-31.690959089354884,-31.46331722741192
173,173,1.7521889538929638e-05,2.008263331127206e-05,-31.545272875388783,-30.94681199558872
174,174,1.7087681339710133e-05,1.8139372131324643e-05,-31.65330449306076,-31.38879607614331
175,175,1.4785924952203581e-05,1.7659757663511156e-05,-32.28865560388919,-31.50517118445176
176,176,1.6455313466254084e-05,1.898297889630684e-05,-31.81208438983232,-31.19137493184607
177,177,1.5460975988652226e-05,1.792716892324327e-05,-32.086460921947555,-31.43990147359576
178,178,1.5951001002867623e-05,1.7451787052299262e-05,-31.951020699784163,-31.556619530490888
179,179,1.5182718123975702e-05,1.771963948876395e-05,-32.16454058503335,-31.490469763172186
180,180,1.691570209398369e-05,1.7805900106874394e-05,-31.69087745985614,-31.469379255046704
181,181,1.5592529184077555e-05,1.8799235668235558e-05,-32.05495842973714,-31.233616658579578
182,182,1.618784857051538e-05,1.8268224075176188e-05,-31.894944949697297,-31.358055281544207
183,183,1.671638027304296e-05,1.773060540998765e-05,-31.746165434233635,-31.487782933085708
184,184,1.6052547459938858e-05,1.7656837108485267e-05,-31.92182136408769,-31.50588947620266
185,185,1.6182653789937175e-05,1.830804768886944e-05,-31.898500046729158,-31.348598231015828
186,186,1.605177783520836e-05,1.7995503735858764e-05,-31.92778898012714,-31.423378500419492
187,187,1.655981016943001e-05,1.8410576319040144e-05,-31.793593814023563,-31.32434474371969
188,188,1.4783057948304689e-05,1.75551427242968e-05,-32.28953919990146,-31.530974934559055
189,189,1.5208564111593865e-05,1.7606518284944622e-05,-32.165832528022364,-31.518283760290508
190,190,1.6534668051013025e-05,1.8280583533755578e-05,-31.795704825820007,-31.355118033947853
191,191,1.748014903437861e-05,1.7605734898863472e-05,-31.54958743443144,-31.518476999984955
192,192,1.543081081069534e-05,1.8131525872664306e-05,-32.09813669604301,-31.390675040867343
193,193,1.6112616879947437e-05,1.683445491021542e-05,-31.911656262584497,-31.713027993592213
194,194,1.6518492969029018e-05,1.8271770913040536e-05,-31.794577934869626,-31.357212165874362
195,195,1.5998705078242527e-05,1.7539386997094353e-05,-31.94065886519278,-31.53487447439985
196,196,1.5465880532593876e-05,1.7630975435167784e-05,-32.08730762213024,-31.512255177681915
197,197,1.53841976976558e-05,1.7979900085744082e-05,-32.102007275082784,-31.427145840795102
198,198,1.6899873923282884e-05,1.8401082917606753e-05,-31.703177817062027,-31.326584757907536
199,199,1.5003254454135571e-05,1.839236476467034e-05,-32.21953768756772,-31.3286428666318
200,200,1.8506348914877553e-05,1.7655076757555915e-05,-31.30015636058681,-31.50632248059793
201,201,1.581769314369237e-05,1.8389632451113646e-05,-31.97926819966916,-31.329288089182235
202,202,1.5189494445518538e-05,1.7966940456397807e-05,-32.15694478827669,-31.43027729583903
203,203,1.4786615727493928e-05,1.6203998759584992e-05,-32.27557769142975,-31.878796568438315
204,204,1.569178820102831e-05,1.6811604047305944e-05,-32.016707552436195,-31.71892705309672
205,205,1.7410287103668508e-05,1.745622435727886e-05,-31.57234338773678,-31.55551543031461
206,206,1.5860033042756804e-05,1.7168732005015236e-05,-31.977070765795695,-31.627636365403887
207,207,1.4609105919495875e-05,1.693887385332154e-05,-32.329691343874025,-31.68617324343677
208,208,1.5513200149556368e-05,1.6764989547817477e-05,-32.07240321663213,-31.73098571107431
209,209,1.539941489888228e-05,1.74593197746282e-05,-32.11270518986442,-31.554745387795755
210,210,1.475238581612579e-05,1.6847962534053583e-05,-32.29634667224044,-31.709544700375076
211,211,1.3552530050482037e-05,1.7536678976619824e-05,-32.65540915872246,-31.5355450617754
212,212,1.4193469513012348e-05,1.710725672111087e-05,-32.46775714566694,-31.643214854132
213,213,1.374712023930114e-05,1.7132606683988245e-05,-32.59974636086215,-31.636784132796812
214,214,1.4205201263318964e-05,1.7444956172671244e-05,-32.44844356905677,-31.558319754117925
215,215,1.5287585249341683e-05,1.669539838794184e-05,-32.13910927524185,-31.74905071400194
216,216,1.5026001788616677e-05,1.671085347927721e-05,-32.21252289815881,-31.745032267760315
217,217,1.4563876002566102e-05,1.6749867738422165e-05,-32.34658885680848,-31.734904760328405
218,218,1.6069306268749194e-05,1.774983842264383e-05,-31.919417454705446,-31.4830745409785
219,219,1.7464230753380573e-05,1.6537745212094467e-05,-31.56119240534665,-31.790255614001754
220,220,1.4734099014023422e-05,1.654457661827205e-05,-32.29823191440741,-31.788462002257127
221,221,1.6086513655348417e-05,1.763178969620065e-05,-31.91740609292009,-31.51205460970482
222,222,1.4950910469648529e-05,1.769811227572255e-05,-32.23528828537203,-31.49574912197965
223,223,1.5426718318943214e-05,1.821626071767624e-05,-32.09705414090324,-31.370426246797503
224,224,1.5773279877994918e-05,1.687351294477642e-05,-31.99443301735835,-31.702963491010312
225,225,1.4509568376824878e-05,1.6680592221076184e-05,-32.35636476680622,-31.752903925171033
226,226,1.438492050585841e-05,1.6670874916407658e-05,-32.39805068110425,-31.755434651569683
227,227,1.4722589841448539e-05,1.6228607244939714e-05,-32.30167034782368,-31.872206082649406
228,228,1.4723859678888777e-05,1.7333059579533783e-05,-32.30558943238717,-31.586266282740752
229,229,1.6644991769540284e-05,1.667145407306012e-05,-31.772623386286668,-31.755283777563
230,230,1.5353341420928493e-05,1.8438581025149785e-05,-32.10828235132239,-31.31774362035685
231,231,1.4580902981046184e-05,1.6645843085203332e-05,-32.34182530479204,-31.76196061742804
232,232,1.4904812843203977e-05,1.7384161789155578e-05,-32.249564074612536,-31.57348102931012
233,233,1.4655625054541647e-05,1.857840997169995e-05,-32.316699552150325,-31.284933158403728
234,234,1.4298547087951333e-05,1.721080872429363e-05,-32.42944855813401,-31.61700580098352
235,235,1.4734921553530718e-05,1.5945752525830787e-05,-32.285331695859455,-31.948568384443973
236,236,1.4780422823361695e-05,1.68666577960003e-05,-32.27817524646645,-31.704728243980846
237,237,1.5100477740656735e-05,1.702116565196009e-05,-32.19524866221767,-31.665125597717342
238,238,1.4926798625892093e-05,1.733981705336574e-05,-32.23911632530332,-31.58457347042232
239,239,1.4705210269687423e-05,1.8444666885012627e-05,-32.30774683359861,-31.31631041936192
240,240,1.4737572580566642e-05,1.705417188484142e-05,-32.29554646228011,-31.656712222926082
241,241,1.366687070237942e-05,1.814375678134782e-05,-32.619112067062986,-31.387746426139863
242,242,1.4809073420729339e-05,1.7059909647574195e-05,-32.265394730171536,-31.65525131376196
243,243,1.568125395051632e-05,1.644487666022829e-05,-32.031985373280676,-31.814712375723193
244,244,1.4117007791805777e-05,1.6534996025017646e-05,-32.484498783023014,-31.79097763264023
245,245,1.4131293604824004e-05,1.6887883535482135e-05,-32.47602622289851,-31.699266328408786
246,246,1.3994086952827519e-05,1.672254769035039e-05,-32.521900175703244,-31.741994149370477
247,247,1.4633267218198749e-05,1.6582089205928097e-05,-32.327044194484394,-31.77862610940206
248,248,1.4421827271099133e-05,1.8440104213368613e-05,-32.38604222656575,-31.31738486991093
249,249,1.4830580049729366e-05,1.5858800404538143e-05,-32.267724179487935,-31.972315249011615
250,250,1.4215418053298862e-05,1.616591761806998e-05,-32.44773140959276,-31.88901496817796
251,251,1.4952022969193478e-05,1.651919944235583e-05,-32.232754689050594,-31.79512861505455
252,252,1.5643437901539092e-05,1.7005606758558362e-05,-32.04362790756208,-31.669097259759397
253,253,1.3369691091095765e-05,1.5953104737395495e-05,-32.723123258203984,-31.946566416196312
254,254,1.288647738584052e-05,1.688135274123756e-05,-32.8752378876902,-31.700946134203022
255,255,1.4286275941652928e-05,1.6433083098825974e-05,-32.42290604198024,-31.817828067144575
256,256,1.3502383447387532e-05,1.7224363354647433e-05,-32.67745754754367,-31.613586795870123
257,257,1.436320487591354e-05,1.7200158613138084e-05,-32.403352463736866,-31.619694062902365
258,258,1.5205907154089913e-05,1.6413292470181324e-05,-32.15658426931987,-31.823061498051306
259,259,1.3996959774679631e-05,1.6548998940523136e-05,-32.51762244357691,-31.78730129953471
260,260,1.4590741838472559e-05,1.7869687110904027e-05,-32.34685393700978,-31.45384909812554
261,261,1.5892010735827632e-05,1.620098610625351e-05,-31.96522022614724,-31.879604085384816
262,262,1.427213844190473e-05,1.6014626142254872e-05,-32.443207163652566,-31.929850534962732
263,263,1.4738582593185429e-05,1.6347065985954894e-05,-32.28973495384162,-31.84062042426005
264,264,1.3945626163796387e-05,1.7098832454633483e-05,-32.54073413382158,-31.645354012748108
265,265,1.4356931143955775e-05,1.668658193777542e-05,-32.410736483581324,-31.75134472754393
266,266,1.4867455563982036e-05,1.6766119666786644e-05,-32.26846228535723,-31.730692965356152
267,267,1.451726576803041e-05,1.619921812035548e-05,-32.37273476551258,-31.880078049385162
268,268,1.4258306269841773e-05,1.7573076021156004e-05,-32.4382434776955,-31.526540703150214
269,269,1.4265647162564792e-05,1.5784619479650008e-05,-32.427572564020124,-31.992677413073487
270,270,1.3722878047139096e-05,1.7303182152030977e-05,-32.605639143177235,-31.593758784506292
271,271,1.393259785847064e-05,1.656244455118308e-05,-32.54420659120329,-31.783774207858468
272,272,1.587691178766485e-05,1.5792305547572477e-05,-31.96637011006777,-31.99056320027455
273,273,1.554566039988824e-05,1.699284676329913e-05,-32.06137721085165,-31.67235717026493
274,274,1.5229262842076049e-05,1.545988044726025e-05,-32.15230355870507,-32.08295726955802
275,275,1.4015619319589982e-05,1.5948625356318907e-05,-32.51560562329564,-31.947786018074314
276,276,1.3575454145727245e-05,1.6053413386735454e-05,-32.655712950604595,-31.91934468882549
277,277,1.3942561302606806e-05,1.5611393696178167e-05,-32.541654363434034,-32.0406018198298
278,278,1.4858950939971279e-05,1.5907673322975536e-05,-32.25710944622228,-31.95895194295462
279,279,1.5663197733449554e-05,1.6854660244510006e-05,-32.02350833231665,-31.70781855653754
280,280,1.2391076240616253e-05,1.6917603381060824e-05,-33.04364819169257,-31.69163019034931
281,281,1.2869715764159973e-05,1.5675632455799803e-05,-32.877870628428376,-32.02276786022229
282,282,1.41746908336723e-05,1.6238337067127423e-05,-32.46196104527779,-31.869603060836265
283,283,1.3746226585746776e-05,1.6008218369135745e-05,-32.598600350142675,-31.931588582026652
284,284,1.415185712063511e-05,1.572518297172409e-05,-32.47480298022436,-32.009061506925256
285,285,1.3388600268861165e-05,1.5601228130292026e-05,-32.71510008767129,-32.04343070703474
286,286,1.3950584081950305e-05,1.671226221476804e-05,-32.537149211005804,-31.744666170203107
287,287,1.351484912710166e-05,1.55674706787211e-05,-32.668538603585716,-32.05283801708164
288,288,1.4344328055531806e-05,1.5128497962953253e-05,-32.42171892496074,-32.17706046992677
289,289,1.330339361076542e-05,1.573987736647771e-05,-32.73012977439176,-32.00500513776419
290,290,1.3795611866766025e-05,1.530105742188569e-05,-32.57682845629966,-32.12780413134312
291,291,1.4208569694149906e-05,1.618328889507163e-05,-32.45146067737786,-31.884350711286515
292,292,1.4308449033368439e-05,1.654018514703861e-05,-32.41611114810196,-31.789614914736198
293,293,1.4080214413363287e-05,1.6551008899879987e-05,-32.48993805715188,-31.786773859020006
294,294,1.398268119073785e-05,1.684305126266401e-05,-32.52155346891319,-31.710810876627058
295,295,1.3592290636636593e-05,1.6442715006728815e-05,-32.64790641777603,-31.815283286598923
296,296,1.4510449583428557e-05,1.6381677500918924e-05,-32.36842607796759,-31.83143486199194
297,297,1.397337286407398e-05,1.533731976546972e-05,-32.51168277001443,-32.11752385900577
298,298,1.4193065519216315e-05,1.6513734839176514e-05,-32.459095775947375,-31.79656551255085
299,299,1.4404492414598149e-05,1.6203028400540414e-05,-32.40210673312167,-31.879056648807037
300,300,1.3735292181006594e-05,1.7438562472785923e-05,-32.596296949473526,-31.559911765886266
301,301,1.438071198789817e-05,1.6828233392037585e-05,-32.39968907634673,-31.714633314605315
302,302,1.4295764601426067e-05,1.6403273931293944e-05,-32.42281279668655,-31.82571320526373
303,303,1.4141497422784109e-05,1.5267026930431665e-05,-32.47314103856547,-32.137473864382486
304,304,1.3295958529083363e-05,1.6394322660505023e-05,-32.736334635945916,-31.828083798240137
305,305,1.4041413245668645e-05,1.69741147386192e-05,-32.506185808984036,-31.677147245925728
306,306,1.3237212508251968e-05,1.6571260020052586e-05,-32.76045398602844,-31.781463262176246
307,307,1.4161480896628868e-05,1.6623935799112876e-05,-32.466336696319566,-31.767680051194482
308,308,1.3191681698595652e-05,1.402143303302613e-05,-32.78033079041077,-32.5070945599657
309,309,1.3872921860554212e-05,1.7292154576640123e-05,-32.54858091514124,-31.596527490208327
310,310,1.3491604092741535e-05,1.5834081391643084e-05,-32.67273604337739,-31.97908985104644
311,311,1.2142245283292741e-05,1.6304022258401873e-05,-33.13714952588572,-31.852070985445735
312,312,1.5129237557086582e-05,1.5473210408488642e-05,-32.18963340268785,-32.07921426890489
313,313,1.5270913723894017e-05,1.5773581732278935e-05,-32.14069489147717,-31.995715376447368
314,314,1.3662854134682421e-05,1.597888637517922e-05,-32.628889558914,-31.939553495882368
315,315,1.431332026355055e-05,1.6205778042364583e-05,-32.42211141092387,-31.878319716839844
316,316,1.4358323209982945e-05,1.5449134312611452e-05,-32.41328120606098,-32.085977092224034
317,317,1.4131138118734935e-05,1.625550363601896e-05,-32.47264342374243,-31.86501428544063
318,318,1.3407051309767076e-05,1.563799976697498e-05,-32.70721744215039,-32.03320655787834
319,319,1.2096118201408955e-05,1.4743728570465464e-05,-33.1516506919101,-32.2889453111308
320,320,1.445897454143107e-05,1.698059467296269e-05,-32.37913209536875,-31.675489626225012
321,321,1.2842988026116558e-05,1.573053223661478e-05,-32.89814308009375,-32.007584410485855
322,322,1.4407341748983995e-05,1.6727160216664504e-05,-32.39697435950223,-31.740796414105272
323,323,1.328645527989006e-05,1.6420959223308417e-05,-32.74780270430885,-31.821033354593794
324,324,1.3561172378554006e-05,1.6689314730013538e-05,-32.649996258888756,-31.750633533712247
325,325,1.3360437071579449e-05,1.6357245696877055e-05,-32.72302232531914,-31.837916809845833
326,326,1.3484687737143327e-05,1.5864943969446405e-05,-32.6797437454718,-31.970633154779126
327,327,1.3537597263250777e-05,1.579488037494134e-05,-32.66228958506542,-31.989855170554286
328,328,1.3925247650459101e-05,1.588955874946183e-05,-32.54943904523603,-31.963900210245427
329,329,1.324517678458318e-05,1.6355430512990815e-05,-32.75780353977541,-31.8383987785733
330,330,1.3096922439498739e-05,1.5372503544073735e-05,-32.807654108433276,-32.10757256268489
331,331,1.3962799795953073e-05,1.547230464750196e-05,-32.53010804290538,-32.07946850089802
332,332,1.3796289168408058e-05,1.6145472943064403e-05,-32.583289783865595,-31.8945108695118
333,333,1.4648789540833323e-05,1.6381151717245014e-05,-32.3185063096317,-31.831574254684043
334,334,1.3794013842381956e-05,1.6040616413336368e-05,-32.59346609234818,-31.92280804650381
335,335,1.2526657259907542e-05,1.5470859699761557e-05,-33.00466701355243,-32.07987410442564
336,336,1.3138977868310548e-05,1.5895034817061204e-05,-32.79728354720723,-31.9624037456394
337,337,1.4046994331777372e-05,1.559273136751328e-05,-32.49926609372261,-32.0457966120622
338,338,1.4312642132111804e-05,1.6252707705701285e-05,-32.42150247874376,-31.865761331840066
339,339,1.364096764162466e-05,1.5930509322826862e-05,-32.63196169170177,-31.952721970261013
340,340,1.3119354845030947e-05,1.52900634977988e-05,-32.80479687889339,-32.1309256912124
341,341,1.3275143383279355e-05,1.5965507133698436e-05,-32.74402768358884,-31.943191399407
342,342,1.29108372075467e-05,1.6842389772806965e-05,-32.87818172495812,-31.710981443724265
343,343,1.2793137426042543e-05,1.5709974712463965e-05,-32.91179162391693,-32.01326372131062
344,344,1.585310155391686e-05,1.5425323717384965e-05,-31.979867636673216,-32.09267571161858
345,345,1.4519503514110483e-05,1.567791873400749e-05,-32.35791596190662,-32.02213449144983
346,346,1.3742625919663042e-05,1.696498822256169e-05,-32.603056559978256,-31.67948295624951
347,347,1.366635491574494e-05,1.7173326844050807e-05,-32.635741196058056,-31.62647422584839
348,348,1.3071301879987454e-05,1.5107965306302312e-05,-32.8164800224363,-32.18295879260664
349,349,1.3071691120279228e-05,1.4706079702208578e-05,-32.816017421762915,-32.30004942732059
350,350,1.4828304700262679e-05,1.512511600690471e-05,-32.264566514503976,-32.17803143812746
351,351,1.3096914216541486e-05,1.4971209087602083e-05,-32.809312568016345,-32.22244982358341
352,352,1.3561515975338479e-05,1.6322840445737758e-05,-32.657632333850984,-31.847061226524225
353,353,1.5047496837967665e-05,1.5249854210483854e-05,-32.210075058002815,-32.14236166288679
354,354,1.364253255383822e-05,1.6196529558280753e-05,-32.63681854414921,-31.88079890181775
355,355,1.2700556913073014e-05,1.5610803793127782e-05,-32.93190385134535,-32.04076592848344
356,356,1.4230854072387224e-05,1.6241823902275525e-05,-32.452907844513504,-31.868670606547404
357,357,1.2384809442383558e-05,1.4822083764891814e-05,-33.05043271472986,-32.26592594819181
358,358,1.3238738752876351e-05,1.585191746830548e-05,-32.763377885564026,-31.97420055560358
359,359,1.4069335183072307e-05,1.564849425880024e-05,-32.4976588400325,-32.030293032280184
360,360,1.3202867273893267e-05,1.4824129338146457e-05,-32.770806088378286,-32.26532662633229
361,361,1.3969949966699506e-05,1.4363492243175738e-05,-32.52827987646316,-32.4024181391766
362,362,1.292738198506263e-05,1.6238166919815978e-05,-32.86205152295628,-31.86964856698957
363,363,1.353216382469946e-05,1.5088350377673601e-05,-32.66301482693953,-32.188600975284615
364,364,1.4029322413727041e-05,1.5441108213340876e-05,-32.50300409234702,-32.088233915361585
365,365,1.4556180617874656e-05,1.6140438004329456e-05,-32.350664691930085,-31.895865420808555
366,366,1.4519942378120908e-05,1.5248560502138725e-05,-32.36482274060707,-32.142730108526415
367,367,1.2728343987414378e-05,1.518622921618149e-05,-32.92927651604214,-32.16051907414083
368,368,1.3505568104031312e-05,1.5047151967002337e-05,-32.682548876910126,-32.200475510084004
369,369,1.4775203322342444e-05,1.576085067331166e-05,-32.286351031770714,-31.99922203791985
370,370,1.3509682803393759e-05,1.5467064139030346e-05,-32.67663101750043,-32.08093971638988
371,371,1.4077011594954175e-05,1.5002463394347088e-05,-32.49762859163304,-32.21339282338922
372,372,1.3234112322100645e-05,1.546903180688356e-05,-32.768207440484446,-32.08038725670426
373,373,1.2970368239508652e-05,1.582988562930902e-05,-32.853789461416866,-31.98024081007727
374,374,1.39694422436263e-05,1.5597450376509714e-05,-32.537211362159525,-32.044482455190874
375,375,1.3391928878826144e-05,1.613237533379824e-05,-32.714839254510856,-31.89803540416716
376,376,1.3886297049034464e-05,1.508143869662155e-05,-32.55579935395637,-32.19059084998125
377,377,1.4279425139995004e-05,1.5254451036047325e-05,-32.43816941184772,-32.14105274863651
378,378,1.2365134582594073e-05,1.5416528329201117e-05,-33.05441648362974,-32.095152728013204
379,379,1.2882590646168142e-05,1.491569259757709e-05,-32.88100318983148,-32.238584338467305
380,380,1.4384098894598284e-05,1.4986668870015388e-05,-32.39599052241558,-32.21796746418597
381,381,1.4820371224860283e-05,1.479822422448993e-05,-32.273017755809384,-32.272922545919386
382,382,1.1956434081156723e-05,1.4991232666560742e-05,-33.20192669299733,-32.21664513569072
383,383,1.3106939304728343e-05,1.527342730792282e-05,-32.80656117544374,-32.13565355834152
384,384,1.3404409049509978e-05,1.4765545960184873e-05,-32.70435012791999,-32.282523483524514
385,385,1.292401685466607e-05,1.4669459448525327e-05,-32.86341921252352,-32.31087747187669
386,386,1.3926272824448329e-05,1.475314787201473e-05,-32.55096454501564,-32.286171627053946
387,387,1.3282838580446119e-05,1.5078649659316349e-05,-32.74377985838236,-32.19139407277068
388,388,1.4303452039759164e-05,1.504120839519218e-05,-32.425841437710936,-32.20219129681512
389,389,1.3266809411416221e-05,1.555874520195893e-05,-32.75293226389893,-32.05527289482173
390,390,1.3055819692322684e-05,1.5560843645576633e-05,-32.820613392285914,-32.054687191398976
391,391,1.3457469378277592e-05,1.4871416504703169e-05,-32.68266527313154,-32.251495210019854
392,392,1.3241828812694912e-05,1.540455365868279e-05,-32.75987640046503,-32.09852738798941
393,393,1.2173652737249905e-05,1.5057085085189962e-05,-33.12925804698412,-32.19760953572561
394,394,1.4330993386446954e-05,1.4769283504727737e-05,-32.41046032605371,-32.281424310101876
395,395,1.3837485466959237e-05,1.4572241142511638e-05,-32.57146470312314,-32.33975508743995
396,396,1.2398163684356968e-05,1.57915033014433e-05,-33.04453598019377,-31.990783826652308
397,397,1.38112644534201e-05,1.5137755829192956e-05,-32.582611069646546,-32.174403622881805
398,398,1.3042489359746074e-05,1.4701660874331873e-05,-32.82386353097243,-32.30135457524433
399,399,1.3246474980443269e-05,1.590645347517382e-05,-32.764464696036846,-31.959284985676597
400,400,1.373570532600705e-05,1.559552976304028e-05,-32.59469239310055,-32.04501726259239
401,401,1.3691819032791285e-05,1.4752921814713199e-05,-32.60350391278811,-32.286238172981406
402,402,1.2847794485273926e-05,1.5501462880102306e-05,-32.88755274053514,-32.07129173438109
403,403,1.4287693032848747e-05,1.4579312463817922e-05,-32.427094157575624,-32.33764814252388
404,404,1.4446813594011323e-05,1.513476091100816e-05,-32.38821550618455,-32.1752629346178
405,405,1.3847237223859507e-05,1.520051017379094e-05,-32.56218580950914,-32.15643693721715
406,406,1.2825320683668437e-05,1.5130744654207343e-05,-32.90344279854662,-32.17641555912822
407,407,1.386562242016188e-05,1.5069783186941335e-05,-32.558632006718085,-32.19394854063112
408,408,1.2963643707594529e-05,1.475805270513918e-05,-32.85894794010022,-32.2847280111125
409,409,1.3375363665808127e-05,1.5235927716467382e-05,-32.72107797562918,-32.14632954531724
410,410,1.2311783449927743e-05,1.5256199156666347e-05,-33.07525879538617,-32.14055508691211
411,411,1.498319419362215e-05,1.5229522743634574e-05,-32.22942554689898,-32.14815564298329
412,412,1.2834485802421714e-05,1.604242180818753e-05,-32.896221101924596,-31.922319269214746
413,413,1.3762317947337054e-05,1.489494503690175e-05,-32.59135506589908,-32.24462953124688
414,414,1.3847632436812364e-05,1.556157602815227e-05,-32.574487912252415,-32.05448279231007
415,415,1.301963569408285e-05,1.498758573641106e-05,-32.82983425560996,-32.21770177616695
416,416,1.41336506025367e-05,1.4928953748351073e-05,-32.47431077500133,-32.2347248556528
417,417,1.3048720678309165e-05,1.5478813159126348e-05,-32.82651245259104,-32.077642000967906
418,418,1.4747879677744686e-05,1.5131568153791656e-05,-32.29338305302947,-32.17617919826071
419,419,1.4631564376894361e-05,1.4394989528610543e-05,-32.32856598460842,-32.39290504816063
