,epoch,train_loss,test_loss,train_dbs,test_dbs
0,0,0.0004201008654415569,0.00032716468711824795,-6.671480863921416,-7.758136805781309
1,1,0.00019744517482377916,9.119194912368824e-05,-9.9542847484603,-13.306236036967086
2,2,6.648425363723102e-05,5.7704784443271105e-05,-14.680979589721137,-15.293682789979243
3,3,5.487607815722964e-05,5.566328553341966e-05,-15.513721281470696,-15.450112650038715
4,4,5.371133449875039e-05,5.582699898360787e-05,-15.608869043533069,-15.437358193551201
5,5,5.3445434740254864e-05,5.590344632142469e-05,-15.625425625905596,-15.431415200652477
6,6,5.122856538909002e-05,4.919045865168109e-05,-15.81149350142815,-15.986992301140141
7,7,4.49665457540739e-05,4.4273659066101046e-05,-16.378836645653262,-16.444346856407858
8,8,4.1874239802391736e-05,4.403919899088674e-05,-16.688644167780975,-16.46740690867362
9,9,4.067474013205243e-05,4.092976489214619e-05,-16.816092597778912,-16.78540852064962
10,10,3.993654888862571e-05,4.008800456894709e-05,-16.893854195820047,-16.87565662820366
11,11,3.936768232436116e-05,4.047063626594057e-05,-16.956100285079096,-16.83440069773344
12,12,3.9013184317640876e-05,3.966605934118362e-05,-16.99676719517369,-16.921610447946534
13,13,3.902134000978999e-05,4.059307196401182e-05,-16.99355839646706,-16.821281833656215
14,14,3.9336561140893555e-05,4.0005053003704616e-05,-16.958496019057016,-16.8846525189894
15,15,3.906962530853673e-05,4.0349384538498465e-05,-16.988521364068532,-16.847431873705332
16,16,3.8854792889942096e-05,3.98470372984823e-05,-17.01575056634179,-16.90184065724565
17,17,3.848758130994405e-05,4.0075083808532276e-05,-17.051562061212625,-16.877056627907344
18,18,3.8477661010548805e-05,3.9465671618113685e-05,-17.05585350115529,-16.94360604120419
19,19,3.8464691953645955e-05,4.003735930861072e-05,-17.055921068921478,-16.881146764900297
20,20,3.8498454703529335e-05,3.9449309712692505e-05,-17.054307446399978,-16.945406937616973
21,21,3.8111216368990204e-05,3.990363860027987e-05,-17.097220750167338,-16.895676035594594
22,22,3.795927485268678e-05,3.994958579393202e-05,-17.11463917841519,-16.890678212396935
23,23,3.787919690084797e-05,3.907733346415242e-05,-17.122458653300722,-16.986551811234467
24,24,3.813650997922055e-05,3.9216617886651016e-05,-17.091857989556058,-16.97109965461791
25,25,3.7798301678945394e-05,3.925644226623454e-05,-17.132376529129857,-16.966691642556327
26,26,3.803739244026521e-05,3.8735052313361516e-05,-17.108220729335763,-17.024759552160027
27,27,3.7964204520247544e-05,3.93576222114988e-05,-17.113250525734756,-16.955512493771042
28,28,3.777459015818937e-05,3.970378690466628e-05,-17.134212464322186,-16.91748170771452
29,29,3.783846085818518e-05,3.9516902784510565e-05,-17.129304387092905,-16.937972034929704
30,30,3.747526178128667e-05,3.880567620447102e-05,-17.168935995107987,-17.016848464589177
31,31,3.756930947798237e-05,3.864877802889647e-05,-17.15894841246889,-17.03444334812405
32,32,3.749984315402695e-05,3.899164288381335e-05,-17.169007306406403,-16.996085678047784
33,33,3.978695943813589e-05,3.905025924292491e-05,-16.909776891871683,-16.989561806792807
34,34,3.7468831447467985e-05,3.931190248725838e-05,-17.17046384721175,-16.960560401779436
35,35,3.769719369677088e-05,3.880884622431997e-05,-17.143757103149255,-17.016493705689523
36,36,3.727763182676839e-05,3.867181754015435e-05,-17.1943751976448,-17.03185518055303
37,37,3.70406383414784e-05,3.845243784445828e-05,-17.22128289346364,-17.056562232250684
38,38,3.748119281189031e-05,3.7710302230583404e-05,-17.167131838996934,-17.141200889641738
39,39,3.696327657212585e-05,3.8545135171979815e-05,-17.230126001445612,-17.04610529037518
40,40,3.712224801366227e-05,3.798673002931633e-05,-17.210245969924316,-17.10948191792061
41,41,3.6968360216201996e-05,3.849540658656655e-05,-17.227269508591295,-17.051711910667386
42,42,3.724466228753223e-05,3.8377864831617394e-05,-17.197144058524888,-17.064992931341582
43,43,3.6938864177875416e-05,3.786398203948537e-05,-17.23290266268689,-17.123538165971596
44,44,3.6875195873267565e-05,3.795923523859145e-05,-17.23975776369372,-17.112626479023355
45,45,3.6707806505068424e-05,3.780609251024496e-05,-17.258473463003707,-17.130183093484465
46,46,3.669016480193228e-05,3.8497682333782955e-05,-17.260123483694617,-17.051455174777853
47,47,3.6846831002567905e-05,3.7704929031621615e-05,-17.242065470749335,-17.141819743585213
48,48,3.658782982701896e-05,3.784248330798858e-05,-17.272347308882857,-17.126004740171066
49,49,3.6512044315123164e-05,3.73843883464456e-05,-17.283661946761917,-17.178898225918118
50,50,3.667592905331571e-05,3.730788988545292e-05,-17.26168663030697,-17.187794157836656
51,51,3.6483482731033365e-05,3.753541501569807e-05,-17.286837675767334,-17.16138879984441
52,52,3.612881602711025e-05,3.682357907420833e-05,-17.327230940525336,-17.244541045049793
53,53,3.6478332534448015e-05,3.7155163992888685e-05,-17.28725303033495,-17.205609195479568
54,54,3.6448835127191265e-05,3.760885106442545e-05,-17.288600084921615,-17.1529003595277
55,55,3.642217453704792e-05,3.736061118711644e-05,-17.29253950064858,-17.18166129756298
56,56,3.618617408870499e-05,3.668707349310065e-05,-17.324273714864475,-17.260670323377653
57,57,3.6316002432116516e-05,3.6746870376335116e-05,-17.307964977674338,-17.25359744650485
58,58,3.621300288848699e-05,3.6884707170477336e-05,-17.317802745045388,-17.23733762129984
59,59,3.625204987759755e-05,3.6195386584088405e-05,-17.31467820404958,-17.319268825900043
60,60,3.619637546884424e-05,3.633490508180234e-05,-17.322150095241135,-17.30256072035592
61,61,3.61479174036091e-05,3.6863734414127016e-05,-17.326810659855425,-17.23980773521766
62,62,3.599514882845358e-05,3.674885834028062e-05,-17.344680564499377,-17.253362504478407
63,63,3.615251065189254e-05,3.652625673566945e-05,-17.32478560514046,-17.279749346953576
64,64,3.581770249287185e-05,3.62064181804032e-05,-17.367457493128192,-17.31794538887834
65,65,3.5822128825436935e-05,3.633840146664481e-05,-17.36527335414904,-17.302142833591994
66,66,3.604543197764439e-05,3.6489655605309e-05,-17.33996302621971,-17.284103376032643
67,67,3.568440809328056e-05,3.609421200005607e-05,-17.379695556435834,-17.331425372098778
68,68,3.604799849668292e-05,3.678615547342863e-05,-17.338781670715548,-17.248957000306742
69,69,3.594835819517497e-05,3.646075808654515e-05,-17.352836812762305,-17.287544078548542
70,70,3.587383138644149e-05,3.598441234268983e-05,-17.361073833858335,-17.344656873845427
71,71,3.566990874122022e-05,3.641868524458627e-05,-17.383706152483533,-17.292558388289503
72,72,3.576438736963235e-05,3.5949389807922815e-05,-17.37365135099813,-17.348885788302514
73,73,3.576301626417637e-05,3.630464456555752e-05,-17.3748695394666,-17.30617912824768
74,74,3.568346345645361e-05,3.656829520830223e-05,-17.381765840191147,-17.27475387787429
75,75,3.558829738131422e-05,3.6217569447073495e-05,-17.39416984751311,-17.31660800501477
76,76,3.581764814821936e-05,3.641639082879441e-05,-17.36743216024201,-17.292832007037955
77,77,3.5783935279901065e-05,3.5636706965497546e-05,-17.36907389655271,-17.38682536115035
78,78,3.564949592961882e-05,3.632022018887495e-05,-17.388531285089822,-17.304316293146908
79,79,3.539781117951017e-05,3.608133728879406e-05,-17.41752427963442,-17.332974765535084
80,80,3.5628183393351515e-05,3.632459562428075e-05,-17.391756113418722,-17.303793137451983
81,81,3.554786724766318e-05,3.6429940002179996e-05,-17.399793903996414,-17.29121646065794
82,82,3.553508543415408e-05,3.6129464493378215e-05,-17.40363951466013,-17.32718577497986
83,83,3.5596523695258114e-05,3.605133679229766e-05,-17.393228334326146,-17.336587289540322
84,84,3.564181446863492e-05,3.6236313941404465e-05,-17.3879567607461,-17.31436088443133
85,85,3.561233868297386e-05,3.5836136081151813e-05,-17.39314189693429,-17.362589249770732
86,86,3.561503686309077e-05,3.5678594749218685e-05,-17.389530276211428,-17.381723613002663
87,87,3.545644292748922e-05,3.578627949632631e-05,-17.409350595150247,-17.368635525367267
88,88,3.5509243558014545e-05,3.611566056573984e-05,-17.407218898827114,-17.328845394136167
89,89,3.535055865419035e-05,3.5315253817794944e-05,-17.423359781503414,-17.426177700928644
90,90,3.561774828245014e-05,3.617625531516847e-05,-17.38862604233309,-17.321564919922295
91,91,3.5364789770947305e-05,3.6688651418540087e-05,-17.420996721828807,-17.260483535632215
92,92,3.541835287682467e-05,3.612816161828385e-05,-17.41411146876502,-17.327342389996044
93,93,3.546086179657201e-05,3.600296708770513e-05,-17.40945191241509,-17.342418085986925
94,94,3.513584559505503e-05,3.583032642046945e-05,-17.45243614549398,-17.3632933737064
95,95,3.5384576137600104e-05,3.647091091950546e-05,-17.419273421622677,-17.2863349140199
96,96,3.522827317227115e-05,3.59786933442688e-05,-17.44058482372133,-17.345347152409087
97,97,3.5399504471120196e-05,3.612038256649516e-05,-17.41904259626783,-17.328277605872696
98,98,3.535804651469381e-05,3.581155713044083e-05,-17.423063865228222,-17.3655689697324
99,99,3.544747675366978e-05,3.5748163722210415e-05,-17.41013980309695,-17.373263637698553
100,100,3.516572264602801e-05,3.64545888403786e-05,-17.44659000945724,-17.28827897721856
101,101,3.549022011677302e-05,3.592506714324516e-05,-17.40589422986296,-17.351825135577194
102,102,3.5268815051879465e-05,3.5797779434544376e-05,-17.435928260058237,-17.36724014214148
103,103,3.524959761635568e-05,3.5859198569117946e-05,-17.435838750148534,-17.359795229307064
104,104,3.527052698344276e-05,3.546534351603201e-05,-17.43389728879834,-17.407759312870663
105,105,3.5095731477996035e-05,3.57518214226921e-05,-17.453815749774204,-17.372819296588883
106,106,3.52014375278383e-05,3.586254091427882e-05,-17.444674907561406,-17.35939045327361
107,107,3.5092563661068594e-05,3.601611043498116e-05,-17.456096060653376,-17.340832927316352
108,108,3.530410087722013e-05,3.576825580048056e-05,-17.428438498443906,-17.370823392784025
109,109,3.509210529449136e-05,3.566676155299463e-05,-17.453475955153273,-17.3831642370704
110,110,3.5169179663518155e-05,3.5769166826962884e-05,-17.4422173932222,-17.37071277829454
111,111,3.515271117104237e-05,3.538406771871163e-05,-17.447879797683537,-17.41772344529098
112,112,3.478790324489759e-05,3.551652547397871e-05,-17.492036802272143,-17.40149629216472
113,113,3.4960745587031666e-05,3.5978208439988326e-05,-17.46996997786252,-17.345405685016257
114,114,3.490289088507236e-05,3.6027929557971414e-05,-17.475971650835838,-17.33940797115283
115,115,3.50372136325081e-05,3.599177293117942e-05,-17.46289017499905,-17.343768618108182
116,116,3.497549230289842e-05,3.593851751678525e-05,-17.469184080397756,-17.350199437915755
117,117,3.50768344096369e-05,3.583242237494376e-05,-17.45849918829711,-17.363039333363805
118,118,3.50443751438096e-05,3.591560064370768e-05,-17.459956525186215,-17.352969681880147
119,119,3.5054986359138694e-05,3.5438854817919874e-05,-17.46050805328434,-17.411004225366224
120,120,3.485201941470054e-05,3.621560800207877e-05,-17.48277590363102,-17.31684321345598
121,121,3.513880642223983e-05,3.6052106990705635e-05,-17.45022742707896,-17.336494508141538
122,122,3.521571906998192e-05,3.579950326208123e-05,-17.438861511984694,-17.367031014431895
123,123,3.49323695586135e-05,3.585427389464856e-05,-17.473357289609865,-17.360391702710768
124,124,3.495077176809253e-05,3.546035058159185e-05,-17.473004248638862,-17.408370770793503
125,125,3.509766808287937e-05,3.5765868137547697e-05,-17.456961851788407,-17.371113310037416
126,126,3.4851068383281977e-05,3.5740594811565975e-05,-17.484989985924443,-17.374183260925086
127,127,3.479364933866105e-05,3.5825476803247035e-05,-17.49336127239277,-17.363881228955382
128,128,3.47902457844574e-05,3.596662310500458e-05,-17.491266872563482,-17.34680438093086
129,129,3.4888174923253246e-05,3.550993891334847e-05,-17.481765261842042,-17.402301768537313
130,130,3.490483450337875e-05,3.5412624512039324e-05,-17.479884681457435,-17.41421987526676
131,131,3.502939839141693e-05,3.552603381027247e-05,-17.464905505595723,-17.40033377266916
132,132,3.46767456275555e-05,3.602704562485757e-05,-17.508617593347058,-17.339514525147955
133,133,3.4655448805856445e-05,3.529663416357882e-05,-17.51025413803748,-17.42846808389378
134,134,3.460000450863892e-05,3.52258969207086e-05,-17.515096607076167,-17.437180421376276
135,135,3.47009059136251e-05,3.575902213158674e-05,-17.502560350601335,-17.37194468009889
136,136,3.4820869052392605e-05,3.545711105720042e-05,-17.49103565324287,-17.408767544038245
137,137,3.4651912615446075e-05,3.607295327942426e-05,-17.510436199264426,-17.333984027491162
138,138,3.469215199899183e-05,3.5461321443251924e-05,-17.50595349899669,-17.40825186782643
139,139,3.4756259430144655e-05,3.5607680489958605e-05,-17.497651078115307,-17.39036417713387
140,140,3.4598126861515226e-05,3.550590956461077e-05,-17.51771254466275,-17.40279459484632
141,141,3.461840062356583e-05,3.500743610187017e-05,-17.514642021156437,-17.464197972739754
