,epoch,train_loss,test_loss,train_dbs,test_dbs
0,0,6.201144375510696e-05,5.171877024909727e-05,-14.982137795608125,-15.779298964996396
1,1,4.271182310215399e-05,3.616800160288174e-05,-16.600359327568505,-17.332535730547
2,2,3.1569456003819945e-05,2.865593188816044e-05,-17.915822154119148,-18.343635500894877
3,3,2.6330309617723167e-05,2.5696479018446744e-05,-18.700429720760887,-18.81704466794921
4,4,2.4244519812144944e-05,2.4029586615812915e-05,-19.05979848550539,-19.108317866856574
5,5,2.2816573318871717e-05,2.2938270041394342e-05,-19.32697652343619,-19.310174251517502
6,6,2.188486717189794e-05,2.226084105036295e-05,-19.504996121926755,-19.44036517675468
7,7,2.1004270379729786e-05,2.1503160735990507e-05,-19.685052903507405,-19.590757850490427
8,8,2.0339134954559358e-05,2.1340736566344276e-05,-19.823343482618878,-19.623686814934654
9,9,2.0131780420155167e-05,2.1372917600322245e-05,-19.86918356228096,-19.617142749157253
10,10,1.992243352040382e-05,2.0803769362636988e-05,-19.914213002508635,-19.734360559284543
11,11,1.9628891367546268e-05,2.051837988179422e-05,-19.979236113563616,-19.79435020149987
12,12,1.9456839545080247e-05,2.0030592981799456e-05,-20.017295569601924,-19.89884280074153
13,13,1.9172378734324832e-05,2.1812978765841474e-05,-20.082120029695098,-19.52863109734348
14,14,2.0262411791130963e-05,2.033466152122281e-05,-19.841111464524637,-19.833411385367793
15,15,1.9486932783881466e-05,2.019886395780639e-05,-20.008893143605214,-19.862511421649046
16,16,1.8972758233448796e-05,1.8949044811291204e-05,-20.12736201479905,-20.139907635087685
17,17,1.861925384500208e-05,1.9384610727444707e-05,-20.205331641423086,-20.041210021927913
18,18,1.8700129526832918e-05,1.949113615601642e-05,-20.188629800793514,-20.017409310528706
19,19,1.8553629817369695e-05,1.9436509989502253e-05,-20.22288235511216,-20.029598004480622
20,20,1.8386939213012308e-05,1.889692344105386e-05,-20.261449560041825,-20.15186982754287
21,21,1.8291511184646334e-05,1.902735177856429e-05,-20.283805162084732,-20.121997388179558
22,22,1.8203295524275297e-05,1.8805047100039174e-05,-20.30658740157657,-20.173036608129145
23,23,1.7923269269042215e-05,1.8715011672037163e-05,-20.373580406963917,-20.193879840198314
24,24,1.7925917848881055e-05,1.9010996622551158e-05,-20.371748289881015,-20.12573201638685
25,25,1.8150883604284526e-05,1.8848618310585152e-05,-20.319056450732205,-20.16298566379237
26,26,1.7953884773455638e-05,1.8935376254758968e-05,-20.36568686447467,-20.143041471513357
27,27,1.7666973146389734e-05,1.8454692412648766e-05,-20.435978367383587,-20.254712751924217
28,28,1.7583208393693192e-05,1.8589907851587906e-05,-20.455226364753486,-20.223008493072292
29,29,1.7689015088031627e-05,1.83029825214027e-05,-20.430754751505987,-20.290562213490226
30,30,1.7488460798631422e-05,1.8364968989197606e-05,-20.480213741144286,-20.275878869888686
31,31,1.8413133916838727e-05,1.8518426163370206e-05,-20.255896064028043,-20.239740120601187
32,32,1.7404127199191973e-05,1.8594379837036524e-05,-20.500468597588046,-20.221963880557936
33,33,1.7454899558081886e-05,1.8184996071412523e-05,-20.486240334867585,-20.31864874759733
34,34,1.7540886445428825e-05,1.8100530484700455e-05,-20.46604798081197,-20.338867831049704
35,35,1.7195289185166855e-05,1.8538604882977732e-05,-20.55408838232283,-20.23501037987661
36,36,1.693558071340319e-05,1.7782255207222126e-05,-20.620331814083222,-20.41591247469676
37,37,1.6886103273379574e-05,1.7852992450092354e-05,-20.630408222855472,-20.398670650035122
38,38,1.6992626574533132e-05,1.7514987791257324e-05,-20.605099523791704,-20.481682473970388
39,39,1.69213436380495e-05,1.7502610908674176e-05,-20.623198827383163,-20.484752480043007
40,40,1.6672060746245313e-05,1.8031653589308628e-05,-20.688460311553484,-20.35542530887632
41,41,1.6785419734567523e-05,1.76959028976853e-05,-20.658581216173722,-20.437053597906853
42,42,1.6980368611219785e-05,1.8078400468144345e-05,-20.607073946992458,-20.34418083783033
43,43,1.6663023613086668e-05,1.8226973033482575e-05,-20.691552960276756,-20.308635352816186
44,44,1.697353143322992e-05,1.7766014120991857e-05,-20.609417721653358,-20.419880833637425
45,45,1.6824503056584982e-05,1.7437630671529885e-05,-20.648326442398314,-20.500906112464317
46,46,1.687291277795742e-05,1.8481083507618966e-05,-20.63633212511206,-20.24850656912077
47,47,1.6617150688090858e-05,1.723427909669944e-05,-20.700289255689395,-20.551849645759688
48,48,1.690144428308842e-05,1.7516372999556263e-05,-20.627406017412305,-20.48133901696087
49,49,1.675889217443272e-05,1.73680696925179e-05,-20.66485499778552,-20.51826533192918
50,50,1.6546640132950526e-05,1.723596185337029e-05,-20.722126331455026,-20.551425620909868
51,51,1.6622110303343134e-05,1.760807390382979e-05,-20.701190427663633,-20.458662339771326
52,52,1.6482679655513793e-05,1.7596284889900982e-05,-20.736703570624513,-20.461571015891657
53,53,1.6322589169821065e-05,1.7682182739295776e-05,-20.78063294655474,-20.44042211786538
54,54,1.6448179249169868e-05,1.7231435106766997e-05,-20.74547163989609,-20.55256637492988
55,55,1.6922036752710238e-05,1.839208021249904e-05,-20.623836739834513,-20.26947233994772
56,56,1.679376348115464e-05,1.7377909850773377e-05,-20.655211751358003,-20.515805463707398
57,57,1.6624547946044802e-05,1.7138828968056357e-05,-20.69974184882018,-20.575969414411063
58,58,1.678273920052308e-05,1.7314259629960072e-05,-20.656584915062687,-20.531741607858642
59,59,1.6737592708635667e-05,1.7533125748358496e-05,-20.66780157883086,-20.47718738730824
60,60,1.6407383301747798e-05,1.693235078978193e-05,-20.75733830366549,-20.62860829095666
61,61,1.6626644729822335e-05,1.662015342605484e-05,-20.69982209635735,-20.709430577473103
62,62,1.6246580344159156e-05,1.705474082164552e-05,-20.798708025976712,-20.597329624428113
63,63,1.6315599974948726e-05,1.699756404904244e-05,-20.779557242821145,-20.611914000002702
64,64,1.6020793521317136e-05,1.680044347028199e-05,-20.861964155464833,-20.66257340664235
65,65,1.6132224099584566e-05,1.7311905666199317e-05,-20.829627360634866,-20.532332093963426
66,66,1.63213524914325e-05,1.688200245553162e-05,-20.7797521755366,-20.641541272249185
67,67,1.614177290321095e-05,1.7311847458538404e-05,-20.828768366210255,-20.532346696231322
68,68,1.6043696745065372e-05,1.7342086003305956e-05,-20.853577101374192,-20.524767506711132
69,69,1.6646600285930243e-05,1.705920591408166e-05,-20.692792467762082,-20.596192749218506
70,70,1.601992587274788e-05,1.7105682098573244e-05,-20.860140116194202,-20.58437689727843
71,71,1.602359767163115e-05,1.6998267997941614e-05,-20.860824414390926,-20.611734142000063
72,72,1.5912063579739925e-05,1.6813649094011023e-05,-20.88879868327718,-20.659161070105405
73,73,1.5945576621758385e-05,1.6406624701247846e-05,-20.880919638641164,-20.765588425324133
74,74,1.5997893021364887e-05,1.6923182269429642e-05,-20.866117417744626,-20.630960543326516
75,75,1.5731321751051846e-05,1.626749206862817e-05,-20.941113992027958,-20.802574826663562
76,76,1.5938185852158396e-05,1.6649579074031574e-05,-20.882822410106307,-20.701748279531582
77,77,1.589889768755589e-05,1.653730530386766e-05,-20.89288107188716,-20.73113342115139
78,78,1.5773117842606373e-05,1.6700963992901196e-05,-20.927287858935596,-20.68836546634483
79,79,1.572186526582581e-05,1.6603823113607513e-05,-20.94205073895356,-20.71369988289252
80,80,1.577332611689308e-05,1.6827435454041207e-05,-20.92906979922308,-20.655601529441213
81,81,1.5566401745354126e-05,1.669287346311122e-05,-20.983335935652573,-20.690469850135308
82,82,1.5778226568108574e-05,1.6781907537446578e-05,-20.923982699704634,-20.667367623797055
83,83,1.5802629689263546e-05,1.6585482578528554e-05,-20.920464691679687,-20.718499738644013
84,84,1.5758456675498985e-05,1.6725010266925795e-05,-20.93228086358197,-20.682116932890246
85,85,1.5741119095202013e-05,1.693857857868639e-05,-20.93559325338581,-20.62701123150977
86,86,1.5388414785493952e-05,1.6503322321544768e-05,-21.033668139637665,-20.740067044975333
87,87,1.5623457995351384e-05,1.6313800044468064e-05,-20.96950129917333,-20.79022951399277
88,88,1.5492128952865106e-05,1.625821618003293e-05,-21.0097063589906,-20.805051924047625
89,89,1.551403331233683e-05,1.607244786627186e-05,-20.99846657452315,-20.854960606003306
90,90,1.5567490044839023e-05,1.628596945872567e-05,-20.985090194749997,-20.797644703079413
91,91,1.5423135641164483e-05,1.581491491570456e-05,-21.027975691339584,-20.925112265756063
92,92,1.5465623572211924e-05,1.6171770527618816e-05,-21.01479985699246,-20.828205161257802
93,93,1.5533064385832852e-05,1.624193115084812e-05,-20.995941220705816,-20.809404211335742
94,94,1.5379890677668863e-05,1.583748043661839e-05,-21.03704425522162,-20.918919949019617
95,95,1.5326446467127227e-05,1.6553331510007602e-05,-21.05310140352577,-20.72692673665889
96,96,1.6106765087897656e-05,1.716602683269517e-05,-20.835035726861832,-20.56908299280609
97,97,1.553345986600838e-05,1.5732922436559182e-05,-20.993556007579492,-20.947686847353783
98,98,1.5435639243057183e-05,1.595026706605782e-05,-21.022846286447212,-20.888101271889422
99,99,1.5466546578066946e-05,1.5846491710123556e-05,-21.01446877142987,-20.916449585489683
100,100,1.5561656902118746e-05,1.643720143444003e-05,-20.988063764971393,-20.757502089535123
101,101,1.516778297862158e-05,1.5814569930003736e-05,-21.0977790306343,-20.92520700355337
102,102,1.538948713131663e-05,1.6413198911897397e-05,-21.03480344944316,-20.763848535750185
103,103,1.5009078980096766e-05,1.6126336671923607e-05,-21.14497792239093,-20.840423639395382
104,104,1.5227857864974607e-05,1.6000811659691144e-05,-21.080171301529475,-20.874360730229085
105,105,1.5242153809013712e-05,1.5923685408013528e-05,-21.075817528622203,-20.895344973525848
106,106,1.5246423328752611e-05,1.5465872964245807e-05,-21.077336696397204,-21.022036477400412
107,107,1.5451375718877205e-05,1.5835559583808246e-05,-21.01706854983462,-20.91944671612279
108,108,1.5256521809411406e-05,1.6211300230918968e-05,-21.073836879884716,-20.81760237397455
109,109,1.5313090846847417e-05,1.5813175435285205e-05,-21.05602851795375,-20.92558997195956
110,110,1.5158732943764898e-05,1.6329610030209695e-05,-21.101995975507265,-20.786022729169908
111,111,1.5185382605907471e-05,1.574358918189414e-05,-21.09215335250209,-20.944743377078346
112,112,1.5305494503316123e-05,1.5837782771804516e-05,-21.061276349052203,-20.918837043629274
113,113,1.5153531543565458e-05,1.5874512954676328e-05,-21.1025653977293,-20.908776767318034
114,114,1.4950321895309206e-05,1.572598581620504e-05,-21.16098415032717,-20.949602067022237
115,115,1.518501118046037e-05,1.5805954861111548e-05,-21.092296897624678,-20.92757348987729
116,116,1.5208917295577643e-05,1.5775629866479185e-05,-21.08545322141104,-20.935913781850463
117,117,1.4939309391227597e-05,1.5783394462088933e-05,-21.165930672313156,-20.933776756915563
118,118,1.5079619496992967e-05,1.643498025690573e-05,-21.123112954030656,-20.75808899621324
119,119,1.4948890664752456e-05,1.5781051890946018e-05,-21.157736196000588,-20.934421384552195
120,120,1.5306247260201587e-05,1.5258446087261146e-05,-21.059233371812898,-21.08067778796165
121,121,1.4983637230056721e-05,1.5924310805291353e-05,-21.151050498255973,-20.895174409208416
122,122,1.5018444928406922e-05,1.592643548065098e-05,-21.140373352798257,-20.894594997487506
123,123,1.5133443412196357e-05,1.5315617833709295e-05,-21.107050934461668,-21.064435653446843
124,124,1.4872307685399177e-05,1.598981941098923e-05,-21.18416376969312,-20.877345274755434
125,125,1.50382556685801e-05,1.574487410643518e-05,-21.134615409685683,-20.94438893892553
126,126,1.5208047804578397e-05,1.577307590962032e-05,-21.089405236297317,-20.93661692915617
127,127,1.488989255449269e-05,1.572846653480634e-05,-21.177501739204082,-20.948917036877752
128,128,1.5024515050754417e-05,1.5735369073043233e-05,-21.138850711355847,-20.947011525831446
129,129,1.5032127948026905e-05,1.6072227768554032e-05,-21.138608962441214,-20.855020079133734
130,130,1.513801421377551e-05,1.5714307377684716e-05,-21.10472258880509,-20.952828424746453
131,131,1.4949500035578877e-05,1.6004917980401507e-05,-21.16011198638606,-20.87324633449103
132,132,1.5025160829497612e-05,1.577033727746886e-05,-21.13937762424284,-20.93737104718853
133,133,1.486730597554418e-05,1.5516456474678737e-05,-21.18425743606523,-21.007855388132192
134,134,1.4875578148648761e-05,1.5748817675462067e-05,-21.18427581835508,-20.943301311417017
135,135,1.5072489630481344e-05,1.5750306901234007e-05,-21.125324159372912,-20.942890657124728
136,136,1.4690959017467866e-05,1.5356292734443406e-05,-21.235893409937987,-21.052917039204146
137,137,1.4850077525235187e-05,1.535626865676788e-05,-21.190955853845526,-21.05292384866656
138,138,1.4793318154936304e-05,1.5885155191522483e-05,-21.20761095301393,-20.905866242630495
139,139,1.479416276141041e-05,1.5379103962531143e-05,-21.20565998819449,-21.046470535584486
140,140,1.4754506509300122e-05,1.558819076308282e-05,-21.219778712228162,-20.98782374423573
141,141,1.5116945168929961e-05,1.5424502587273692e-05,-21.114186799431188,-21.033669186200143
142,142,1.4783803115128695e-05,1.5499106235725585e-05,-21.2077166929781,-21.01271431259757
143,143,1.4662269911907023e-05,1.557844284673736e-05,-21.24631999040718,-20.9905404100585
144,144,1.4802859752926826e-05,1.5601254218429523e-05,-21.204889388127715,-20.984185727011134
145,145,1.4891417495820542e-05,1.5488611815702536e-05,-21.175793569707526,-21.015655909570583
146,146,1.5086841499068373e-05,1.5619793837111884e-05,-21.12166136688648,-20.979027889245785
147,147,1.4946806899875884e-05,1.5650787214613765e-05,-21.163600932143147,-20.970418994380733
148,148,1.5016741674548235e-05,1.533830728524328e-05,-21.143405814405114,-21.05800652219535
149,149,1.4450079847331826e-05,1.5465623044675387e-05,-21.308581306194235,-21.02210665744623
150,150,1.4802172292135211e-05,1.5284394928465572e-05,-21.205464309684405,-21.073298355738896
151,151,1.4919515476706402e-05,1.5725468983873725e-05,-21.168370906732896,-20.94974479964367
152,152,1.4928731981910328e-05,1.5614478845811008e-05,-21.168253953099793,-20.980505926809872
153,153,1.465265864849759e-05,1.5828298704658855e-05,-21.247820214830572,-20.921438488429807
154,154,1.4878740808647486e-05,1.532465667926437e-05,-21.182739066922785,-21.061873325971906
155,155,1.4537840085263129e-05,1.5626419553882442e-05,-21.282901605399125,-20.977186058212226
156,156,1.479507153883028e-05,1.4921380936453046e-05,-21.20730241725113,-21.17769068464088
157,157,1.493598637887434e-05,1.579885912705274e-05,-21.165123488692394,-20.92952359671844
158,158,1.4631565295765296e-05,1.505121216675769e-05,-21.254433445669527,-21.140066085817306
159,159,1.4618819360415746e-05,1.556306108939584e-05,-21.256698289262637,-20.99483064144383
160,160,1.49797392670322e-05,1.5741183137594672e-05,-21.151828784206025,-20.94540714669618
161,161,1.459952162213554e-05,1.5008461990586702e-05,-21.263780995306192,-21.152418966311963
162,162,1.4672386835618172e-05,1.5787269436068047e-05,-21.243620203365627,-20.932710653376834
163,163,1.4724579553321465e-05,1.5137355675458247e-05,-21.229497959285283,-21.11528070863845
164,164,1.4744096334493171e-05,1.606948789183087e-05,-21.22181995450245,-20.85576049595368
165,165,1.4709055191355988e-05,1.5355062571057044e-05,-21.232327629968847,-21.05326495818428
166,166,1.4765474476270046e-05,1.5265102487510856e-05,-21.214684770211445,-21.07878361898157
167,167,1.4343984852549164e-05,1.5423445084276243e-05,-21.340142622588864,-21.03396694845095
168,168,1.4592963087068842e-05,1.5389931257615037e-05,-21.266135738745554,-21.043414063602626
169,169,1.4707628794247885e-05,1.4903814094156443e-05,-21.232291658606677,-21.18280661668979
170,170,1.453223896214226e-05,1.495965855275771e-05,-21.285073177540205,-21.166564052556662
171,171,1.4752928690700408e-05,1.5447397919687272e-05,-21.22040158358292,-21.02722752359549
172,172,1.4521417902007257e-05,1.5218807675410062e-05,-21.288851996302345,-21.091974575643924
173,173,1.4565235397105763e-05,1.5116614361575462e-05,-21.274704712624025,-21.121235523538417
174,174,1.5287397766853958e-05,1.5083490612405034e-05,-21.066034140391885,-21.130762289929187
175,175,1.4964828143589685e-05,1.5911949767063272e-05,-21.1551833996769,-20.898546872472817
176,176,1.4940940541846525e-05,1.5001144483425091e-05,-21.164077696429118,-21.154536923471653
177,177,1.4916100370982414e-05,1.5571417239506875e-05,-21.169494859647923,-20.99249944454245
178,178,1.4564820451868372e-05,1.5394253702987426e-05,-21.275403252039897,-21.042194467119373
179,179,1.489442024883585e-05,1.5656122310534365e-05,-21.1759721595002,-20.968938808200548
180,180,1.4774874010250529e-05,1.5475032054574083e-05,-21.210023203823255,-21.01946529048614
181,181,1.458680580793784e-05,1.584466199825616e-05,-21.265780347985974,-20.916951071661927
182,182,1.4951580490644832e-05,1.5680098074785508e-05,-21.161928401764758,-20.962293115760634
183,183,1.4631705615795805e-05,1.554219034005655e-05,-21.253829980780218,-21.00065863010485
184,184,1.5009418395080857e-05,1.5209853173521543e-05,-21.14384077922462,-21.09453064663893
185,185,1.475085709617562e-05,1.544198331478248e-05,-21.21809916358163,-21.028750074687117
186,186,1.4724587101189867e-05,1.5112397800533616e-05,-21.226672833619165,-21.122447094194538
187,187,1.467576807438481e-05,1.5191144245220226e-05,-21.242465028083895,-21.09987598793639
188,188,1.4749050450584186e-05,1.5255078946402615e-05,-21.220511946383876,-21.081636268306987
189,189,1.4585333007847477e-05,1.555435655494588e-05,-21.267136772950842,-20.997260361943752
190,190,1.4607871566413356e-05,1.5059409251032202e-05,-21.2595323306684,-21.137701505886078
191,191,1.4609413581863395e-05,1.5106379626223842e-05,-21.260685827513235,-21.124176919257618
192,192,1.4371656589835616e-05,1.5224011708357322e-05,-21.333482940177483,-21.0904897704515
193,193,1.4481837663026322e-05,1.4528019068836185e-05,-21.29726370016451,-21.2937168511472
194,194,1.4517726530235431e-05,1.5073624413880201e-05,-21.287272954131105,-21.133603964755068
195,195,1.4599262416145534e-05,1.5100045617911842e-05,-21.264325127889986,-21.12599827009693
196,196,1.4697740280286039e-05,1.4843852879589816e-05,-21.234548773107832,-21.200314450097068
197,197,1.4526774324172179e-05,1.5481083162165688e-05,-21.283613769083495,-21.017767427138942
198,198,1.4581156120612767e-05,1.5047398846945725e-05,-21.270366216128807,-21.14116653776851
199,199,1.4411134693499165e-05,1.514813021984944e-05,-21.319655733501893,-21.11219056480671
200,200,1.4511210732043483e-05,1.582883219510366e-05,-21.290430899031747,-20.921292112589825
201,201,1.4658785468932319e-05,1.5627327947616943e-05,-21.246559594650204,-20.976933601839512
202,202,1.4572117487256674e-05,1.521096108167273e-05,-21.27321166770839,-21.094214311650198
203,203,1.4618326719014991e-05,1.543526267548594e-05,-21.258840989264705,-21.030640616744115
204,204,1.4509451966191169e-05,1.5737030384786377e-05,-21.28967275704186,-20.946553029793094
205,205,1.4402943681076423e-05,1.508363814201929e-05,-21.321308941696017,-21.130719812371638
206,206,1.4315213672123663e-05,1.5243321716920227e-05,-21.3489353875651,-21.084984706276558
207,207,1.4579721936542293e-05,1.526264302236469e-05,-21.270476673140553,-21.07948339692186
208,208,1.4601535168395393e-05,1.5273747617596344e-05,-21.262707255687914,-21.076324762555195
209,209,1.444954714597114e-05,1.5035475419273625e-05,-21.308858052075248,-21.144609213537255
210,210,1.4513101501206714e-05,1.5242262921482938e-05,-21.289238064650206,-21.08528637607986
211,211,1.4433038255990995e-05,1.5259746712552824e-05,-21.313127435322187,-21.080307612446184
212,212,1.4514317870672345e-05,1.4820333538074537e-05,-21.288831407903285,-21.207201085877042
213,213,1.4662004705127233e-05,1.5099847778880135e-05,-21.2449529085037,-21.126055171224788
214,214,1.4478056255967139e-05,1.534150526008728e-05,-21.301558988778964,-21.05710113020119
215,215,1.439115146343649e-05,1.6989537997640008e-05,-21.326769917783864,-20.613965172177107
216,216,1.4544130647560995e-05,1.5199584786865958e-05,-21.278261437150263,-21.097463620170288
217,217,1.4592091209818032e-05,1.4678199812279721e-05,-21.267662327181522,-21.249052909340108
218,218,1.4477913057432779e-05,1.5531525892392412e-05,-21.300995388605205,-21.003639613081123
219,219,1.4683884269148039e-05,1.5028128521072703e-05,-21.23888593431036,-21.14673185819264
220,220,1.4465064592964013e-05,1.4971619461185151e-05,-21.303786598953856,-21.16309306357806
221,221,1.4309574308032266e-05,1.5066063545083652e-05,-21.350681510071272,-21.135782914762835
222,222,1.4334492278198313e-05,1.534523639029909e-05,-21.344018038934106,-21.05604503288809
223,223,1.4826031005701299e-05,1.5052585072944088e-05,-21.196960088961685,-21.139669959324298
224,224,1.4526762552310343e-05,1.5704469947913342e-05,-21.28496523372393,-20.95554803509994
225,225,1.4454612168846484e-05,1.4933362332445349e-05,-21.30572536248808,-21.174204836916488
226,226,1.453888944524806e-05,1.543971790708479e-05,-21.282079513255315,-21.02938725076564
227,227,1.4284574394268835e-05,1.563200653196729e-05,-21.360772312195635,-20.975633584794696
228,228,1.4438678398309816e-05,1.5254209948149142e-05,-21.31105309736515,-21.081883669121652
229,229,1.4217228116527603e-05,1.5164630942882995e-05,-21.377832670937554,-21.10746240848322
230,230,1.43609642747702e-05,1.5354575081896894e-05,-21.33688009834578,-21.053402839232994
231,231,1.4198686444943473e-05,1.5399050569517147e-05,-21.383906493654827,-21.040841411492277
