,epoch,train_loss,test_loss,train_dbs,test_dbs
0,0,0.00013066072098865203,0.00011954388250351737,-11.746959540910638,-12.130527454648249
1,1,0.00010469758598981233,9.401168560878814e-05,-12.712277820232456,-13.173982624955459
2,2,8.196472380095468e-05,7.64699273675337e-05,-13.771301426118136,-14.070894243639236
3,3,7.086920186807642e-05,6.879243167196891e-05,-14.402426398559617,-14.530394409086714
4,4,6.501447606967406e-05,6.537776330093805e-05,-14.777269064112982,-14.75150043603855
5,5,6.085882795531754e-05,6.140037849514843e-05,-15.065230903289526,-15.024090537477894
6,6,5.803001229501253e-05,6.115230433734771e-05,-15.270971075086216,-15.041672753141642
7,7,5.70451294836473e-05,5.61902921426257e-05,-15.342301883053228,-15.409188119829649
8,8,5.399270811881486e-05,5.446565218766122e-05,-15.582392950704374,-15.544573936836489
9,9,5.261304774939697e-05,5.4303978686220944e-05,-15.69594921521909,-15.557484518713107
10,10,5.4177801054542326e-05,5.8268844441045076e-05,-15.570866603956679,-15.251436965907994
11,11,5.2692824311568835e-05,5.189395348057396e-05,-15.690596816884067,-15.754633438765975
12,12,4.988313954414742e-05,5.0307867288785546e-05,-15.92678274832948,-15.889441954671524
13,13,4.905174812181978e-05,4.974356795030058e-05,-16.0040398814069,-15.938431694187633
14,14,4.833622999998175e-05,4.898434264377054e-05,-16.065836823129644,-16.005228177395264
15,15,4.821210006280735e-05,4.8018058326928634e-05,-16.077335058334064,-16.091755072426597
16,16,4.714777887127957e-05,4.759629652988607e-05,-16.17366625651688,-16.130069404919286
17,17,4.660218957686777e-05,4.7822942035150174e-05,-16.221014277963487,-16.10943811947279
18,18,4.618112402146e-05,4.703601026497046e-05,-16.260954677572947,-16.181496255787525
19,19,4.6146591614029306e-05,4.710115287085309e-05,-16.266520582514158,-16.17548564789474
20,20,4.558808982015837e-05,4.668932830865838e-05,-16.31817776503034,-16.21362476010884
21,21,4.542836976134382e-05,4.6259820105900106e-05,-16.333602875335927,-16.253761624888785
22,22,4.465610415827166e-05,4.639457122385992e-05,-16.409660401844604,-16.241129367015134
23,23,4.408546008506295e-05,4.439280689295725e-05,-16.463789497061118,-16.432674963472742
24,24,4.4506758339847105e-05,4.47814506371383e-05,-16.42361138332139,-16.39481944174033
25,25,4.427893599285264e-05,4.4737451198192214e-05,-16.445342679469178,-16.39908864404021
26,26,4.367510128880913e-05,4.458817401380082e-05,-16.504401990174713,-16.413604146764857
27,27,4.329695565099156e-05,4.4570730479838525e-05,-16.53831145619703,-16.415303501570616
28,28,4.3590762457431096e-05,4.511597121324341e-05,-16.513364817245062,-16.362497911743162
29,29,4.336354298353286e-05,4.398998422211183e-05,-16.53897065827109,-16.472262958441174
30,30,4.2890245128649805e-05,4.363520048699636e-05,-16.584741996448702,-16.507431263288414
31,31,4.238882674772614e-05,4.451651559640212e-05,-16.63553218180382,-16.42058938224537
32,32,4.2401858569139655e-05,4.3945430661551654e-05,-16.631871711411033,-16.47666377173846
33,33,4.2174890565838345e-05,4.344519957636581e-05,-16.65787104327776,-16.526383054490307
34,34,4.15375488018137e-05,4.305236430618128e-05,-16.72214023959153,-16.565830954630897
35,35,4.162346029017461e-05,4.320271699199159e-05,-16.7127652861018,-16.55069041869064
36,36,4.17174050170681e-05,4.3625529781964266e-05,-16.703763279956313,-16.50839388045556
37,37,4.1529628753178444e-05,4.266167678380091e-05,-16.724444264376444,-16.6054218099918
38,38,4.1500240429028506e-05,4.1266671599403614e-05,-16.72701003667122,-16.74980660175556
39,39,4.1212249194246656e-05,4.218456294773588e-05,-16.757536538177046,-16.65426548084779
40,40,4.1008925559113196e-05,4.220039485708663e-05,-16.779970255936917,-16.652635875020266
41,41,4.114732634952441e-05,4.264939362704019e-05,-16.764788052599656,-16.60667241139973
42,42,4.077531128732329e-05,4.164569135785936e-05,-16.80299785303808,-16.710100258728332
43,43,4.09836344429611e-05,4.155492110600646e-05,-16.77935048313837,-16.719576399341587
44,44,4.094828619065421e-05,4.245481403287206e-05,-16.78279463523857,-16.626531591952947
45,45,4.11330658288975e-05,4.200891233171875e-05,-16.765853927005953,-16.67238664848048
46,46,4.066977367214931e-05,4.1288229304451595e-05,-16.81468609711301,-16.74753844021575
47,47,4.109261336105698e-05,4.1463992697811735e-05,-16.769401435145927,-16.72908982704349
48,48,4.108082038394209e-05,4.199020527027498e-05,-16.77212020838082,-16.674321043489357
49,49,4.0516786780760425e-05,4.220580548893562e-05,-16.833003113829456,-16.65207908948811
50,50,4.082095239430872e-05,4.126229932329519e-05,-16.799451764247657,-16.750266768741234
51,51,4.0536332084436074e-05,4.175083526397908e-05,-16.827705755611156,-16.699149336842748
52,52,4.047202972137758e-05,4.116418801315472e-05,-16.834998922158512,-16.760605489243815
53,53,4.081620918253806e-05,4.143959602898624e-05,-16.798326079499894,-16.731645889842774
54,54,4.0388716256201566e-05,4.178326056908669e-05,-16.846197199445196,-16.695777747876807
55,55,4.0578639396399105e-05,4.300141900832961e-05,-16.824890796656526,-16.570973149074547
56,56,4.0360416062764306e-05,4.176466398731511e-05,-16.84918397276484,-16.6977111036177
57,57,4.031087564257665e-05,4.1518118355031076e-05,-16.85334567649056,-16.723424394507482
58,58,4.0254718095235785e-05,4.150924206968691e-05,-16.861523989881793,-16.72435298521294
59,59,4.0600029174082425e-05,4.125002956961429e-05,-16.824087528261387,-16.751558378474883
60,60,4.011755673044971e-05,4.127137052771439e-05,-16.87403726675624,-16.74931211010399
61,61,4.0252330043435954e-05,4.1669152874658865e-05,-16.860306335117055,-16.707654306234197
62,62,4.0609161288491884e-05,4.114273006531508e-05,-16.821414205260528,-16.762869957108343
63,63,4.005473609365638e-05,4.15752003487126e-05,-16.88010646028693,-16.717457513136434
64,64,3.978009549099784e-05,4.0772932966080444e-05,-16.910294058381808,-16.802081488744342
65,65,4.035661013685311e-05,4.055801075178591e-05,-16.84859389472695,-16.825034560406472
66,66,3.979241880666244e-05,4.085032464660655e-05,-16.90902689905462,-16.79384589735708
67,67,4.011735000324162e-05,4.0985191988415625e-05,-16.87362632560017,-16.779531282438647
68,68,4.000424681733646e-05,4.087529362694017e-05,-16.884751145942523,-16.791192166264153
69,69,3.971893431636212e-05,4.073139356669823e-05,-16.916533372437424,-16.80650832944415
70,70,3.959977376447587e-05,3.996859614792476e-05,-16.93187570157632,-16.88861207630795
71,71,3.960117419879192e-05,4.1891575260945646e-05,-16.929569405881626,-16.684534104840914
72,72,3.9390039973179376e-05,3.97144863918105e-05,-16.95546470732988,-16.91631151650759
73,73,4.001587075970409e-05,4.037342487687343e-05,-16.883956572894963,-16.84484509886843
74,74,3.9491177828035546e-05,4.06753043582859e-05,-16.942969103232965,-16.812492907662723
75,75,3.923288491445344e-05,4.0624421097546524e-05,-16.97167339440158,-16.817929167655457
76,76,3.921105203470191e-05,4.038424422584572e-05,-16.97219667719825,-16.843681423978655
77,77,3.920303841125095e-05,4.040500655384293e-05,-16.976718072293508,-16.841449205065338
78,78,3.9146615553991725e-05,3.9885568472336196e-05,-16.982291393646623,-16.897643158035166
79,79,3.861648247507641e-05,4.0004453790300575e-05,-17.03788098903699,-16.88471757002778
80,80,3.890512760842013e-05,4.012894063826503e-05,-17.00691107111915,-16.871224070839887
81,81,3.9065050137632516e-05,4.025914141062745e-05,-16.98784888094935,-16.857155934126038
82,82,3.9019955365052063e-05,4.098860307222869e-05,-16.996991563450838,-16.779169846231603
83,83,3.9267576211546164e-05,4.014143020245492e-05,-16.967447637838525,-16.869872601101797
84,84,3.93237577432937e-05,3.99029598300235e-05,-16.961664659146045,-16.895749910733397
85,85,3.872657720252785e-05,3.9227087415240115e-05,-17.02643586473139,-16.969940387981058
86,86,3.937511088956056e-05,4.061762994847653e-05,-16.953267679448242,-16.818655234645586
87,87,3.8885001934609934e-05,3.986906660046723e-05,-17.00880744451244,-16.899440338096106
88,88,3.871190060213923e-05,4.124373395155233e-05,-17.029082088047666,-16.75222125335732
89,89,3.8586491615374657e-05,4.144577456157238e-05,-17.042568954423416,-16.730998416689363
90,90,3.869424783504693e-05,4.079856214383127e-05,-17.029531422391543,-16.79935244453002
91,91,3.872009678086693e-05,4.030113479147028e-05,-17.02763230224248,-16.8526282696025
92,92,3.8904655608798606e-05,3.982927496269296e-05,-17.00531872769066,-16.903777013065312
93,93,3.8674283995036244e-05,3.95637489418732e-05,-17.034653331121913,-16.932826647385053
94,94,3.8508655933648845e-05,3.975326064009048e-05,-17.052292334073215,-16.912073459174092
95,95,3.8755650335194345e-05,4.10709567643751e-05,-17.0227071458593,-16.770452820173386
96,96,3.839564060305663e-05,3.981147117309248e-05,-17.063450491451814,-16.90571875472004
97,97,3.89227184173579e-05,3.935696651368696e-05,-17.005439240766336,-16.955584847815214
98,98,3.8630371771845244e-05,4.0507749393949975e-05,-17.037413788740373,-16.83041987551827
99,99,3.84571342401989e-05,3.979626432594255e-05,-17.055948958870196,-16.907377952747286
100,100,3.8732047785030315e-05,4.009797205646081e-05,-17.028741651933352,-16.874576931969948
101,101,3.902679056465655e-05,3.9908066307696955e-05,-16.99085433414639,-16.89519416920597
102,102,3.860052721889944e-05,3.963656146018031e-05,-17.043982818033115,-16.924841303978518
103,103,3.8736512278867936e-05,3.9934742648926514e-05,-17.026878155986974,-16.892292119947967
104,104,3.821742866046069e-05,3.925679802226736e-05,-17.083047165294175,-16.966652285402965
105,105,3.808612965474016e-05,3.904342616136235e-05,-17.10134190557812,-16.990321809246073
106,106,3.837696404496961e-05,4.069471374111201e-05,-17.065971889144794,-16.810421041829265
107,107,3.849908713051526e-05,4.028564571375395e-05,-17.05169842911324,-16.854297729785085
108,108,3.8075123474928406e-05,3.9324576726740866e-05,-17.10107953610985,-16.959160452958674
109,109,3.8080339005112544e-05,3.925919142937729e-05,-17.10031793614514,-16.966387512964033
110,110,3.851511274595246e-05,3.879867577588333e-05,-17.050604623757913,-17.017631989594477
111,111,3.836961018960304e-05,4.1016234957312824e-05,-17.069097646951587,-16.77624309801549
112,112,3.8253577324362546e-05,4.018792491191753e-05,-17.079015321073662,-16.864845199105744
113,113,3.782789378616594e-05,4.306838950709023e-05,-17.12944886444015,-16.56421469929213
114,114,3.8121183118248866e-05,4.099167477091358e-05,-17.092930862398468,-16.778844396788244
115,115,3.832328427998834e-05,3.931993016617765e-05,-17.073568301998097,-16.959673642167814
116,116,3.811900912587214e-05,4.021272759832515e-05,-17.09847623488171,-16.862165700905518
117,117,3.811699137905944e-05,3.95619830861075e-05,-17.09638717395231,-16.93302049113104
118,118,3.821051374411441e-05,3.9036169542477615e-05,-17.085627094791338,-16.991129064847126
119,119,3.815096670692095e-05,3.985657933394817e-05,-17.092619135027437,-16.90080079141676
120,120,3.807619294693535e-05,3.894330630397522e-05,-17.102576014241286,-17.001472815091756
121,121,3.801374570928639e-05,3.946546511494824e-05,-17.107027339177613,-16.943628765616626
122,122,3.8109611457762234e-05,3.9082427304636346e-05,-17.096553718409663,-16.985985733038927
123,123,3.784854409777554e-05,3.8610654595877826e-05,-17.12609435409595,-17.038729374405246
124,124,3.771334624766449e-05,3.988385278238351e-05,-17.140763329872236,-16.897829975155684
125,125,3.787946247330089e-05,3.9166464232135024e-05,-17.12476844087645,-16.976657348392465
126,126,3.7735519522216564e-05,3.866542963231424e-05,-17.139865110786893,-17.03257261832942
127,127,3.758095342923345e-05,3.8918641956498555e-05,-17.156354069149945,-17.004224246466503
128,128,3.762673324822525e-05,4.144330131040126e-05,-17.152413145060134,-16.731257586990154
129,129,3.795105380818641e-05,3.883235101392003e-05,-17.115496196672243,-17.0138641736636
130,130,3.793205677041995e-05,3.841465800896434e-05,-17.11570676578206,-17.060831308692627
131,131,3.7605109027186025e-05,3.8880775575403515e-05,-17.154304502181606,-17.00845182610129
132,132,3.767341838011844e-05,3.885685414149377e-05,-17.14894677114083,-17.01112464931753
133,133,3.829290627558312e-05,3.828419683390836e-05,-17.07554871345777,-17.075605616128616
134,134,3.7927454295922215e-05,3.8415686216658763e-05,-17.11938440241815,-17.060715066878934
135,135,3.7767149066341295e-05,3.840393793851897e-05,-17.133643237702827,-17.06204342860001
136,136,3.774565245584734e-05,3.8806904788208685e-05,-17.138064194545866,-17.016710969577144
137,137,3.750699695806408e-05,3.919267251867017e-05,-17.16688106149241,-16.973752233528074
138,138,3.7627308873985366e-05,3.89062288855999e-05,-17.15436809599787,-17.005609646321883
139,139,3.7491013479422653e-05,3.868639539991579e-05,-17.16796505820181,-17.030218357806827
140,140,3.738902186219984e-05,3.830788897941698e-05,-17.178939727746364,-17.07291881937207
141,141,3.774487413465977e-05,3.770497919743464e-05,-17.13607412707418,-17.14181396536951
142,142,3.766614272254375e-05,3.885743832430116e-05,-17.14727512133805,-17.011059356985417
143,143,3.742528482239463e-05,3.7415509148942015e-05,-17.17482744584007,-17.175284425891913
144,144,3.756188147535701e-05,3.820257571581016e-05,-17.158140177588265,-17.084874569039194
145,145,3.754460882079264e-05,3.915203974190119e-05,-17.16080496356517,-16.97825709207136
146,146,3.760306776477835e-05,3.8022890198350834e-05,-17.155744644857304,-17.105349766486604
147,147,3.7406247391811925e-05,3.964010686200039e-05,-17.177434757845326,-16.924452854645263
148,148,3.7395764649641636e-05,3.850210276524242e-05,-17.17847383784131,-17.050956532089405
149,149,3.7524659082637955e-05,3.900031237878322e-05,-17.165133228029113,-16.9951201646614
150,150,3.731951426406218e-05,3.975559105272527e-05,-17.185510441906636,-16.911818874853832
151,151,3.760835755473608e-05,3.859432849582701e-05,-17.151478141097765,-17.040566130268616
152,152,3.708500861245467e-05,3.841617169535695e-05,-17.215519267939385,-17.060660183208167
153,153,3.763318130312627e-05,3.896209167769963e-05,-17.151206334848055,-16.999378381453397
154,154,3.737388592010566e-05,3.84246013709344e-05,-17.17992118181173,-17.0597073136687
155,155,3.7291715080314555e-05,3.8557320677730454e-05,-17.191174867884566,-17.044732546046237
156,156,3.726713907078014e-05,3.8723862273496035e-05,-17.194481375192638,-17.026014352237098
157,157,3.741726844233086e-05,3.857144704517467e-05,-17.17659393727373,-17.043141699030244
158,158,3.7491450674463416e-05,3.838848313439245e-05,-17.168215176239134,-17.063791501169643
159,159,3.730988301520989e-05,3.8425000112558914e-05,-17.18811624278367,-17.059662246086333
160,160,3.718487848167682e-05,3.905116902483554e-05,-17.20189333895376,-16.98946062726964
161,161,3.712577193995851e-05,3.885368153676513e-05,-17.21007698119276,-17.011479258822057
162,162,3.772997430489115e-05,3.8515706412573836e-05,-17.14062191636947,-17.049422344323148
163,163,3.708669174022699e-05,3.8764867655883885e-05,-17.215629456906235,-17.021417964355166
164,164,3.8231778442835644e-05,3.852144551561459e-05,-17.083823210223777,-17.04877526412252
165,165,3.6984959019578455e-05,3.878764887064646e-05,-17.224654198681947,-17.018866465940896
166,166,3.7331356672682924e-05,3.840530514839644e-05,-17.186713195847556,-17.06188881915938
167,167,3.7262565456330776e-05,3.784607150392778e-05,-17.195624319713488,-17.125592964916162
168,168,3.7362255883185896e-05,3.827695036306977e-05,-17.1831415811089,-17.076427730849485
169,169,3.726220835308117e-05,3.787413018136775e-05,-17.197963116613842,-17.122374344503587
170,170,3.728291068403722e-05,3.954532621719409e-05,-17.19132958998334,-16.93484939579876
171,171,3.743429699601826e-05,3.89249456164084e-05,-17.17498057202086,-17.003520875821344
172,172,3.73211867029277e-05,3.7977665047755614e-05,-17.186691318232434,-17.110518422321146
173,173,3.745120568392971e-05,3.9427464415846194e-05,-17.175562645380545,-16.94781253602621
174,174,3.741074539631e-05,3.783881105559167e-05,-17.1766318569271,-17.126426202030775
175,175,3.730921533358398e-05,3.8869741968626746e-05,-17.1907004782545,-17.009684444152505
176,176,3.723637647200712e-05,3.843822330389613e-05,-17.194869968072407,-17.05816796603085
177,177,3.711508800255821e-05,3.974699096656159e-05,-17.212012328212523,-16.912758459426932
178,178,3.719874743201779e-05,3.8170004125659994e-05,-17.204715488147325,-17.08857895162154
179,179,3.72979313172052e-05,3.7922766607248615e-05,-17.190360458164168,-17.116800888287443
180,180,3.7274533956546874e-05,3.7670722935887935e-05,-17.193506486225324,-17.145761472580347
181,181,3.7011342223213996e-05,4.078500665185091e-05,-17.22088574564222,-16.8007956457794
182,182,3.7129805033268004e-05,4.062832005346488e-05,-17.210899514470086,-16.81751237062982
183,183,3.715906741584233e-05,3.828518521530848e-05,-17.20475918436808,-17.075493495963446
184,184,3.7073781884865855e-05,3.948742098720303e-05,-17.21583898707397,-16.941213321449304
185,185,3.70969975341085e-05,3.9139212228627385e-05,-17.21368665467137,-16.979680218701986
186,186,3.723061747654562e-05,4.0668237775925696e-05,-17.197069218348233,-16.813247479605906
187,187,3.735709182852663e-05,3.779751750698779e-05,-17.185082546014524,-17.131168251894763
188,188,3.691828945746463e-05,3.865865667313827e-05,-17.233100961913618,-17.033333431407037
189,189,3.716232942641693e-05,3.8243600149718604e-05,-17.205672774685485,-17.080213332089603
190,190,3.7313282218840955e-05,3.797073690006264e-05,-17.185949050281536,-17.11131076455457
191,191,3.6883207846501334e-05,3.842523437924683e-05,-17.24094704623294,-17.059635768423504
192,192,3.7045793076161026e-05,3.793580617639236e-05,-17.21991633998282,-17.115307843329308
193,193,3.691417664741334e-05,3.879397263517603e-05,-17.23598107573445,-17.018158469383767
194,194,3.7123479038181705e-05,3.959220798845452e-05,-17.2115226887899,-16.929703797784757
195,195,3.701681209312267e-05,3.910334434246914e-05,-17.22221794822942,-16.983661997112584
196,196,3.6885400628851074e-05,3.9150750078414076e-05,-17.239243008304257,-16.978400150508307
197,197,3.740266507033009e-05,3.804248856460234e-05,-17.178812226678982,-17.103111833107686
198,198,3.7090009408126844e-05,3.907486672304865e-05,-17.21748173574156,-16.986825966548697
199,199,3.7305633368399045e-05,3.841826257580818e-05,-17.191297330066018,-17.060423815790063
200,200,3.69146554354283e-05,3.8052160035524716e-05,-17.235329476736474,-17.102007874668203
201,201,3.7050172508803445e-05,3.868351890751479e-05,-17.218349633733325,-17.03054128559827
202,202,3.6953455079484916e-05,3.8400018782244604e-05,-17.23110199895252,-17.062486652625914
203,203,3.6925947215328874e-05,3.80907991999074e-05,-17.23371984120157,-17.097600171714266
204,204,3.6961137009280515e-05,3.843750231393833e-05,-17.229037257746352,-17.058249427885727
205,205,3.696501327569947e-05,3.932729439264605e-05,-17.230103178759375,-16.958860328552237
206,206,3.694317387008905e-05,3.7813495701381105e-05,-17.229806579445253,-17.12933274104399
207,207,3.740680745302354e-05,3.886890130831345e-05,-17.177297645982986,-17.009778372762486
208,208,3.7427514078294784e-05,3.830800415016711e-05,-17.176437818339753,-17.07290576254555
209,209,3.695259325355699e-05,3.7796801591053065e-05,-17.231470855588267,-17.131250511605195
210,210,3.718860388449009e-05,4.013265702508905e-05,-17.203183446593535,-16.870821884404922
211,211,3.696350145172304e-05,4.0151843150899944e-05,-17.230127986590595,-16.868746159026017
212,212,3.7164624465975103e-05,4.163975867605155e-05,-17.203275645330436,-16.710718981680618
213,213,3.7004867277273754e-05,4.029079958088818e-05,-17.226512368148367,-16.85374215897237
