,epoch,train_loss,test_loss,train_dbs,test_dbs
0,0,0.00018204159007921393,0.00013901273288004297,-10.305223425797035,-11.485235050213793
1,1,8.43376550732238e-05,4.1688952287107607e-05,-13.647937759906794,-16.715571056089836
2,2,3.120720195755022e-05,4.191070413645847e-05,-17.96588571665285,-16.692531289058618
3,3,0.00016205476280559843,8.064214795778848e-05,-10.80996615136106,-13.850159993470534
4,4,0.00014455244890246156,0.00019173125436186398,-11.308204660095154,-10.088851727690047
5,5,0.00010057570788254434,8.296749269663308e-05,-12.882082320514478,-13.726701205521818
6,6,7.753825633061723e-05,7.865310946822559e-05,-14.01243840216155,-13.958621896521162
7,7,9.018136150882935e-05,7.502915296323696e-05,-13.355632780621159,-14.163480427894456
8,8,7.673113990320642e-05,7.076750645003478e-05,-14.058319936290646,-14.417441931681164
9,9,7.923611611687127e-05,8.536347664439266e-05,-13.919029304136226,-13.603059918054502
10,10,9.419837206411271e-05,0.00010997571218084838,-13.165366073431544,-12.50281303265128
11,11,8.790810470506501e-05,7.544153739122281e-05,-13.464278990495346,-14.139675562046143
12,12,7.70996733821842e-05,7.892019283118363e-05,-14.03420846168661,-13.943899486045655
13,13,7.458939607082338e-05,7.279569342101335e-05,-14.179028733408307,-14.294723990314804
14,14,7.299549370426829e-05,6.814739754190668e-05,-14.273812168777473,-14.581288109667065
15,15,6.989344363262848e-05,6.882822153305537e-05,-14.46386674274919,-14.538115384559374
16,16,7.121716824014547e-05,7.124201932272531e-05,-14.381616945873542,-14.388418654820798
17,17,7.101511137173559e-05,6.89896216116674e-05,-14.392684735446885,-14.527943233556895
18,18,7.487150707543761e-05,7.327769631764998e-05,-14.163313256304226,-14.266062786737816
19,19,7.076423027739889e-05,6.953688448687132e-05,-14.40788890845591,-14.493628575657581
20,20,6.71318292794221e-05,6.76113991893975e-05,-14.637560890122444,-14.615581627575638
21,21,6.478776953203517e-05,6.290420366751373e-05,-14.791805547789245,-14.928984175343654
22,22,6.259444482341293e-05,6.146632490287487e-05,-14.94376102061369,-15.029408390784184
23,23,5.925454062196071e-05,5.7952179830815444e-05,-15.178842889410411,-15.285083100370475
24,24,5.7843216785203336e-05,5.7494757799615494e-05,-15.286359472397704,-15.319498375075572
25,25,5.557583377951007e-05,5.422781549369622e-05,-15.457877643287631,-15.573559766027532
26,26,5.484391328639869e-05,5.489510371453913e-05,-15.517999666854433,-15.520444763875403
27,27,5.6386998302204844e-05,5.272773724802966e-05,-15.39626401972846,-15.695389518592837
28,28,5.332805036588754e-05,5.1615235286973125e-05,-15.63725891050247,-15.788001749244017
29,29,5.160027784271377e-05,5.0618658860912547e-05,-15.779817159333088,-15.872674519659377
30,30,4.94191147472239e-05,4.8999590178841334e-05,-15.969818714734636,-16.013856386220418
31,31,4.7989904918928735e-05,4.812958018431489e-05,-16.09569765412981,-16.091660128165234
32,32,4.747612997421457e-05,4.7933945576292705e-05,-16.142879403912012,-16.10934907878807
33,33,4.79171452865295e-05,5.221634446091852e-05,-16.100701438619506,-15.737716216755091
34,34,5.050304329434419e-05,5.004675557230305e-05,-15.874042971093116,-15.92202158013366
35,35,5.0218821286893514e-05,5.068330038308264e-05,-15.896425693126599,-15.86713198911009
36,36,4.9276739596233216e-05,4.78778758980824e-05,-15.982692143306679,-16.114432116403655
37,37,4.643853933828854e-05,4.861344055634139e-05,-16.239803771492788,-16.048217275088845
38,38,4.666297429570683e-05,4.409732585037617e-05,-16.216310732600313,-16.47165832543435
39,39,4.6835077603073966e-05,4.3357627107884344e-05,-16.203886667905838,-16.54512580374817
40,40,4.523407202664062e-05,4.3019237637054175e-05,-16.351645529898818,-16.579153765329075
41,41,4.354076901511961e-05,4.2122724201027794e-05,-16.517646105339004,-16.670616357988443
42,42,4.233294150497424e-05,4.0086381455981414e-05,-16.64119005048015,-16.885812314898324
43,43,3.967121474207235e-05,3.938790503429788e-05,-16.925488121882445,-16.962152041792887
44,44,3.873640612114614e-05,3.919847155262496e-05,-17.025163359772144,-16.98308953215623
45,45,4.0096058319718816e-05,3.951526837466334e-05,-16.87628023111785,-16.948131504577898
46,46,3.937053781893277e-05,3.750840780986963e-05,-16.955245199158988,-17.174494571028585
47,47,3.8473710746890815e-05,3.7597891940477944e-05,-17.053506060812783,-17.164145909822036
48,48,3.739588410286329e-05,3.6956028787627525e-05,-17.17915317087873,-17.238927895882703
49,49,3.581180000352462e-05,3.447188359323742e-05,-17.36588545938953,-17.541130717972123
50,50,3.416559955383622e-05,3.3145461872520267e-05,-17.570577124880167,-17.71154011162897
51,51,3.3867903748051906e-05,3.2927696290579134e-05,-17.60992548038795,-17.740167389529393
52,52,3.330892873564903e-05,3.249538272747917e-05,-17.67809652613276,-17.797564299161863
53,53,3.293285742084035e-05,3.292159185787712e-05,-17.73146838965943,-17.740972598369087
54,54,3.220312603459497e-05,3.2044640216841604e-05,-17.828305365770923,-17.858226864482653
55,55,3.229445670494335e-05,3.230843092177039e-05,-17.816027250571985,-17.82262219568769
56,56,3.114110713983051e-05,3.2310649514425006e-05,-17.97221609586801,-17.822323979575245
57,57,3.094176107194855e-05,3.079874209345833e-05,-17.9995745434667,-18.030451072633213
58,58,2.9927908360253606e-05,3.0620920274247366e-05,-18.146600097937867,-18.05559847580849
59,59,2.9609686815505128e-05,3.0334636999453468e-05,-18.192339796482486,-18.096392840175486
60,60,2.9316209058622954e-05,2.919894704016195e-05,-18.236217867713407,-18.26210895937408
61,61,2.891291900521106e-05,2.9945762530827013e-05,-18.298070026668725,-18.15242710009182
62,62,2.898329958699514e-05,2.9838422530079506e-05,-18.285978097531068,-18.168022267963565
63,63,2.9579058840700435e-05,2.8817121729891943e-05,-18.198147382480496,-18.319274852575738
64,64,2.882318739532061e-05,2.857358614212564e-05,-18.30804213491064,-18.35613336179676
65,65,2.8629278268013388e-05,2.8723867887349213e-05,-18.339317449025145,-18.333351657635777
66,66,2.84618448127618e-05,2.8428926701675855e-05,-18.36580721263488,-18.378176225691284
67,67,2.8294821999056177e-05,2.9152892909080135e-05,-18.388455744062732,-18.2689642904718
68,68,2.786148510982532e-05,2.8678671649111876e-05,-18.45752672467718,-18.340190547024243
69,69,2.7786971990393532e-05,2.815768608630414e-05,-18.467376738185617,-18.41981123401792
70,70,2.8240560457505255e-05,2.7402973883956866e-05,-18.398749336160357,-18.53780389518127
71,71,2.814843194465004e-05,2.7449918745428715e-05,-18.411860891471484,-18.530370230959996
72,72,2.8190824167788526e-05,2.7550958724245184e-05,-18.405011964257337,-18.51441370203402
73,73,2.757464130106022e-05,2.652697510615996e-05,-18.503163443751976,-18.67890356496345
74,74,2.7183829833748606e-05,2.7807191049520808e-05,-18.561110776721474,-18.47420965615654
75,75,2.742537060502278e-05,2.687412751057357e-05,-18.527361844246954,-18.622437128830548
76,76,2.731709527015295e-05,2.749343433319346e-05,-18.542428219076225,-18.523490933452425
77,77,2.7443636446553955e-05,2.848687625756659e-05,-18.5232147616754,-18.369332572526385
78,78,2.7514467387611393e-05,2.745768353251103e-05,-18.512040745199904,-18.52914191135922
79,79,2.7591276024789285e-05,2.8233367438109492e-05,-18.499467641045587,-18.40815406106173
80,80,2.74477349484721e-05,2.9568592205913247e-05,-18.52047012836281,-18.207474385605504
81,81,2.777555964149945e-05,2.8799426983919386e-05,-18.471668173033237,-18.321942395477112
82,82,2.7203165334811404e-05,2.811750192976385e-05,-18.562825862916682,-18.426013527080556
83,83,2.727354562593223e-05,2.782873831931379e-05,-18.54819438695229,-18.470845692996324
84,84,2.739078775345295e-05,2.8094081483830353e-05,-18.531382443409303,-18.429632486164618
85,85,2.701804652067799e-05,2.6727807715743485e-05,-18.588482274621853,-18.646147480726707
86,86,2.6460888106738982e-05,2.750292380943919e-05,-18.68175447932145,-18.521992206136744
87,87,2.6691183594857178e-05,2.658908181872807e-05,-18.646770818004434,-18.668747459103496
88,88,2.6653223526925112e-05,2.7381037063222673e-05,-18.650218811917295,-18.54128193212666
89,89,2.6335368846085874e-05,2.6708943072375596e-05,-18.69994384911245,-18.64921383889305
90,90,2.597028680573897e-05,2.7313852210921285e-05,-18.761169373288723,-18.551951311179952
91,91,2.6106626456126344e-05,2.717329267685081e-05,-18.740020314333595,-18.574358198369058
92,92,2.5764849326770137e-05,2.604315829414286e-05,-18.797110148286848,-18.758844356734382
93,93,2.572000252745131e-05,2.649404115417335e-05,-18.805233150059465,-18.684298797444214
94,94,2.575038014743093e-05,2.6032819732790813e-05,-18.798878594142444,-18.76056875265554
95,95,2.5633712876819136e-05,2.7833927896082106e-05,-18.82162386821812,-18.470035884658472
96,96,2.8753303828950464e-05,3.0307177631153825e-05,-18.31904926515068,-18.10032591936079
97,97,2.740985293768841e-05,2.7729047360480763e-05,-18.529371158143576,-18.486431368074527
98,98,2.6977498949695612e-05,2.675862982103258e-05,-18.593587641719363,-18.641142147656918
99,99,2.55035071024826e-05,2.635215442799228e-05,-18.84096646695404,-18.707619594570843
100,100,2.825390683281831e-05,2.6107489152070085e-05,-18.394389315020515,-18.74812980105652
101,101,2.5227509280570695e-05,2.513630055258737e-05,-18.888724205833867,-18.912767257790872
102,102,2.558764402603685e-05,2.5564302153438084e-05,-18.826456036152244,-18.83944144342464
103,103,2.514347898354994e-05,2.4728652677272055e-05,-18.899297426230866,-18.983776315422247
104,104,2.5100484393631858e-05,2.540516987593085e-05,-18.910923482825872,-18.866559830889173
105,105,2.5221281754694274e-05,2.5195999880548026e-05,-18.888990732245176,-18.90246488708976
106,106,2.4959626101655285e-05,2.534903816060825e-05,-18.932395705517894,-18.876166011383944
107,107,2.5238897476285893e-05,2.5849082081358094e-05,-18.884128134015985,-18.791329607191383
108,108,2.5139614278027554e-05,2.5522833024488616e-05,-18.90499603357626,-18.846492070853632
109,109,2.4910774047065827e-05,2.4574154179534064e-05,-18.945154312326686,-19.01099507595106
110,110,2.4730557821929268e-05,2.4176697096615834e-05,-18.973648545107704,-19.081811169615918
111,111,2.463383879865095e-05,2.4026685423450544e-05,-18.992738760240517,-19.10884224038035
112,112,2.4475972421305885e-05,2.4087566328633232e-05,-19.020178252473148,-19.09785162769395
113,113,2.4445429995260563e-05,2.3886699876273172e-05,-19.02438775861396,-19.134219334187076
114,114,2.4348104076481606e-05,2.5069688873420665e-05,-19.04289388715449,-18.924291421341042
115,115,2.3925345088820304e-05,2.3738927043986653e-05,-19.118518736506232,-19.161170005806632
116,116,2.4024164510414378e-05,2.4044601703185197e-05,-19.101649802611515,-19.105604989101945
117,117,2.4063604823166634e-05,2.4774467084697743e-05,-19.093952028891884,-18.975737650338896
118,118,2.403931078511847e-05,2.391454965714059e-05,-19.09771816237522,-19.129158793870868
119,119,2.3547079491464436e-05,2.365191678683531e-05,-19.188692261967283,-19.17711743951148
120,120,2.3349549431343605e-05,2.3039111128079975e-05,-19.224929572596437,-19.2911236676838
121,121,2.3233234519606994e-05,2.4635817154423995e-05,-19.24676654676263,-19.000111142056078
122,122,2.3120701268087886e-05,2.3291215544113104e-05,-19.267293520359317,-19.243859318281636
123,123,2.3614666977514436e-05,2.3132897216495813e-05,-19.17494884475004,-19.27348058125291
124,124,2.3235030021544272e-05,2.2686232880101e-05,-19.24794813048199,-19.358157004126028
125,125,2.2614617460631145e-05,2.314983861364645e-05,-19.363433991583943,-19.270301185957933
126,126,2.271714043841318e-05,2.248217682982182e-05,-19.345615750514668,-19.397397269659848
127,127,2.2630898072129265e-05,2.257741729600208e-05,-19.358848710665637,-19.37903826252067
128,128,2.2712448083335947e-05,2.30649633235053e-05,-19.34440350672166,-19.28625317971562
129,129,2.2248255311179612e-05,2.303605948614667e-05,-19.43279477395452,-19.291698949874466
130,130,2.2391958146286436e-05,2.308852948006365e-05,-19.4069005944404,-19.281818129616177
131,131,2.257242567324771e-05,2.357370703975903e-05,-19.370993146659465,-19.191502042566423
132,132,2.1953097858226776e-05,2.2436627899112766e-05,-19.49359823875964,-19.40620500894102
133,133,2.2065300363090163e-05,2.311950169984668e-05,-19.47096294262941,-19.27599616931404
134,134,2.223375366194193e-05,2.2964518824377783e-05,-19.436012586584074,-19.30520736251986
135,135,2.1964833677818967e-05,2.230158057308903e-05,-19.490148196602554,-19.43242442569138
136,136,2.157965457055192e-05,2.2733793996035512e-05,-19.5677724675105,-19.34906166043129
137,137,2.1790797047250418e-05,2.261876756835447e-05,-19.525505263739298,-19.371091485520623
138,138,2.1466258311699403e-05,2.2645301406124706e-05,-19.5885101195259,-19.365999808652695
139,139,2.1219623338709555e-05,2.1905722286120228e-05,-19.64061547793412,-19.510205088088803
140,140,2.1205044691837946e-05,2.2352287487592548e-05,-19.642883434327654,-19.42256111772493
141,141,2.1253025966195975e-05,2.2227078835911878e-05,-19.633403007631617,-19.446956964496326
142,142,2.1161567028965946e-05,2.2023412863123476e-05,-19.650076740034194,-19.486934659349828
143,143,2.113415081749764e-05,2.22209404168289e-05,-19.657717185865803,-19.44815651471121
144,144,2.1195713923157902e-05,2.2485946110942966e-05,-19.645894419501023,-19.396669208140516
145,145,2.085953276468196e-05,2.1681786357045273e-05,-19.713842254040557,-19.554830255718702
146,146,2.0851952191976323e-05,2.1756189150772498e-05,-19.715197451050518,-19.539952603629004
147,147,2.0973142267225223e-05,2.140044431909796e-05,-19.693057284667198,-19.61155296000667
148,148,2.0791080321041872e-05,2.214821712473885e-05,-19.729039914610382,-19.46239313965219
149,149,2.042042612544916e-05,2.1845763273488144e-05,-19.80699993416746,-19.522108631155024
150,150,2.037180304787117e-05,2.1841626365034916e-05,-19.817662147291923,-19.52293112777641
151,151,2.035544357286855e-05,2.146423503290862e-05,-19.819434016408415,-19.598626711227723
152,152,2.0338774100816136e-05,2.081871829623675e-05,-19.823920880196077,-19.73124097656999
153,153,2.0160392504641497e-05,2.0955347760096438e-05,-19.86169632640355,-19.702832138548374
154,154,2.0252856358507115e-05,2.142141367681018e-05,-19.8414063804301,-19.60729958217693
155,155,2.0184075521646047e-05,2.088345794809835e-05,-19.85605413202089,-19.717756742084944
156,156,2.0012934140881436e-05,2.0765468913228496e-05,-19.895054218688397,-19.742363437965643
157,157,1.9978842632103945e-05,2.119071259106644e-05,-19.90051338625365,-19.65432525126054
158,158,2.000272441589389e-05,2.076323888008789e-05,-19.894891555626376,-19.74282985801087
159,159,1.9979807952903186e-05,2.115516963385744e-05,-19.901094254067747,-19.66161574233089
160,160,1.985674285587612e-05,1.9569981544152954e-05,-19.92811473147125,-19.999876702394197
161,161,1.9768838542732577e-05,2.0489835342710937e-05,-19.94845644906708,-19.80039617923706
162,162,1.9623918025487356e-05,2.0512406081252266e-05,-19.979528810904107,-19.795614807365343
163,163,1.9629573994889235e-05,1.9812076779520505e-05,-19.977534056643755,-19.946480839537696
164,164,1.949754562129905e-05,2.0868403800322038e-05,-20.006881581650863,-19.72088854666493
165,165,1.959718072837334e-05,2.062365150011733e-05,-19.985089574861735,-19.772125249945773
166,166,1.9359182082665676e-05,2.076878421288903e-05,-20.0383776406239,-19.741670122813396
167,167,1.947122561348093e-05,2.0116045083054096e-05,-20.012396905652277,-19.88035486059241
168,168,1.9623645786532036e-05,1.9820814630197436e-05,-19.980184990602943,-19.944565864243597
169,169,1.918943450721965e-05,2.0388281307915396e-05,-20.075421869651883,-19.821974691788693
170,170,1.9186835527658876e-05,1.9861749311339256e-05,-20.076330362381675,-19.935605902649215
171,171,1.9396382900670208e-05,2.019567838081122e-05,-20.026679248015903,-19.863196404537057
172,172,1.923718319471611e-05,1.988683082967519e-05,-20.06433031795632,-19.930125069664435
173,173,1.9209456461128903e-05,2.0389200089036757e-05,-20.07243225337674,-19.821778984963515
174,174,1.8852866654099473e-05,1.971997895261187e-05,-20.153637783344234,-19.966716392505276
175,175,1.882356795737071e-05,2.0213772203485286e-05,-20.164351613318455,-19.85930719161512
176,176,1.8934806951048024e-05,1.9849274346932744e-05,-20.13413314814916,-19.938334519482936
177,177,1.87628533821385e-05,1.982520753747514e-05,-20.17348947463551,-19.94360343962003
178,178,1.8969393928160834e-05,1.9835537769770445e-05,-20.127262055163754,-19.94134107014143
179,179,1.8659560737432912e-05,1.907286586126582e-05,-20.1969422618004,-20.11162131917356
180,180,1.857155340760598e-05,1.9595001216849166e-05,-20.21878484145781,-19.994327915440596
181,181,1.8363874005444814e-05,1.9266456260275416e-05,-20.268135719181657,-20.067762454730303
182,182,1.8445967247523006e-05,1.9332415831740946e-05,-20.246603860016425,-20.052919582777232
183,183,1.8532015160089192e-05,2.017253437339892e-05,-20.231019320130667,-19.868176221637594
184,184,1.8155646881196028e-05,1.9154038598476052e-05,-20.319059943092558,-20.093177280695926
185,185,1.815904282189764e-05,1.910268718730597e-05,-20.319179422409466,-20.104836222983785
186,186,1.8261084564467628e-05,1.9365509711190642e-05,-20.291957009945605,-20.0454915397843
187,187,1.7972313667696746e-05,1.8847822406984816e-05,-20.361493423809115,-20.16316905327701
188,188,1.7907929675144708e-05,1.913911776347576e-05,-20.377156471953942,-20.096561716584525
189,189,1.784266170062372e-05,1.9024804283904623e-05,-20.395505541957668,-20.122578886307135
190,190,1.792327097551681e-05,1.8864695783505387e-05,-20.375627243283798,-20.15928280268725
191,191,1.7703272280095446e-05,1.937137126093914e-05,-20.427339288389526,-20.04417721675843
192,192,1.763985383337227e-05,1.8981683512576735e-05,-20.442923824767313,-20.132433583315073
193,193,1.7656548977553478e-05,1.835523351856912e-05,-20.436295393544043,-20.278181722805062
194,194,1.7603688639169798e-05,1.8292793021445458e-05,-20.451130840378248,-20.292980658599525
195,195,1.7419079235831716e-05,1.8137074987048674e-05,-20.49602429513206,-20.330108377500018
196,196,1.7301056855619218e-05,1.8323407714074403e-05,-20.524151434087322,-20.285718411340106
197,197,1.7414539460211e-05,1.802155250181003e-05,-20.50008891830933,-20.35785884927523
198,198,1.72934455757471e-05,1.8153061175421737e-05,-20.5283613254826,-20.326282151103356
199,199,1.7371305560671543e-05,1.788967524350339e-05,-20.510074690883933,-20.389756295634275
200,200,1.7010690245705958e-05,1.8431225438881054e-05,-20.59913140363982,-20.26023875164603
201,201,1.7104269215085823e-05,1.8623492810308418e-05,-20.577759250546936,-20.21516950714364
202,202,1.719766819358896e-05,1.7977726201934274e-05,-20.553011643076733,-20.368433244255865
203,203,1.6952778869100003e-05,1.7836403841149723e-05,-20.613844789685835,-20.402707895039917
204,204,1.7004282761769628e-05,1.753712000974797e-05,-20.602281435238062,-20.476198123816793
205,205,1.6761827545142107e-05,1.782384046428457e-05,-20.665002071542634,-20.405768000531967
206,206,1.697539500662632e-05,1.787318098266903e-05,-20.609351529220376,-20.3937623330302
207,207,1.6932393787710773e-05,1.7777737364093283e-05,-20.618323439677418,-20.417016003808918
208,208,1.671846259397949e-05,1.7723574130382314e-05,-20.674572467888623,-20.430267802564266
209,209,1.652694257798655e-05,1.783411023911628e-05,-20.726691118590182,-20.403266394817035
210,210,1.670057070479049e-05,1.7342267423564888e-05,-20.677590706163436,-20.524722074226695
211,211,1.6586478246496235e-05,1.762504153272235e-05,-20.71094846927997,-20.454479372652244
212,212,1.6318177051626783e-05,1.755211283843413e-05,-20.784058068154362,-20.47248684110455
213,213,1.6720467832895984e-05,1.7624682904600998e-05,-20.67405110030938,-20.454567742258902
