,epoch,train_loss,test_loss,train_dbs,test_dbs
0,0,0.0002228336006081327,0.00020907377275809842,-9.428603266103112,-9.702805458529783
1,1,0.0001954844411397737,0.00018704505284978566,-10.00052253251903,-10.186338760110372
2,2,0.00017760005061269845,0.00017335467150826988,-10.413140371663538,-10.516445526686216
3,3,0.0001665783121032141,0.00016480601717423844,-10.690817244297047,-10.73607038029717
4,4,0.00015906009735472347,0.0001583207845932951,-10.891757295406034,-10.910421686075818
5,5,0.000153212271151901,0.00015285142274622463,-11.055531241924864,-11.063106165439196
6,6,0.00014846906508199064,0.00014884082836368563,-11.191137963258054,-11.178580236594566
7,7,0.00014508043356736662,0.000145293283582616,-11.28839913772305,-11.28334563256481
8,8,0.00014199901308585919,0.00014289083054264714,-11.382890800663583,-11.355757415086575
9,9,0.0001393521037918861,0.000140340003877339,-11.465748520784073,-11.433986178610379
10,10,0.00013724634564570487,0.00013791599485557526,-11.534072448450459,-11.50965465501918
11,11,0.00013543607133918335,0.00013634226496306886,-11.590768113833288,-11.559495976858067
12,12,0.0001336358206018988,0.00013460086101028872,-11.647091692973511,-11.61532264075332
13,13,0.00013252981256131927,0.00013317845725013236,-11.687448939167396,-11.661461223688427
14,14,0.0001310907928669134,0.00013195411462986253,-11.732842665822641,-11.70157164994196
15,15,0.00012990097179540826,0.00013080007422678662,-11.772771550261174,-11.739721116096531
16,16,0.00012895179379577798,0.00013006354512119862,-11.804004758135695,-11.764245147243212
17,17,0.00012780849242189266,0.00012884197923612143,-11.839480379281273,-11.805227143377039
18,18,0.00012685317268892738,0.00012790856846167068,-11.87258633229549,-11.836804636648123
19,19,0.00012616291061612615,0.00012760782288081062,-11.898599880793945,-11.847028028255435
20,20,0.00012513291495480123,0.00012653734646798847,-11.932976102608778,-11.883613791397867
21,21,0.00012456980586704827,0.0001258003348515271,-11.952746519398886,-11.908983049498936
22,22,0.0001240775013731351,0.00012536382181631205,-11.971538330698985,-11.924078785758354
23,23,0.00012336919155000642,0.0001241624524577913,-11.994676084753223,-11.96589819865558
24,24,0.00012280037533611866,0.00012346136109523572,-12.015874076095603,-11.990490415315715
25,25,0.0001222711085274662,0.00012338066957645903,-12.034075947359007,-11.993329792588218
26,26,0.00012167468125459057,0.00012260802912734156,-12.054739026483379,-12.020611906669327
27,27,0.00012074886627984953,0.00012210507664253543,-12.08405444577439,-12.038463814983283
28,28,0.00012085498784687946,0.00012186298676839981,-12.084663681397522,-12.047082839088354
29,29,0.00012021937601678746,0.0001210655234325187,-12.110473550009669,-12.07559617991164
30,30,0.00011991556750648876,0.00012078755466255213,-12.119571608813715,-12.0855791296466
31,31,0.00011913065272611421,0.0001197944986511414,-12.147810930421787,-12.121432277414744
32,32,0.00011881201761443475,0.00011979545448220481,-12.157116933127298,-12.121397625531305
33,33,0.00011832590593557958,0.00011928036991249476,-12.177612304655,-12.140111247707567
34,34,0.00011798262903070769,0.00011903266989209347,-12.188368190795398,-12.149139271592002
35,35,0.00011755265924088253,0.00011847875928077356,-12.203822522121673,-12.16939604482857
36,36,0.00011706435502345972,0.00011799656472009558,-12.222689371196601,-12.187107383466751
37,37,0.0001167638020166292,0.00011812472994757914,-12.234942473946845,-12.18239273402247
38,38,0.00011654544002724542,0.00011682137770357688,-12.242563305202463,-12.230577783758305
39,39,0.00011616842173155128,0.00011704762283969965,-12.256918819307106,-12.22217504165917
40,40,0.0001156243560751708,0.00011668676253114092,-12.278260893204704,-12.235585115236097
41,41,0.00011541640868148833,0.00011667035371494039,-12.285528697597707,-12.236195875126931
42,42,0.00011497204247190013,0.00011621572890649794,-12.301048238778554,-12.253151915971065
43,43,0.00011450319273995006,0.0001154627186080784,-12.317279210148948,-12.2813832316171
44,44,0.0001140618856579843,0.00011553705170579058,-12.333746464511323,-12.278588211065385
45,45,0.00011406893756110989,0.00011494657481211777,-12.336090767560115,-12.300840673986686
46,46,0.00011365682304627982,0.00011458462693936829,-12.351448528583804,-12.314537469277644
47,47,0.00011331788876295551,0.00011446861179521013,-12.364054308794763,-12.31893686057305
48,48,0.00011306515349958514,0.00011365008111552972,-12.375223520314032,-12.350103520222813
49,49,0.00011269653300915547,0.00011344429980166943,-12.390247516962393,-12.357974231350761
50,50,0.0001122441541699971,0.0001128004192938342,-12.40664577844572,-12.38269388073185
51,51,0.00011181048984392114,0.00011279310389287083,-12.421324745842417,-12.382975541147232
52,52,0.00011167673223961586,0.00011205473511884185,-12.426921799259068,-12.411498887269566
53,53,0.00011123711055447107,0.00011245528654207622,-12.44415575675909,-12.396002255438624
54,54,0.00011123172139518501,0.00011174504815196422,-12.446511110980659,-12.423518150622844
55,55,0.00011067818701759308,0.00011168947974893901,-12.467245241992694,-12.425678340592254
56,56,0.00011032190895159296,0.00011138694543134127,-12.482122638355229,-12.437458076184269
57,57,0.00010994005176903603,0.00011042501826427485,-12.496008626220178,-12.475126222899501
58,58,0.0001098638056590193,0.00011064358649922437,-12.50114549787395,-12.46653857117132
59,59,0.00010954855349258108,0.00010986568246919073,-12.5132845107773,-12.497180442215246
60,60,0.00010918345974131785,0.00010985101107507944,-12.52581350244564,-12.497760435060671
61,61,0.00010906907306148757,0.0001100443811370305,-12.531200362420236,-12.490122296610124
62,62,0.00010862163542265783,0.00010972785591883094,-12.548491032077012,-12.502632088796508
63,63,0.0001084409548676592,0.00010933986892556085,-12.554711876308586,-12.518015531202542
64,64,0.00010812256571335103,0.00010865289598433791,-12.567788843236091,-12.545387957563314
65,65,0.00010786190910742513,0.00010862785788240696,-12.579059659865269,-12.54638886623659
66,66,0.00010750048521416473,0.00010856903482865738,-12.59292604224014,-12.548741250560129
67,67,0.00010720270847272819,0.00010831914168145311,-12.60489112114044,-12.558748920380228
68,68,0.00010695436818779628,0.00010810417313079692,-12.61382686155656,-12.567376427644561
69,69,0.00010667179212197374,0.00010755113831500669,-12.626013333877848,-12.589650907572006
70,70,0.00010654481661028334,0.00010680080710076972,-12.633479487425001,-12.620055673555113
71,71,0.00010631463051468767,0.00010718205311078284,-12.640719696182792,-12.604580301983043
72,72,0.00010593819482067178,0.00010640473766742568,-12.65880323950782,-12.636191367156265
73,73,0.00010549610103516523,0.00010659279359970242,-12.673915199155761,-12.62852257640432
74,74,0.0001056330620860873,0.00010650070333596025,-12.669971278464175,-12.6322762616594
75,75,0.00010499323597633923,0.00010654351928295862,-12.696562625162182,-12.630530640065853
76,76,0.00010493996539021141,0.00010612046715227495,-12.696872456918067,-12.647809489329553
77,77,0.00010489167478451621,0.00010576576728214461,-12.702505155633348,-12.66234977701121
78,78,0.00010467535486389624,0.00010545024231664444,-12.710789182868488,-12.675325200002288
79,79,0.00010398171307127827,0.00010514558303647821,-12.73603842788398,-12.687890685221772
80,80,0.00010384347287700367,0.0001048041805533055,-12.743187472713037,-12.702014954066092
81,81,0.00010390827615598947,0.00010450681944157143,-12.739231342189761,-12.71435471421671
82,82,0.00010377148447735908,0.00010477706995228992,-12.749078951431926,-12.703138526376058
83,83,0.00010340187955736518,0.00010408225084814291,-12.762504259940389,-12.732034264894814
84,84,0.00010333780889980226,0.00010409456483198722,-12.765622290108873,-12.731520480953735
85,85,0.00010263494096789989,0.00010340015969153396,-12.793574637502388,-12.760588925683866
86,86,0.00010252342476586321,0.00010328515437370362,-12.79725452581224,-12.765421990897403
87,87,0.00010216789664856648,0.00010285774700797016,-12.813484167859304,-12.783430947325343
88,88,0.00010220877200331462,0.00010322482443083764,-12.81264532351047,-12.7679594917172
89,89,0.00010166975248607413,0.00010270250296391743,-12.835004223468216,-12.789990741303793
90,90,0.00010170924278353005,0.00010229485480139326,-12.832391301674757,-12.80726311816083
91,91,0.00010140394345201916,0.00010300459383104585,-12.846448199737651,-12.777235081145664
92,92,0.00010109722380857608,0.00010215108724016892,-12.857942182189955,-12.813371086671692
93,93,0.00010115920994178748,0.00010175277642893458,-12.85882186325306,-12.8303383382301
94,94,0.00010084283105205726,0.00010163469223219803,-12.871425646109902,-12.835381256669711
95,95,0.00010062485566355538,0.0001019310488788362,-12.879004730820867,-12.822736088918402
96,96,0.00010029790698269804,0.00010073301995075063,-12.89335096759774,-12.874082478665908
97,97,0.00010025687793272154,0.00010115146754909994,-12.896329122067492,-12.85607913968491
98,98,0.00010001855641639475,0.00010051802306215425,-12.905896845959182,-12.88336163533181
99,99,9.959415393430241e-05,0.00010064161592469502,-12.923379675435884,-12.878025007643629
100,100,9.961609342183495e-05,0.00010091293063995086,-12.926151178865037,-12.866332832312104
101,101,9.898207667667764e-05,0.00010036435292261701,-12.948917099971155,-12.890006131278781
102,102,9.908001144121391e-05,0.00010014590033709905,-12.950054701909963,-12.899469267297292
103,103,9.920906330117975e-05,0.0001000652471128361,-12.942569819604808,-12.902968298453747
104,104,9.848574947832229e-05,9.913049985985516e-05,-12.971927858452698,-12.9437280596376
105,105,9.86291671540233e-05,9.919180861049283e-05,-12.968956662194326,-12.941042930249196
106,106,9.827538331629727e-05,9.926536318074029e-05,-12.982230577327943,-12.937823661814438
107,107,9.809514974512774e-05,9.934048169892968e-05,-12.989727403016493,-12.934538405077522
108,108,9.785483431637517e-05,9.880489769305936e-05,-13.001669880599325,-12.958016292427983
109,109,9.763889724614349e-05,9.83043562308395e-05,-13.011097338312192,-12.980073385938468
110,110,9.786176410342865e-05,9.861337227783607e-05,-13.00078595596,-12.966442914450717
111,111,9.737839328530772e-05,9.795452474224333e-05,-13.024345472266665,-12.99555600208808
112,112,9.720115943394179e-05,9.774648634974208e-05,-13.029021417065138,-13.004789470981956
113,113,9.676657848722618e-05,9.842264147377328e-05,-13.050316620328694,-12.974850855722828
114,114,9.65765245485638e-05,9.75377640172251e-05,-13.0558788445026,-13.014073065701854
115,115,9.670081425676621e-05,9.75251800570588e-05,-13.05389419930419,-13.014633412465226
116,116,9.627021948468497e-05,9.768030385633832e-05,-13.074972644961708,-13.007731001439716
117,117,9.630153033061472e-05,9.717026037641947e-05,-13.071241427510035,-13.030467355902239
118,118,9.597470661620465e-05,9.70182778761036e-05,-13.085887931363228,-13.037265406426142
119,119,9.58706136161615e-05,9.700221639114286e-05,-13.090819534508661,-13.037984445343334
120,120,9.564973294528528e-05,9.677255117199628e-05,-13.10227358505623,-13.048279117381272
121,121,9.539392130202181e-05,9.646452580407066e-05,-13.11122697676954,-13.0621246829397
122,122,9.51881095894238e-05,9.625334075137384e-05,-13.121071909027354,-13.07164290160806
123,123,9.476886508619106e-05,9.577749695285762e-05,-13.139929340445683,-13.093166190407954
124,124,9.47289105526354e-05,9.568070297399045e-05,-13.140888587393047,-13.097557445992829
125,125,9.478851729768722e-05,9.580573532730341e-05,-13.141249216343684,-13.091885935331081
126,126,9.438554168566006e-05,9.539532421561154e-05,-13.158313719654373,-13.110530136915255
127,127,9.427548900124205e-05,9.500515673272802e-05,-13.162044071327854,-13.128329232923015
128,128,9.404088257387107e-05,9.507876721296558e-05,-13.174211327029653,-13.124965600027409
129,129,9.391367685688256e-05,9.473238491122366e-05,-13.180446152246827,-13.140816311387711
130,130,9.373500994190613e-05,9.487098309603568e-05,-13.186752386598625,-13.134467010927544
131,131,9.335977110541281e-05,9.452293421705498e-05,-13.205175241105849,-13.150429073477012
132,132,9.322280480379969e-05,9.42646492101056e-05,-13.21407540311759,-13.162312463393516
133,133,9.304441475026194e-05,9.389779083185683e-05,-13.219828916109982,-13.179247274736097
134,134,9.302393998050601e-05,9.36723161813509e-05,-13.222974040428682,-13.189688431405365
135,135,9.264404085565588e-05,9.417309430366578e-05,-13.236610367701125,-13.166532615157733
136,136,9.272450859629616e-05,9.35168423702156e-05,-13.234788158475306,-13.196902677604822
137,137,9.244755452040333e-05,9.401372976993259e-05,-13.249049719698899,-13.173888194327194
138,138,9.243930771001182e-05,9.324314382147829e-05,-13.250832837165214,-13.209631941184483
139,139,9.226919402075528e-05,9.265493358007486e-05,-13.256669594791203,-13.2371155298422
140,140,9.178110628182395e-05,9.287414937525203e-05,-13.278847883072306,-13.226852529240873
141,141,9.167305606095716e-05,9.241081026725863e-05,-13.28223684744726,-13.248573238540835
142,142,9.160080512675947e-05,9.24885347271093e-05,-13.287793688871943,-13.244922029715697
143,143,9.13148287134053e-05,9.188831570913623e-05,-13.301065499680382,-13.273198109674578
144,144,9.109267482495645e-05,9.210350445324653e-05,-13.310779009280937,-13.263039470375979
145,145,9.141674117646036e-05,9.179896618374379e-05,-13.296023446057868,-13.277423117361465
146,146,9.1038563978239e-05,9.19177917622667e-05,-13.315723431908298,-13.271805197599056
147,147,9.06488169572729e-05,9.147979979293028e-05,-13.333254770264082,-13.29254896587072
148,148,9.048244671070391e-05,9.157960601824973e-05,-13.341054659552105,-13.287813312215707
149,149,9.039410818416203e-05,9.186906735474048e-05,-13.346899536731831,-13.27410794567583
150,150,9.018181029289539e-05,9.121491013119292e-05,-13.353680776931121,-13.305142674694237
151,151,9.005864385753083e-05,9.07550519945002e-05,-13.359067784069511,-13.327092921211392
152,152,8.980229454350264e-05,9.101525019535697e-05,-13.374628775084279,-13.31465934777762
153,153,8.976425838743135e-05,9.080968984084106e-05,-13.375881190437092,-13.324479097002428
154,154,8.944582467725904e-05,9.050921078979675e-05,-13.390003012516104,-13.338873240448208
155,155,8.950224507794494e-05,9.067399859256846e-05,-13.388959148992585,-13.330973341400599
156,156,8.934961221440091e-05,8.965573291980515e-05,-13.396815196025788,-13.380020368679283
157,157,8.864430593657932e-05,8.969036724393893e-05,-13.430806294803572,-13.37834299782717
158,158,8.891698737513543e-05,8.983770423679074e-05,-13.417690229266368,-13.37121456862789
159,159,8.843699905219651e-05,8.978791715650771e-05,-13.44001514427207,-13.373622048654735
160,160,8.861243634211073e-05,8.94101616914237e-05,-13.430610230992087,-13.391932217833185
161,161,8.84682417891622e-05,8.925157338748441e-05,-13.438957944108232,-13.399642211621588
162,162,8.804164481824552e-05,8.890085384911417e-05,-13.460605535058626,-13.416741698767872
163,163,8.790745845751011e-05,8.916919920777313e-05,-13.467553160922186,-13.403652356149196
164,164,8.797660083257949e-05,8.917358354665339e-05,-13.464396437077369,-13.403438824190857
165,165,8.737738169225643e-05,8.87935553021778e-05,-13.490915349821453,-13.42198656524813
166,166,8.75761703805297e-05,8.847659161179571e-05,-13.483591426523471,-13.437517181179805
167,167,8.723354373624087e-05,8.786544448843128e-05,-13.501516684871122,-13.467619916957583
168,168,8.732048167844696e-05,8.785413075728636e-05,-13.496311258773432,-13.468179159262363
169,169,8.710542154863247e-05,8.762042240337713e-05,-13.510197146716493,-13.479747595444591
170,170,8.660129692403062e-05,8.756657457285512e-05,-13.531183734829275,-13.482417407336833
171,171,8.69428197980484e-05,8.775642422015632e-05,-13.515340173687902,-13.473011831684072
172,172,8.649169564902418e-05,8.739485852665414e-05,-13.536501649614634,-13.490942183791049
173,173,8.643153870655896e-05,8.72451645064805e-05,-13.543498235989755,-13.498387361789527
174,174,8.617240412595212e-05,8.698182002837329e-05,-13.552913376395,-13.511516113467628
175,175,8.630860847728231e-05,8.686899596604665e-05,-13.548320484328693,-13.517153000967168
176,176,8.584493165115644e-05,8.698987374756191e-05,-13.567397501377595,-13.511114015203365
177,177,8.565862318044816e-05,8.651167024110787e-05,-13.579806378978676,-13.535054052300142
178,178,8.584982439510754e-05,8.604252683366404e-05,-13.572604540886026,-13.558669461088735
179,179,8.558672224231468e-05,8.613974626457907e-05,-13.58314396395166,-13.553765138929744
180,180,8.539048696510475e-05,8.580487146422169e-05,-13.593533805387203,-13.570681569781096
181,181,8.509848433361898e-05,8.64082103362307e-05,-13.605015846647175,-13.540250918154769
182,182,8.518225513398647e-05,8.60429982391284e-05,-13.60463486722024,-13.558645667246479
183,183,8.466788498593552e-05,8.539915334519097e-05,-13.628220131928332,-13.5912653697641
184,184,8.482591833525635e-05,8.576558473961133e-05,-13.621222191755004,-13.572670491229001
185,185,8.461402459718171e-05,8.538582455673207e-05,-13.632650742367748,-13.591943253657758
186,186,8.445326448898264e-05,8.493181552407087e-05,-13.63990719348217,-13.615096942794054
187,187,8.42019749658912e-05,8.502838892653879e-05,-13.655590365178675,-13.610161516828923
188,188,8.410985759200201e-05,8.501716633633662e-05,-13.65704769093832,-13.610734764273937
189,189,8.412417547642878e-05,8.46627448673213e-05,-13.657493856757029,-13.6288775734047
190,190,8.35623729856416e-05,8.489150748477856e-05,-13.684475934696431,-13.617158562960183
191,191,8.352145142481211e-05,8.446989407897682e-05,-13.6912535774375,-13.638781524531778
192,192,8.363942290145001e-05,8.387085797853375e-05,-13.683195029964443,-13.669690162852087
193,193,8.312729697376874e-05,8.402029619135551e-05,-13.710476348111126,-13.66195893857477
194,194,8.328840865323935e-05,8.430087128592851e-05,-13.702163740397719,-13.647480387835472
195,195,8.30234008746404e-05,8.398601877208995e-05,-13.714202898422293,-13.66373107365799
