,epoch,train_loss,test_loss,train_dbs,test_dbs
0,0,0.0002519107832076489,0.00023647378149785494,-8.895942462392263,-9.167971057399175
1,1,0.00022080516008799416,0.0002100401922545739,-9.471552319133092,-9.682776949177647
2,2,0.00019887042773129016,0.00019364122923243006,-9.921869145543129,-10.035822711783219
3,3,0.0001852272509551636,0.0001823577790913221,-10.229953003966997,-10.296558076993437
4,4,0.00017529522916710137,0.0001736799834026514,-10.469668769716801,-10.508303331086399
5,5,0.00016722217989490205,0.0001663200796189669,-10.675527940456124,-10.696354178283363
6,6,0.00016038147921640348,0.0001602629865948601,-10.855955553831267,-10.857468702394879
7,7,0.00015463267909674954,0.00015424757868076036,-11.011474782120674,-11.02361746681767
8,8,0.0001495428330543422,0.00014980278195396654,-11.15808802052042,-11.150602234285525
9,9,0.0001451961411710483,0.00014552154569077844,-11.287333072805033,-11.276528030133182
10,10,0.00014136390352187218,0.0001414127833222186,-11.405695055295768,-11.40091431804153
11,11,0.00013791718488719948,0.00013824956764246484,-11.511927749546789,-11.499163202732275
12,12,0.00013468770811948734,0.00013522635823679403,-11.613040912047019,-11.595187497881396
13,13,0.00013222059396398014,0.0001325521523923319,-11.697593738818735,-11.681933178180937
14,14,0.00012942789818253848,0.00013025859286579746,-11.788285581700926,-11.757737197078605
15,15,0.0001271283702586403,0.00012760822880265646,-11.866470755668031,-11.847014213323611
16,16,0.00012524081253057788,0.00012604451330844313,-11.9308198707655,-11.900561563775307
17,17,0.00012320329754111675,0.00012345765495219414,-11.998854181473504,-11.990620786600843
18,18,0.00012100200667154025,0.00012172792661371396,-12.07767394316463,-12.05189877290964
19,19,0.00011953004646671878,0.00012039627127753767,-12.133145994853365,-12.09967065202771
20,20,0.00011773727803920712,0.00011834571839579822,-12.197551806119119,-12.17427551749603
21,21,0.00011631826820336858,0.00011710763187454034,-12.250395119733898,-12.219949031971879
22,22,0.00011506139288161948,0.00011581062924386443,-12.299172452062104,-12.26831680743141
23,23,0.0001137059234585565,0.00011378867049260359,-12.348912375946234,-12.344810788994078
24,24,0.00011234179347064634,0.00011238224128886174,-12.402457489750123,-12.398824128799573
25,25,0.00011126596505211225,0.00011174714286186684,-12.443691052535117,-12.423436740981836
26,26,0.00011013651095071481,0.00011054906415091337,-12.487428056534073,-12.470250316264666
27,27,0.00010848968248087048,0.00010938970234220553,-12.549000682553423,-12.516036614669932
28,28,0.00010799046057653278,0.00010851048328301036,-12.573455537351883,-12.551084043101707
29,29,0.00010699695721808725,0.00010731126033198579,-12.616503971053273,-12.599348065222177
30,30,0.00010607830216068793,0.00010644660314459256,-12.652061679908382,-12.634482949827914
31,31,0.00010487638949776625,0.0001051568485165358,-12.701268865624463,-12.687425399509806
32,32,0.00010418630099780953,0.00010462410826125721,-12.72761445027593,-12.709483326413991
33,33,0.0001033436724965307,0.0001039047607551574,-12.765571778048274,-12.739446553392408
34,34,0.000102516491303326,0.00010323154779861828,-12.79861154749586,-12.767676630839963
35,35,0.00010173629884447269,0.00010213395810416459,-12.831387762667957,-12.81409939150197
36,36,0.00010100635617416948,0.00010140594608138169,-12.86344909679996,-12.845166808361355
37,37,0.00010027494443551704,0.00010129032498777011,-12.896100452637114,-12.850121374928204
38,38,9.982557889294916e-05,9.970020083097839e-05,-12.91509779077629,-12.918840689195024
39,39,9.921012521594206e-05,9.991074483351488e-05,-12.94223973217923,-12.909679054084817
40,40,9.851532737117203e-05,9.902033726623478e-05,-12.973716115785415,-12.948557008346025
41,41,9.811127229207243e-05,9.88164683803916e-05,-12.991015187400459,-12.957507735507665
42,42,9.756064867257553e-05,9.832805325889862e-05,-13.014223912855163,-12.979026611543533
43,43,9.711136759112388e-05,9.7437101526578e-05,-13.032754472644747,-13.018557455829269
44,44,9.644036820355188e-05,9.756221200069903e-05,-13.06256333647115,-13.012984636621677
45,45,9.634910099155549e-05,9.684069357861422e-05,-13.069288065789133,-13.045222108297228
46,46,9.5881971536017e-05,9.635301141411458e-05,-13.090034098018213,-13.067148094223658
47,47,9.549814766961793e-05,9.628072477521767e-05,-13.107089575488686,-13.070407511860761
48,48,9.530690114899567e-05,9.548613505964903e-05,-13.117267797780077,-13.106397870577013
49,49,9.48799043004497e-05,9.539738331161636e-05,-13.13761069358671,-13.110436396012448
50,50,9.445634612948009e-05,9.452346459607055e-05,-13.155971677746287,-13.150404704784329
51,51,9.400381832071532e-05,9.457066181838807e-05,-13.174695302430697,-13.148236737536699
52,52,9.386101137539467e-05,9.378293218201419e-05,-13.181696480174622,-13.184562949489688
53,53,9.349443895451859e-05,9.41330788344586e-05,-13.198794951525961,-13.168378385526216
54,54,9.334293296428627e-05,9.349731140230831e-05,-13.20798326510049,-13.197809795215774
55,55,9.291575346670124e-05,9.35751001969421e-05,-13.226972076941648,-13.19419801238562
56,56,9.257692742262266e-05,9.337496311146472e-05,-13.243712691782463,-13.203496588006638
57,57,9.224760572944489e-05,9.215002309678024e-05,-13.25801696814529,-13.260846536445193
58,58,9.212510268139106e-05,9.25006480477015e-05,-13.265912036762856,-13.244353266913533
59,59,9.190834245282062e-05,9.204324075988935e-05,-13.275801647088754,-13.265882006679098
60,60,9.157153499941582e-05,9.190070743084346e-05,-13.28977707842171,-13.272612475530064
61,61,9.135136092153676e-05,9.205308895999271e-05,-13.301066367734995,-13.26541735657204
62,62,9.106766030770851e-05,9.166319796349853e-05,-13.314012616011254,-13.283850971290711
63,63,9.092334746419135e-05,9.153325204112519e-05,-13.319891042221679,-13.290012095755305
64,64,9.061305810092497e-05,9.097966004015976e-05,-13.335044394788945,-13.316357923654195
65,65,9.042888741157757e-05,9.07808364565043e-05,-13.344668812760805,-13.325859220289985
66,66,9.013507276660638e-05,9.089524131635891e-05,-13.35809215033828,-13.32038955069844
67,67,8.99688027332268e-05,9.069418822611241e-05,-13.36602928934127,-13.330006441236923
68,68,8.959351874079036e-05,9.044632660286305e-05,-13.383046190829637,-13.341891689828334
69,69,8.941408665010648e-05,9.000043677300902e-05,-13.392449801705947,-13.363354849727498
70,70,8.927259320265988e-05,8.930279153374661e-05,-13.401621245403476,-13.397150672541612
71,71,8.91552859384413e-05,8.990512057942779e-05,-13.405179065865752,-13.367956742119347
72,72,8.884846585677918e-05,8.919746706899452e-05,-13.422829590071572,-13.402275801156867
73,73,8.84145759010073e-05,8.898271488234106e-05,-13.441040609411175,-13.41274450017594
74,74,8.854373412497207e-05,8.898855211507333e-05,-13.436391637427024,-13.41245961396831
75,75,8.800810482893044e-05,8.912321017736471e-05,-13.462949147773198,-13.405892808521376
76,76,8.802217788113397e-05,8.884687543430023e-05,-13.46036052467824,-13.419379429051201
77,77,8.789626293402817e-05,8.851336659924862e-05,-13.470211246599991,-13.435712426320928
78,78,8.7914181217316e-05,8.829643966715881e-05,-13.468644244865015,-13.446369099595199
79,79,8.72713522373497e-05,8.803750403642066e-05,-13.49689105580511,-13.459123807402989
80,80,8.713199087051368e-05,8.776402644702772e-05,-13.505203139465713,-13.472635624219933
81,81,8.718039181573105e-05,8.749548387162289e-05,-13.501544575914208,-13.485944648045788
82,82,8.705749616600554e-05,8.784561597215208e-05,-13.511797522238142,-13.468600096033205
83,83,8.683414466993538e-05,8.71481564612814e-05,-13.520883283102032,-13.503218976078626
84,84,8.666597898706275e-05,8.729259417649653e-05,-13.529728306389314,-13.4960270192907
85,85,8.619263961421537e-05,8.673763008310313e-05,-13.551825196046142,-13.523725502289247
86,86,8.616400001985837e-05,8.648070797789842e-05,-13.552227056652415,-13.536608657230268
87,87,8.586652076757542e-05,8.631999241371982e-05,-13.56839003307078,-13.544687085459554
88,88,8.588723129336002e-05,8.654681503111006e-05,-13.568240999808205,-13.533290118153667
89,89,8.551164178571366e-05,8.593558672337646e-05,-13.586669438435957,-13.564070556009183
90,90,8.544763848701608e-05,8.577530695076443e-05,-13.588994865638302,-13.572178211794215
91,91,8.527567745462424e-05,8.660545273941305e-05,-13.598744861268464,-13.530348656924328
92,92,8.497283274617487e-05,8.562064996160763e-05,-13.612533513778448,-13.58001581735013
93,93,8.50736023588154e-05,8.530283383534927e-05,-13.610927921794616,-13.596166429998284
94,94,8.478120247504587e-05,8.53979688958804e-05,-13.624880221349382,-13.591325604947567
95,95,8.459371394902641e-05,8.558350849565805e-05,-13.63267651136747,-13.5819001563884
96,96,8.43898578188094e-05,8.458542939287757e-05,-13.643367118348205,-13.632845437329863
97,97,8.431640320119073e-05,8.483846843438714e-05,-13.64835016492476,-13.619872823365327
98,98,8.419435703826915e-05,8.425424503481114e-05,-13.653872818732575,-13.649883106249558
99,99,8.370835119834381e-05,8.444126165398445e-05,-13.678030263903512,-13.640253884867343
100,100,8.378974066029504e-05,8.463892606270842e-05,-13.677537779514783,-13.630099578529675
101,101,8.33269972570202e-05,8.425773021850833e-05,-13.696625391883554,-13.649703463699401
102,102,8.333478118148968e-05,8.398098227764039e-05,-13.701652188583262,-13.663991520261735
103,103,8.354174699598309e-05,8.403947944507788e-05,-13.689047783104925,-13.66096748404721
104,104,8.282173645788247e-05,8.326746894071173e-05,-13.724218483215505,-13.701047383284756
105,105,8.300241408749608e-05,8.320490451296791e-05,-13.718103082647609,-13.704311755198022
106,106,8.26161537504246e-05,8.317707665570963e-05,-13.736028319187373,-13.705764494837045
107,107,8.253966798386584e-05,8.332478357356434e-05,-13.739575571928995,-13.69805907747982
108,108,8.236788022427906e-05,8.286706303662963e-05,-13.749913846506455,-13.721981551431137
109,109,8.213596920165972e-05,8.234011252888625e-05,-13.76199213424939,-13.749686458686543
110,110,8.252122298125465e-05,8.270392649329121e-05,-13.741259802115081,-13.73053973226908
111,111,8.203192990868516e-05,8.218531576475423e-05,-13.769142227469803,-13.75785873953256
112,112,8.187920643321536e-05,8.202739110473838e-05,-13.773999621478376,-13.766212030925589
113,113,8.137901232592263e-05,8.273058368726389e-05,-13.802446327503503,-13.7291401364613
114,114,8.145479562502719e-05,8.181833101461004e-05,-13.795427987100217,-13.777294858310672
115,115,8.14822202094725e-05,8.19225832329769e-05,-13.797566969005185,-13.771764637658261
116,116,8.102673172354266e-05,8.213376560505774e-05,-13.823609047988414,-13.760583675729288
117,117,8.111269202457799e-05,8.160540815687885e-05,-13.816685160093297,-13.788611607636863
118,118,8.089921820354312e-05,8.163082154504464e-05,-13.828012616551863,-13.787259347252487
119,119,8.077406903222377e-05,8.17199876397162e-05,-13.834954992922073,-13.782518097799477
120,120,8.061733597903945e-05,8.139134756914388e-05,-13.844826776380746,-13.800018630442715
121,121,8.043605226965756e-05,8.097609794563858e-05,-13.851926514615831,-13.82223256781321
122,122,8.020163659239188e-05,8.065488394717441e-05,-13.865066622595377,-13.839494314176745
123,123,7.977381756063551e-05,8.060559201495428e-05,-13.887982381373924,-13.842149300118532
124,124,7.98455800305447e-05,8.027824170360538e-05,-13.88320521258731,-13.859822502798071
125,125,7.983948427826147e-05,8.041164179111977e-05,-13.886629286567093,-13.852611727117337
126,126,7.952533078142297e-05,8.027403160476272e-05,-13.902313603705528,-13.860050269451058
127,127,7.94301149372333e-05,8.007751105316474e-05,-13.906180098913016,-13.87069535991364
128,128,7.933291733221718e-05,8.024326043117693e-05,-13.912844040136857,-13.861715354985982
129,129,7.91732263022232e-05,7.942170027251307e-05,-13.921951166010738,-13.906409217792069
130,130,7.904716534840096e-05,7.961886378899707e-05,-13.926907678098576,-13.895641264142903
131,131,7.874204731575147e-05,7.969039257946669e-05,-13.944705999870342,-13.891741357534361
132,132,7.866202483371322e-05,7.930131495844475e-05,-13.951645844044883,-13.912997132915963
133,133,7.850441619028942e-05,7.878666924386237e-05,-13.957791118761653,-13.941273612584002
134,134,7.847591408902837e-05,7.87875906098634e-05,-13.961557508519844,-13.941222824571998
135,135,7.818818570759157e-05,7.907740731944184e-05,-13.973373903902115,-13.925276802237914
136,136,7.821027416473054e-05,7.87580938776955e-05,-13.974095479607623,-13.942849053586908
137,137,7.794525682237287e-05,7.925414683995768e-05,-13.990107070455593,-13.915581068398556
138,138,7.798798829641135e-05,7.863676230619221e-05,-13.989122502074485,-13.9495447796989
139,139,7.79369909594738e-05,7.801359415201372e-05,-13.989800522427645,-13.984098153776225
140,140,7.744577110831425e-05,7.825974209577238e-05,-14.016403681709628,-13.97041689698871
141,141,7.741667631654712e-05,7.777681304632049e-05,-14.016308721239742,-13.997299583652719
142,142,7.741555923202373e-05,7.783904929008139e-05,-14.018504044307424,-13.993825791421644
143,143,7.70421999929108e-05,7.723960497012166e-05,-14.039191829074586,-14.027400580707624
144,144,7.690792669573337e-05,7.756382776853188e-05,-14.045902520295343,-14.00920868720049
145,145,7.72288553842785e-05,7.72417081048173e-05,-14.02848481938484,-14.027282329538615
146,146,7.69074723609368e-05,7.73763022152707e-05,-14.048292037547723,-14.019721309433626
147,147,7.655459936809025e-05,7.712252562142614e-05,-14.067163295417277,-14.03398858576286
148,148,7.646534024538549e-05,7.712207834150544e-05,-14.072051763327762,-14.034013773185492
149,149,7.639988415548098e-05,7.748888578805093e-05,-14.077373780442299,-14.013406858309352
150,150,7.618134848073787e-05,7.686331963142086e-05,-14.086383708885531,-14.04860964879319
151,151,7.607144694121257e-05,7.663489094212357e-05,-14.092105043164933,-14.061535583516845
152,152,7.582057226021995e-05,7.671058234623878e-05,-14.109632530344678,-14.057248223596853
153,153,7.589031790218738e-05,7.665681033885401e-05,-14.105051941581298,-14.060293575889293
154,154,7.55428077026568e-05,7.624598143401702e-05,-14.123672515698647,-14.083631430439086
155,155,7.564892686937081e-05,7.662653699394708e-05,-14.11927072567022,-14.06200903253107
156,156,7.548880543272952e-05,7.571847450698872e-05,-14.128916386065233,-14.113782463629382
157,157,7.489591461279881e-05,7.558913861621956e-05,-14.162733447707161,-14.121207057302371
158,158,7.527589489833077e-05,7.575689615853327e-05,-14.140978355177516,-14.111579292046311
159,159,7.481534268344589e-05,7.564241662437685e-05,-14.16644842079739,-14.118147068152629
160,160,7.487706283165007e-05,7.539894278651398e-05,-14.162069002756958,-14.132148456417411
161,161,7.478739708042751e-05,7.53579523389865e-05,-14.168547724429176,-14.134510129572831
162,162,7.451668918911684e-05,7.498905248020922e-05,-14.184951503233943,-14.155822359204409
163,163,7.444519487950115e-05,7.516971718838536e-05,-14.189443690612356,-14.145371857529568
164,164,7.444430124938738e-05,7.530329764305957e-05,-14.189753638719058,-14.137661070361549
165,165,7.384221508172485e-05,7.516038902777884e-05,-14.221858457340764,-14.145910827238948
166,166,7.405624330072597e-05,7.4595053248279e-05,-14.211834151215205,-14.178700737516179
167,167,7.381148312448466e-05,7.408621872615952e-05,-14.227112520324642,-14.208426725862983
168,168,7.387387412348187e-05,7.400134851004144e-05,-14.222563735178007,-14.21340468198197
169,169,7.36481752684676e-05,7.386132117397593e-05,-14.239029104552612,-14.221630303456063
170,170,7.329565298427904e-05,7.40299748079116e-05,-14.255645511731739,-14.211725004589557
171,171,7.355887635302556e-05,7.395427574489364e-05,-14.241326522718769,-14.21616813797688
172,172,7.321676022592769e-05,7.376300843469308e-05,-14.260140685516966,-14.227414808841681
173,173,7.325998924044921e-05,7.348802625385456e-05,-14.261552176965145,-14.243635188255016
174,174,7.297001157547635e-05,7.347775566526444e-05,-14.275151319999182,-14.244242194852008
175,175,7.310179529499176e-05,7.359917225058828e-05,-14.26958120269514,-14.237071720768334
176,176,7.271348257529905e-05,7.340294886441705e-05,-14.288394638656905,-14.248665945913103
177,177,7.260271785966812e-05,7.286625508353801e-05,-14.29798848774504,-14.280536522526297
178,178,7.270973504457344e-05,7.281105717993341e-05,-14.294073031709793,-14.283827652177559
179,179,7.247737242501786e-05,7.279879431926499e-05,-14.305183505365818,-14.284559153882752
180,180,7.248229281010692e-05,7.233325519145613e-05,-14.305309480081206,-14.312420920933802
181,181,7.215057496406311e-05,7.321258415590579e-05,-14.321836134023972,-14.259943658064156
182,182,7.220965386464347e-05,7.27117091484711e-05,-14.322173570019308,-14.28975748840096
183,183,7.170394120603493e-05,7.207489742493061e-05,-14.349976970575753,-14.327960690682255
184,184,7.191055713697893e-05,7.250797314459066e-05,-14.338581357178064,-14.301943368290653
185,185,7.175254842840116e-05,7.21020331088527e-05,-14.34870096166332,-14.326325910709404
186,186,7.178683191557059e-05,7.174421549088468e-05,-14.345623734209719,-14.347932110251238
187,187,7.147496644486721e-05,7.170366428143002e-05,-14.367273544150684,-14.350387520118257
188,188,7.133444553792007e-05,7.186660131035176e-05,-14.372523768121138,-14.340529952097864
189,189,7.145767576918101e-05,7.157678077132197e-05,-14.366213200488758,-14.358079403357298
190,190,7.09703629197356e-05,7.193053725610585e-05,-14.393813318732896,-14.336667979524158
191,191,7.089940504322174e-05,7.151892790907847e-05,-14.40280799790842,-14.361591064249897
192,192,7.10052776899904e-05,7.087780632948699e-05,-14.39439900371979,-14.400698343945688
193,193,7.05488093876035e-05,7.099377245666754e-05,-14.423016049051448,-14.393598477887972
194,194,7.077104016117147e-05,7.127971931415806e-05,-14.40945359654432,-14.37614121188658
195,195,7.04921814346009e-05,7.107963296891142e-05,-14.424798588347862,-14.388349254627812
196,196,7.037038032893216e-05,7.108884375683326e-05,-14.43388907463627,-14.387786514635634
197,197,7.040023309545898e-05,7.067111207441868e-05,-14.432096738720674,-14.413381766642475
198,198,7.02140258505734e-05,7.041501234389695e-05,-14.445812422413738,-14.429148422987922
199,199,7.021388693228989e-05,7.084478075787621e-05,-14.44481135197546,-14.402722414217992
200,200,6.985424242322045e-05,7.047935191382606e-05,-14.465389796654286,-14.42518200143831
201,201,6.980130068037284e-05,6.995490414402938e-05,-14.46761682445803,-14.457619362192789
202,202,6.974848682935753e-05,7.03487377521876e-05,-14.472304600818564,-14.433237926368852
203,203,6.962581744691184e-05,6.970435864978323e-05,-14.479333215851351,-14.473201664457685
204,204,6.949518831685598e-05,6.969728986548848e-05,-14.486943123176761,-14.473642108892637
205,205,6.940390306498529e-05,6.996332089520844e-05,-14.494172898370707,-14.45709686434149
206,206,6.928855929668926e-05,6.922772311219505e-05,-14.498533306267378,-14.503000540764504
207,207,6.912444823495948e-05,6.944122689769996e-05,-14.510487310822064,-14.489627166382867
208,208,6.911563862549602e-05,6.950828231454484e-05,-14.512584389897007,-14.485435456754917
209,209,6.895771111510502e-05,6.93435308915612e-05,-14.52209169514206,-14.495741504016795
210,210,6.9055829916363e-05,6.968888651738923e-05,-14.515278702571795,-14.474165765945028
211,211,6.865505456892035e-05,6.992299619780265e-05,-14.541133860157881,-14.459600725250372
212,212,6.875183965714369e-05,6.902084887291207e-05,-14.531729898373666,-14.51599805767743
213,213,6.854270223183702e-05,6.917100338461368e-05,-14.549488656253695,-14.506560265150165
