,epoch,train_loss,test_loss,train_dbs,test_dbs
0,0,0.0001616962315555489,0.00014686135967311107,-10.819857238164692,-11.246705416485206
1,1,0.0001342080346129825,0.0001258734566937691,-11.628055254542211,-11.91643927520814
2,2,0.00011753621287631908,0.00011235355946394663,-12.2067762048498,-12.409912505067286
3,3,0.0001066125018435732,0.00010340024738597047,-12.626908031464993,-12.770565085154551
4,4,9.914861974599243e-05,9.672125950026767e-05,-12.943067626913871,-13.060561430734207
5,5,9.355171064224535e-05,9.148137178272009e-05,-13.198963400883075,-13.302454180057538
6,6,8.881979903383853e-05,8.788694800674229e-05,-13.421337410491809,-13.476537030576532
7,7,8.534971909950363e-05,8.439231207471733e-05,-13.596107943883531,-13.652752010245045
8,8,8.217321820413098e-05,8.187489775560894e-05,-13.759365303577379,-13.78427315669426
9,9,7.983444556509884e-05,7.951370858599578e-05,-13.886102275292664,-13.91136076539186
10,10,7.773671610060042e-05,7.793782118058421e-05,-14.001374961390376,-13.998298257805523
11,11,7.616570813475733e-05,7.631160061512339e-05,-14.090598986572099,-14.089875234689202
12,12,7.481615800325297e-05,7.474673781727783e-05,-14.168064520449288,-14.179858428948764
13,13,7.32527235216826e-05,7.370127270022701e-05,-14.260642261899342,-14.24103098849903
14,14,7.198200137750486e-05,7.258826218802776e-05,-14.335783661401802,-14.307116871030212
15,15,7.12018614630671e-05,7.159938142745217e-05,-14.381414537638065,-14.36668816028449
16,16,7.02003544762361e-05,7.027503383333648e-05,-14.445273689892373,-14.447770229608285
17,17,6.93030142991626e-05,6.987451342865825e-05,-14.49743312616572,-14.472592896335165
18,18,6.854961817956904e-05,6.893119050226615e-05,-14.54702554657982,-14.53162307121355
19,19,6.78505592114777e-05,6.807465500682348e-05,-14.591636914178764,-14.585926372561811
20,20,6.715503140813526e-05,6.727598922321034e-05,-14.635758397493444,-14.637179939980047
21,21,6.656806576803817e-05,6.704375252746486e-05,-14.673641650752218,-14.652197719890223
22,22,6.604990818400954e-05,6.67496071975237e-05,-14.709365416873137,-14.6712937198338
23,23,6.561974449366447e-05,6.619153665317419e-05,-14.7374073510721,-14.707756228669773
24,24,6.514904468071877e-05,6.591341355631717e-05,-14.767481790131331,-14.726042826487916
25,25,6.464717211501826e-05,6.527736408507305e-05,-14.802538847474835,-14.768154771387362
26,26,6.435575013495406e-05,6.489004667137603e-05,-14.821397631981634,-14.793999998079752
27,27,6.393045586048981e-05,6.449172379736985e-05,-14.850521844437987,-14.820741009910696
28,28,6.348582306581539e-05,6.419572252381936e-05,-14.879440054045004,-14.840719951155608
29,29,6.33688324932777e-05,6.386340101016685e-05,-14.889034217591274,-14.863260433956803
30,30,6.293603786916625e-05,6.369614646629136e-05,-14.918735634964149,-14.87464927446965
31,31,6.266876678018514e-05,6.313396864386864e-05,-14.936661695806407,-14.913149960982476
32,32,6.216243892810883e-05,6.284103782443133e-05,-14.971710628953987,-14.933347374949044
33,33,6.192629603601839e-05,6.277332929465429e-05,-14.986662829878847,-14.938029234895831
34,34,6.189709326754007e-05,6.248183069003157e-05,-14.989860804370721,-14.958243406357727
35,35,6.153742284255976e-05,6.22934381489789e-05,-15.016790180349355,-14.97135784865781
36,36,6.126439868389705e-05,6.191544602379988e-05,-15.036250991802333,-14.997790805048737
37,37,6.085232684968433e-05,6.185252067026388e-05,-15.0629307404186,-15.00220683237747
38,38,6.088844099029246e-05,6.129179727347371e-05,-15.06235611590996,-15.041757298720146
39,39,6.03827108918886e-05,6.112384328030442e-05,-15.098421210839398,-15.053674327930622
40,40,6.030466484497589e-05,6.0898220430030246e-05,-15.104844070429824,-15.069734844784024
41,41,6.003220618574054e-05,6.062032958939917e-05,-15.124060232755994,-15.089597930546162
42,42,5.9889239431886944e-05,6.0621833989372185e-05,-15.133057106471142,-15.089490154078371
43,43,5.954729323965478e-05,6.046799324777614e-05,-15.160470806498187,-15.100525304204266
44,44,5.9462554849439405e-05,6.021065239206349e-05,-15.164704161241287,-15.119047534449399
45,45,5.9221763783086515e-05,5.980128174231044e-05,-15.182935519177555,-15.148675938503667
46,46,5.916164817106094e-05,6.006633338984102e-05,-15.187830096037942,-15.129469640718678
47,47,5.8802435981390574e-05,5.9175419186143894e-05,-15.211901659680176,-15.194367432656602
48,48,5.877155899256228e-05,5.9385636727950585e-05,-15.214972087120081,-15.178966690250181
49,49,5.845377974352588e-05,5.8956992066477575e-05,-15.23918207734705,-15.210427682315126
50,50,5.829352486432175e-05,5.8926563054372215e-05,-15.253021380114088,-15.212669751164693
51,51,5.8115429074513084e-05,5.8704740360170894e-05,-15.26513754093046,-15.229049147371017
52,52,5.798443108341013e-05,5.864435240111657e-05,-15.27386774742576,-15.23351891515338
53,53,5.76747966313389e-05,5.840080656956783e-05,-15.298662726580377,-15.251592411624868
54,54,5.746798004898646e-05,5.813916906941143e-05,-15.312390618729793,-15.271092658275451
55,55,5.736230130273772e-05,5.7866931264901434e-05,-15.322097415835874,-15.291476343782955
56,56,5.7091314899771155e-05,5.801841038383396e-05,-15.34099161958077,-15.280122607062093
57,57,5.712635718680889e-05,5.749469097568899e-05,-15.338874986941082,-15.319503422714785
58,58,5.69744093134188e-05,5.753270211004603e-05,-15.34841506012506,-15.316633145286044
59,59,5.6657963927436775e-05,5.763359800575448e-05,-15.372121898772747,-15.309023533460449
60,60,5.660019541182075e-05,5.6869812588526035e-05,-15.37955223777603,-15.366962892679396
61,61,5.6464444120119316e-05,5.691735580177536e-05,-15.390117697588309,-15.363333703789335
62,62,5.612347511899869e-05,5.674844425428953e-05,-15.414882108651803,-15.376241263840853
63,63,5.5989448041727134e-05,5.6734982200922736e-05,-15.424525869174506,-15.377271633772803
64,64,5.58432692901313e-05,5.638134519502177e-05,-15.439096030332175,-15.404426528943397
65,65,5.5476646275096334e-05,5.618602919735407e-05,-15.465467835822828,-15.419497457904193
66,66,5.554569961344727e-05,5.606928741479734e-05,-15.460809206765234,-15.428530496477341
67,67,5.541827839309561e-05,5.635740806036139e-05,-15.471750395974569,-15.40627075115654
68,68,5.511452794043808e-05,5.583979643568838e-05,-15.493960625673642,-15.446342599329988
69,69,5.515399265952754e-05,5.544043692919475e-05,-15.490278412830465,-15.477514420114378
70,70,5.4733995357216285e-05,5.555525709305106e-05,-15.52417362792998,-15.468529246085708
71,71,5.4566254417745625e-05,5.551395741732497e-05,-15.539183297791743,-15.471758983898827
72,72,5.455181760516632e-05,5.514819943192905e-05,-15.537971483867159,-15.500467488724663
73,73,5.446894141004095e-05,5.4922805199902014e-05,-15.545832576717881,-15.518253754666118
74,74,5.43264374670995e-05,5.479255636792483e-05,-15.556633035966241,-15.528565232433184
75,75,5.3962527671660845e-05,5.4607069614576176e-05,-15.587843285625135,-15.543292147614796
76,76,5.408664616982971e-05,5.4519715616295704e-05,-15.576310754141975,-15.550245045099715
77,77,5.3839753800463026e-05,5.421208180977326e-05,-15.59552056503173,-15.574820012915554
78,78,5.369091144830142e-05,5.433343367736885e-05,-15.607455573441245,-15.565109345793804
79,79,5.341848526834078e-05,5.4223751296950995e-05,-15.630175749790974,-15.573885267681934
80,80,5.3351895591740964e-05,5.3550928752979655e-05,-15.636804079563769,-15.628110789695775
81,81,5.3125892609199415e-05,5.369689020689724e-05,-15.652155882712265,-15.616289515611136
82,82,5.301086268220913e-05,5.361300415978277e-05,-15.660915861528963,-15.62307943093187
83,83,5.287843530297942e-05,5.357455838269456e-05,-15.674972366611101,-15.626194865066552
84,84,5.2745268288903786e-05,5.3376142252665504e-05,-15.685582627016089,-15.642309042672103
85,85,5.2523875975688516e-05,5.3293750457477905e-05,-15.702381629179749,-15.649018022724652
86,86,5.237808480010291e-05,5.287480005216295e-05,-15.714110834622982,-15.683293482408649
87,87,5.224094185024049e-05,5.291319815258152e-05,-15.727162958167085,-15.68014074596544
88,88,5.208374351081822e-05,5.271439084409442e-05,-15.74379547664947,-15.696488940563572
89,89,5.1885327734125146e-05,5.2430313716238166e-05,-15.755268127919276,-15.719956300098355
90,90,5.1967498873955735e-05,5.2451999324962106e-05,-15.74995800829437,-15.718160393797923
91,91,5.182555139175203e-05,5.2279494411777705e-05,-15.764263157931515,-15.732467074047547
92,92,5.1565664387116034e-05,5.213675850475403e-05,-15.78486803397385,-15.744340600183715
93,93,5.1471130832724905e-05,5.189250977740525e-05,-15.7928755460118,-15.764734105044106
94,94,5.129613325068218e-05,5.164670782457841e-05,-15.80573045143539,-15.785354433219386
95,95,5.118090503509444e-05,5.1681255028693397e-05,-15.81643651700017,-15.782450347963646
96,96,5.108390373091415e-05,5.1356027956659856e-05,-15.822278195817738,-15.809866597252554
97,97,5.0849036194177674e-05,5.14909169348692e-05,-15.843410748182631,-15.798474606453475
98,98,5.0865718689819166e-05,5.1121242761023734e-05,-15.84384063374769,-15.829766833196423
99,99,5.076367570958628e-05,5.1008947737404686e-05,-15.852871698808155,-15.839317217567253
100,100,5.0635015663688464e-05,5.1157666013367766e-05,-15.864112637493191,-15.826673640598997
101,101,5.036758450363983e-05,5.1004043359027585e-05,-15.885488854547615,-15.839734800552534
102,102,5.037366585402759e-05,5.077978532522378e-05,-15.885009347405429,-15.858872257938545
103,103,4.9882941705609204e-05,5.063201713614705e-05,-15.92899778320703,-15.871528566766004
104,104,4.991195458659576e-05,5.0781657735474017e-05,-15.924513671899906,-15.858712122868559
105,105,4.977628974377216e-05,5.03794437559248e-05,-15.936055708879408,-15.893247182246395
106,106,4.984514426845654e-05,5.024378333473578e-05,-15.932787864346555,-15.904957521843944
107,107,4.9736833388283465e-05,4.991294266993033e-05,-15.939958765924342,-15.933649114198705
108,108,4.9623647616508884e-05,5.014109180927718e-05,-15.951505379964123,-15.913842999529317
109,109,4.941161443508163e-05,4.967663660768027e-05,-15.968366669238407,-15.954259023834258
110,110,4.9213083780769104e-05,5.0144382839789614e-05,-15.987819199077007,-15.913557957972335
111,111,4.899752536037284e-05,4.949232511295888e-05,-16.004669276175438,-15.970402292027408
112,112,4.912038035474756e-05,4.954404587471416e-05,-15.997132796049831,-15.965866171964
113,113,4.8855163223595005e-05,4.936356057633499e-05,-16.018599285221867,-15.981716086640015
114,114,4.8500350250420883e-05,4.905872763054887e-05,-16.050040836690158,-16.008618060163457
115,115,4.874318769860523e-05,4.9290978878209566e-05,-16.02730878087078,-15.988106433570765
116,116,4.850185731127042e-05,4.901196409359967e-05,-16.048852507709963,-16.012759796544326
117,117,4.8149643448924347e-05,4.911520725152897e-05,-16.083305132777824,-16.003621053479915
118,118,4.829583519598056e-05,4.921270067968994e-05,-16.067919976844813,-15.995008875586972
119,119,4.7966163356718846e-05,4.867507672507169e-05,-16.094476029199893,-16.04271441569812
120,120,4.801061638233674e-05,4.815598157093566e-05,-16.094547802350185,-16.0892784674879
121,121,4.7840778129331324e-05,4.805212225427998e-05,-16.10924064755259,-16.098655129919884
122,122,4.764133978055397e-05,4.850419932872204e-05,-16.12678335327714,-16.057987463577085
123,123,4.780464002306899e-05,4.788700990550416e-05,-16.111727983697016,-16.1136036605454
124,124,4.747683311675762e-05,4.850469754034604e-05,-16.14312996543451,-16.057942855182162
125,125,4.746086561521899e-05,4.8087862715443696e-05,-16.14323350218224,-16.09542611219453
126,126,4.741902563351293e-05,4.778502855180321e-05,-16.150613667914946,-16.122862364897944
127,127,4.704956642019601e-05,4.7690906955578706e-05,-16.180861122222073,-16.131425046770122
128,128,4.6933773192745085e-05,4.748917107415189e-05,-16.192000639504453,-16.149834973115105
129,129,4.711120356997648e-05,4.807979578464782e-05,-16.177571604236025,-16.0961547196273
130,130,4.702140883927848e-05,4.749484095985903e-05,-16.18245530395169,-16.149316485840075
131,131,4.6709232977723474e-05,4.7361940041331475e-05,-16.212351314866645,-16.161486026639167
132,132,4.6661110056597813e-05,4.715319454063367e-05,-16.218018254751506,-16.1806696561989
133,133,4.659810757712154e-05,4.706820197354414e-05,-16.22289743431208,-16.188504779486617
134,134,4.6216417104005814e-05,4.704168053362273e-05,-16.261051616241343,-16.190952580930645
135,135,4.640010180439051e-05,4.681053446562912e-05,-16.24198476268339,-16.212344865559317
136,136,4.5957616504855434e-05,4.6882926222966294e-05,-16.282819913765813,-16.205633757490098
137,137,4.60628769210463e-05,4.629255923454797e-05,-16.27473247348686,-16.26066895376146
138,138,4.5837057975226455e-05,4.674616330272616e-05,-16.296099579621274,-16.218321144312377
139,139,4.582805334009499e-05,4.6552063155870295e-05,-16.295249812986288,-16.23639152947039
140,140,4.5689664551263346e-05,4.619767270541113e-05,-16.310845900279354,-16.269579886214316
141,141,4.5652888223502455e-05,4.596546970883777e-05,-16.314144594621382,-16.29146383913335
142,142,4.564060775722742e-05,4.624916063652276e-05,-16.312064205337652,-16.264742310740917
143,143,4.529279586799039e-05,4.570888516977184e-05,-16.34804079070147,-16.31577457261689
144,144,4.526453994913027e-05,4.590506853817619e-05,-16.350764525935798,-16.297174461798452
145,145,4.520133400537534e-05,4.561522942630721e-05,-16.353641445251554,-16.3246822279551
146,146,4.530114154139361e-05,4.551258136512173e-05,-16.346553184788984,-16.334466179751637
147,147,4.513075245339087e-05,4.5648774654469695e-05,-16.3643594259305,-16.321489620247828
148,148,4.5009113556570995e-05,4.521770958825456e-05,-16.37615831621168,-16.362695260711618
149,149,4.4710284239101254e-05,4.5712583653910676e-05,-16.40320946674897,-16.315423182232458
150,150,4.46823775662066e-05,4.513145004717731e-05,-16.40735611875882,-16.370987989550486
151,151,4.475915564623776e-05,4.5644503092932465e-05,-16.39709924738472,-16.32189602817881
152,152,4.460784220634767e-05,4.5252873334041064e-05,-16.41437100622521,-16.359319263556774
153,153,4.4325343119406585e-05,4.5364287583843656e-05,-16.44046347662468,-16.34863991368832
154,154,4.430060897030887e-05,4.486124683018332e-05,-16.444303887979824,-16.397067465516294
155,155,4.407400335845317e-05,4.465894648762371e-05,-16.466075474733497,-16.416696125545602
156,156,4.4170763543398916e-05,4.4717371469902756e-05,-16.457124045652108,-16.411018189465185
157,157,4.404301340475717e-05,4.4535296949202586e-05,-16.46869232183167,-16.428737339094305
158,158,4.377155882767258e-05,4.416574033951436e-05,-16.495421209950894,-16.46492571521629
159,159,4.3750697832084116e-05,4.461131902644411e-05,-16.495971441424725,-16.421330220766627
160,160,4.381469897424788e-05,4.42520385580505e-05,-16.490673003965533,-16.45644804195265
161,161,4.3709248576802924e-05,4.409853097872416e-05,-16.50143384736079,-16.47153963945286
162,162,4.337627731579279e-05,4.430153096205016e-05,-16.53610512129824,-16.451593515973023
163,163,4.357178908527934e-05,4.389036238487614e-05,-16.5178730598099,-16.49208919675133
164,164,4.3361279954437704e-05,4.454185584204664e-05,-16.53698061863505,-16.428097783184523
165,165,4.3179526214443446e-05,4.3749125133648415e-05,-16.555396677804872,-16.506087136193074
166,166,4.314813827711743e-05,4.3561653001233935e-05,-16.557538223900764,-16.52473735085865
167,167,4.272633908765352e-05,4.354281248340971e-05,-16.599883973478676,-16.526616091060852
168,168,4.281349489603374e-05,4.375652937788369e-05,-16.591763767485507,-16.505352184277186
169,169,4.281736750572142e-05,4.323501994612774e-05,-16.591518635226524,-16.55742422657916
170,170,4.2686654739657935e-05,4.3024733665668846e-05,-16.605477269397177,-16.578598957161383
171,171,4.2662228412323715e-05,4.313438177249689e-05,-16.608748650071053,-16.567545084750513
172,172,4.263333305305461e-05,4.2970494656688776e-05,-16.611449365941123,-16.584077332156607
173,173,4.250180303567982e-05,4.304654277419966e-05,-16.623806248356782,-16.576398089209928
174,174,4.253391682478772e-05,4.250450824895923e-05,-16.62201602314341,-16.631430903055616
175,175,4.222764502778726e-05,4.31003297164448e-05,-16.649932115747347,-16.570974938124913
176,176,4.246324211054184e-05,4.2284167169495244e-05,-16.62772557191447,-16.654003051963556
177,177,4.220869325847874e-05,4.232497380335668e-05,-16.65202876034222,-16.64981388349277
178,178,4.206642694681278e-05,4.263536960168398e-05,-16.669098351024793,-16.618080541375168
179,179,4.202982968636956e-05,4.233073961682079e-05,-16.67063189172537,-16.649222296493182
180,180,4.180731357524733e-05,4.224033182254061e-05,-16.692738447333866,-16.65850765151244
181,181,4.161126278481835e-05,4.232341138719532e-05,-16.713273404823003,-16.649974205208505
182,182,4.1957351603526044e-05,4.210634008478863e-05,-16.68071876126779,-16.672305924748706
183,183,4.144957549834009e-05,4.231347817327141e-05,-16.73157865673074,-16.65099360467768
184,184,4.181927562461441e-05,4.197621781617942e-05,-16.69371435985382,-16.685747815612633
185,185,4.142274339812371e-05,4.201124925442089e-05,-16.73388313499261,-16.68212490335338
186,186,4.132918180290552e-05,4.20288111184307e-05,-16.74453601139242,-16.680309811667684
187,187,4.120891839961915e-05,4.169675556017625e-05,-16.75856126805721,-16.714758226521827
188,188,4.1314661973150033e-05,4.156397354611392e-05,-16.747110519988027,-16.72861026589504
189,189,4.097855019880598e-05,4.184852073912656e-05,-16.780734373351386,-16.69897975161995
190,190,4.099120772095666e-05,4.1423433637981744e-05,-16.77849460830111,-16.743319910890516
191,191,4.0913254048701705e-05,4.134672436569082e-05,-16.788373439435563,-16.751369774273243
192,192,4.056573938608371e-05,4.129593971332437e-05,-16.826957290138505,-16.756707331407956
193,193,4.047716994164992e-05,4.091921073268168e-05,-16.8333990472628,-16.7965083806552
194,194,4.068608916323805e-05,4.109138861071857e-05,-16.811799602571607,-16.778272686049835
195,195,4.043516101895894e-05,4.1081566642357136e-05,-16.840042508275484,-16.779310893004418
