,epoch,train_loss,test_loss,train_dbs,test_dbs
0,0,0.0001578419266770277,0.000146364341306157,-10.926186309618917,-11.251448194578554
1,1,0.0001337157881767105,0.0001271044568152559,-11.649817617107324,-11.864193230458984
2,2,0.0001180887300450326,0.00011506815453207022,-12.185486702549222,-12.296249541361863
3,3,0.00010835859050239753,0.00010704531335872353,-12.55836834383083,-12.610124442194422
4,4,0.00010211139988783056,0.00010153220922036685,-12.816627433153172,-12.839762660331811
5,5,9.721556320467234e-05,9.716277265014421e-05,-13.031108780674057,-13.030802026560576
6,6,9.331420185788506e-05,9.34465780645903e-05,-13.208020243148775,-13.200166995466951
7,7,9.028807257844576e-05,9.079038595940035e-05,-13.348183765196621,-13.325402397191993
8,8,8.788233667614476e-05,8.877746433044147e-05,-13.466728103259948,-13.422773655423896
9,9,8.578967825406394e-05,8.660574339477247e-05,-13.572533426500904,-13.530334081651883
10,10,8.407633928054002e-05,8.478333773765419e-05,-13.662342404255632,-13.622695922441801
11,11,8.251019698008415e-05,8.355346424076216e-05,-13.743035349470304,-13.686156410074252
12,12,8.118526137568363e-05,8.218322220368703e-05,-13.81154860889104,-13.757969371655994
13,13,8.018984421535596e-05,8.117566520875124e-05,-13.869391078834745,-13.811542458348667
14,14,7.907662255036616e-05,8.02403504310764e-05,-13.928083449236263,-13.861872853559118
15,15,7.815274804351688e-05,7.912652884107574e-05,-13.979453015995766,-13.922579877370985
16,16,7.73477553706208e-05,7.865677884853397e-05,-14.023801486165219,-13.948439448371383
17,17,7.67163215529116e-05,7.746938430691923e-05,-14.056199792297226,-14.014499976564217
18,18,7.583983284517278e-05,7.706363670111291e-05,-14.10662599815881,-14.037306021516578
19,19,7.548754039123299e-05,7.626799043990966e-05,-14.129164128245153,-14.082377985949998
20,20,7.470804526165761e-05,7.58309098800007e-05,-14.173017985479746,-14.10733835021692
21,21,7.413799382269757e-05,7.563815061554411e-05,-14.206466097474234,-14.118392004317283
22,22,7.376057246145457e-05,7.517338350513263e-05,-14.230225936503352,-14.145160040542262
23,23,7.344066338210377e-05,7.473782974748726e-05,-14.247377360967672,-14.170396194886099
24,24,7.283772345207458e-05,7.411129818616533e-05,-14.284307383945212,-14.206956813084341
25,25,7.235040636457138e-05,7.362829254768593e-05,-14.312904696084523,-14.23535372820178
26,26,7.214429386238539e-05,7.346657864553363e-05,-14.324721329047005,-14.24490286925301
27,27,7.145891376961858e-05,7.297898264368996e-05,-14.362320960898474,-14.273822972211658
28,28,7.143966289844422e-05,7.285874476349961e-05,-14.36791550582332,-14.28098417262838
29,29,7.104653829544274e-05,7.232210574377524e-05,-14.3947890247697,-14.313090394029352
30,30,7.082981815964905e-05,7.174600882296402e-05,-14.40616601152378,-14.347823554531844
31,31,7.039082486970955e-05,7.164730433080542e-05,-14.432885598844504,-14.353802469742208
32,32,7.031723590940957e-05,7.136528476717343e-05,-14.435102734791965,-14.370930989659385
33,33,6.994406273228491e-05,7.137704769296474e-05,-14.460902138000451,-14.37021521408171
34,34,6.972339640211881e-05,7.048675807278701e-05,-14.472763539614956,-14.424725657147883
35,35,6.936118543026824e-05,7.028734820012592e-05,-14.494982033409535,-14.43702943481702
36,36,6.908171537323836e-05,7.011109770055075e-05,-14.513305007762705,-14.447933353178332
37,37,6.887988169670355e-05,6.969621015167305e-05,-14.5271008273341,-14.473709388034353
38,38,6.868675756646254e-05,6.933813021628579e-05,-14.538786009300683,-14.496079758325708
39,39,6.860172536257731e-05,6.936024242589299e-05,-14.544449324520592,-14.494694996484093
40,40,6.802322713690618e-05,6.914430732170953e-05,-14.5821818469032,-14.508236717726902
41,41,6.816282320963267e-05,6.925254197803472e-05,-14.572728563480272,-14.501443828464788
42,42,6.784303935926369e-05,6.879925135045166e-05,-14.59191774504107,-14.529963896330305
43,43,6.761277135288746e-05,6.87245069696617e-05,-14.605167800484997,-14.53468469159116
44,44,6.742407246756837e-05,6.859930114220141e-05,-14.617002127569318,-14.542604107136565
45,45,6.727709366067447e-05,6.813356441470157e-05,-14.62909251425884,-14.572189923566592
46,46,6.706959175062366e-05,6.819869074541585e-05,-14.642147024487475,-14.568040647494826
47,47,6.697615330286334e-05,6.822928480687551e-05,-14.647837046950405,-14.566092831111877
48,48,6.664524608850959e-05,6.782008322740072e-05,-14.670819527722902,-14.592217836530184
49,49,6.653441821456618e-05,6.778846957451223e-05,-14.678889436268122,-14.59424272876114
50,50,6.624626028909559e-05,6.725627903697866e-05,-14.696669427952983,-14.628472658121535
51,51,6.594249663470054e-05,6.741079069845575e-05,-14.71449638865945,-14.61850680803704
52,52,6.615749885689362e-05,6.670516641430655e-05,-14.700757995830445,-14.664206300801059
53,53,6.587414238835954e-05,6.677489191612327e-05,-14.719503007722182,-14.659669083209163
54,54,6.566805985261753e-05,6.689213784595363e-05,-14.735255840591247,-14.652050260003392
55,55,6.567350913231626e-05,6.671204353455993e-05,-14.733963381309515,-14.663758578145005
56,56,6.518995536511677e-05,6.611747448914684e-05,-14.7669334818551,-14.702638457251052
57,57,6.507797076393246e-05,6.59078805734967e-05,-14.77322797280502,-14.716427559720513
58,58,6.4994010188588e-05,6.596006737948444e-05,-14.780958544504642,-14.712990114396812
59,59,6.474413868962768e-05,6.603145850117711e-05,-14.797346407799024,-14.708292119881694
60,60,6.45777348386359e-05,6.567038546659445e-05,-14.806553946860063,-14.732105365717132
61,61,6.436424590311177e-05,6.521389494944168e-05,-14.821769730941956,-14.762399625024932
62,62,6.426808407191744e-05,6.528550626458845e-05,-14.827700873796905,-14.757633258000647
63,63,6.414654133775387e-05,6.555389030070633e-05,-14.83491275708289,-14.739816320219843
64,64,6.420094828594226e-05,6.505211115980178e-05,-14.831537842371604,-14.773187066096543
65,65,6.382103779709648e-05,6.442671235019684e-05,-14.85810206825024,-14.815141318826843
66,66,6.347775050335727e-05,6.454951289924793e-05,-14.880815006931375,-14.806871326920973
67,67,6.348600260194478e-05,6.48282517718862e-05,-14.880168874743402,-14.788157919422186
68,68,6.348411276571683e-05,6.464226527513299e-05,-14.879161583051648,-14.80063534928826
69,69,6.322995313988115e-05,6.442712171854892e-05,-14.897280648781974,-14.815113723774251
70,70,6.326046490564117e-05,6.395509492569162e-05,-14.897478956913734,-14.847049541765536
71,71,6.285208918288657e-05,6.37917496772532e-05,-14.92345285730491,-14.858155879291798
72,72,6.295057707022126e-05,6.381285359231314e-05,-14.919331766108495,-14.856719361532122
73,73,6.251406784471816e-05,6.373419244865593e-05,-14.946501692844109,-14.862076146502384
74,74,6.249700804941894e-05,6.338171461768645e-05,-14.94937770481749,-14.8861611839858
75,75,6.211426016213325e-05,6.39029749436304e-05,-14.976262670073634,-14.850590252474369
76,76,6.201359830117429e-05,6.267595362212313e-05,-14.981412305711991,-14.934791515296435
77,77,6.211696854359278e-05,6.325707708081034e-05,-14.977812823580372,-14.894709814504882
78,78,6.192625035500615e-05,6.295823033341501e-05,-14.990485759699208,-14.915275899321216
79,79,6.16766620183138e-05,6.265331065055522e-05,-15.004399494571626,-14.936360776517253
80,80,6.145631924323191e-05,6.234785158946914e-05,-15.021314054181566,-14.957586090963208
81,81,6.133643002669356e-05,6.253266282759509e-05,-15.028547790555265,-14.944731794217025
82,82,6.131513168604459e-05,6.25910929796335e-05,-15.034182592834348,-14.940675666859292
83,83,6.121753667872495e-05,6.275341806222538e-05,-15.039030089678086,-14.929427160407993
84,84,6.102553274591703e-05,6.221646521896076e-05,-15.053098984050068,-14.966747686889175
85,85,6.070970784159876e-05,6.176164625733356e-05,-15.073945577238167,-14.998612384466341
86,86,6.0661103807152104e-05,6.17971944800382e-05,-15.076382492237608,-14.996113429750364
87,87,6.052908016856011e-05,6.139768945439228e-05,-15.086987951519744,-15.024280741702063
88,88,6.0574443213948886e-05,6.139398656638437e-05,-15.084632719039202,-15.024542672132778
89,89,6.027536460116851e-05,6.124851662255089e-05,-15.105523425476262,-15.034845270640618
90,90,6.016173747130526e-05,6.137491666442274e-05,-15.112791810154288,-15.025891866112858
91,91,6.017897507750679e-05,6.117743511200196e-05,-15.112548774868188,-15.03988836989012
92,92,5.987444868522514e-05,6.046327402337307e-05,-15.132919204585964,-15.09088441979792
93,93,5.9794835944614403e-05,6.067553074803742e-05,-15.14223936473096,-15.075665181209683
94,94,5.9514177881226845e-05,6.080942904717583e-05,-15.161671554235914,-15.066091763051993
95,95,5.9334712523664587e-05,6.052888516263154e-05,-15.172969009538322,-15.08617427019548
96,96,5.9410586509704785e-05,6.055346947457445e-05,-15.167631272006556,-15.084410705025824
97,97,5.933388854021725e-05,6.045891859685071e-05,-15.174442770233703,-15.09119727183357
98,98,5.900342107123993e-05,6.011530249931016e-05,-15.197930734565192,-15.115950652397673
99,99,5.8658842632568626e-05,6.0163172556234424e-05,-15.222383242258168,-15.112493724188585
100,100,5.86356241517033e-05,5.9939942155707336e-05,-15.227830717828887,-15.128637825532394
101,101,5.843795884878269e-05,5.970562223841338e-05,-15.237532329444408,-15.145648732322371
102,102,5.866536710377706e-05,5.963036298788594e-05,-15.226097256018885,-15.15112649018181
103,103,5.855128556410734e-05,5.964408333774803e-05,-15.232718961775237,-15.150127336977626
104,104,5.8383352599363566e-05,5.93999619396575e-05,-15.242771498447725,-15.167939353441689
105,105,5.7978942911092616e-05,5.9213248995978286e-05,-15.276307391740069,-15.181612108352615
106,106,5.815644192235717e-05,5.844164403051285e-05,-15.260699761330843,-15.238576774163345
107,107,5.8093016649735614e-05,5.904343618711113e-05,-15.264963457140702,-15.194084775994781
108,108,5.778010182842353e-05,5.919258929727795e-05,-15.289709711224056,-15.183127640587127
109,109,5.7626499874834166e-05,5.8967861772735454e-05,-15.301103574397668,-15.199647218945698
110,110,5.783576391680531e-05,5.849905114461619e-05,-15.284951596097045,-15.234312801755367
111,111,5.7432858701543304e-05,5.8372632338432595e-05,-15.317367180817921,-15.243708236083204
112,112,5.738462664105344e-05,5.843819618396657e-05,-15.317780266549168,-15.238832999826759
113,113,5.713715538299719e-05,5.814105564863176e-05,-15.338384324883705,-15.260971892000033
114,114,5.6838256231336327e-05,5.802568557555787e-05,-15.358187115289297,-15.269598216894405
115,115,5.6932647266970067e-05,5.8015701429930665e-05,-15.35458172746595,-15.270345546700607
116,116,5.6772582125237945e-05,5.7946132744147784e-05,-15.368505792370101,-15.275556450820687
117,117,5.671607392549649e-05,5.7853572798194364e-05,-15.370511714045898,-15.282499176995238
118,118,5.6607701087168885e-05,5.7526730655043045e-05,-15.37870068363417,-15.307104090425721
119,119,5.634218612931832e-05,5.772799742867631e-05,-15.399337665088833,-15.29193609871141
120,120,5.6544940026966646e-05,5.7651586470647566e-05,-15.385173725358488,-15.297688392342357
121,121,5.612235012093377e-05,5.722193791849637e-05,-15.41507550320696,-15.330175402111514
122,122,5.609653536086307e-05,5.71249315965504e-05,-15.417538536848179,-15.337544090142304
123,123,5.593932134437749e-05,5.680742948530487e-05,-15.429414205559407,-15.361749639917623
124,124,5.578773393092879e-05,5.7106465790543314e-05,-15.440326804391036,-15.338948187072932
125,125,5.586704025621113e-05,5.657453048594394e-05,-15.43724987864377,-15.37959143636349
126,126,5.5913503883951394e-05,5.6834119612559385e-05,-15.432201359046651,-15.359709650971137
127,127,5.565980054316898e-05,5.640805944781996e-05,-15.450615551683779,-15.392389426852999
128,128,5.568965113440951e-05,5.6957018961455965e-05,-15.449633317516927,-15.350328511019846
129,129,5.537367823561317e-05,5.5996870191608506e-05,-15.47470086577267,-15.424163481981747
130,130,5.522710766994932e-05,5.653906287319076e-05,-15.484247693083244,-15.382314962078192
131,131,5.503008122611119e-05,5.646670615533367e-05,-15.50077148524995,-15.38787647063806
132,132,5.476758751589757e-05,5.6314998609626566e-05,-15.52406094864935,-15.39956024325688
133,133,5.496236313849726e-05,5.588294133255993e-05,-15.506078029316082,-15.433008454321765
134,134,5.48213469038583e-05,5.567654558322638e-05,-15.519424324230851,-15.449078201462621
135,135,5.485758972390238e-05,5.5501571056849665e-05,-15.512418040860128,-15.462748253864351
136,136,5.438194240979879e-05,5.561020263580998e-05,-15.552186406395116,-15.45425624464394
137,137,5.454817028763013e-05,5.5343533619490793e-05,-15.540202117879257,-15.475132171708204
138,138,5.441653808805679e-05,5.562353372193971e-05,-15.55209058995948,-15.453215262409374
139,139,5.464516442836761e-05,5.4838437790749595e-05,-15.531719494075645,-15.514950277170502
140,140,5.414207070194588e-05,5.4898691719005766e-05,-15.57103214804699,-15.510181070740321
141,141,5.413475101357614e-05,5.528384855623651e-05,-15.569892505708316,-15.479818334505978
142,142,5.405595996861164e-05,5.477651230696785e-05,-15.578350755119263,-15.519857253587993
143,143,5.354924956618655e-05,5.500916009431852e-05,-15.618944697268834,-15.501450880642508
144,144,5.369857468188635e-05,5.442309989839008e-05,-15.605985973169798,-15.547968268208557
145,145,5.375796371078378e-05,5.44245355597109e-05,-15.601852703206259,-15.547853704435642
146,146,5.371694636234735e-05,5.469420131320428e-05,-15.606864253951606,-15.526388172396492
147,147,5.367007348074376e-05,5.454702726350852e-05,-15.609554277009373,-15.538090149235435
148,148,5.340654062126408e-05,5.439677624963224e-05,-15.630753539692881,-15.550069394588544
149,149,5.329272832953102e-05,5.40937540599292e-05,-15.641621235195151,-15.574329799017619
150,150,5.306596932248645e-05,5.392911254220005e-05,-15.65670925077169,-15.587568284582389
151,151,5.302247151008749e-05,5.442981733052109e-05,-15.659722138652192,-15.547432252493952
152,152,5.277736317552386e-05,5.396132244066777e-05,-15.683026224813442,-15.58497517582627
153,153,5.2691734605648834e-05,5.406302903123249e-05,-15.689490705035709,-15.576797274546548
154,154,5.281201634884899e-05,5.38628637992875e-05,-15.678276247485448,-15.592906616446985
155,155,5.276164388165271e-05,5.3855624029988814e-05,-15.684115259199656,-15.59349039587515
156,156,5.264108688972612e-05,5.360916245416248e-05,-15.694493439174423,-15.61341079837124
157,157,5.2393605955396345e-05,5.312392003313442e-05,-15.71453183916644,-15.652899877644499
158,158,5.2431648112257425e-05,5.3064108406512166e-05,-15.711602533918956,-15.65779230526077
159,159,5.209820867712926e-05,5.291502690708608e-05,-15.738127206374006,-15.670010807529076
160,160,5.2188451216764957e-05,5.313067422799864e-05,-15.729812918674158,-15.65234774913023
161,161,5.217647889104537e-05,5.326246690329801e-05,-15.732084230714133,-15.641588247097475
162,162,5.190124265374328e-05,5.244287948651043e-05,-15.75570944934501,-15.708935725286493
163,163,5.202209409692363e-05,5.3091925349834034e-05,-15.745932098955379,-15.655516269723808
164,164,5.222681996661008e-05,5.2649256280059684e-05,-15.729132388297081,-15.69187861303127
165,165,5.1470939557550515e-05,5.2819399379108e-05,-15.789284657021083,-15.677866436107413
166,166,5.171086759781753e-05,5.2186440466596795e-05,-15.771632682885194,-15.730224265505582
167,167,5.148456416323243e-05,5.268692563588143e-05,-15.791581432825357,-15.688772444994788
168,168,5.1762490029525994e-05,5.2301803646658206e-05,-15.767320887254908,-15.7206343612444
169,169,5.150138636476111e-05,5.2324916683382504e-05,-15.792459815808044,-15.71871556565547
170,170,5.123411100021727e-05,5.1228598366785596e-05,-15.810835646048428,-15.810676284697994
171,171,5.135560921602162e-05,5.2409989094533225e-05,-15.801798533431517,-15.711660327179631
172,172,5.090803659692666e-05,5.204723301607086e-05,-15.8383822874732,-15.741824559638552
173,173,5.102310275368527e-05,5.21711389362616e-05,-15.832552033865069,-15.731497842427336
174,174,5.08158074208228e-05,5.162136853629674e-05,-15.846607165993365,-15.77750588092649
175,175,5.092347696658762e-05,5.1520940408073856e-05,-15.839681142581064,-15.78596320482099
176,176,5.065037389753924e-05,5.1884940483815676e-05,-15.858717536814002,-15.755387791528438
177,177,5.051033406640816e-05,5.138978227286747e-05,-15.873714865861338,-15.797033243731205
178,178,5.0564976695615354e-05,5.169220553637531e-05,-15.871500538226808,-15.771550395726074
179,179,5.044142523457622e-05,5.1260685531336715e-05,-15.879334415272723,-15.807956921574405
180,180,5.044027334547208e-05,5.1232585400085605e-05,-15.879854393659853,-15.810338293958754
181,181,5.0424153873932154e-05,5.143385964114905e-05,-15.877847903060985,-15.79330986676503
182,182,5.0340427479409065e-05,5.1163360024618575e-05,-15.888957210632313,-15.816210441147513
183,183,4.991792289710594e-05,5.0910676930614406e-05,-15.922842184717371,-15.83771230407603
184,184,5.011252862234485e-05,5.1016095216925206e-05,-15.907044719297543,-15.828728875012954
185,185,4.980831344602342e-05,5.0599852999623275e-05,-15.934055902595443,-15.864308469034183
186,186,4.9896939410395994e-05,5.0648774815367926e-05,-15.9253325337722,-15.860111577336081
187,187,4.992201727348111e-05,5.05755151128764e-05,-15.925891883438087,-15.866397872871582
188,188,4.9655349338883245e-05,5.058440518424552e-05,-15.945856251405212,-15.865634545075764
189,189,4.966146328106052e-05,5.0722799450771784e-05,-15.946506943452325,-15.853768872958096
190,190,4.9523633053243046e-05,5.0347404076570744e-05,-15.956458609311827,-15.886030189064527
191,191,4.916238790850837e-05,5.0449433681359024e-05,-15.992904213634793,-15.877238066123025
192,192,4.9343952117307764e-05,5.0223526685792754e-05,-15.97496599988765,-15.89672896535058
193,193,4.907299553076544e-05,4.9718188069834324e-05,-15.999487245707154,-15.940648092272312
194,194,4.9138727169435895e-05,5.0332493533221024e-05,-15.99377035525956,-15.887316556432797
195,195,4.920020664846477e-05,4.998643903251688e-05,-15.986538823112577,-15.91727902759752
