,epoch,train_loss,test_loss,train_dbs,test_dbs
0,0,0.0004607666771110032,0.0004517855689444236,-16.8322679491992,-16.922921369889117
1,1,0.014239226999877444,0.0004445808559754177,-1.9294933249883317,-16.992737337633002
2,2,0.0004507707295094415,0.00043864673812334473,-16.927932097151864,-17.051095872499175
3,3,0.00044398695967380993,0.0004400436438644599,-17.000042668167236,-17.0372873916366
4,4,0.0004464072384151448,0.00044856039733674963,-16.96559700679718,-16.95403563653668
5,5,0.0004450642610612066,0.0004652784708397169,-16.981930533431942,-16.79511533928845
6,6,0.00044875713809364545,0.00044370521821914926,-16.946294883578584,-17.001299551539503
7,7,0.0004295742261636349,0.00042029180851961047,-17.138686711825116,-17.236735657485568
8,8,0.0004269982215266713,0.0004568082988139634,-17.166093229492503,-16.874905063282014
9,9,0.0004649340488933526,0.00047594194275964245,-16.79419581069965,-16.696705124147027
10,10,0.00046716128072710997,0.00045224215290018996,-16.765910034183406,-16.91853451526987
11,11,0.0004676131152946348,0.0004549545778182188,-16.76695218618759,-16.892564521225154
12,12,0.0004590904398955712,0.0004617704620805422,-16.848761693105747,-16.82798342347047
13,13,0.0004530494022135114,0.00044972847344500845,-16.908297384871688,-16.94274106725768
14,14,0.00044629359065756664,0.0004339705337770283,-16.976639150191943,-17.09764249149407
15,15,0.0004280319982856397,0.00042400831558839664,-17.154010109676186,-17.198501174487927
16,16,0.00041415688543359645,0.0004014026627900373,-17.293936289685295,-17.436442422982704
17,17,0.00040159041941713195,0.00039611842887672156,-17.42915981710581,-17.493994436037013
18,18,0.0004000833951724098,0.0003898132188049586,-17.452848076611193,-17.563679292210747
19,19,0.00039050540707995826,0.0003943143651428583,-17.54964146274388,-17.513818924368472
20,20,0.000380977947737772,0.0003689422171048232,-17.662942416551147,-17.802661381782883
21,21,0.0003666781283886239,0.0003630153844010477,-17.82298274810891,-17.872994608463845
22,22,0.0003573539283981105,0.0003595472356353543,-17.93146627139722,-17.91468537397926
23,23,0.00034601319150413514,0.0003389419626297527,-18.076150824307348,-18.17099151552298
24,24,0.00033920118525221024,0.00033335382192346613,-18.163409889538876,-18.243190527393264
25,25,0.0003332475514736833,0.00033155560959130526,-18.23672887401969,-18.266681113031396
26,26,0.00032572157995429694,0.0003162765535403435,-18.346286820212587,-18.4715749379177
27,27,0.0003237792290147087,0.0003239046460581257,-18.366632173704016,-18.368073139096946
28,28,0.0003304991864517677,0.0003323477545851155,-18.285808503518254,-18.25631742513651
29,29,0.000321587853100074,0.00032105376809149196,-18.39861655663651,-18.40646720005162
30,30,0.0003238505048955762,0.00032319848909729014,-18.363151437168817,-18.377551695961337
31,31,0.00031922250798874604,0.0003202736521703436,-18.434743706242603,-18.417032792483738
32,32,0.00032102686056588805,0.00031711769253505687,-18.40392952858285,-18.460040187138894
33,33,0.0003182732958596238,0.0003133970879532985,-18.44402744042874,-18.511295347031226
34,34,0.000317399827799443,0.0003128367151427818,-18.45656935430857,-18.51906774395931
35,35,0.00031194545343018993,0.0003072512918151915,-18.527663721124632,-18.59730773923056
36,36,0.0003086833595946316,0.00030677257975759477,-18.565266535876383,-18.604079529604928
37,37,0.0003036219253415991,0.0003065379232315249,-18.641858274104383,-18.60740280676685
38,38,0.0003059918358537954,0.00031077923363466794,-18.608390096611664,-18.547725000385796
39,39,0.0003065067999300153,0.00030924063512908394,-18.603025743780822,-18.569279348757824
40,40,0.00030406641164199287,0.00030820413131119783,-18.643172101351826,-18.583860355380292
41,41,0.0003058589045582435,0.0003080467714952599,-18.609744770985255,-18.586078299432277
42,42,0.0003045553940986811,0.00030311738373711705,-18.630795165478254,-18.656136476380766
43,43,0.0003065060534317661,0.0003028593736847765,-18.607742857745574,-18.65983471554277
44,44,0.0003055830788558599,0.00030416766745283415,-18.616426512486846,-18.641114440977386
45,45,0.0003006406681679343,0.0003010682917910775,-18.685058268906975,-18.68559472979942
46,46,0.0003014011935633367,0.00030250540064451724,-18.677608839375267,-18.66491358904735
47,47,0.00029758616085356275,0.00030413975381586507,-18.724997198260766,-18.641513013741427
48,48,0.00030380704340563376,0.00030007027702308014,-18.646908638447144,-18.70001512227819
49,49,0.00030464355635202305,0.00029695732672208627,-18.62650160604245,-18.745304465063114
50,50,0.0003002553397535164,0.00029913163253743395,-18.690337271398416,-18.713621502615876
51,51,0.0003030329715273314,0.00030321280141115973,-18.643397534094216,-18.65476958518287
52,52,0.0003039396053525744,0.00030241172766852146,-18.64017942128886,-18.666258621449295
53,53,0.0003044579694762864,0.00030014102843492046,-18.64042431216864,-18.698991251264367
54,54,0.0002988869529553526,0.0003026376760221626,-18.70480483692862,-18.66301498127233
55,55,0.0003002449535865567,0.00029826622247990027,-18.694674625192548,-18.72620417502827
56,56,0.0003010443379963297,0.00029843688734169856,-18.678161240460003,-18.723719897385504
57,57,0.0003011102380696684,0.0002997842369184486,-18.68070501900355,-18.704156981531494
58,58,0.00029956840324340406,0.0003013230207694792,-18.699439172103652,-18.68192178850734
59,59,0.0002985339579964537,0.0003020657091646602,-18.71567028136331,-18.671230649654817
60,60,0.0003020742337445047,0.0002957687630489665,-18.66242121409161,-18.76272186393935
61,61,0.00029625094717142855,0.00029552430159559374,-18.740961540869854,-18.76631291794066
62,62,0.0003008021848257055,0.0003026280977983812,-18.689229654374053,-18.663152433939075
63,63,0.000297337605440317,0.00029930519859159465,-18.7363240347092,-18.711102313362797
64,64,0.00030016113365472283,0.00029665759249933456,-18.69340918336794,-18.749690235225764
65,65,0.0003009353561528488,0.0003015315849456544,-18.69393859588438,-18.67891680940987
66,66,0.0003010702110015662,0.0003028182683537077,-18.66891308299278,-18.660424198041326
67,67,0.00030334267048789286,0.00029830392266280557,-18.65570356147904,-18.72565527121343
68,68,0.0002977897016422765,0.00029832380823791027,-18.727158354066603,-18.72536577090718
69,69,0.000294770651194507,0.0002980542761322699,-18.76945982184951,-18.729291344874873
70,70,0.00029547536234400166,0.0002994132366055917,-18.764877555499105,-18.70953495511673
71,71,0.00029550151348584476,0.0002968332479021659,-18.75668191949642,-18.747119473582938
72,72,0.00029417845035288674,0.00030027431631950955,-18.7744814120323,-18.697063046256343
73,73,0.0002989551492309025,0.0002965899919600863,-18.70539729824422,-18.750679992017545
74,74,0.0002922327389710189,0.0002924930687234002,-18.808801782669384,-18.811089124819024
75,75,0.00029838485517251045,0.00029490162361119136,-18.72759105618122,-18.7754732783294
76,76,0.0002975668119069803,0.0002935892813471391,-18.731156893362755,-18.794842955706383
77,77,0.00029379655499030483,0.0002909339719304913,-18.788935401411784,-18.834300553105038
78,78,0.0002955188542681257,0.0002924521027843615,-18.755254418183377,-18.811697430765157
79,79,0.0002947337811419107,0.0002991079267016367,-18.78100418604911,-18.713965689606592
80,80,0.0002945631186804283,0.0003116721253670556,-18.775643576615117,-18.535265288869862
81,81,0.00029499705499230126,0.0003019157953339776,-18.77127394802917,-18.67338656834698
82,82,0.00029783726630242755,0.00029609514718973324,-18.73288439927271,-18.757932018056472
83,83,0.0002940345619152271,0.0002950811145925208,-18.782476791480423,-18.772830762197994
84,84,0.00029273582868441245,0.0002960953003677883,-18.795980899884125,-18.75792977133384
85,85,0.00031894212498656023,0.0004169764747769621,-18.43221377168259,-17.271129380598023
86,86,0.00042342165330204077,0.00041050356230698526,-17.199809843112533,-17.339075612103066
87,87,0.00040136901937789984,0.0003912012417506623,-17.43442607898543,-17.548242667892747
88,88,0.00034997213035389856,0.0003077922600296963,-18.024726485753078,-18.58966796899559
89,89,0.0003003831967812262,0.00030029290907182977,-18.68916131841956,-18.696794142813154
90,90,0.0003027926556485196,0.00030571032517687664,-18.647683398902423,-18.619143844432948
91,91,0.00030498645813252355,0.00031256402297386607,-18.62679751548683,-18.522855034395846
92,92,0.0003086813352281977,0.00030039574362729723,-18.575151868717413,-18.695307166815716
93,93,0.00030488705955032913,0.0003026611842582689,-18.620056354997853,-18.662677643871078
94,94,0.0003046519597080181,0.0003067581044313939,-18.632103615517966,-18.60428446000062
95,95,0.00030513717606903736,0.0003057317609138983,-18.62640968517607,-18.618839337349787
96,96,0.0003023769789898634,0.00030106505360699405,-18.66254161827839,-18.685641441229354
97,97,0.00030305351463108104,0.00029981861620112076,-18.65748419955633,-18.703658960793433
98,98,0.0003056441407924345,0.0003028503790693848,-18.619702767938428,-18.65996369850248
99,99,0.00030475751360033436,0.00030313721110456084,-18.634020763196915,-18.65585240706903
100,100,0.0003008937814810611,0.00030061493529693077,-18.681331050377903,-18.69213937828351
101,101,0.0003019520141587583,0.00030373887612337346,-18.665842543092587,-18.64724109781713
102,102,0.00030133523888281095,0.00030410167681494435,-18.680348997260786,-18.64205676596139
103,103,0.00030090848221587613,0.0002975900057017019,-18.68265026449957,-18.73606149723218
104,104,0.00030248075814860075,0.00030318881219596063,-18.66391197928771,-18.655113198509675
105,105,0.0003021184070583087,0.00030558391498695865,-18.666678300156484,-18.620940008869425
106,106,0.00030131953661618083,0.0003015511258701353,-18.676536328308696,-18.678635371539936
107,107,0.00030399336072750696,0.00030224703215552787,-18.644901952178067,-18.66862446344179
108,108,0.00030351537171770466,0.00029959806431035857,-18.651245778132733,-18.706854883648706
109,109,0.00030112429777011466,0.00029414931716593474,-18.675631283064227,-18.786566468846498
110,110,0.0002984071422557913,0.0002980972456402685,-18.72756396741943,-18.728665281883682
111,111,0.00029337603584431187,0.00029957553947736556,-18.78748656857336,-18.707181413743402
112,112,0.00030002208785441964,0.0002938224995312722,-18.701938602148015,-18.791394425082125
113,113,0.0002955342651964117,0.0002998737495784697,-18.75377614501698,-18.70286041397226
114,114,0.00029740507712050046,0.00030012308362577304,-18.73078111789953,-18.69925091468376
115,115,0.0002988985215779394,0.000300234402713709,-18.706949666203315,-18.69764036539354
116,116,0.0002976815965141832,0.0003000804250692262,-18.728164356045635,-18.699868251153042
117,117,0.00029730627471677114,0.00029684401478765433,-18.73926067309138,-18.746961946951913
118,118,0.0002966972290581457,0.0002971910902200953,-18.73862675969895,-18.741887062959556
119,119,0.0002988014351000491,0.00029240462984154493,-18.714096126626455,-18.812402466237955
120,120,0.0002968333938792732,0.00029551369095172147,-18.739493614529987,-18.76646885187864
121,121,0.00029792027012685065,0.0002986538043172148,-18.721924013475004,-18.72056440188178
122,122,0.00029748726693778923,0.0002990301490124119,-18.728060848946395,-18.71509514191225
123,123,0.0002993942426215166,0.0002988227091631607,-18.69996419604587,-18.71810892646609
124,124,0.0002943893265070336,0.0002969410178545666,-18.780782650582182,-18.74554298572027
125,125,0.00029840608506665096,0.0003000524225889852,-18.724153403328692,-18.700273538839078
126,126,0.00029758892451729816,0.0002959612557836073,-18.73393217930777,-18.75989630049828
127,127,0.0002985002872649311,0.0002979575763579066,-18.72416778708858,-18.73070058459386
128,128,0.0002983738038180031,0.0002971759899274299,-18.71662349673884,-18.742107733787403
129,129,0.0003003034003789431,0.000295251166742099,-18.691847598038315,-18.770328689566174
130,130,0.0003010312592749935,0.0003037531446592,-18.681567984803642,-18.647037087026423
131,131,0.0002991752933048326,0.0002986812875238492,-18.707681588865196,-18.720164766730328
132,132,0.0002951521886099783,0.0002973180778912808,-18.760210816671588,-18.740031749411422
133,133,0.0002973442903201374,0.0002983233946571617,-18.728408597572535,-18.725371791746166
134,134,0.0002962216718684037,0.0002980119897983968,-18.749554370933314,-18.729907542185188
135,135,0.00029561204323305066,0.00029713610848902086,-18.752227597073098,-18.742690602239975
136,136,0.0003003838370654962,0.0003049868376508943,-18.697833026006737,-18.629433945857382
137,137,0.0002970263273719237,0.0003024942952355272,-18.736634812215705,-18.665073027733918
138,138,0.00029960270375781455,0.0003023834203639509,-18.70662140989722,-18.666665162613572
139,139,0.00029299321696018204,0.00030109050873617987,-18.790049912649962,-18.685274259629136
140,140,0.0002991756968579457,0.00029803383605260595,-18.70957754852889,-18.72958918721159
141,141,0.0002989595649120657,0.00030113625995765786,-18.712624633341363,-18.684614391815238
142,142,0.0002966744782638342,0.00030244214270312925,-18.744255534370147,-18.665821852095398
143,143,0.00029983282744519644,0.0002997723120068641,-18.691046224012357,-18.704329739991334
144,144,0.0002967164252846281,0.00030123439807395796,-18.743924373037263,-18.683199288267865
145,145,0.0003003905276460669,0.0003043851619096179,-18.691750997838728,-18.638010137065223
146,146,0.0002998889816358455,0.00029752490809187293,-18.697695923496894,-18.737011617358267
147,147,0.00029882146963686445,0.00030265556568721016,-18.708818056384985,-18.662758266599834
148,148,0.0003010841655381715,0.0003034640072942956,-18.675194439905628,-18.651173029865866
149,149,0.00029847529427551653,0.0003063729535298128,-18.71647028567636,-18.609740681181595
150,150,0.00030320931583662164,0.00030587854225335543,-18.65256087646682,-18.616754796698125
151,151,0.0002998123410489103,0.00029788247468930324,-18.699304434868672,-18.73179538311811
152,152,0.0003012449200956401,0.000302263707118599,-18.678364970569106,-18.66838486986705
153,153,0.0003033052624644923,0.00029589666825670163,-18.649915929732597,-18.760844163338565
154,154,0.000302303956579129,0.00029734469717368484,-18.669910125285277,-18.73964293719876
155,155,0.0003010129202613319,0.0003021775092316889,-18.686639295390247,-18.66962354340148
156,156,0.0003015733979277543,0.0003059328928908431,-18.672557020109885,-18.615983180456418
157,157,0.00030743597422188784,0.00030116735969817166,-18.593922051577586,-18.68416589888692
158,158,0.00030663254197936545,0.00030370331124255533,-18.6011007827338,-18.647749644369473
159,159,0.00030186768926046407,0.0002989249294746275,-18.672787216510297,-18.716623559907642
160,160,0.0003014283777411413,0.00030423679977263277,-18.67430389259171,-18.64012747303891
161,161,0.000303112391680095,0.00029853935426983396,-18.65432908498333,-18.72222902325009
162,162,0.0003037951024340408,0.0003040287073848671,-18.640247074620767,-18.643098983939822
163,163,0.00029834504953355135,0.00029766603256575763,-18.722137943926008,-18.7349521242702
164,164,0.000299354339769763,0.00029935980656821474,-18.70221042717927,-18.710310019082176
165,165,0.00030006948689277255,0.0002964233418951105,-18.7028233948646,-18.753120922141747
166,166,0.0002971771911276293,0.00030018077814020216,-18.739904910899813,-18.698416123807814
167,167,0.00029477952216204603,0.00029778058524243534,-18.76334203803083,-18.73328112322681
168,168,0.00029569927491391673,0.00029331991007845655,-18.766037901269176,-18.798829482600002
169,169,0.00029578379333768156,0.00029167381274562915,-18.762677370242027,-18.82327052691364
170,170,0.0002859304699573916,0.000291430432729325,-18.90553408512342,-18.82689590282351
171,171,0.0002874980838765323,0.0002882513554619723,-18.88452517946793,-18.874531332631832
172,172,0.00028884774506015263,0.00028807215245538637,-18.86471316942982,-18.877232137937874
173,173,0.0002874855816810747,0.0002823310404844386,-18.887590705028693,-18.96465862783583
174,174,0.000286034093995713,0.0002807577670625362,-18.90964796784867,-18.988927117440582
175,175,0.00028051433322072683,0.00028064568055254454,-18.986456517473727,-18.990661291095506
176,176,0.00027582644678162625,0.000276935596239606,-19.05385514682471,-19.04845709563364
177,177,0.0002767520153489367,0.00027835972172110096,-19.055947563487084,-19.02618097789405
178,178,0.00027396563187327965,0.00027559543530897876,-19.087144338558524,-19.069524713745913
179,179,0.00027437243066348864,0.0002740587193616911,-19.091058690416403,-19.093808674464032
180,180,0.00027280954881715253,0.0002715681682610394,-19.11107958856344,-19.13345628482128
181,181,0.0002710818153741222,0.0002721582170220484,-19.139757816154116,-19.124030403404127
182,182,0.0002711251806815817,0.0002712008671982116,-19.137310910799073,-19.139334175368163
183,183,0.0002720922472605904,0.0002678573946468532,-19.127853661907217,-19.193208511516353
184,184,0.00026881178770785596,0.0002703178753635209,-19.177130860343308,-19.15349726118946
185,185,0.00026889673773842603,0.00027083282015825575,-19.17656242452573,-19.14523199415055
186,186,0.00026926926856850916,0.0002673738835207922,-19.169610319772534,-19.201055073541934
187,187,0.0002722528906534282,0.00026757500554116343,-19.127185511067747,-19.19778948351874
188,188,0.00026784352097089026,0.0002682738160824795,-19.191262306336046,-19.18646204481613
189,189,0.0002674460466579083,0.0002699110604896161,-19.19316636302598,-19.160038098844158
190,190,0.0002678520452427995,0.0002692127332250637,-19.185438604486443,-19.171288941441283
191,191,0.00026812271851705405,0.00026693044071036736,-19.189807170309653,-19.208263879501054
192,192,0.0002681105775691415,0.00026654998471617306,-19.17989246433233,-19.214458294854353
193,193,0.00026569200830279665,0.00026905214901106725,-19.217552807403766,-19.173880261900415
194,194,0.00026727170781256417,0.00026820107335592374,-19.19342175681169,-19.187639798539827
195,195,0.00026574061995074535,0.00026355686407585283,-19.217876321159373,-19.26350159979004
196,196,0.0002670469179271826,0.0002677455057365526,-19.19811768788837,-19.195023017636533
197,197,0.0002669383622897962,0.0002634977572597563,-19.205747561646504,-19.264475683429268
198,198,0.00026402520387884727,0.00026423796110688463,-19.24605642882192,-19.252292818184024
199,199,0.0002649016736840983,0.00026100722147691017,-19.228374364791005,-19.30571967997941
200,200,0.0002646699950420634,0.00026707945232230584,-19.248229684971484,-19.205840144535525
201,201,0.0002643880759877124,0.0002620919066861174,-19.24008375329001,-19.287708811646443
202,202,0.0002645016740887551,0.00026399430843364254,-19.241721904770024,-19.256299276141874
203,203,0.00026493120492080747,0.0002666610541238793,-19.241243255437638,-19.212648998794855
204,204,0.00026225329142126266,0.00026594232430828636,-19.284742824069948,-19.224370313191525
205,205,0.0002610129602769505,0.0002661698366098694,-19.29681089649182,-19.22065653438996
206,206,0.00026495648819842787,0.0002597065843139334,-19.227285211615452,-19.32741531052652
207,207,0.0002610088753893242,0.0002593352523705873,-19.2917517115037,-19.333629354561705
208,208,0.00026224191392383047,0.0002654957252640375,-19.281414435644912,-19.231669585283694
209,209,0.0002604279594829536,0.0002590157045664168,-19.310243847357018,-19.338983945453396
210,210,0.00026170769796380293,0.00026599836909506276,-19.285031706506686,-19.223455175770066
211,211,0.0002639210259676287,0.0002653178533747498,-19.251352144201107,-19.23458016579645
212,212,0.0002635128253929259,0.0002623169750318323,-19.26121541484455,-19.283980959201365
213,213,0.00026234217902006986,0.0002614682943155793,-19.287708050666165,-19.298054576619833
214,214,0.00026107529318080157,0.00026249176038331106,-19.29537874120292,-19.281088159926163
215,215,0.00026244028518216436,0.00025964396052969327,-19.287812851308292,-19.32846266339187
216,216,0.00026096395002654036,0.00026044207257463743,-19.306589709135174,-19.315133486790987
217,217,0.00026121640580312644,0.00025956268119013036,-19.29865083792975,-19.32982239826877
218,218,0.00026179289312663575,0.0002606398239119076,-19.295879802120403,-19.311837178887473
219,219,0.00026040775557384664,0.00025986850500646,-19.307133290962927,-19.324708434581453
220,220,0.0002604095124550759,0.00026178425622148146,-19.316171442670118,-19.29280967035948
221,221,0.0002602479965474034,0.00025850351084955037,-19.312629529525214,-19.347580456303774
222,222,0.00025826060758020307,0.0002643525421215025,-19.342645745303045,-19.250410003307294
223,223,0.0002604649567522934,0.0002617280153667946,-19.31146454877861,-19.293742794347875
224,224,0.00025845225435350397,0.00025818243279661005,-19.334927907315738,-19.352978026967968
225,225,0.0002622027101640868,0.00025781704263001874,-19.278760608014267,-19.359128690570284
226,226,0.0002574551581721945,0.00025769322497868225,-19.361189414331903,-19.36121490794171
227,227,0.00025725653248037374,0.0002596448428352903,-19.368016971442717,-19.32844790549801
228,228,0.00026043771181649233,0.00026012431925138166,-19.315754256857314,-19.320435347771724
229,229,0.00025856847104918906,0.00025798340318847055,-19.342313244983625,-19.356327239907223
230,230,0.00025880741829787063,0.00025893446275547733,-19.336326784355798,-19.340346349511012
231,231,0.00026192316172174033,0.00025556969845446904,-19.29733113692513,-19.397151309020238
232,232,0.00025557389227222154,0.0002612146789416377,-19.387150359985277,-19.30226913005693
233,233,0.00025711127346232724,0.0002574747670319323,-19.361485943309617,-19.36489817584498
234,234,0.00026005541770142914,0.00025867653848284756,-19.326964722637413,-19.344674507040708
235,235,0.00025837825051360023,0.0002614383717484184,-19.343312791253272,-19.298551613917688
236,236,0.0002595331485637646,0.0002628212862059866,-19.32816458787576,-19.275639551096322
237,237,0.00025689823957419347,0.000256463231237017,-19.369762000921533,-19.381993817059467
238,238,0.0002594231561872839,0.0002595001998614814,-19.330136702922122,-19.33086794775327
239,239,0.00026120314810823493,0.00026136451158795113,-19.294383349339345,-19.299778732640988
240,240,0.0002621133258499051,0.0002598074872941269,-19.285358236038185,-19.325728287577512
241,241,0.00025829985304543575,0.000257995311250469,-19.347340248575993,-19.356126781807994
242,242,0.0002597799100409041,0.0002573013832596572,-19.32663704142028,-19.367823704479335
243,243,0.000257001067007671,0.00025980192003771663,-19.37011987316412,-19.325821350894085
244,244,0.00026098263903626617,0.00025958717589291106,-19.308708019083756,-19.329412577708627
245,245,0.00025970601961592733,0.0002599817924324031,-19.321980844474066,-19.322815577927244
246,246,0.0002576352925803128,0.0002611661873647551,-19.358288811691274,-19.303075423919424
247,247,0.0002551736082394425,0.0002566229270182942,-19.390969171602883,-19.379290372512557
248,248,0.00025853846740030406,0.00025869886571614956,-19.34145764941783,-19.34429966919003
249,249,0.00026053039866533206,0.0002586292202498666,-19.316096129339527,-19.3454690099894
250,250,0.00025855730432949804,0.00025692845749864847,-19.343962637850073,-19.374122818833342
251,251,0.00025900411203542013,0.0002608107208384593,-19.329071938539972,-19.30899051986755
252,252,0.0002568812138333763,0.0002620380477501864,-19.36727902969499,-19.288601362761312
253,253,0.0002613645473005461,0.000258070782078185,-19.295169995560652,-19.354856535043904
254,254,0.00025810246171607376,0.00025759957268172383,-19.350257841127746,-19.362793531839387
255,255,0.00025907247168247195,0.00026024949176261494,-19.341184634940454,-19.318346013880877
256,256,0.00025787957438109344,0.0002639248406539034,-19.34842247359352,-19.257442234249645
257,257,0.0002595439441346074,0.00026253564589607875,-19.328202046562254,-19.280362131690424
258,258,0.0002609440862121944,0.000259532835211997,-19.30187336758641,-19.330321803222773
259,259,0.0002602780015464661,0.00025850372989416907,-19.314748618907917,-19.347576776283006
260,260,0.000257851125386822,0.0002595235250498119,-19.353297147880376,-19.330477599485864
261,261,0.00025704942947282387,0.0002574352585820873,-19.364400528302212,-19.36556463409735
262,262,0.0002641448812300013,0.0002636443218522656,-19.257214857766694,-19.262060691421173
263,263,0.00025861478559480807,0.0002621383318910375,-19.34191855582264,-19.28693959961375
264,264,0.0002557183948907156,0.000260229925563755,-19.381870883617015,-19.31867253946163
265,265,0.0002567042455919682,0.00025555190069625447,-19.375590559206394,-19.39745376026467
266,266,0.0002591378301845326,0.00025945993088259315,-19.329553945623964,-19.331541933838984
267,267,0.0002600670929880544,0.00026064740239618053,-19.312804936595324,-19.31171090324767
268,268,0.00025899572533161675,0.0002581350877574694,-19.33881185093526,-19.353774501559023
269,269,0.00026039507500491267,0.00025820367016805043,-19.31356932538799,-19.35262080305435
270,270,0.0002590755313351635,0.0002612195262611893,-19.3454777863035,-19.302188539463423
271,271,0.00025731718651326275,0.0002621636338421683,-19.356375164614207,-19.2865204328555
272,272,0.00026156361645073196,0.000260673805697527,-19.295471659187914,-19.311270989892503
273,273,0.0002627024869914599,0.0002607698062140691,-19.2701465790447,-19.309671871824403
274,274,0.00026159469334087,0.00026106100995093584,-19.29968617761702,-19.30482477635817
275,275,0.000263986512136492,0.000261965089042573,-19.2529801258249,-19.289810728206028
276,276,0.0002579059651044687,0.0002646191393356084,-19.34740872731758,-19.246032388669732
277,277,0.00025983088419979114,0.0002607423812150955,-19.315163282789626,-19.31012864066005
278,278,0.0002613235155502142,0.0002624789952900947,-19.295817419957476,-19.2812993644356
279,279,0.00025877689438051133,0.00026088065045003434,-19.33964881494054,-19.307826228246793
280,280,0.0002626490009019689,0.0002630430681165308,-19.280828953222432,-19.27197629973295
281,281,0.0002618876488977736,0.00026488988231377383,-19.2870789029256,-19.241591210639875
282,282,0.00026132982403049535,0.00026105429232733225,-19.29725256360324,-19.304936530480294
283,283,0.0002598995548377735,0.00026253815035727853,-19.31912112166134,-19.280320702326133
284,284,0.00026352981317874773,0.00026230400927536383,-19.257169608780583,-19.284195626805502
285,285,0.00026344175803950346,0.00025815347908064723,-19.268540173067134,-19.35346509125295
286,286,0.0002627303347065949,0.0002619447041070089,-19.272408233119812,-19.29014868963182
287,287,0.0002637272000075174,0.000260229741750089,-19.251411151483445,-19.318675607106094
288,288,0.00026225692294922073,0.0002666898531300065,-19.286012781812072,-19.212179992394475
289,289,0.0002634567742658414,0.0002637852556194718,-19.264004032003207,-19.25973974616203
290,290,0.0002644110638132204,0.00026170963859553203,-19.25208842588381,-19.294047737268865
291,291,0.0002580342777421429,0.0002608366263111269,-19.35376857496066,-19.308559170838308
292,292,0.00025971491293640825,0.0002620978737372513,-19.325763281293433,-19.287609936869497
293,293,0.0002593370786083133,0.0002639518658581533,-19.328905614127795,-19.256997550976315
294,294,0.0002610683118619658,0.0002629260331894712,-19.294332870133054,-19.273909022538323
295,295,0.0002622673037154696,0.0002600703316458844,-19.2790393049998,-19.32133679953415
296,296,0.0002621280477375042,0.00026226187765132636,-19.284816635802272,-19.284893252492893
297,297,0.00025768024029603864,0.0002628796692557731,-19.35436560389484,-19.274674917640752
298,298,0.00026089110013851225,0.00026178635093138407,-19.303235776186177,-19.29277491970925
299,299,0.0002602112688635447,0.00025984628729546736,-19.31334221239922,-19.325079754752956
300,300,0.0002622544773273439,0.00026135080827914764,-19.28540777555152,-19.300006438666518
301,301,0.00026282877151220655,0.000262986045287873,-19.265101805099285,-19.27291787118953
302,302,0.00026228843129614426,0.000263335951450771,-19.29027250154714,-19.26714337044435
303,303,0.0002624663563634835,0.0002611818421619797,-19.275639234303167,-19.302815107361585
304,304,0.0002606029236105933,0.0002588792359395149,-19.312388658132324,-19.34127273294108
305,305,0.00025916759230162873,0.0002638848650109905,-19.320406087864175,-19.25810009260179
306,306,0.00026344572561168945,0.000261707979677196,-19.269232886675553,-19.294075266303203
307,307,0.00026114886571393956,0.0002617250697527963,-19.294509984148387,-19.293791672229833
308,308,0.0002653512845089486,0.00025896096945201094,-19.229579842866567,-19.339901792122312
309,309,0.0002601667439034593,0.00026543200702259417,-19.313611835834717,-19.23271200515011
310,310,0.00026395436905602896,0.00026391784501212994,-19.25892590499067,-19.257557350692565
311,311,0.0002589772115449527,0.00026014348871907905,-19.340194668546292,-19.32011531282364
312,312,0.00026108830094279855,0.0002653758419910446,-19.30565617648677,-19.23363106327686
313,313,0.0002619013776546632,0.00026418729286984,-19.28950591126815,-19.253125667698995
314,314,0.0002624988324877796,0.0002613766938386681,-19.272372461401122,-19.299576311855727
315,315,0.00025745910459159654,0.0002636072726760942,-19.349321638118397,-19.262671035817046
316,316,0.00025905167099482085,0.00026217553194759314,-19.325333965299404,-19.286323335943077
317,317,0.00026083548766916097,0.00026374709666829164,-19.298263499897875,-19.260368038318514
318,318,0.00026359173457843934,0.000263490834377559,-19.256385190381952,-19.264589787210078
319,319,0.00026064258268026195,0.00026364652455269704,-19.306789862115956,-19.26202440705746
320,320,0.00026202771408224154,0.0002606630265577941,-19.284216840113704,-19.311450579003292
321,321,0.0002584314574163465,0.00026001440021086877,-19.34501500929827,-19.322270905544116
322,322,0.00025839531225915616,0.0002576998491636722,-19.33826647591036,-19.361103270935597
323,323,0.00026154956185095706,0.0002637111733508247,-19.287585056540983,-19.260959603545885
324,324,0.0002594318003249691,0.00026167073366722385,-19.3253479372453,-19.294693393721026
325,325,0.00025948597230473244,0.0002625848765570768,-19.327735161939422,-19.279547819411228
326,326,0.0002599585898575786,0.0002615698421753845,-19.32051696187943,-19.296368211032327
327,327,0.0002626148630089616,0.0002642562344829601,-19.27839157351211,-19.251992492221518
328,328,0.00026052421425137975,0.00025954429752585525,-19.319472337928623,-19.33013000052736
329,329,0.00025895966568568085,0.0002567951366807775,-19.334019103781035,-19.376376968632187
330,330,0.00025692669486929425,0.00026154096581433947,-19.356215275636735,-19.296847682841378
331,331,0.000260470505982647,0.0002661225168451079,-19.313713570700628,-19.22142869324746
332,332,0.0002581225249066603,0.00026100533355738183,-19.344630312654093,-19.30575109351633
333,333,0.0002571867128411673,0.0002629879194213764,-19.369888705834025,-19.272886921907112
334,334,0.00026060393999436315,0.0002622458207617073,-19.313729585347645,-19.28515915587549
335,335,0.00026116332386682753,0.0002588510841106702,-19.304893249490434,-19.34174503226222
336,336,0.0002589437424399669,0.0002607967992509274,-19.331530284355747,-19.309222344310754
337,337,0.00026044501057710765,0.000258912504681288,-19.31745028930851,-19.34071465408974
338,338,0.0002620954220435227,0.00026429719429487655,-19.287374675648024,-19.251319386368365
339,339,0.00025807634132827835,0.0002572589154097889,-19.35473491553209,-19.368540571013565
340,340,0.00026023662940133363,0.0002607098316442908,-19.31474497853354,-19.31067082261493
341,341,0.0002571847069271619,0.00026257959804130033,-19.363607452387516,-19.27963512273753
342,342,0.00026003574006158627,0.0002579276999887569,-19.315031765005973,-19.357265060093884
343,343,0.0002543618072954861,0.0002589114500503791,-19.41693488491943,-19.340732344286575
344,344,0.00025883785175332395,0.00026217251970114087,-19.33931366626544,-19.286373234174157
345,345,0.00025693646025455065,0.00026453638335959494,-19.37052980265261,-19.24739079701959
346,346,0.0002587946957234082,0.00025845579435362627,-19.33179582063747,-19.348382183276314
347,347,0.0002559947078572298,0.0002631782094555858,-19.387688861495125,-19.269745635880295
348,348,0.0002604019678120991,0.0002635656442419675,-19.311115421586813,-19.263356920796674
349,349,0.0002621944649289026,0.000260810413716459,-19.283125249840573,-19.308995633977432
350,350,0.0002601139085996205,0.00026292917563727026,-19.31786013435803,-19.27385711670128
351,351,0.00025927540459118055,0.0002589203213574365,-19.33336925309972,-19.34058354075943
352,352,0.0002614335892373965,0.0002606952766655013,-19.29963808758827,-19.31091328847778
353,353,0.0002569776234221789,0.00026374029326497724,-19.36695743893327,-19.260480066798213
354,354,0.00025650547093054106,0.0002622792273637299,-19.370000471897256,-19.28460595815923
355,355,0.0002577094975966941,0.0002614600150417046,-19.369340462797684,-19.298192096157173
356,356,0.0002585002605217634,0.000258827381338434,-19.34150229435492,-19.34214273021113
357,357,0.00025753803898042704,0.0002564026278713228,-19.363744056672235,-19.38302019489144
358,358,0.00026099311056446053,0.0002609593586959435,-19.310971110995958,-19.306516150194565
359,359,0.0002590365075991134,0.0002600164137364022,-19.33245583000437,-19.32223727434362
360,360,0.00025953205236949067,0.0002582495600156682,-19.33460001694582,-19.35184901167099
361,361,0.0002553391464765078,0.00025623189561118026,-19.38506633904641,-19.385913019225647
362,362,0.0002562651456004854,0.00025952875225094,-19.375792837087282,-19.33039012680902
363,363,0.00025702930402404334,0.0002641735374804978,-19.365864619058627,-19.253351796864745
364,364,0.0002597596101191605,0.0002567131243842213,-19.328542026763284,-19.377764190254346
365,365,0.0002595419410709772,0.0002625816192257365,-19.329306506215403,-19.279601693412644
366,366,0.0002595796507840842,0.00025886187090930576,-19.32328784619328,-19.341564057570352
367,367,0.00025467319277801655,0.000260928474170597,-19.399248939382023,-19.30703016788592
368,368,0.0002595036282784968,0.0002577082992310783,-19.341487595819007,-19.36096086660389
369,369,0.0002597782556231604,0.0002563496634952332,-19.31840722060764,-19.383917397565803
370,370,0.000256178654867138,0.00025720381956106345,-19.3855730118368,-19.369470777286722
371,371,0.00025524822596014124,0.0002586842655498338,-19.399815460455905,-19.344544778521367
372,372,0.00025866423225265534,0.00025895391330490574,-19.344555108674296,-19.34002012993625
373,373,0.0002567328908120656,0.00025977543784967184,-19.37021175842712,-19.326264059490676
374,374,0.0002597940450512622,0.0002578695926594695,-19.318168422517388,-19.35824357211533
375,375,0.00025593000629163087,0.0002565429565852116,-19.38688187539546,-19.380643958913918
376,376,0.00025806350473881,0.0002564344291673287,-19.350047838023706,-19.382481578299643
377,377,0.0002572882574558085,0.0002581559391202111,-19.363581779237006,-19.35342370592972
378,378,0.00025893186537678516,0.0002539003823920594,-19.342723866215206,-19.4256113649158
379,379,0.0002560352079375868,0.0002589820168826631,-19.385493473574826,-19.339548827288862
380,380,0.00026097569822276144,0.00025915797328037257,-19.31588192000318,-19.336599165152407
381,381,0.00025770363107458064,0.00026051150971876557,-19.35552150495669,-19.31397575720672
382,382,0.00025755349911518933,0.0002599940129776338,-19.35585951066458,-19.32261144091528
383,383,0.0002557996527853508,0.00026206772676423977,-19.38936288080474,-19.28810949899364
384,384,0.0002586001183143961,0.00025708235931999395,-19.34456313353051,-19.371522145400974
385,385,0.00025781603111794276,0.0002596179087719831,-19.350701309030985,-19.328898440994493
386,386,0.0002557748969771525,0.0002588383963723716,-19.392208730113445,-19.341957909476836
387,387,0.00025673038038165916,0.0002560691255463385,-19.366756253323633,-19.38867273042821
388,388,0.0002588434327878634,0.0002558796128907584,-19.33858724848648,-19.391888064236042
389,389,0.0002555997346734302,0.00025619614691669613,-19.39593950987444,-19.38651897594489
390,390,0.00025763703100911353,0.00025549669149576833,-19.361431519466198,-19.398392107481786
391,391,0.00025552834867807007,0.0002540988383483828,-19.39234794789558,-19.422218118328097
392,392,0.0002542660538930465,0.0002584576171724812,-19.414054472902198,-19.348351553768453
393,393,0.0002578093631903535,0.00025947505491785705,-19.35823936000222,-19.331288789023514
394,394,0.0002556100762845257,0.00025800245317728505,-19.395673786314962,-19.356006560379903
395,395,0.0002553935968929172,0.00025721540288558523,-19.394297283109847,-19.369275194629495
396,396,0.00025555615423765687,0.0002545589032754498,-19.389134049796077,-19.41436200222973
397,397,0.00025554615197122363,0.0002571063776390235,-19.404571955434964,-19.371116417983124
398,398,0.0002518200877208992,0.00026474140682502796,-19.448722803654384,-19.244026190916596
399,399,0.0002559030457932656,0.00025348795584010845,-19.38663683543233,-19.43267162238149
400,400,0.00025488019497229804,0.0002579047171533794,-19.40034025762469,-19.357652058594084
401,401,0.00025181462415181985,0.00025461377088887324,-19.454657811067733,-19.41342602498483
402,402,0.0002538904082030058,0.00025459175307524244,-19.423858869412523,-19.413801598874716
403,403,0.00025484922639641564,0.00025647061518516,-19.406213567029653,-19.3818687791835
404,404,0.00025521387248876094,0.0002543673372680419,-19.395863072437493,-19.417631476555826
405,405,0.00029862504998538834,0.0002782906813081354,-18.718984592838815,-19.02725827417803
406,406,0.00027433498153467807,0.00026925522405164023,-19.097267777742562,-19.170603532725586
407,407,0.00026476606648636155,0.0002636912333975105,-19.237894945424486,-19.261287998395325
408,408,0.0002606621691081001,0.00026599682276259715,-19.305534295550807,-19.22348042275227
409,409,0.0002649932421357419,0.0002584180949366112,-19.230921995722746,-19.34901570913819
410,410,0.00026174370735312436,0.00025849261682627623,-19.30057889170754,-19.347763483368816
411,411,0.00025168676247349796,0.0002595065276469349,-19.447386855499634,-19.330762048459114
412,412,0.0002578655235318121,0.0002545313748812891,-19.350610390418797,-19.414831680406834
413,413,0.00025516692065926674,0.0002586291245135822,-19.402595469156175,-19.345470617609287
414,414,0.00025258115063704666,0.0002535807197043476,-19.441349372002737,-19.431082613367465
415,415,0.0002526616633836103,0.00025399225016467666,-19.441524767885273,-19.424040258560243
416,416,0.0002544395328252144,0.00025559039204381406,-19.407079855297077,-19.39679967313022
417,417,0.00025350302196775094,0.0002554548233379855,-19.43609102169897,-19.399103842721054
418,418,0.00025348087140243767,0.0002522183234472514,-19.427694145810925,-19.454478569353014
419,419,0.000254156029112301,0.00025810353460991263,-19.424268037680157,-19.35430539395234
