,epoch,train_loss,test_loss,train_dbs,test_dbs
0,0,0.0022275335342652096,0.0021633074226740157,-10.508380550332305,-10.62800556225575
1,1,0.00211972591932863,0.002050145094184891,-10.722005984370115,-10.86134198335256
2,2,0.002019029565529955,0.0019537311868349973,-10.933604811552478,-11.070539875736024
3,3,0.0019241157647932774,0.001873560819627815,-11.130880766647548,-11.252510008981254
4,4,0.0018665755657267938,0.0017990752270347194,-11.283006970787866,-11.428694732104494
5,5,0.0017711019381093456,0.0017243828440673258,-11.49751272256988,-11.612851032510958
6,6,0.0017048400003443827,0.0016534023942719948,-11.670290577661435,-11.795402344578205
7,7,0.0016355220103617181,0.00159014125452622,-11.84483134000487,-11.96483091611398
8,8,0.0015738705670000199,0.0015393169106621492,-12.001207115677758,-12.10590756163323
9,9,0.0015453267026423793,0.0015107779947452638,-12.084212276090563,-12.18718146166464
10,10,0.0015153052398128454,0.0014987507173301357,-12.172912842767676,-12.221893926781915
11,11,0.0014996603299316364,0.0014825691836641024,-12.222804347990765,-12.269038279104794
12,12,0.0014688671535341856,0.0014557746655650828,-12.301108370410995,-12.348246394409541
13,13,0.0015173190292547044,0.001459944760426879,-12.177005740386992,-12.335823728454894
14,14,0.0014774356128590316,0.0014622581963378348,-12.285510259180086,-12.328947322708055
15,15,0.0014670609458128816,0.00145478623821155,-12.314006862420545,-12.351196125242156
16,16,0.0014646467452715198,0.0014543026857274143,-12.321943025462827,-12.352639904947733
17,17,0.0014586508749340921,0.001443465277062435,-12.335079608099642,-12.38512455372411
18,18,0.001451400569496081,0.0014476614305749536,-12.363843116230033,-12.372517928144408
19,19,0.0014481842421840147,0.0014368902070839937,-12.370773265136537,-12.404952117268866
20,20,0.0014453430554455088,0.0014353929528672445,-12.3803039109768,-12.40947986935337
21,21,0.0014271158364975883,0.0014227002577267979,-12.42821597178671,-12.448053864621313
22,22,0.00144310028066609,0.0014203106126699009,-12.388565996302798,-12.455354645051857
23,23,0.0014279873768040508,0.0014084985381678532,-12.426480888465381,-12.49162396063878
24,24,0.00142551947159443,0.001403250725400683,-12.440695624082194,-12.507835212493374
25,25,0.0014301841483288205,0.001396996833040918,-12.43242600263965,-12.52723375066726
26,26,0.001407541525454174,0.0014043381364133797,-12.4868770108206,-12.504471068744179
27,27,0.0013942771588845812,0.0013901502212607547,-12.53223071142466,-12.548570634863914
28,28,0.001400684675000147,0.0013787309075460623,-12.517354301512908,-12.584392852000342
29,29,0.0013914298345382833,0.001376776508741865,-12.545601284536898,-12.590553494163125
30,30,0.001383634412555581,0.0013723460540763642,-12.569244528848941,-12.604551587266457
31,31,0.0013790567868782841,0.0013646922674716304,-12.583306226969048,-12.628840658604702
32,32,0.001367869516882623,0.0013519222725574907,-12.618438103034364,-12.669670736576784
33,33,0.0013658421272507955,0.0013469841000378917,-12.621775782310596,-12.685563273575983
34,34,0.0013565728944947117,0.0013420182758157974,-12.654964472528345,-12.701603664828568
35,35,0.0013474645201097598,0.0013334706768785651,-12.677558479826406,-12.729353266843464
36,36,0.0013439010339068999,0.001332635580758123,-12.695076280069571,-12.732073920964348
37,37,0.001336452350759706,0.0013308561419283873,-12.717094890487994,-12.737876834283227
38,38,0.0013356027577418027,0.0013202418217827614,-12.719520150130739,-12.77265310708097
39,39,0.001337007692650191,0.0013200240332241122,-12.71363745886045,-12.773369583183388
40,40,0.0013306025096416934,0.0013177448601805065,-12.733298132803867,-12.780874657073282
41,41,0.001333813448244533,0.0013058060584099668,-12.727731531358957,-12.820401174234156
42,42,0.0013153554881279617,0.0012986902944057395,-12.788984991856653,-12.844132017454095
43,43,0.0013495586505255749,0.0013155516322800203,-12.67626463948628,-12.788108988624735
44,44,0.001322216119079553,0.0013168750906755265,-12.760288234747897,-12.783742137903984
45,45,0.0013154227761839777,0.0013057578379582417,-12.78284629935577,-12.820561552282964
46,46,0.0013119690480267571,0.0012997608558323822,-12.803202938460458,-12.84055343221578
47,47,0.0013170265700648894,0.001299683243575457,-12.789864452277342,-12.840812769009585
48,48,0.0013074293377396372,0.001293395437594307,-12.819367330767593,-12.86187471990911
49,49,0.0012919494663797243,0.0012905353888575184,-12.859453063032122,-12.871488784487743
50,50,0.0013020336579953886,0.0012839326365409714,-12.832808009463033,-12.893765582299713
51,51,0.0012835453158801364,0.0012854942929391797,-12.88570266030711,-12.888486437505977
52,52,0.0013835007341617008,0.0012947446299030592,-12.5675531263736,-12.857346782374714
53,53,0.0013061746626074628,0.0012985133124809515,-12.820437647619746,-12.844723902304764
54,54,0.0013043748769313865,0.0012904769790015723,-12.827639441982935,-12.871685351373252
55,55,0.0013055049708669947,0.001287413136053242,-12.825789850601,-12.88200860529805
56,56,0.0013003289920383507,0.0012826084919077786,-12.840717487118491,-12.898246856744038
57,57,0.0013009594470147312,0.0012933773258210796,-12.835894152647459,-12.861935535789666
58,58,0.001302210906923739,0.0012811451084225585,-12.83198719415201,-12.903204739135536
59,59,0.001296563446041696,0.0012912597249899256,-12.847989026748731,-12.869051912623561
60,60,0.001295818150350728,0.0012783182074168795,-12.851235292281174,-12.912798219138015
61,61,0.0012798742259151697,0.0012715665721579601,-12.902281827939559,-12.935796942945348
62,62,0.0012926585028984958,0.0012794378654737222,-12.868281866880798,-12.908995969565282
63,63,0.0012921691420920117,0.0012783586096606757,-12.868664569966644,-12.912660959149413
64,64,0.001291513529404537,0.0012756217283343798,-12.865598044165749,-12.921968884468457
65,65,0.0012885192505170389,0.0012825790633398451,-12.875274369863579,-12.898346503763127
66,66,0.0012869073459686538,0.001273598895702315,-12.881954059463682,-12.928861228159878
67,67,0.0014137002464249422,0.0012921922668618592,-12.470216525101808,-12.865916589745552
68,68,0.001296656032227287,0.0012836425847030785,-12.855417516969283,-12.894746803119702
69,69,0.001298307383567402,0.0012899844809190224,-12.83724909435086,-12.87334311069668
70,70,0.0012964493398237781,0.0012870365998854762,-12.85541395437356,-12.883278993907943
71,71,0.0012915868626561823,0.0012825684940540477,-12.861078325918726,-12.898382292600976
72,72,0.0012900413964519796,0.0012783125275745988,-12.868476229808811,-12.912817515817249
73,73,0.0013018145895630274,0.0012879121840294254,-12.832996791591363,-12.880325448740827
74,74,0.0012868080388985037,0.0012742535909637809,-12.880401765061237,-12.926629305023598
75,75,0.0012940981091701031,0.0012755468058841008,-12.864860420210968,-12.922223970765579
76,76,0.0012925842251225385,0.0012831080484351045,-12.865102791153621,-12.896555675021142
77,77,0.0013009950809046318,0.0012844446188721218,-12.845213981221324,-12.892034130241983
78,78,0.0012810471306852612,0.001273441226466706,-12.905067097066276,-12.929398910142053
79,79,0.0012808035466263129,0.0012811340857297182,-12.898958628172373,-12.903242105045443
80,80,0.001284168183457913,0.0012702915670448228,-12.893127618199143,-12.940153816548436
81,81,0.0012821712886396143,0.0012717772103650006,-12.90035337752261,-12.935077582772072
82,82,0.0012833824748480598,0.001268750075005779,-12.892912776073729,-12.945427157147655
83,83,0.001281081588420364,0.0012764911179577833,-12.904843923322744,-12.91900999390669
84,84,0.0012743626589185953,0.0012692874787669432,-12.92234499869172,-12.94358800791073
85,85,0.0012657414094458537,0.0012617418910131643,-12.953214792556889,-12.969482743639734
86,86,0.0012764334426616732,0.0012684239344181198,-12.922653123731447,-12.946543683312585
87,87,0.001268830359193314,0.0012646459141059925,-12.940741084827344,-12.9594985143187
88,88,0.0012737052831990818,0.0012615020386874676,-12.923735376221504,-12.970308399380816
89,89,0.001265283195138669,0.0012618561005709988,-12.960745832638372,-12.969089649486488
90,90,0.0012642271797527972,0.0012550845521649247,-12.957193642707534,-12.992458124217912
91,91,0.0012601888894593133,0.0012537351331526512,-12.968508230703307,-12.997130004710167
92,92,0.0012612271449077375,0.0012496413761063625,-12.963816590911911,-13.011334002180712
93,93,0.0012547883322731276,0.0012546529392956903,-12.988866528610945,-12.99395188274774
94,94,0.0012589750893068376,0.001240835439315752,-12.979291067119817,-13.042046078440608
95,95,0.0012564971075710101,0.001241901209332833,-12.98743030704593,-13.038317466579345
96,96,0.0012473365239146137,0.0012360040992988569,-13.019158657159553,-13.0589888552171
97,97,0.0012499440675025288,0.0012389458348288347,-13.014550656123916,-13.048664766701869
98,98,0.00124804141628796,0.001233341478693642,-13.018344123052422,-13.068354590776405
99,99,0.001241992763003584,0.0012375546717330029,-13.034492518501882,-13.053544026915201
100,100,0.001251392294508741,0.0012298776817164924,-13.007013135191057,-13.080568760991849
101,101,0.0012496176329393363,0.0012262024316250493,-13.02082108988145,-13.093566236253405
102,102,0.0012373382984132496,0.0012258268819239579,-13.050167994010868,-13.094896556109196
103,103,0.001231530473625153,0.0012193425546253198,-13.07478992647306,-13.117930658564802
104,104,0.0012432078773290227,0.001217530286674829,-13.039062667834497,-13.124390233331187
105,105,0.0012293713126504391,0.001219695740330376,-13.083861402874422,-13.11667289558353
106,106,0.001239047221330561,0.001215902212271957,-13.054808975238322,-13.130201480079144
107,107,0.001224382552462294,0.0012225769031302708,-13.106102554422108,-13.106426097878304
108,108,0.0012220873751859996,0.0012082247014500592,-13.106535878441477,-13.15771086264756
109,109,0.0012295197325845047,0.0012051416744821165,-13.075957763518726,-13.168806917862831
110,110,0.001218878115604142,0.0012058278937873087,-13.118475402475568,-13.166334706934995
111,111,0.0013099351571392768,0.0012122785402952057,-12.811032492007094,-13.143163792792894
112,112,0.0012174586311808414,0.001213554948519327,-13.121933998189121,-13.138593511261984
113,113,0.0012374652079162524,0.0012089056207945472,-13.058683382067153,-13.15526399812368
114,114,0.0012323814996316569,0.0012162441792162625,-13.079649628772657,-13.128980218411643
115,115,0.0012144801139677922,0.0012125659023264521,-13.132132405302468,-13.142134450515348
116,116,0.0012257540581709484,0.0012133356097987608,-13.09596825734298,-13.139378528913008
117,117,0.0012181711769614792,0.0012150684457370325,-13.118756714165645,-13.133180538821122
118,118,0.0012230559614650213,0.001212268792043783,-13.105141520949937,-13.143198715697837
119,119,0.0012221356215358701,0.001214790819702964,-13.100358248888067,-13.13417295395288
120,120,0.0012248099683159867,0.0012123204743195522,-13.100132115032002,-13.143013568238073
121,121,0.0012242597859045586,0.0012054432330555038,-13.103317718146279,-13.167720333236286
122,122,0.0012243100845245357,0.0012085581639487493,-13.095317678756928,-13.156512402280306
123,123,0.0012094765234277728,0.0012124431331789023,-13.154744589057428,-13.142574184657313
124,124,0.001219606389454806,0.001211295437410866,-13.11611611543631,-13.14668715279888
125,125,0.0012229567252041906,0.001206514934126876,-13.106420578087848,-13.163860947128272
126,126,0.0012237561012128579,0.0011981872743681858,-13.111919410205008,-13.193940938952064
127,127,0.0012202338548377156,0.001212742124488087,-13.117623161845229,-13.141503336350254
128,128,0.0012121457467335708,0.001206028673454727,-13.143296279051867,-13.165611633241276
129,129,0.001209289580823604,0.0012040818355193263,-13.161289689200897,-13.172627918621178
130,130,0.0012231298347877473,0.0011993981775288518,-13.110050976584162,-13.189554120496068
131,131,0.0012181459964473837,0.0011957110898373159,-13.12518980666313,-13.20292539441218
132,132,0.0012125442795858708,0.0011984824729887279,-13.142124867116703,-13.192871094992489
133,133,0.001214258177157914,0.0011902849655598402,-13.14136275401118,-13.222678485696683
134,134,0.0012096092416952872,0.0011968158773685757,-13.15133812548493,-13.19891454588942
135,135,0.0012079347009031276,0.0011941242877295927,-13.156486670031375,-13.208692649403876
136,136,0.0012052283783145633,0.0011897766472477663,-13.170811860967461,-13.2245335623901
137,137,0.001213235833403683,0.0011863298223991144,-13.141647947626042,-13.237133486517905
138,138,0.0012108491740871182,0.0011912675353845483,-13.14722347373343,-13.219094901652257
139,139,0.001195827345411802,0.0011875877022056987,-13.199412911044561,-13.232531049370346
140,140,0.0011981628323933973,0.0011876944795643028,-13.190964047577252,-13.23214058782417
141,141,0.0011925056850364834,0.001182878972031176,-13.20880737511725,-13.24978485212165
142,142,0.0011948392109599772,0.0011845033885420936,-13.20350985754311,-13.243824891876347
143,143,0.0011956933729792224,0.0011917304946109653,-13.206058073567968,-13.217407442096036
144,144,0.0012081712256329729,0.0011835984187200665,-13.165866393392477,-13.247144203722845
145,145,0.0012043340470084978,0.001181180711443487,-13.176503825686263,-13.25602450278777
146,146,0.0011941132894189087,0.0011801386778978141,-13.212288301232595,-13.259857524701392
147,147,0.0011944249272346497,0.001172635979999445,-13.207576979652663,-13.287555811322262
148,148,0.0012349414929613163,0.00119171731517111,-13.055873037227366,-13.217455471324788
149,149,0.0012132998450284766,0.0011967958661874658,-13.141193236109467,-13.198987162056648
150,150,0.001200036948652381,0.0011879668178919115,-13.186307335180228,-13.231144864792979
151,151,0.001204869520284005,0.0011826250457057828,-13.178659474460115,-13.250717243709447
152,152,0.0011948635921688732,0.0011900846392994648,-13.200119223523995,-13.223409469569853
153,153,0.001195856637667058,0.0011870435157202576,-13.197953890615661,-13.234521566382897
154,154,0.0012011487365786715,0.0011929349397848312,-13.183203776914729,-13.21302037857173
155,155,0.0012118443522659928,0.0011937868916184495,-13.148112547030477,-13.209919908370015
156,156,0.0012010656436425202,0.001186605420355734,-13.188193665486121,-13.23612468804616
157,157,0.001213188051514942,0.0011894166910726774,-13.141338195858372,-13.225847679904156
158,158,0.0012060230665062507,0.0011831680986736167,-13.167093727842904,-13.248723452223373
159,159,0.0011948903364887864,0.0011856207673094775,-13.202878531408327,-13.23972998851338
160,160,0.0011885811901200063,0.0011965711417264845,-13.2227957614262,-13.199802721001992
161,161,0.0011985742057356791,0.0011811619563224284,-13.192364211586426,-13.256093461840111
162,162,0.001195847014800559,0.0011843848409817408,-13.209069829328888,-13.244259564569688
163,163,0.001199469419157843,0.0011903583868651797,-13.19486311430337,-13.222410604598572
164,164,0.0011920162594214697,0.0011883594132469672,-13.21888017803797,-13.229709859820693
165,165,0.0012023809375529438,0.0011821399920767075,-13.18318161555787,-13.252498867795756
166,166,0.0011848232759278,0.0011720072514818686,-13.240774707645366,-13.289884978751038
167,167,0.0011947521467011461,0.0011784989864712483,-13.203026541944094,-13.265895832865942
168,168,0.0011943310808832036,0.0011799750592265475,-13.214100710647713,-13.260459687936695
169,169,0.0011849393876096636,0.0011812528092904312,-13.240751194712196,-13.255759422760589
170,170,0.001194672949477723,0.0011797093014281831,-13.20782058600428,-13.261437930177603
171,171,0.0011909329392419186,0.001178348001925961,-13.219821745335537,-13.266452269115588
172,172,0.001190254812791329,0.001168673226952945,-13.224618801171715,-13.302257017122052
173,173,0.001200456516673193,0.0011690720290827908,-13.192553316607219,-13.300775268282257
174,174,0.0011698024889895903,0.0011754784132599046,-13.292152592613347,-13.277041385903214
175,175,0.0011741901560657726,0.0011740658971432008,-13.271891080491034,-13.282263232763245
176,176,0.001183280854524334,0.0011717579143710043,-13.242207284727707,-13.290809011016458
177,177,0.001178219949240921,0.0011573835263813013,-13.262861667853054,-13.34441500105703
178,178,0.001177413957961595,0.0011738062174500602,-13.268525753661697,-13.283223910796364
179,179,0.0011765852212886681,0.0011693855661800818,-13.268939387834212,-13.299610676439178
180,180,0.0011750070123750832,0.0011721161488247546,-13.275728069207947,-13.289481471707536
181,181,0.0011877843968512625,0.001167131428557791,-13.239092984331673,-13.30799032731894
182,182,0.001181585118942654,0.0011534625848167036,-13.256688893542242,-13.35915284890654
183,183,0.0011807654290604068,0.0011644704132585933,-13.256639845894082,-13.317903381441099
184,184,0.0011747416574507952,0.0011642586721695568,-13.284052306880119,-13.318693151169057
185,185,0.0011778088267316523,0.001162436704984621,-13.266172081311884,-13.325494819012054
186,186,0.0011762630868914355,0.0011662968593698583,-13.264846048501742,-13.311096904970508
187,187,0.0011646624716939692,0.0011602604369583883,-13.310320050642622,-13.333633129034867
188,188,0.0011733236360200441,0.0011510096282060993,-13.280948313699755,-13.368398401242995
189,189,0.0011648697233710861,0.0011635007532803637,-13.31275281911552,-13.32152127850335
190,190,0.0011692348886857328,0.0011512029327844318,-13.307971276506558,-13.367669093156366
191,191,0.0011581451819307103,0.0011530744009896328,-13.344392160947297,-13.36061466024267
192,192,0.0011786800729994154,0.0011544244388412487,-13.265767779737956,-13.355532845716088
193,193,0.0011646552599448058,0.0011480980258631078,-13.310460607760273,-13.379398264644875
194,194,0.0013024382492450555,0.0011701104782619758,-12.829445325848546,-13.296919282043746
195,195,0.001178613016573885,0.001167291677311847,-13.265825814235377,-13.307394075940579
196,196,0.001185951443609887,0.0011703295902790207,-13.238360481843191,-13.296106108987292
197,197,0.0011860171198537668,0.0011715457995275134,-13.241094366073902,-13.291595254009742
198,198,0.001184314797805219,0.0011686149947835428,-13.24252016297645,-13.302473420983677
199,199,0.0011892128992614518,0.0011717196627471008,-13.230027746228355,-13.2909507872327
200,200,0.0011809379865713033,0.0011677095960629614,-13.260920552193582,-13.305839474566262
201,201,0.0011843093646901478,0.0011578267133843742,-13.24328730240261,-13.342752312555303
202,202,0.0011812483174150291,0.0011655691962100957,-13.259717109325813,-13.313807353149727
203,203,0.001177813498946579,0.0011671389465367323,-13.268456329930196,-13.307962352695228
204,204,0.001206537023349905,0.0011699139875800985,-13.16599932690721,-13.297648631846117
205,205,0.001181184158170807,0.0011696358529948874,-13.255410055116174,-13.298681243454196
206,206,0.0011868141711564716,0.0011621191730036547,-13.231856044115995,-13.32668130275568
207,207,0.0011747877135123942,0.001171196081773623,-13.281579363630932,-13.29289185858303
208,208,0.0011835992672317422,0.001164412910216733,-13.248888715549123,-13.318117846919261
209,209,0.0011811487979169206,0.001166228217219836,-13.261857895843816,-13.31135251557284
210,210,0.004362569821844857,0.0011832331258215402,-7.576461985226874,-13.2484847696937
211,211,0.0011976995462186866,0.001179330112216504,-13.196451507652302,-13.26283408984069
212,212,0.0012146630312421733,0.0011785347137208049,-13.146445046540304,-13.265764174609753
213,213,0.0011938999001339999,0.0011802484820547857,-13.207802775876454,-13.25945346099264
214,214,0.001206490663648343,0.0011834464538352269,-13.167134102843345,-13.247701840054836
215,215,0.0011990615886818502,0.0011802434455603361,-13.192383997908692,-13.259471993754579
216,216,0.001203675205896119,0.001184675333972432,-13.180278978799414,-13.24319450505913
217,217,0.0012008048889236812,0.0011831917432381918,-13.179939689919538,-13.248636663192048
218,218,0.001190759269184596,0.0011762381090145361,-13.214419775672468,-13.274235506176526
219,219,0.0011972902059439838,0.0011785756000072549,-13.198676814157777,-13.26561350971733
220,220,0.0011958320728339947,0.0011857871064230015,-13.207211809916062,-13.239120728840703
221,221,0.0011926577162458417,0.001179175004117975,-13.213962747801826,-13.263405321091536
222,222,0.0011965671263769577,0.0011778645474757802,-13.2015564366129,-13.268234464893848
223,223,0.0011955066836083826,0.0011832649500942544,-13.210088936271768,-13.248367963293799
224,224,0.0012084955671206885,0.0011833757529721449,-13.153898418596405,-13.247961301831248
225,225,0.0011989456798266811,0.001176287346568547,-13.184707134147969,-13.274053713474034
226,226,0.0011938790449891816,0.0011792506495686738,-13.201573319550985,-13.263126725056258
227,227,0.0011875380320263277,0.00117293783880182,-13.237827791890108,-13.286437998598926
228,228,0.0011919452676779985,0.0011752865730637783,-13.20486717127232,-13.27775022016997
229,229,0.0012054051771836797,0.0011729128095076273,-13.176192252064169,-13.286530673589654
230,230,0.0012013462117690709,0.0011762595416879968,-13.188426814780883,-13.274156372479505
231,231,0.0011923574331245317,0.0011766398215274278,-13.210061840038339,-13.272752543315676
232,232,0.0011892012757316384,0.0011741255508049538,-13.229685149845011,-13.282042575660071
233,233,0.001189372574276838,0.0011746829289844946,-13.220233435637802,-13.279981392091171
234,234,0.0011830783590732008,0.0011747930946416762,-13.246382486784334,-13.279574115434052
235,235,0.0011911694219662356,0.0011776356443174575,-13.213384981507168,-13.269078543609776
236,236,0.0011896148501636134,0.001174958974221035,-13.228292270837603,-13.278960939371348
237,237,0.0011922038981172535,0.0011708550093891589,-13.223893718672578,-13.294156782786505
238,238,0.0011914391562669086,0.001176596055493543,-13.224436401161544,-13.27291408553249
239,239,0.001187901912717936,0.0011777052729341545,-13.237585124722791,-13.268821771235116
240,240,0.0011759465716337575,0.0011776929635456518,-13.265748964842729,-13.26886716397949
241,241,0.0011817958354757925,0.0011756396729891237,-13.254424030279912,-13.276445633515678
242,242,0.0011780491799653805,0.001174008289940263,-13.269145167943758,-13.282476330718127
243,243,0.0011873099180034449,0.0011789311875442141,-13.23311126708688,-13.264303399331887
244,244,0.0011860961526555499,0.001169342645689061,-13.241216334968925,-13.29977008044618
245,245,0.0011874227436528225,0.0011698311856506687,-13.234232541181306,-13.297956019346849
246,246,0.0011831922624644237,0.0011578764104725498,-13.253927659789769,-13.34256590549006
247,247,0.001178381807343631,0.0011624750423882353,-13.269573638210257,-13.32535159015306
248,248,0.0011856386728450348,0.0011711656177220376,-13.236784864414252,-13.293004824650598
249,249,0.0011789197049382114,0.0011701802600567277,-13.254615855064866,-13.296660289877424
250,250,0.0011851630226430512,0.001165597950794587,-13.239816097002253,-13.313700214050838
251,251,0.00117160385287338,0.0011596589618803638,-13.283350103505096,-13.33588508066191
252,252,0.0012363389784892655,0.0011761286724848968,-13.058486828745824,-13.274639590108922
253,253,0.0011830575903397553,0.001178137553659709,-13.245808445793305,-13.267227971056858
254,254,0.0011927857502968503,0.0011781403169918217,-13.215210069427563,-13.267217784653099
255,255,0.0011953326559039888,0.0011732135776822503,-13.212260873831,-13.285417161887985
256,256,0.0011910475735293375,0.001174399727269223,-13.22850864572594,-13.281028549307853
257,257,0.0011912833769642508,0.0011678831284179499,-13.223042616678015,-13.305194121088732
258,258,0.0011793287259708974,0.001171501102171054,-13.25577770983718,-13.291760951207303
259,259,0.0011818294134951128,0.001172888258128966,-13.25719541592867,-13.286621580942569
