,epoch,train_loss,test_loss,train_dbs,test_dbs
0,0,5.570081001556882e-05,5.1708058507708634e-05,-15.449794935555047,-15.770218705117847
1,1,4.3542417488330925e-05,3.910239664898989e-05,-16.522519127613045,-16.98376725231338
2,2,3.335145599531015e-05,3.292283068539722e-05,-17.67642324094435,-17.73082933525824
3,3,2.9941657257293946e-05,3.0438321597390122e-05,-18.14424346925347,-18.07159400770369
4,4,2.858828601037925e-05,2.987649570154884e-05,-18.345488551399253,-18.152504455468108
5,5,2.775188683521377e-05,3.0024012678615308e-05,-18.47554158706785,-18.131113672525743
6,6,2.7972964857064053e-05,2.928989708475695e-05,-18.440112703662308,-18.238622563389328
7,7,2.728687995278454e-05,2.889130815961643e-05,-18.544948783178544,-18.298128954925623
8,8,2.7123143302832404e-05,2.8810876947797003e-05,-18.572343875217697,-18.310236244805232
9,9,2.6541349734074663e-05,2.829474990568614e-05,-18.66765376993652,-18.388742424474668
10,10,2.6421108421195687e-05,2.8312634400974373e-05,-18.689570012617878,-18.38599821081107
11,11,3.0312865025744313e-05,3.1217612367503246e-05,-18.09184173146486,-17.96180418421378
12,12,2.7744924793915208e-05,2.8461180255889256e-05,-18.4744850217568,-18.3632719618516
13,13,2.7484034204068858e-05,2.8722500007317746e-05,-18.519779973058395,-18.32357863831571
14,14,2.6875928887955187e-05,2.8656141742095842e-05,-18.614929734628888,-18.333623853881726
15,15,2.6688715066840588e-05,2.80841651194925e-05,-18.645618899870907,-18.421185842690253
16,16,2.658551445924833e-05,2.86385309568447e-05,-18.66182794810493,-18.33629365431417
17,17,2.664492510036522e-05,2.7767909973351235e-05,-18.648932462756218,-18.470369094179176
18,18,2.6078892259056845e-05,2.800899375487413e-05,-18.74270826812433,-18.43282595319551
19,19,2.6328494341308298e-05,2.7121435873835397e-05,-18.703656641847594,-18.572674236578738
20,20,2.5898723421407114e-05,2.6946702890104223e-05,-18.773908140549683,-18.600744681228935
21,21,2.5781552834552113e-05,2.7889653306613726e-05,-18.79378368014975,-18.45136986422636
22,22,2.5797724016022764e-05,2.781735699835209e-05,-18.792654799386412,-18.462642379191955
23,23,2.5553486639839002e-05,2.7680155701665698e-05,-18.832241615175136,-18.484115733421564
24,24,2.5662580294910813e-05,2.722379318392517e-05,-18.814867805940917,-18.55631465238329
25,25,2.5339280225509974e-05,2.6937995962247153e-05,-18.869371699582544,-18.602148185687938
26,26,2.606668674639671e-05,2.7832561739303758e-05,-18.745882869779475,-18.460269209416268
27,27,2.5548743221791192e-05,2.707638984582828e-05,-18.829189649500655,-18.57989343610939
28,28,2.5551048706474082e-05,2.7094023607787676e-05,-18.83322217330821,-18.577065971707178
29,29,2.529152500277839e-05,2.7334473423635292e-05,-18.880468077066833,-18.53869390073872
30,30,2.520705657309346e-05,2.6767275094722497e-05,-18.893105919051738,-18.62975939739753
31,31,2.5131352559423923e-05,2.673113072217491e-05,-18.90588751587209,-18.63562772326555
32,32,2.52949453498172e-05,2.6743458109099027e-05,-18.87538318813573,-18.6336253829655
33,33,2.487720596655356e-05,2.7154138239750052e-05,-18.95039466851053,-18.567440774192562
34,34,2.4766741927995792e-05,2.565576879102369e-05,-18.967860097123,-18.813950689627063
35,35,2.567478746716437e-05,2.6939711556463552e-05,-18.811078530171784,-18.60187160632481
36,36,2.5247048649090203e-05,2.6187238434335757e-05,-18.8848299690724,-18.724903995786775
37,37,2.5115684900473632e-05,2.6683894343717073e-05,-18.908574494716174,-18.64330889680491
38,38,2.4873564377896363e-05,2.6087704387272854e-05,-18.95013592383248,-18.741442374331566
39,39,2.466529681395017e-05,2.6360949337494705e-05,-18.986936250026844,-18.69619055591502
40,40,2.4286487291881468e-05,2.583747750338118e-05,-19.05510711848082,-18.783299905560728
41,41,2.465466298314457e-05,2.5908729137307474e-05,-18.98921356034137,-18.771339913512563
42,42,2.4908183374848413e-05,2.5869301010205066e-05,-18.943550161733185,-18.77795407835942
43,43,2.791313551083992e-05,2.763869700797123e-05,-18.447368935037986,-18.490625371415675
44,44,2.6135572043881204e-05,2.678156220338822e-05,-18.73283183282031,-18.62744195675225
45,45,2.5217102129599224e-05,2.608016477193144e-05,-18.890812959574973,-18.742697711539705
46,46,2.4966502978620072e-05,2.6478834977177413e-05,-18.93382649646451,-18.676812290686897
47,47,2.5139613490423892e-05,2.652706634283899e-05,-18.903453090882532,-18.66890878514474
48,48,2.5126168383366413e-05,2.5843121444555245e-05,-18.90724862832957,-18.78235133585847
49,49,2.5061714462860916e-05,2.6427259830310695e-05,-18.919245297293212,-18.685279673836007
50,50,2.480122617908847e-05,2.616563659486067e-05,-18.963551564652587,-18.72848796713894
51,51,2.4966211312107824e-05,2.6276452397149497e-05,-18.93262382686938,-18.71013371619313
52,52,2.4949962101617502e-05,2.593859550726943e-05,-18.935849872713916,-18.76633645337549
53,53,2.4707968420734313e-05,2.529007973575254e-05,-18.978282373809098,-18.876299034419745
54,54,2.4735287888219807e-05,2.6325785017290497e-05,-18.975628000266177,-18.70198771631192
55,55,2.4853370763894325e-05,2.5941674673384496e-05,-18.954012619951875,-18.765820933757126
56,56,2.44740284748313e-05,2.566368015035742e-05,-19.021685708786663,-18.812611680810296
57,57,2.4570300664300264e-05,2.5522794921447423e-05,-19.003463288236663,-18.836518711688846
58,58,2.428837612485237e-05,2.5798347307595815e-05,-19.05570708938936,-18.789882169491122
59,59,2.4174517664542908e-05,2.595498374016882e-05,-19.075772807761886,-18.76359340906975
60,60,2.4051887924814736e-05,2.5797712001612556e-05,-19.095890306156157,-18.789989119473955
61,61,2.419485480055938e-05,2.5071054838726443e-05,-19.070986383404037,-18.914074952184055
62,62,2.415904159018273e-05,2.5337974875583313e-05,-19.07685739054745,-18.868082008779176
63,63,2.4134113156139494e-05,2.5899797229182075e-05,-19.08033176047831,-18.77283738071428
64,64,2.5620515864914325e-05,2.6132937962661106e-05,-18.821073571941444,-18.733918645699738
65,65,2.4555253093211896e-05,2.4947846261631257e-05,-19.006296540211366,-18.935470429574146
66,66,2.4310562338607418e-05,2.5269573023634668e-05,-19.049080238900174,-18.879821982825074
67,67,2.4527155679588196e-05,2.6098942869698238e-05,-19.010476823877145,-18.739571853332688
68,68,2.456478602287405e-05,2.578513436004103e-05,-19.002682272410592,-18.792107033014368
69,69,2.4296010826557115e-05,2.5660995417734068e-05,-19.051159523967176,-18.813066029348057
70,70,2.4625632465461787e-05,2.507269853499326e-05,-18.994928815514417,-18.913790231487727
71,71,2.420854717766093e-05,2.5098426225380727e-05,-19.06696276796564,-18.90933611769213
72,72,2.441812277313672e-05,2.5264273828820717e-05,-19.032206192505512,-18.880732822279423
73,73,2.4115805149683848e-05,2.5675612050690688e-05,-19.083261628208994,-18.81059297024983
74,74,2.4212347552841576e-05,2.5124198528876724e-05,-19.06760097819961,-18.90487885555918
75,75,2.377526487686465e-05,2.560806320903602e-05,-19.1469221970039,-18.82203368935048
76,76,2.389237547457427e-05,2.438748838597492e-05,-19.1236883114782,-19.034130264735307
77,77,2.4148094715051276e-05,2.5372498911517477e-05,-19.081086647241875,-18.86216859504193
78,78,2.4057338254651675e-05,2.504684341961126e-05,-19.096757855986148,-18.918271012635174
79,79,2.395587961070033e-05,2.522827545410684e-05,-19.11148688943478,-18.886925378752252
80,80,2.3836008302769e-05,2.4629583046924764e-05,-19.134644232169673,-18.991230423025165
81,81,2.37785607825253e-05,2.5678510562437096e-05,-19.143877090938147,-18.810102724250296
82,82,2.3903104792947318e-05,2.5027571992770964e-05,-19.12531609152704,-18.921613827395735
83,83,2.379192148472396e-05,2.5443258365205685e-05,-19.143493411112622,-18.85007374030079
84,84,2.3820307564465018e-05,2.540718253983773e-05,-19.13874113119606,-18.85623594233371
85,85,2.3869513768790357e-05,2.4413851095136795e-05,-19.12809128259545,-19.02943810654766
86,86,2.3773089562438924e-05,2.4499237712772908e-05,-19.14462931298452,-19.014275304344636
87,87,2.3707700653251297e-05,2.4229534430656042e-05,-19.157734343939822,-19.062350327825975
88,88,2.3695649604670724e-05,2.4342728705194434e-05,-19.160840836290504,-19.042108430646234
89,89,2.5312074519872075e-05,2.5208121625933256e-05,-18.873644482181582,-18.890396164667816
90,90,2.4145796581335873e-05,2.449735094208001e-05,-19.077580136525015,-19.014609782365838
91,91,2.4007742664702934e-05,2.5052566726165088e-05,-19.10348337074787,-18.917278745277873
92,92,2.3872763243340048e-05,2.501124962643524e-05,-19.126307570075127,-18.924447113094015
93,93,2.3823202542358165e-05,2.440508327900285e-05,-19.138874720681812,-19.030998080871175
94,94,2.3622779126432677e-05,2.5232600053545628e-05,-19.17456604819128,-18.886180980380875
95,95,2.360634732316068e-05,2.5073259549619826e-05,-19.17576950841235,-18.913693056933326
96,96,2.386375565469486e-05,2.4683882944181707e-05,-19.12888173457881,-18.981666238150527
97,97,2.3974653250314584e-05,2.5078507812730477e-05,-19.10994753859611,-18.91278409924879
98,98,2.376854167637576e-05,2.513800781774702e-05,-19.14667730291157,-18.90249245092548
99,99,2.3440913115412034e-05,2.5366380405581656e-05,-19.20597288966713,-18.863216010126404
100,100,2.355634568602065e-05,2.4716404655727704e-05,-19.18836705274489,-18.975948052045496
101,101,2.3424354779861686e-05,2.4814138764907656e-05,-19.207806340576585,-18.958808955049108
102,102,2.4079818328957736e-05,2.478770875313785e-05,-19.093383122066868,-18.963437173524404
103,103,2.3904906042516065e-05,2.520814412396009e-05,-19.123212900955316,-18.890392288629492
104,104,2.3761814069056873e-05,2.5316387588023453e-05,-19.146865867922894,-18.871783660513838
105,105,2.3499292661447905e-05,2.4852970646430838e-05,-19.19846242059521,-18.952017951705603
106,106,2.3868009267652708e-05,2.4345645311098596e-05,-19.128516063603772,-19.04158811511828
107,107,2.3936080708022628e-05,2.419703741907142e-05,-19.11567234239332,-19.068179059610596
108,108,2.3871587782383528e-05,2.5144836495440503e-05,-19.128679676026614,-18.901312860908362
109,109,2.3709164555295557e-05,2.54627192541528e-05,-19.158163486686746,-18.846753204092806
110,110,2.373771321893485e-05,2.457212117166675e-05,-19.152527571726424,-19.001374537781636
111,111,2.360923348739383e-05,2.43939317251237e-05,-19.17815264542363,-19.03298298093453
112,112,2.3666159520252757e-05,2.5387068442222172e-05,-19.16445799486872,-18.859675482002316
113,113,2.3768996930043285e-05,2.4195346620552683e-05,-19.14746192836559,-19.068482538962385
114,114,2.3217374507215392e-05,2.4305361588822532e-05,-19.246463502449565,-19.048780156314567
115,115,2.376523592566937e-05,2.5119417841779068e-05,-19.148774209067877,-18.905705319170863
116,116,2.3391341481741264e-05,2.5126990007457178e-05,-19.219340973575726,-18.904396350058157
117,117,2.3846691086892514e-05,2.5145920613125016e-05,-19.1332920548432,-18.901125619214156
118,118,2.371539890707036e-05,2.4961569866527018e-05,-19.15715152198803,-18.933082068222472
119,119,2.3198734207025408e-05,2.5554533318714484e-05,-19.25303171396817,-18.831121478494985
120,120,2.371392223459534e-05,2.445750195827139e-05,-19.15907728972575,-19.02168005081708
121,121,2.3303530058948343e-05,2.518240116363526e-05,-19.232216854331362,-18.894829639535594
122,122,2.3219254676546042e-05,2.4382034481325382e-05,-19.248416177884856,-19.035101609363977
123,123,2.359032596453374e-05,2.4590788598288782e-05,-19.17924671877617,-18.99807645766358
124,124,2.3166729135351188e-05,2.492764245911722e-05,-19.25706680449573,-18.93898895165796
125,125,2.452300233607716e-05,2.506349167225907e-05,-19.013070121200727,-18.91538528277085
126,126,2.383921028669328e-05,2.4931854855630693e-05,-19.134449799959288,-18.93825512132903
127,127,2.37669758265388e-05,2.499988352754276e-05,-19.146292764211978,-18.926421167190956
128,128,2.365426379836527e-05,2.569697273046538e-05,-19.16828393165092,-18.80698138405848
129,129,2.3589427768193982e-05,2.4858460069241884e-05,-19.180560534568592,-18.951058805685847
130,130,2.3600550775881857e-05,2.5536227870983758e-05,-19.176549300463865,-18.834233569641523
131,131,2.3459031862583606e-05,2.5043580822775286e-05,-19.20367217241173,-18.91883676061035
132,132,2.3371668033075e-05,2.5415772382218977e-05,-19.222399967240193,-18.854767896570593
133,133,2.368919568962343e-05,2.5012834732096006e-05,-19.161228845908006,-18.924171884611273
134,134,2.3746506485622376e-05,2.5034434848317976e-05,-19.152924073578383,-18.920423103930617
135,135,2.421312980267121e-05,2.471077900018396e-05,-19.064275959741703,-18.97693665426378
136,136,2.351000482131266e-05,2.4893809447683835e-05,-19.19420638075174,-18.94488741180635
137,137,2.3823841523331682e-05,2.4820189681026694e-05,-19.13788607909996,-18.957750059088895
138,138,2.361284489395366e-05,2.503671279746892e-05,-19.177916536793397,-18.920027945923056
139,139,2.400292156455611e-05,2.4495145752505204e-05,-19.104595805401193,-19.015000740871383
140,140,2.34679522147473e-05,2.4547459026124623e-05,-19.201628812194052,-19.005735582634916
141,141,2.371019088724969e-05,2.496294875623119e-05,-19.15530343771114,-18.93284216838714
142,142,2.3843300987584708e-05,2.4744342513976764e-05,-19.133122786475873,-18.97104183462726
143,143,2.3387074901451735e-05,2.4903538647585694e-05,-19.216719522147166,-18.943190398593362
144,144,2.366237868514385e-05,2.4337950315767604e-05,-19.165029553272102,-19.042961018658097
145,145,2.3590568780866643e-05,2.4140196680826576e-05,-19.178896680301172,-19.07839297888217
146,146,2.3705636841000762e-05,2.5436789368732687e-05,-19.159461149000606,-18.851178082616467
147,147,2.3878032630612504e-05,2.5553150312350082e-05,-19.126890762404084,-18.831356524182826
148,148,2.3683111132563635e-05,2.468371665025571e-05,-19.162310487624545,-18.98169549642317
149,149,2.36142363739662e-05,2.4784489333366143e-05,-19.176561719735027,-18.964001270456848
150,150,2.3515487621048077e-05,2.426697105157042e-05,-19.19133037920048,-19.055645299926734
151,151,2.3782286035318827e-05,2.5168153641923135e-05,-19.141785831148148,-18.897287455640864
152,152,2.3531617022019848e-05,2.5643230018383628e-05,-19.190985393869695,-18.816073740759542
153,153,2.3634493718231e-05,2.4869534555412093e-05,-19.17145262651764,-18.949124447242703
154,154,2.3748986152605004e-05,2.4840888535867346e-05,-19.14915299535206,-18.954129759537476
155,155,2.369438914815264e-05,2.5578474857243955e-05,-19.16084327336567,-18.82705456391188
156,156,2.3525253315720247e-05,2.497411141551933e-05,-19.192398830402443,-18.93090057174678
157,157,2.3328946582230707e-05,2.489876016242258e-05,-19.22836344740372,-18.94402380178725
158,158,2.337220447555307e-05,2.4314886678966057e-05,-19.22054085581579,-19.047078521999946
159,159,2.3297524112234726e-05,2.4529483006948506e-05,-19.23325741707548,-19.00891707111423
160,160,2.3617210534155804e-05,2.530654704682284e-05,-19.173270993656477,-18.873472101860443
161,161,2.36856174186747e-05,2.4867697280378227e-05,-19.161984805638408,-18.949445300808474
162,162,2.3678620929092278e-05,2.4454438971588388e-05,-19.163922961092425,-19.022223982704066
163,163,2.358074283451454e-05,2.52468255080442e-05,-19.182235581855867,-18.883733235983584
164,164,2.377324070733163e-05,2.415923709601262e-05,-19.147184340843733,-19.07496886102812
165,165,2.2944444992259078e-05,2.501083594995036e-05,-19.298130047731597,-18.924518944331204
166,166,2.34134424936576e-05,2.4313286638444926e-05,-19.21279819663606,-19.0473643187807
167,167,2.3050093434519403e-05,2.5468680656845927e-05,-19.281624937448672,-18.84573654077298
168,168,2.356941803151768e-05,2.4274762357603513e-05,-19.18398389385094,-19.054251150600617
169,169,2.337100042645896e-05,2.4708378795797837e-05,-19.22387598206071,-18.97735851314104
170,170,2.3270697731521105e-05,2.3402050876603952e-05,-19.238333644089824,-19.213261828748198
171,171,2.327853175320905e-05,2.5027891369015714e-05,-19.238121542463148,-18.921558407534874
172,172,2.317104649732427e-05,2.4667415058693703e-05,-19.256789276800458,-18.984564606522152
173,173,2.3023725757927432e-05,2.587704760739335e-05,-19.288464646214415,-18.776653772336907
174,174,2.342156752552141e-05,2.479560804969974e-05,-19.210435895907448,-18.962053393189414
175,175,2.31567199867622e-05,2.455593609116285e-05,-19.262091189735745,-19.004236076298696
176,176,2.3211221419261004e-05,2.4884756528894957e-05,-19.24756414850293,-18.946467060653738
177,177,2.2864330660632196e-05,2.4411305754543527e-05,-19.315932352587183,-19.029890917125872
178,178,2.3153954888462958e-05,2.5370869001275615e-05,-19.263746824347102,-18.86244759151118
179,179,2.3187590543493945e-05,2.398483794470514e-05,-19.254651678899176,-19.106433135828965
180,180,2.3124270565980642e-05,2.4595765975582733e-05,-19.266948285942288,-18.997197498964717
181,181,2.2976769202811277e-05,2.5028273069581603e-05,-19.291344478534636,-18.92149217375473
182,182,2.3148318946696984e-05,2.4431355900321106e-05,-19.2629316260682,-19.0263253177639
183,183,2.283247664946458e-05,2.4748654954907435e-05,-19.319877021992664,-18.970285012692745
184,184,2.3069969963038713e-05,2.4774097829848823e-05,-19.276037601679977,-18.96582253815664
185,185,2.293683643149483e-05,2.4355907762104546e-05,-19.301739091136646,-19.039757813771644
186,186,2.5952144674239705e-05,2.5044570735955956e-05,-18.764339073862317,-18.918665097724574
187,187,2.3323873767704874e-05,2.4540090012842004e-05,-19.230806322696058,-19.007039506702185
188,188,2.3055402830182502e-05,2.4723453239666444e-05,-19.277789520263543,-18.974709714695482
189,189,2.3316091493452593e-05,2.4955033758918655e-05,-19.23014455449115,-18.93421940340856
190,190,2.342729782970675e-05,2.4973910082113243e-05,-19.20736159209892,-18.930935583338695
191,191,2.2878503372827328e-05,2.52018425702485e-05,-19.314957794704235,-18.891478077457496
192,192,2.3302144832883904e-05,2.4195956077739156e-05,-19.233346333319766,-19.06837314579531
193,193,2.3429120091415974e-05,2.4586669544652595e-05,-19.210353152594262,-18.99880397890465
194,194,2.3542473754037254e-05,2.552548999358949e-05,-19.189488434475923,-18.8360601438985
195,195,2.334512336131308e-05,2.450615336688076e-05,-19.22424635995711,-19.01304954923012
196,196,2.3272243356821247e-05,2.4491266709734e-05,-19.239405560562883,-19.015688542565545
197,197,2.3413375575475265e-05,2.505765061007543e-05,-19.213197392391802,-18.91639752669458
198,198,2.340154430582056e-05,2.4256727939293915e-05,-19.217605989121754,-19.05747884819193
199,199,2.3438493840752852e-05,2.4329721207705963e-05,-19.20974450320147,-19.044429696383713
200,200,2.3361221239386012e-05,2.4118139711055464e-05,-19.222362243446735,-19.082362954493583
201,201,2.2839709692055566e-05,2.409463463424656e-05,-19.319346183696574,-19.086597569116865
202,202,2.2928321301413834e-05,2.4304113666355414e-05,-19.30392991258558,-19.04900314405043
203,203,2.313212823453083e-05,2.5020853124595688e-05,-19.26488037483102,-18.922779885022464
204,204,2.3569971416850657e-05,2.4631246273393597e-05,-19.18289992563181,-18.99093715549889
205,205,2.321931956008559e-05,2.4322617288194842e-05,-19.249516957517795,-19.04569795733925
206,206,2.3278618352106633e-05,2.3267680884792324e-05,-19.235576616442,-19.238270032149146
207,207,2.331517614798078e-05,2.458608727657089e-05,-19.230417078524905,-18.998906830902882
208,208,2.2908424623367573e-05,2.480059275081945e-05,-19.308395397646386,-18.961180411726087
209,209,2.303463673145875e-05,2.4282082736853656e-05,-19.28410639625843,-19.05294167494104
210,210,2.3033454107059425e-05,2.489841053351196e-05,-19.283691494211503,-18.944084785937346
211,211,2.3168303461303723e-05,2.436398665993597e-05,-19.258916696909356,-19.038317490133085
212,212,2.3525702990528517e-05,2.442774984956486e-05,-19.189147035206396,-19.02696638064203
213,213,2.2943863271946837e-05,2.340687780432697e-05,-19.30243541780778,-19.212366141476068
214,214,2.3296137207824396e-05,2.408864661686637e-05,-19.23641388169081,-19.087677015286417
215,215,2.349421032066829e-05,2.4228520583404278e-05,-19.200188161414594,-19.062532055411562
216,216,2.3021808018026988e-05,2.4469338505265402e-05,-19.28765628724133,-19.019578730929723
217,217,2.2880089934765284e-05,2.4729089426201473e-05,-19.314029389205924,-18.973719769754418
218,218,2.3220792219532442e-05,2.511276359559576e-05,-19.245593674343286,-18.906855937094612
219,219,2.313623967565195e-05,2.4677930062017894e-05,-19.265873944025515,-18.982713729614172
220,220,2.3048135545584807e-05,2.534873515526813e-05,-19.27933822185906,-18.866238081580818
221,221,2.3275407235730397e-05,2.4242755803003857e-05,-19.237193967474113,-19.05998115188295
222,222,2.3283769880117218e-05,2.4862062529887464e-05,-19.237024342403053,-18.95042947650723
223,223,2.3303637426204322e-05,2.3661136238890896e-05,-19.233409795253703,-19.16544505867541
224,224,2.314845836192091e-05,2.4003071781695134e-05,-19.260648659389613,-19.10313278154601
225,225,2.324379428753992e-05,2.5010682006005052e-05,-19.245067574108713,-18.924545675629535
226,226,2.3310498335442538e-05,2.4889041110566867e-05,-19.231823281078853,-18.9457193699931
227,227,2.3034397299946333e-05,2.477604711633543e-05,-19.282579263624527,-18.96548083810061
228,228,2.3095378882195273e-05,2.4406691744317006e-05,-19.275040934167073,-19.030711859929532
229,229,2.3365803798762648e-05,2.4479140751952256e-05,-19.220235176605666,-19.017839325837734
230,230,2.292663431063309e-05,2.505055884907243e-05,-19.302097234063265,-18.91762683132326
231,231,2.3041613634088263e-05,2.442734904961023e-05,-19.283824741606413,-19.0270376383869
232,232,2.2866786024416197e-05,2.474417344369852e-05,-19.315331780300234,-18.9710715086991
233,233,2.3037373729184576e-05,2.4598483497883488e-05,-19.283830465503897,-18.996717684777693
234,234,2.3355051649259714e-05,2.482102028903012e-05,-19.223544967439395,-18.957604724810068
235,235,2.3449241142742786e-05,2.452873128564342e-05,-19.205950685355347,-19.00905016540617
236,236,2.302045517747492e-05,2.3884403593623765e-05,-19.28686036021392,-19.12465700864128
237,237,2.302863439459524e-05,2.5255112153612763e-05,-19.28363204012482,-18.882308005727936
238,238,2.3104137888123623e-05,2.473310307418854e-05,-19.27245262107446,-18.973014946499
239,239,2.3205393405340746e-05,2.448558830349755e-05,-19.253641707390603,-19.016695589875905
240,240,2.308210678540828e-05,2.4836030493851897e-05,-19.275948406837774,-18.954979176485264
241,241,2.300430041379007e-05,2.4483066322557678e-05,-19.28838130899339,-19.01714293008363
242,242,2.309004772429297e-05,2.4911090995852935e-05,-19.272144828218238,-18.941873539178175
243,243,2.320694574402446e-05,2.473125067282174e-05,-19.253142942520302,-18.97334022627375
244,244,2.3074187289970834e-05,2.426552514646717e-05,-19.275405812269707,-19.055904074420972
245,245,2.3029754123216634e-05,2.5368408483030324e-05,-19.28548939115829,-18.86286879951822
246,246,2.2820846443772605e-05,2.4657091623674588e-05,-19.32416769293199,-18.98638253080771
247,247,2.2589748284387036e-05,2.463872021364391e-05,-19.36952133881202,-18.989619561327387
248,248,2.2980785081355073e-05,2.4205846401807657e-05,-19.293230368962103,-19.066598289072243
249,249,2.2826343382868948e-05,2.4311408484017622e-05,-19.32419360101776,-19.047699815837202
250,250,2.2882668380373514e-05,2.4396054868702777e-05,-19.311005646694333,-19.032605006023843
251,251,2.3111692197997718e-05,2.4706207975549133e-05,-19.269712335584067,-18.977740090856216
252,252,2.2857385543436076e-05,2.3749653624499362e-05,-19.320100273153635,-19.149228219892123
253,253,2.3075890820428428e-05,2.514958645119087e-05,-19.276834514803806,-18.90049253950613
254,254,2.5495786580107698e-05,2.4936870671042828e-05,-18.84282468841088,-18.937381491237193
255,255,2.3321248909738154e-05,2.462870993201106e-05,-19.230995979331464,-18.991384382476944
256,256,2.3282416739525662e-05,2.4935673105861306e-05,-19.236151035509476,-18.937590061288276
257,257,2.342025416829088e-05,2.4890202200224036e-05,-19.211926080990274,-18.94551677357031
258,258,2.310081008451477e-05,2.3871889951758357e-05,-19.271030241142128,-19.12693298331669
259,259,2.3418643771965998e-05,2.495565623623981e-05,-19.211520453383816,-18.934111074525216
260,260,2.3230542340279873e-05,2.42485864299325e-05,-19.248067915697348,-19.058936755503414
261,261,2.2941028039416986e-05,2.453965182786832e-05,-19.299583377265368,-19.00711705450867
262,262,2.2823674522235885e-05,2.450421868017752e-05,-19.321627761455094,-19.013392425125478
263,263,2.303305977078445e-05,2.461601396039202e-05,-19.285060579355747,-18.99362372513252
264,264,2.2995277879427824e-05,2.422384070661409e-05,-19.29067200683822,-19.063371000973007
265,265,2.304013456129733e-05,2.4297047466940346e-05,-19.284831649682555,-19.05026599924321
266,266,2.310520901972399e-05,2.4832237518000367e-05,-19.27045199567257,-18.955642484690465
267,267,2.325125454441037e-05,2.4000229897960946e-05,-19.242869628369256,-19.103647002185934
