,epoch,train_loss,test_loss,train_dbs,test_dbs
0,0,0.0005177772338694134,0.0004970144900174713,-19.85514282572519,-20.032404875142056
1,1,0.0004825656072443025,0.00047469816605658516,-20.15621848938427,-20.231919840299533
2,2,0.0004714261044354476,0.00046774672534267763,-20.252731905538695,-20.29598782181424
3,3,0.00046587441645841085,0.0004663239217877976,-20.30885068912263,-20.309218431565593
4,4,0.0004617408486251172,0.00045961044318238765,-20.351000350379866,-20.372196498170503
5,5,0.0004566131053449221,0.0004542689497803191,-20.388500882233906,-20.422964849977767
6,6,0.0004512512976586934,0.0004543699599851511,-20.442713728036082,-20.421999270047525
7,7,0.0004478709855640173,0.0004487879862273602,-20.47590916890123,-20.47568315290185
8,8,0.0004479888770801313,0.00045096433084262043,-20.476327510600044,-20.454673453176284
9,9,0.0004442138072300088,0.0004437565481853916,-20.5046363565851,-20.524647632321166
10,10,0.00044133062216395645,0.0004456183784273698,-20.53601143113533,-20.506464439669504
11,11,0.0004406397362340472,0.00044167133072685257,-20.548446831312837,-20.54510328165407
12,12,0.0004378241065591958,0.0004372059575919258,-20.579230743131134,-20.589234666666112
13,13,0.000436926282493436,0.00043728505720776553,-20.581382849945093,-20.58844900903917
14,14,0.0004347465856159202,0.0004340311754372363,-20.609725640459136,-20.62088612920474
15,15,0.0004336526119342247,0.0004330011556464198,-20.625084304104963,-20.63120482450147
16,16,0.00043385156181871353,0.00043253113491166577,-20.6165305431345,-20.63592163134452
17,17,0.00043191728164134645,0.0004299091723575992,-20.639889999118264,-20.6623282676673
18,18,0.00042857214077567855,0.00043098101588456253,-20.675713639330027,-20.651513973902365
19,19,0.0004287367514406629,0.0004292145588949911,-20.666887679207846,-20.669350931542716
20,20,0.0004274544384709761,0.0004308494880158258,-20.680416063991945,-20.652839566992746
21,21,0.00042705550626611586,0.00043169521316150695,-20.683439852145185,-20.64432304880701
22,22,0.0004290504055217715,0.00042553721639131635,-20.660797143982755,-20.70671989542395
23,23,0.00042615801794454455,0.0004268795218147141,-20.687573325992744,-20.69304216493993
24,24,0.0004272362401531337,0.0004297868841891422,-20.690633723680996,-20.663563799148843
25,25,0.0004268050309001785,0.000426235800229111,-20.684774351240563,-20.69959613902391
26,26,0.0004268875003542713,0.00042678056266403904,-20.690583624869447,-20.694049062510658
27,27,0.0004262030304688,0.00042727395683821097,-20.688813039572462,-20.689031153555398
28,28,0.00042571069237046406,0.0004287123370695075,-20.703695366832704,-20.674435565057276
29,29,0.0004247810728199895,0.0004286874195952949,-20.70183764038454,-20.67468799157064
30,30,0.0004261430732776248,0.0004273425928611112,-20.688604676222123,-20.688333571790103
31,31,0.0004283525643764621,0.00042855191828781053,-20.67683046295068,-20.67606094467768
32,32,0.00042454942433192325,0.0004247498566799454,-20.703503856972407,-20.71476296902782
33,33,0.0004256975182365703,0.00042428777210022276,-20.705443446662603,-20.719490222477084
34,34,0.0004267565520197038,0.0004246018177486564,-20.68675586373005,-20.7162768882571
35,35,0.0004235969663756064,0.00042439154716894815,-20.713950857620823,-20.718428126608647
36,36,0.00042639761207836495,0.00042508174604001016,-20.690715948383065,-20.711370821111814
37,37,0.00042528634532066733,0.00042334560911465243,-20.694984562148523,-20.729144782178594
38,38,0.00042620851099011055,0.00042681590850023846,-20.69015979359214,-20.693689396037165
39,39,0.0004246078702241912,0.0004239357811839957,-20.70520844099792,-20.723094643051834
40,40,0.0004256147256399476,0.0004246593115998334,-20.70698640653681,-20.715688865057054
41,41,0.0004230144691111078,0.0004240362506702934,-20.725381923760615,-20.72206552081516
42,42,0.000421574359073198,0.0004255492515911005,-20.734896756062984,-20.706597068401038
43,43,0.000425857375075887,0.00042578048152407924,-20.697033187505678,-20.704237891163196
44,44,0.0004240516399167785,0.00042018853587490553,-20.721910373137536,-20.761653386533872
45,45,0.00042365626377994484,0.00042226974925908605,-20.714826412907467,-20.74019567537853
46,46,0.0004187677284827475,0.00042575795822286685,-20.770845574720283,-20.70446763406091
47,47,0.0004213360785122615,0.0004226060501471358,-20.746806298112762,-20.73673827660452
48,48,0.00042085654819960295,0.0004202415998167309,-20.746073497692855,-20.761104967904537
49,49,0.00042137310698570817,0.00042264107890476127,-20.7490275164902,-20.736378315697692
50,50,0.000423534755287788,0.0004218752070109507,-20.72589357720195,-20.7442553462312
51,51,0.0004226359263897787,0.0004235493680952411,-20.727632918218717,-20.727054997612697
52,52,0.00042354200934251944,0.00042324367218258744,-20.72421543953486,-20.73019064109247
53,53,0.00041913539567271,0.00042307393557980264,-20.76666076571712,-20.73193267434993
54,54,0.00042364983873432213,0.00042246444775771936,-20.7257159283968,-20.738193708715237
55,55,0.00042018883641972444,0.0004233002500289953,-20.75505028176274,-20.729610129062685
56,56,0.000421909205543511,0.0004239866056626565,-20.737519499139523,-20.722574010715743
57,57,0.0004202557014200606,0.00042308101240594526,-20.748398132105848,-20.731860029817142
58,58,0.00041961941907672,0.000425001250972089,-20.759242552105796,-20.71219329524777
59,59,0.000420700128012596,0.00042149720646097864,-20.745353115960626,-20.748148372879438
60,60,0.00042011748762926104,0.0004188579164053264,-20.760164945674475,-20.775428098912087
61,61,0.00042101906338879434,0.00042266202600378737,-20.749826657186272,-20.736163074337096
62,62,0.00041884886276111313,0.0004193666375756852,-20.761496622488362,-20.77015660398413
63,63,0.000418592730750685,0.0004228991624825683,-20.77047991272942,-20.733727128404507
64,64,0.00041988210815014607,0.00042079621772771994,-20.751325385010503,-20.755377103397194
65,65,0.00042233334436590216,0.0004211476250355573,-20.735766936743737,-20.751751819719
66,66,0.0004167256573186323,0.00041761431126169076,-20.791682372850815,-20.78834164778113
67,67,0.0004208532018591794,0.0004214697569535163,-20.755108425311665,-20.74843121123832
68,68,0.0004196656098560497,0.00042260573919568404,-20.765882208699132,-20.736741472123118
69,69,0.0004201111255919311,0.0004243621507684063,-20.762973517641925,-20.71872896051557
70,70,0.00041731768593758576,0.00042121610175328036,-20.781298545727317,-20.751045733742938
71,71,0.0004182469982476233,0.00041981440307082315,-20.777267677591077,-20.765522035452175
72,72,0.0004176443536314614,0.00041926690947117383,-20.77989347542543,-20.771189507231007
73,73,0.0004172543473013667,0.0004197552564284323,-20.790412884205786,-20.76613394561747
74,74,0.0004173329441457718,0.00042004106217063963,-20.77974554922381,-20.763177898805164
75,75,0.000419768289970138,0.0004196777008473873,-20.762048592010935,-20.766936438793195
76,76,0.0004187179243278488,0.0004188454277984994,-20.76747733483529,-20.77555758945476
77,77,0.00042083831840031543,0.0004204445362311641,-20.75188135258567,-20.75900824802542
78,78,0.0004194444888535426,0.00042183512031394795,-20.76781018031955,-20.74466803363718
79,79,0.00041771489801605417,0.00042102689162435894,-20.781630552358685,-20.752997021362766
80,80,0.00041615825114032427,0.0004189076211524049,-20.79120474329608,-20.774912763858588
81,81,0.0004151024697852542,0.000419438194704095,-20.807754350685713,-20.769415624321432
82,82,0.0004176890082086062,0.00041714012102027863,-20.781630037249762,-20.79327575101928
83,83,0.0004196216396689799,0.0004186198394132876,-20.76831029178777,-20.777897311401077
84,84,0.00041791610689785754,0.00041706360245466625,-20.782033599873007,-20.79407247704595
85,85,0.00041720651500599135,0.00042043210889555906,-20.78074894482524,-20.75913661699154
86,86,0.0004153312036897219,0.000419796389331551,-20.794062286178672,-20.76570839007354
87,87,0.00041836294130729413,0.00041531035247699996,-20.780425973516593,-20.812367809624273
88,88,0.00041601451812312007,0.00041687936908075293,-20.803326696919076,-20.795991350199287
89,89,0.00041801459846067595,0.0004171873075201323,-20.776522061794147,-20.792784508952256
90,90,0.0004168240444677085,0.00041654721165909186,-20.795045695945305,-20.799453062276196
91,91,0.00041627514982576835,0.0004191585375290168,-20.798581639430928,-20.772312214966142
92,92,0.0004145004627530069,0.0004197347458868631,-20.805406702827614,-20.766346160533708
93,93,0.00041579107931555856,0.00041573965695294505,-20.80002163062646,-20.807880845436113
94,94,0.00041819770536001425,0.00041700512366859535,-20.776788783451426,-20.79468146796828
95,95,0.00041530004698907974,0.0004192701966722349,-20.800783469731705,-20.771155457138978
96,96,0.00041443454227698296,0.00041756970734384497,-20.816301433810843,-20.78880552723712
97,97,0.00041857871470598446,0.000417749840141225,-20.76911262517445,-20.78693245527657
98,98,0.0004165733299702982,0.0004151350463201341,-20.79480779951517,-20.814201391887757
99,99,0.000414653949153888,0.0004137695742476928,-20.803721100480637,-20.828509854115072
100,100,0.00041613521440837955,0.0004172687431013114,-20.79165887791902,-20.791936842412536
101,101,0.0004139433248261393,0.0004170246783791012,-20.81943944980526,-20.79447781810233
102,102,0.0004154753273583411,0.00041816889394172713,-20.805819132129248,-20.782578138020508
103,103,0.00041492139745369247,0.0004150682637516997,-20.81863700619124,-20.81490009546239
104,104,0.00041504084977522955,0.0004159033675310447,-20.807686614297847,-20.80617101081902
105,105,0.0004182524295624576,0.0004173434648883382,-20.781292382363038,-20.791159205575696
106,106,0.0004168809142525394,0.00041548261958125393,-20.792803599880784,-20.810566767574585
107,107,0.00041268592083481013,0.0004158207616695252,-20.836660204115613,-20.807033683156867
108,108,0.00041511746965944,0.00041257723167195524,-20.805412337246622,-20.8410428041269
109,109,0.0004164132159971392,0.00041412351052521874,-20.800622892759144,-20.824796510339965
110,110,0.0004171785456248434,0.0004186691183253731,-20.783845601005645,-20.777386100559948
111,111,0.00041531954415516986,0.0004160207095801046,-20.804845850771535,-20.804945874868714
112,112,0.0004148964644721757,0.00041699276066777343,-20.814334806752957,-20.794810225681893
113,113,0.0004145129698991161,0.0004157281211136203,-20.815673257375444,-20.8080013540474
114,114,0.00041271893387977225,0.0004138221495515226,-20.83031343549964,-20.827958056321258
115,115,0.0004149896900419184,0.00041393256488893375,-20.808871992143093,-20.826799433574617
116,116,0.0004148732486166559,0.00041433750945878655,-20.80532704100953,-20.82255286686594
117,117,0.000413001842914418,0.00041488932574314897,-20.825431184199697,-20.816772764425338
118,118,0.00041507460991851985,0.00041758751122918173,-20.81801634719354,-20.788620361402774
119,119,0.0004137015488051531,0.00041566585576602896,-20.828454232292515,-20.80865186385804
120,120,0.0004145832256457202,0.00042063159574019283,-20.8075418083204,-20.757076462998832
121,121,0.00041609253739150837,0.00041744583837786004,-20.796384600004572,-20.79009402082449
122,122,0.0004146282711743195,0.0004125328804979003,-20.81260105256046,-20.841509686543986
123,123,0.00041461398509407856,0.0004135362748791905,-20.81265008731579,-20.830959265808815
124,124,0.00041507789565096656,0.0004127721461516462,-20.808127019740166,-20.83899154470099
125,125,0.0004140007961901462,0.00041469293615878806,-20.819595871408758,-20.81882900208377
126,126,0.0004133669624690773,0.0004149142340266783,-20.82774433165962,-20.81651203934248
127,127,0.00041338260262753317,0.0004166484332496398,-20.824936976555662,-20.798397848444743
128,128,0.00041465420508757234,0.00041662183694394405,-20.81136590630758,-20.798675084516155
129,129,0.0004120501155542575,0.0004131519250988372,-20.83309158928579,-20.83499757192616
130,130,0.0004128381134654136,0.00041407794158562625,-20.82741664150815,-20.825274421577163
131,131,0.00041201483751119103,0.00041772076235103766,-20.840313903377037,-20.787234759721322
132,132,0.00041335725259112634,0.00041287150050170327,-20.82816335999372,-20.837946322676544
133,133,0.0004138063787021818,0.00041043401640643805,-20.825130677186667,-20.86366190367243
134,134,0.00041257020760538803,0.00041516094719746004,-20.82916137435701,-20.81393043771742
135,135,0.00041523513134530526,0.0004160502683493848,-20.81290944083254,-20.804637314403656
136,136,0.00041407241681638683,0.0004197095925184457,-20.816127700156414,-20.76660642720318
137,137,0.00041393341512188853,0.0004122183339572267,-20.819063281496746,-20.844822342073197
138,138,0.00041355631649062113,0.00041513160134567633,-20.8248071114554,-20.814237431716688
139,139,0.00041092117497044587,0.0004139376948219969,-20.843815575079155,-20.82674561109227
140,140,0.00040937571656726995,0.00041236450871158585,-20.860199049472765,-20.843282584353492
141,141,0.0004121142600965446,0.00041115642402713234,-20.840750362583474,-20.85602457712222
142,142,0.0004120706082513729,0.0004141807960542409,-20.843101387028412,-20.824195794178305
143,143,0.00041320922930926547,0.0004155574011077222,-20.831335022686464,-20.809785163715016
144,144,0.00041061476534280504,0.000415711610051068,-20.850060442763265,-20.808173841916073
145,145,0.00041479178729524703,0.00041471009516451314,-20.81783474628581,-20.818649305091572
146,146,0.00041203813347725446,0.00041489241840808014,-20.838690309103534,-20.816740391398973
147,147,0.00041137964701155183,0.0004131901077926159,-20.84240855955828,-20.834596223996023
148,148,0.00041220841878909884,0.0004175011923316082,-20.836721681150763,-20.789518177907148
149,149,0.0004139407825915469,0.00041410255117194827,-20.82573929036439,-20.825016318237655
150,150,0.00041364341555403297,0.0004136817894361325,-20.819699325858345,-20.82943134536088
151,151,0.0004146351195756615,0.00041512819466573233,-20.81611817924099,-20.814273071219127
152,152,0.00041228749899712113,0.0004124376910591596,-20.833120741000695,-20.842511910128422
153,153,0.0004133474821051986,0.00041521651253692413,-20.829819451011385,-20.813349214803253
154,154,0.000412327674284731,0.0004143804728396629,-20.832758676879862,-20.82210256266949
155,155,0.0004142471154090785,0.0004126920631326931,-20.81805421629154,-20.83983421269176
156,156,0.0004144481622695577,0.00041177149059398,-20.822396651135236,-20.849532633879583
157,157,0.0004111442843346482,0.000415784525868826,-20.85185031648862,-20.807412156178543
158,158,0.00041171875704300694,0.00041390862162715117,-20.845161988267712,-20.82705065148074
159,159,0.0004124341952043211,0.00041212654200774665,-20.83425820415696,-20.84578952797971
160,160,0.0004092126169011534,0.00041545899033448413,-20.86369881027943,-20.810813765711732
161,161,0.0004154568560272647,0.00041586864359774873,-20.812786923134325,-20.806533620102034
162,162,0.00041379686294978045,0.0004138752334064951,-20.827482575383605,-20.827400992210656
163,163,0.00041332723003975353,0.0004138436817907189,-20.82133549055312,-20.82773208752289
164,164,0.00041235810999048047,0.0004149008677095959,-20.83181197137779,-20.816651948046015
165,165,0.0004129002237399637,0.000412647647623855,-20.82931877496355,-20.840301642288726
166,166,0.0004116655186361144,0.0004152466579781551,-20.847909525364727,-20.813033920898558
167,167,0.000411861029167938,0.00041089066316520696,-20.853786914711616,-20.858832651785086
168,168,0.00041150074714996383,0.0004112070187387106,-20.84236870614965,-20.855490190428043
169,169,0.00041152488832726843,0.000413053692012143,-20.85135964899523,-20.836030295180734
170,170,0.0004156593133733829,0.00041299063932934875,-20.80370744034496,-20.83669329669823
171,171,0.00041082981084569444,0.0004104065623036341,-20.85093414862845,-20.863952414781824
172,172,0.00041085846371679885,0.0004140756285969952,-20.851877417845,-20.825298680802394
173,173,0.00041196176862660986,0.00041545509348476405,-20.84573234585744,-20.810854501098532
174,174,0.0004133346302137163,0.0004134923985571061,-20.83021764828025,-20.8314200779958
175,175,0.0004109118620447392,0.0004133509998945029,-20.84497525923997,-20.832905453814988
176,176,0.0004110396668655779,0.0004136778435694348,-20.852778814913002,-20.829472770348634
177,177,0.00041174781616757977,0.000412335705110117,-20.83796178711963,-20.843585949017942
178,178,0.00041086362169565847,0.000413687660750982,-20.854341025888946,-20.82936970712563
179,179,0.0004101671502306174,0.0004137133318612254,-20.857244713559666,-20.82910021696001
180,180,0.0004122932156495097,0.0004155119838144042,-20.83116331472228,-20.810259840805724
181,181,0.000410396654936533,0.0004132628306060245,-20.862890261110167,-20.833831918729846
182,182,0.00041223483726612686,0.0004131752265445692,-20.841602293041227,-20.834752640138923
183,183,0.0004090136193103858,0.0004120768387924488,-20.87137571883764,-20.84631332666013
184,184,0.0004125427530920037,0.0004117933199986031,-20.83731573036404,-20.849302405733567
185,185,0.00041107396407955395,0.00041301379219236737,-20.848784679899353,-20.83644983164482
186,186,0.0004098384359673856,0.00041126002447287505,-20.864320692685826,-20.854930408778948
187,187,0.00041002300495915497,0.00041382625625517805,-20.85889345812713,-20.827914957857615
188,188,0.000411108665446722,0.0004120409675555206,-20.84683215546624,-20.846691395915443
189,189,0.00041359031456522644,0.00040994479173892424,-20.829600945979184,-20.86884164738567
190,190,0.0004105320549570024,0.00041314229173095604,-20.84874787596716,-20.835098836546628
191,191,0.00041106910073947277,0.00041359451317571496,-20.846138938842124,-20.830347692132122
192,192,0.0004121936994518355,0.0004150658711104801,-20.835943746325995,-20.814925130232922
193,193,0.0004100626962830687,0.00041338964365422726,-20.8517489434597,-20.832499455349776
194,194,0.00041060424835862806,0.00041050479692210883,-20.859588197512196,-20.862913015035197
195,195,0.00041147684450405314,0.00041046770638786256,-20.849293668045394,-20.863305432912775
196,196,0.0004107396189752275,0.0004159290325141659,-20.861872028274256,-20.805903020282695
197,197,0.00040953352773734895,0.0004124134154009976,-20.86303013959427,-20.84276753891536
198,198,0.0004137432650955797,0.0004113698071849189,-20.830723617208537,-20.85377124764724
199,199,0.0004113326965322353,0.0004130999502529831,-20.849071441623906,-20.835543952260174
200,200,0.0004077874101247139,0.0004136300872472164,-20.875961846864218,-20.829974163033654
201,201,0.00041282982457448375,0.0004114603645192753,-20.835095213620992,-20.85281531403863
202,202,0.0004129768952309663,0.000413796274714466,-20.837565563193422,-20.82822961380785
203,203,0.0004107343547823887,0.0004102198857397429,-20.854043678972374,-20.86592828585423
204,204,0.0004126205212273395,0.00041195691722494205,-20.845518132167623,-20.84757738350287
205,205,0.0004113554722298244,0.0004095722075649782,-20.845823946915132,-20.8727905895571
206,206,0.00040827721528968167,0.00041233338752614434,-20.87464615069392,-20.843610359146556
207,207,0.000411286593064397,0.00041234356161255975,-20.841211538313516,-20.843503200832178
208,208,0.0004120299339980924,0.0004112773841418522,-20.84590451461805,-20.854747092898926
209,209,0.00040983482289185614,0.0004116362037357727,-20.860960147723468,-20.85095973583471
210,210,0.0004084262155001196,0.00041324969711958577,-20.875179067641433,-20.833969939642962
211,211,0.00041006088494467213,0.00041371753659883614,-20.859822892682253,-20.829056078061843
212,212,0.00041245921519728973,0.0004118713060099828,-20.845040357337115,-20.84848001046638
213,213,0.00040975317944647727,0.00041606015139749567,-20.860832729099435,-20.80453415133401
214,214,0.00040853627718572227,0.0004114213975538549,-20.87102667512283,-20.85322662800501
215,215,0.00041013194029651507,0.00041224463003393456,-20.855247666183708,-20.844545307409117
216,216,0.00041063515182594127,0.000413218614228658,-20.84662126180138,-20.83429660983304
217,217,0.0004104048226115092,0.00041299354205349167,-20.86259882815903,-20.836662772213472
218,218,0.00041262435183149867,0.00041220996277651896,-20.8310637277641,-20.84491053792002
219,219,0.0004113007489274995,0.00041350494690337464,-20.84985978576202,-20.83128828367816
220,220,0.00041055211769752974,0.00041327518135260205,-20.851767796633418,-20.833702127697645
221,221,0.00041105224002037464,0.0004131605183877247,-20.845617915638982,-20.834907242463622
222,222,0.0004118251180415493,0.00041481526721710046,-20.84420875115861,-20.817548057452736
223,223,0.00041174936677166023,0.0004099299870799051,-20.853403234287214,-20.86899849040329
224,224,0.00041005147840664485,0.00041328125792604526,-20.862318799465093,-20.83363827186905
225,225,0.0004107233235305271,0.000411631314292256,-20.86386455758118,-20.851011321942323
226,226,0.0004061190078404646,0.0004125193655981045,-20.89522119949268,-20.841651967143378
227,227,0.0004104308684394916,0.0004108460378024335,-20.855274280200604,-20.859304349076968
228,228,0.0004113920638457747,0.00041424834910829206,-20.84604086712924,-20.823487515894122
229,229,0.0004104914491127255,0.000409746492024217,-20.850826258736586,-20.8709429378409
230,230,0.00040972147787412264,0.00041212599363030965,-20.865877942835596,-20.845795306725535
231,231,0.0004091363279604996,0.0004102050642311377,-20.866173076246692,-20.866085202081646
232,232,0.0004085502911301464,0.000412919858813678,-20.88351261675382,-20.837437677294588
233,233,0.000411411625520355,0.000412428972164267,-20.854026450007535,-20.842603720553285
234,234,0.000410170425461682,0.0004119401135923047,-20.858051281495833,-20.84775453488607
235,235,0.0004074175295434393,0.0004074920204737665,-20.880380659715772,-20.894904291171894
236,236,0.0004143626783187165,0.00041207488730402763,-20.824045244787733,-20.846333893762665
237,237,0.00040839175476462187,0.0004117254559931002,-20.88137456006459,-20.850018186940645
238,238,0.0004109319007821074,0.0004108144892502184,-20.85613484395077,-20.859637853284475
239,239,0.0004081017416949893,0.00041139259242060547,-20.87691919520905,-20.853530704274455
240,240,0.0004087808258716286,0.0004119673425233678,-20.875612099797245,-20.847467478993437
241,241,0.0004100143206161783,0.00041207419800277993,-20.862811296727624,-20.846341158461094
242,242,0.00040910405061236513,0.00040774705734005883,-20.874369954270744,-20.89218702429055
243,243,0.0004085958566271806,0.00040850441406579003,-20.87464255940234,-20.884127842709198
244,244,0.0004090185012529153,0.0004111146554350853,-20.87285077842217,-20.85646579096305
245,245,0.00040842690469082636,0.00041293928179105644,-20.879624609331525,-20.837233398102548
246,246,0.0004075286422673728,0.0004096446102362518,-20.887785110562728,-20.872022927565602
247,247,0.0004107307651099394,0.0004091406253313548,-20.856724163157942,-20.877369332979224
248,248,0.0004102472274698624,0.0004119807976837221,-20.864990335101908,-20.84732563749613
249,249,0.0004090109213552985,0.00041125945005516867,-20.87073874717451,-20.854936474688582
250,250,0.0004109026310298131,0.0004083517690703861,-20.85418846162778,-20.88575096514701
251,251,0.0004115781084317522,0.0004096531146818674,-20.85096991668118,-20.871932766597485
252,252,0.0004076935319690821,0.0004102902557382262,-20.88820181925587,-20.86518335168309
253,253,0.00040974618342570654,0.00041098573159328416,-20.868909911287638,-20.857827933942726
254,254,0.00040971222375615587,0.0004110552759620508,-20.858621306454772,-20.85709311085246
255,255,0.00040874318531762386,0.000410756284652866,-20.876480102522432,-20.860253209533674
256,256,0.0004103301178793586,0.0004090155202184657,-20.855559115647864,-20.878697501468935
257,257,0.00041045462856664484,0.0004102330391393288,-20.856112168061657,-20.865789034748268
258,258,0.00041073493865923476,0.0004102039230546277,-20.858128063171065,-20.866097284022942
259,259,0.0004082980071261679,0.00040988578755212456,-20.881077014810604,-20.869466781246928
260,260,0.0004090513969824371,0.00040844947522457103,-20.870460344635845,-20.884711954883272
261,261,0.0004074693808677731,0.0004091978250806661,-20.887070653738604,-20.87676221167092
262,262,0.0004097008324569072,0.00040928878527330727,-20.86771420974066,-20.87579692990822
263,263,0.000410760053464682,0.00041058023864599437,-20.858470888781003,-20.86211495093558
264,264,0.00040942242971535043,0.00041016246541403234,-20.868570629891096,-20.86653622995763
265,265,0.0004108084501343366,0.00041020570757896885,-20.86169303206475,-20.8660783908007
266,266,0.0004125756656237369,0.00040606755800055047,-20.842690133677433,-20.910112441634148
267,267,0.00040914119430097566,0.0004095525195895645,-20.87298871272575,-20.872999358229322
268,268,0.0004098767003034885,0.00041124755577919513,-20.873079505037644,-20.85506208136148
269,269,0.0004065849517649712,0.00040861668285766716,-20.898089152617004,-20.882934440230848
270,270,0.0004101812277834133,0.0004076881205516034,-20.86245414786876,-20.892814809864333
271,271,0.0004091242999774548,0.00041171429850357145,-20.873983111559813,-20.850135879488473
272,272,0.00040633345746492834,0.00040831518096016035,-20.894338400449147,-20.88614010822141
273,273,0.00040975383623291923,0.00040979514443805734,-20.864883224144258,-20.870427296561754
274,274,0.0004100426248413962,0.0004083888289690214,-20.858197900194355,-20.88535683977778
275,275,0.0004081937866093418,0.000410344258661529,-20.878654261994797,-20.864611765399076
276,276,0.00040797798140646566,0.0004101679491884026,-20.88068433484278,-20.866478166209006
277,277,0.0004086749791407708,0.0004106371688019288,-20.875374612913177,-20.861512809471172
278,278,0.0004062422358589343,0.00041040091922408655,-20.89965368850395,-20.864012130570572
279,279,0.0004084276817931035,0.00041055047002277876,-20.87998862962296,-20.86242984230831
280,280,0.0004095010718657184,0.00040975180423916563,-20.86822195003643,-20.870886633498365
281,281,0.00040792809504074687,0.000410881979501267,-20.888170085164685,-20.858924435500825
282,282,0.00040802497779182396,0.00041259886960400954,-20.88770736981268,-20.84081504099904
283,283,0.00040953228677402146,0.00041167312883771956,-20.867152363163697,-20.850570177077255
284,284,0.00040975239754356826,0.000413471557150938,-20.864848906853926,-20.831638982523224
285,285,0.0004103266890280755,0.0004094116248827624,-20.870921186984468,-20.874493679921187
286,286,0.00040482450666664573,0.00041032531819502384,-20.914180306506832,-20.864812229515728
287,287,0.0004083499412614007,0.00041357530311583295,-20.882121836770047,-20.830549411847738
288,288,0.00041129266316330384,0.00040901402673242907,-20.85300559247619,-20.878713359398443
289,289,0.00040866116862312035,0.0004069664420584511,-20.87609410939599,-20.900509385790297
290,290,0.0004062248863755082,0.00040838620043359697,-20.891992471682524,-20.885384792601734
291,291,0.00040863940945932086,0.0004088175804721878,-20.876596070675205,-20.88079974314059
292,292,0.0004063171134138307,0.0004124818691420124,-20.89732066128153,-20.84204674240667
293,293,0.00040859446174359504,0.0004101647707437606,-20.87801068628183,-20.86651182038214
294,294,0.0004108463043164577,0.00040974871310601503,-20.85346025196592,-20.870919396432413
295,295,0.00040629549466851214,0.0004073019188485648,-20.89560528825232,-20.89693081798658
296,296,0.00040648257979143833,0.00040965130411725685,-20.89789560245435,-20.871951961372996
297,297,0.0004091964669756054,0.0004069880248464056,-20.869843800675376,-20.90027907104676
298,298,0.00040619825187004796,0.0004097434774800939,-20.902370772321504,-20.870974889418754
299,299,0.00040993062640089044,0.00040948910847012147,-20.869475295411895,-20.87367182952692
300,300,0.00040904589965891515,0.00041126692514425437,-20.872091230668488,-20.85485753764681
301,301,0.0004100964264224101,0.0004071873830214731,-20.86771108530317,-20.8981522527654
302,302,0.00040763978709553166,0.0004092731136264966,-20.88059560043429,-20.87596322422859
303,303,0.00040957784266979196,0.000410199278695999,-20.871750429451104,-20.866146455438177
304,304,0.0004081747608052893,0.0004096273332834244,-20.87347221302626,-20.87220609715508
305,305,0.0004074580882815164,0.000413601891762626,-20.88441715752246,-20.83027021404927
306,306,0.000407701486616021,0.0004092105097554036,-20.89049533191538,-20.87662758732732
307,307,0.00040785252919526215,0.0004056569121434893,-20.890606589095842,-20.91450657416339
308,308,0.00040823114422610816,0.0004063413040344848,-20.882358357426117,-20.90718567896486
309,309,0.00040988288591759875,0.0004092256820417549,-20.863414816481523,-20.876466567071688
310,310,0.0004106921875326097,0.00040661057573743165,-20.86460827928534,-20.904308676723794
311,311,0.0004070924748618578,0.0004087499508291091,-20.896727804894336,-20.88151824478711
312,312,0.00040555668373102536,0.00040913796922388047,-20.894970313264597,-20.87739752711328
313,313,0.00041006936256044076,0.00040990991615935375,-20.85978713466037,-20.86921113411603
314,314,0.00040769410084395374,0.0004086648175296815,-20.893798193758627,-20.88242287542831
315,315,0.0004054960067451154,0.00041252330993302166,-20.904763603294924,-20.841610441948617
316,316,0.0004087551388908754,0.00040757626840403596,-20.869075006437168,-20.894006491273224
317,317,0.0004070767725952277,0.00040907623999948174,-20.89101502357657,-20.878052824009306
318,318,0.00040713810006675033,0.0004052570362354776,-20.888508385743492,-20.918789739219786
319,319,0.0004064719970986132,0.00040660909756920054,-20.895134379333214,-20.904324464839284
320,320,0.0004089848719268423,0.00040832800655870845,-20.871005842442987,-20.88600369401354
321,321,0.0004079090722370893,0.0004113074146995419,-20.886125423891173,-20.854429992327237
322,322,0.0004098028179795779,0.00041007004390274614,-20.8674211584119,-20.867514931778754
323,323,0.00040893875975785875,0.0004098539724700937,-20.872246002578372,-20.869803891028546
324,324,0.0004096283009107772,0.00040956309193892305,-20.866380067367114,-20.87288724919556
325,325,0.0004087431532133985,0.00040956891423679496,-20.882216755876335,-20.872825510872097
326,326,0.0004099507521497105,0.0004099095102375079,-20.868530166819514,-20.869215434809867
327,327,0.0004089942409599334,0.00041016148966982176,-20.87580057155261,-20.8665465614937
328,328,0.000406117823284561,0.00040752606276471754,-20.894402458992754,-20.89454149237211
329,329,0.0004113115884541275,0.00040925608635389884,-20.85983714800281,-20.876143910526217
330,330,0.00040768804844737666,0.0004076010066599242,-20.888168132071456,-20.893742899822477
331,331,0.0004070412317175687,0.00040806862709455585,-20.883432868701203,-20.88876331033598
332,332,0.00040402653664302503,0.0004081191635984731,-20.91190088492183,-20.888225499673673
333,333,0.0004075315217463511,0.0004077101261109898,-20.88971664206707,-20.892580399426144
334,334,0.00040805319890610336,0.00040756657836027443,-20.881127525418727,-20.894109745139758
335,335,0.0004101521083509031,0.0004080156106379275,-20.86679546760701,-20.889327584305054
336,336,0.0004096018707322091,0.0004098854903866978,-20.869799711316187,-20.869469929864316
337,337,0.00040934142955463646,0.0004085192708053479,-20.876519292870608,-20.88396989869535
338,338,0.0004089411819766554,0.0004088407363987675,-20.869246544936225,-20.880553760413278
339,339,0.00041041555442396054,0.000410881918230045,-20.8568935187118,-20.858925083126103
340,340,0.0004055743041501102,0.0004098128993064165,-20.89343293279218,-20.870239137321114
341,341,0.0004084260168739777,0.000407011644902492,-20.879430946865625,-20.900027030157684
342,342,0.00040576542960479856,0.0004090226338073415,-20.9005704395804,-20.87862196972558
343,343,0.0004080767703084179,0.0004104686469011205,-20.888578076094575,-20.863295481843696
344,344,0.00040807390613145357,0.0004103989447589572,-20.889337953173076,-20.86403302480674
345,345,0.00041252859392846674,0.0004135506552349972,-20.845355293112924,-20.830808246394827
346,346,0.00040646345977498623,0.00040802834126608153,-20.896025106377568,-20.889192080781108
347,347,0.00040709183877814064,0.00040955702608794366,-20.891885463730226,-20.872951571034335
348,348,0.0004066117746952307,0.00040896405545553485,-20.899874510054673,-20.879243990971794
349,349,0.0004077955036899363,0.0004131505373056586,-20.888657973743555,-20.835012160069045
350,350,0.00040834255908980734,0.0004091489122641322,-20.874680854497967,-20.877281369758094
351,351,0.0004086354438373915,0.00040790082972594783,-20.870739919744953,-20.890549491710356
352,352,0.00040541652508425653,0.0004093304588949602,-20.910563920053,-20.875354755501267
353,353,0.0004116073019740162,0.00041098763866006936,-20.84890321720138,-20.857807781742874
354,354,0.00040863142060788024,0.00040752388610455553,-20.879080067320686,-20.89456468877863
355,355,0.0004077699925323238,0.00040862523478847975,-20.880864054475488,-20.88284354777216
356,356,0.00040841788880421404,0.00040887605772647813,-20.87357641629246,-20.880178572870648
357,357,0.0004048337889883245,0.0004087796964756164,-20.912379793941525,-20.88120221049558
358,358,0.00040786103411462424,0.0004078975471202284,-20.888425309669707,-20.890584441952736
359,359,0.0004064307179657224,0.0004082630054510542,-20.898048668371505,-20.88669509575606
360,360,0.0004088325742824176,0.0004095871255757581,-20.877364649276405,-20.872632407638115
361,361,0.00040794196586633466,0.00041201792957604324,-20.886639660212385,-20.846934224853975
362,362,0.00040602189195870433,0.00040862423606756096,-20.90717116155485,-20.882854162376383
363,363,0.00040397865454109443,0.00041189038433673745,-20.924449992393534,-20.848278845198998
364,364,0.00040367414026290716,0.0004109410985716079,-20.91931448330092,-20.858299603058086
365,365,0.0004068559399306697,0.0004072915471624583,-20.900769717471796,-20.89704140974142
366,366,0.0004057062249126623,0.0004120611472324909,-20.910970950307753,-20.846478705711178
367,367,0.0004035656480838727,0.00040702732727176656,-20.923481130236677,-20.899859697470365
368,368,0.00040913429909347337,0.00040944109787233174,-20.875372254921622,-20.874181048445834
369,369,0.0004071303551474144,0.0004116300612957658,-20.894483463951936,-20.851024541789084
370,370,0.0004071045460505891,0.0004102379929176287,-20.888831161194584,-20.86573659173697
371,371,0.00040430721488406824,0.0004084614200493027,-20.922169310637994,-20.884584950298102
372,372,0.000406850045354864,0.0004079248419178552,-20.89301249432113,-20.890293839974717
373,373,0.00040953533067463984,0.0004101704766263107,-20.870970599515864,-20.866451405245428
374,374,0.0004092605896150098,0.00040949353378413146,-20.868767846301246,-20.87362489594479
375,375,0.00040928169409264377,0.0004088519582230794,-20.869566509689143,-20.880434557284573
376,376,0.0004063640917968197,0.0004102717931872528,-20.90008302037072,-20.865378783193023
377,377,0.00040592277571366926,0.0004092327496772142,-20.90375517300926,-20.876391561794424
378,378,0.0004074226725203244,0.00040999159682542086,-20.889517641607984,-20.86834582378042
379,379,0.0004069901700971706,0.0004083732063391883,-20.890019523627466,-20.88552297928077
380,380,0.00040737196944711597,0.00040860077378487115,-20.8886462296082,-20.88310353163907
381,381,0.000407265820276453,0.0004080709753141395,-20.886636905413383,-20.888738319052518
382,382,0.00040459254103683936,0.0004090296937838981,-20.91187071398363,-20.878547008534035
383,383,0.00040463178320163763,0.0004110212949423217,-20.922565524028265,-20.857452147221785
384,384,0.0004082692669435721,0.0004077969014791674,-20.885907523122324,-20.891656163032543
385,385,0.00040678605173243996,0.0004098586413372112,-20.889741106749486,-20.869754418489226
386,386,0.0004053167526528585,0.0004085742954262777,-20.9122363324566,-20.88338497451378
387,387,0.000406355073209852,0.0004072948895076192,-20.895913420523286,-20.897005770501806
388,388,0.00040860650202825897,0.00041182017823877305,-20.88122218248902,-20.849019156721052
389,389,0.0004064027626864305,0.00040758907715299805,-20.896142300825865,-20.89387000929383
390,390,0.0004062903210875991,0.0004090138904039601,-20.902051435643756,-20.878714806945663
391,391,0.0004056350672473536,0.00040806445911967834,-20.905674394798027,-20.888807668995632
392,392,0.0004093789725958072,0.00040846698653982267,-20.867715849453443,-20.88452576528025
393,393,0.0004089862635099934,0.0004093044645790207,-20.87327472706363,-20.875630560689963
394,394,0.0004053305646707064,0.000408333301924071,-20.902809848791154,-20.885947373285898
395,395,0.00040496215998367933,0.0004064100105192904,-20.912790083702,-20.90645141137873
396,396,0.00040652753500815134,0.0004083404201082885,-20.891955196430814,-20.88587166647561
397,397,0.00040653439031040163,0.0004108131948956533,-20.907723340945587,-20.859651536636584
398,398,0.0004075239370481025,0.00040793755110108147,-20.888862780251184,-20.89015853460478
399,399,0.0004103530408963369,0.0004084068595578796,-20.86251322941067,-20.885165100635234
400,400,0.0004061646783513199,0.0004086562012640857,-20.902719754054672,-20.882514442793322
401,401,0.0004087217726994344,0.0004040127999982552,-20.87752823508986,-20.932144131873407
402,402,0.00040581104850886176,0.00040936041745896404,-20.90514367392813,-20.875036910526706
403,403,0.0004062054030112346,0.00040716979205363284,-20.902577457121836,-20.89833987707815
404,404,0.0004076596317073503,0.0004100665437841886,-20.887077079784095,-20.86755200077917
405,405,0.00040932841594186947,0.00040957724559120834,-20.8707732167702,-20.872737168609724
406,406,0.00040913135960659724,0.00040922916531072637,-20.87247067789052,-20.876429600719835
407,407,0.0004048005662157594,0.00040744675789028406,-20.917457253916922,-20.895386714902
408,408,0.00040491180885679175,0.000411413704951931,-20.915321471249303,-20.853307831506346
409,409,0.00040791725191364505,0.000409489685951389,-20.884605471314114,-20.87366570490124
410,410,0.00040761971595389867,0.00040824334198412925,-20.889744081420734,-20.886904273191334
411,411,0.0004062578022076758,0.00041282639569161753,-20.896003503526668,-20.838420800575477
412,412,0.0004073454330545687,0.00040839858794290766,-20.89117453460051,-20.885253060791467
413,413,0.00040925496447466545,0.0004082304443918953,-20.87128409700928,-20.887041481592416
414,414,0.00040481414570300313,0.0004104454679978325,-20.915478535125036,-20.863540732098613
415,415,0.0004065880193687092,0.00040618428274204855,-20.894687529626694,-20.90886423488495
416,416,0.0004045801614075131,0.00040878128340026657,-20.918637270899563,-20.881185350771702
417,417,0.000407295167738975,0.0004087183287514276,-20.894407674443812,-20.881854240548492
418,418,0.00040586885741729405,0.0004100535083317051,-20.904950345366863,-20.867690059227286
419,419,0.0004070670732186589,0.00040967512177303433,-20.89062609765497,-20.871699464293634
420,420,0.0004073097388567307,0.0004079914988802844,-20.88863033511227,-20.889584239012457
421,421,0.0004090264994055801,0.0004082046553345495,-20.877973194765108,-20.88731584621261
422,422,0.00040693040793166334,0.0004063806095234069,-20.894414576741372,-20.90676560521821
423,423,0.0004082473676613311,0.0004124105754798572,-20.88661449022726,-20.842797444982445
424,424,0.00040788991381558254,0.0004085232243309484,-20.88801983590756,-20.883927869195965
425,425,0.0004095461840030843,0.00040726065727587983,-20.871191580065535,-20.897370800717738
426,426,0.0004098529899828904,0.00041215139208361506,-20.869428804898366,-20.845527668468947
427,427,0.0004069253762694287,0.0004070196714325759,-20.895335894343358,-20.89994138535129
428,428,0.00040642376725091454,0.0004115829988701367,-20.90009388069238,-20.851521107083464
429,429,0.0004055716626024469,0.0004091316950507462,-20.905531643368636,-20.877464127132555
430,430,0.00040888507069165327,0.0004086176310298278,-20.876349556395564,-20.88292436268197
431,431,0.0004055128473615677,0.0004059727009581892,-20.906897398970024,-20.91112706842882
432,432,0.0004068068267667148,0.00040830614345491325,-20.896429757706958,-20.886236234505205
433,433,0.0004094690507513077,0.0004085872757346614,-20.86601659698228,-20.88324700237941
434,434,0.00040617103018730723,0.00040613978451706077,-20.9016496705099,-20.90934003843097
435,435,0.00040808198229438556,0.00040758421834509234,-20.878806378659327,-20.89392178119249
436,436,0.0004069436510746396,0.0004090465525606353,-20.892992403725465,-20.87836801119137
437,437,0.0004069678156550244,0.0004111788324448035,-20.895703193044184,-20.85578788893286
438,438,0.0004070471827007984,0.0004097048674195417,-20.898212266480314,-20.871384143677684
439,439,0.0004063442792892264,0.000407725281547755,-20.901257125277297,-20.892418966098703
440,440,0.0004082079889785652,0.00040923827327787876,-20.877747019169167,-20.876332943487323
441,441,0.00040692794160706176,0.0004109425721444974,-20.894750961346332,-20.85828402993996
442,442,0.00040462635758755364,0.00040501819182138304,-20.91957566040331,-20.921350074535173
443,443,0.00040654106738919525,0.00041063112286409656,-20.89873246026585,-20.86157675245948
444,444,0.0004078738737044875,0.00040986399337845415,-20.890183369219777,-20.86969770755115
445,445,0.0004083084403993274,0.0004089167173094067,-20.88157529766243,-20.879746721842952
446,446,0.0004065223539262511,0.0004090851886614569,-20.903329890551415,-20.877957821864737
447,447,0.00041011860354121815,0.00040912937287143186,-20.864272698916935,-20.877488777203347
448,448,0.00040652199207862706,0.00040657654110538334,-20.892128495210738,-20.904672210591823
449,449,0.0004100520835862946,0.0004069858650358296,-20.87154982398671,-20.900302118317118
450,450,0.0004083394899858719,0.0004105293758728198,-20.8851042643243,-20.862652989252553
451,451,0.00040752996064088857,0.00040747034577897896,-20.890360302286993,-20.895135300620552
452,452,0.0004073232154304296,0.00040748635288573017,-20.884315084181686,-20.89496469528298
453,453,0.0004055144168681359,0.00040609363350085914,-20.908172760744694,-20.90983356975454
454,454,0.00040592319786923064,0.0004066448278823181,-20.906081442790928,-20.90394285025747
455,455,0.00040827165825830136,0.00040993333708396867,-20.887622730464734,-20.86896299940775
456,456,0.0004069647747548009,0.00041080651786423435,-20.900553965579398,-20.859722123986323
457,457,0.0004056085050514102,0.0004055498529372639,-20.904592306758964,-20.915652896525877
458,458,0.0004043255517974534,0.00040744471296324934,-20.912776635380666,-20.895408511682522
459,459,0.00040629246516978924,0.0004088919759899574,-20.9056743782012,-20.880009497687798
460,460,0.0004072585293168644,0.000410460387540393,-20.8973247889646,-20.86338287051282
461,461,0.0004054358353257448,0.0004074816595101239,-20.90785457150234,-20.895014717053073
462,462,0.0004048421987951685,0.0004092048207224396,-20.917400722369848,-20.876687965365992
463,463,0.00040813434488600907,0.00041123499211512114,-20.883449211611747,-20.855194760893568
464,464,0.0004049054915253457,0.00040746989543549716,-20.915016569085637,-20.895140100523154
465,465,0.00040607132766511025,0.0004069025300467681,-20.90321815759517,-20.901191476765867
466,466,0.0004033427859522095,0.00040835279536335483,-20.932641921155426,-20.885740050223976
467,467,0.0004072237718423118,0.000409673818227786,-20.888059308840454,-20.87171328313151
468,468,0.0004087394789298132,0.000407786015114796,-20.874689521629087,-20.89177210189979
469,469,0.0004092893901055429,0.0004073592105047091,-20.878069982978356,-20.896319976269275
470,470,0.0004100237406559826,0.0004066662988502924,-20.87004358803408,-20.90371354753166
471,471,0.00040612004057638654,0.00040775383853255525,-20.90597855356078,-20.892114797895786
472,472,0.00040594607588028553,0.00040709967633072093,-20.906872142693004,-20.89908780814552
473,473,0.0004050145045729335,0.0004097023552994391,-20.90822055822351,-20.87141077268139
474,474,0.00040507505554225793,0.0004063736613668305,-20.909764009901863,-20.90683986003713
475,475,0.00040816585443309057,0.000410052517269689,-20.878001685361674,-20.867700555742402
476,476,0.0004058729295532421,0.00040530625540812154,-20.89742193449446,-20.918262313037776
477,477,0.00040701677639891885,0.0004065765441689444,-20.894036739973707,-20.90467217786766
478,478,0.00040780987198099725,0.0004071074271403057,-20.890940936786365,-20.89900512319181
479,479,0.00040758108346934245,0.0004082054089705803,-20.892210448745434,-20.88730782818383
480,480,0.0004072332959958189,0.00040848039115141884,-20.888164326914826,-20.884383245724948
481,481,0.0004071630294477932,0.00040698537180249234,-20.89503546677607,-20.90030738161161
482,482,0.00040574434282949443,0.00040783878648653626,-20.91509814676103,-20.891210120078338
483,483,0.00040457890424205314,0.0004064810636918992,-20.918701845635685,-20.9056921952465
484,484,0.0004083149182519002,0.0004069339820968085,-20.88538941144439,-20.900855796280165
485,485,0.0004092221980621635,0.00040686878645302435,-20.872389345775566,-20.901551643222305
486,486,0.00040319744532342196,0.00040821555395316526,-20.93065545432006,-20.887199895875476
487,487,0.0004063472394788273,0.0004065035303172312,-20.9038903814135,-20.905452162865
488,488,0.00040529133960815893,0.00040846446522903676,-20.911056899600506,-20.884552572703544
489,489,0.00040711000916960927,0.0004098796772795092,-20.891789173976058,-20.869531523122347
490,490,0.00040484615301559726,0.000405435508582741,-20.9168209521636,-20.91687755790428
491,491,0.0004051730718425254,0.00040981110865495314,-20.910956005037686,-20.870258113584427
492,492,0.00040672386134734626,0.0004062061902674797,-20.89591971968162,-20.90863000472777
493,493,0.000404476527167849,0.00040487141048192585,-20.92041647168033,-20.922924272457685
494,494,0.0004041606569950728,0.00040522590126401106,-20.917333351367105,-20.919123410557777
495,495,0.0004044439944861092,0.00040951566341774245,-20.915099021035015,-20.873390203152596
496,496,0.00040508834849178947,0.00040788822470379894,-20.91110333772733,-20.89068370021767
497,497,0.0004042727604493998,0.00040994083821332375,-20.922350595806925,-20.868883531138465
498,498,0.0004073610810140513,0.0004076212629259221,-20.892817772369597,-20.89352707685304
499,499,0.00040723953531699776,0.0004064891499614245,-20.888732501374857,-20.905605800390326
500,500,0.00040382556179202324,0.00040763797158816536,-20.92410113774462,-20.89334906035213
501,501,0.0004079368039869617,0.000407909383188541,-20.880754464725165,-20.89045842343132
502,502,0.0004069045493283223,0.00040722421468480637,-20.89880153015857,-20.89775943448528
503,503,0.00040539667237137167,0.0004096049692873892,-20.915083807468516,-20.872443210853923
504,504,0.0004060986417600136,0.0004092700071755405,-20.904856603461923,-20.87599618802669
505,505,0.00040551995019639657,0.0004090059144226344,-20.9139046410132,-20.8787994974301
506,506,0.0004080158604918643,0.0004095741728394243,-20.878450733889935,-20.872769750599183
507,507,0.00040547387463223073,0.0004075971588271817,-20.91201136035258,-20.89378389825938
508,508,0.00040759793128674254,0.00040770126322872544,-20.895809173014168,-20.89267480823406
509,509,0.0004064374556524929,0.00040693090321790233,-20.901258092740264,-20.900888655299973
510,510,0.0004050127082365114,0.0004074189193105619,-20.916889854174517,-20.89568345439908
511,511,0.0004060539379763926,0.0004083009338692615,-20.906224100103646,-20.886291646572147
512,512,0.0004054970307798922,0.0004125859888613616,-20.906387186653234,-20.84095062359966
513,513,0.0004069511802655827,0.0004051078760408257,-20.89805521195979,-20.920388511555732
514,514,0.0004088136018853942,0.0004069077503548837,-20.88102401249043,-20.901135759823894
515,515,0.0004053005439195705,0.00040792932237596497,-20.916209445245713,-20.89024613933608
516,516,0.0004058534428885341,0.00040536522436396857,-20.90906406398174,-20.91763049379133
517,517,0.00040726803636812056,0.00041041599500826314,-20.903600582514592,-20.86385259852961
518,518,0.0004072012784818821,0.0004062229510102617,-20.898524630618237,-20.908450811300696
519,519,0.000406274785642925,0.0004078319210461096,-20.90944355047715,-20.891283228573364
520,520,0.00040643016349274625,0.00040600140958926395,-20.891951714081202,-20.910819965039632
521,521,0.0004067522714865039,0.0004050967476551274,-20.898081267254774,-20.920507814664113
522,522,0.0004036746239265638,0.00040773548933334256,-20.922057031579577,-20.89231023775488
523,523,0.0004052586746090044,0.00040673403878157074,-20.915073537901307,-20.902990187162462
524,524,0.00040545828338021164,0.00040743369180218955,-20.915353287493886,-20.89552598760052
525,525,0.0004047280805756712,0.0004065172029904237,-20.91854997116641,-20.905306091152983
526,526,0.0004060650682412856,0.00040511401541727156,-20.901809109284724,-20.920322695083946
527,527,0.0004040461940302024,0.0004062155463830813,-20.929455618415524,-20.90852997516936
528,528,0.000406925549392214,0.00040664957487024367,-20.904222494807506,-20.90389215297848
529,529,0.00040806303780103467,0.00040379945207142125,-20.891995219888642,-20.934438126035207
530,530,0.0004048445679069756,0.0004065218427537107,-20.918867789220997,-20.90525652345747
531,531,0.0004063293682267294,0.00040816576342637604,-20.898589255427233,-20.88772964222322
532,532,0.0004059422719796409,0.0004052363204353146,-20.900674523831274,-20.91901174616474
533,533,0.00040506084207157344,0.0004065196032905461,-20.916462316722438,-20.905280448104847
534,534,0.00040449952639485756,0.0004054528069804962,-20.91353264325129,-20.916692264848557
535,535,0.00040476363735542315,0.00040752295325020035,-20.911071888172557,-20.894574630133636
536,536,0.0004062635371624732,0.0004070518219745473,-20.90668586170933,-20.899598349067897
537,537,0.00040726197767071426,0.00040664984293183997,-20.89472798855482,-20.90388929012946
538,538,0.0004056279128057325,0.00040826206800135737,-20.901817470276107,-20.886705067996807
539,539,0.0004044107837151237,0.0004054682151610522,-20.91565472764044,-20.916527225649677
540,540,0.0004089138357775267,0.00040665248831685047,-20.875609711290124,-20.903861038000613
541,541,0.0004050267590857927,0.00040622014478829344,-20.91565150225161,-20.908480812828735
542,542,0.00040781783352884435,0.0004079756893732242,-20.894710700133615,-20.889752529644174
543,543,0.00040581598175814393,0.0004086628828908464,-20.900133133825985,-20.882443435185923
544,544,0.00040390201365411976,0.0004095374866952433,-20.924346630734384,-20.873158771798074
545,545,0.00040835781069712465,0.0004081501239469569,-20.88508983393165,-20.887896051813367
546,546,0.0004051947790994933,0.00040758997324462,-20.909196095106473,-20.893860461265174
547,547,0.00040609788446034276,0.00040707039940906197,-20.90602534617367,-20.899400145970446
548,548,0.00040479028626277887,0.0004066668564184128,-20.920982603558098,-20.9037075930527
549,549,0.00040658814028462337,0.0004068704729434103,-20.89109191411889,-20.901533641547694
550,550,0.00040662926369701923,0.00040843682731256674,-20.897609124492025,-20.884846439165216
551,551,0.0004061711406018393,0.00040551383464940285,-20.90489069484089,-20.916038625634833
552,552,0.0004047567313464992,0.0004094372730162975,-20.913070225874403,-20.874221618912188
553,553,0.0004023786120539166,0.00040783439946704005,-20.937647017228525,-20.891256836297334
554,554,0.00040707098873399354,0.0004077651078420642,-20.89734436788977,-20.891994771280665
555,555,0.00040705937930603616,0.00040754027462466374,-20.894784952596538,-20.894390041328933
556,556,0.0004064094238631312,0.0004064964596182108,-20.90116907375404,-20.90552770445432
557,557,0.00040561427991145973,0.00040941169074932605,-20.912864531757293,-20.874492981223813
558,558,0.00040479132289921425,0.00040746724239158397,-20.917100857007306,-20.89516837760805
559,559,0.00040706656345156664,0.0004071322527076853,-20.896441095248303,-20.898740296822048
560,560,0.00040477281286304377,0.0004084861368602632,-20.912317788740555,-20.884322158041172
561,561,0.0004052422396459415,0.0004057207138669726,-20.9169175845225,-20.913823569465862
562,562,0.000403308974202127,0.0004027987306471914,-20.933867596545905,-20.94521444625929
563,563,0.0004037732949129968,0.00040887192804611434,-20.924758916088205,-20.88022243717665
564,564,0.0004031938424492351,0.0004064609406908092,-20.92853152512577,-20.905907199718836
565,565,0.0004042070632027558,0.00040332829322371825,-20.918435011816385,-20.939508493448358
566,566,0.0004050272418493309,0.00040880399664226726,-20.91207436954836,-20.880944049077304
567,567,0.0004035233962229578,0.00040834172518531745,-20.927219152924962,-20.885857786222314
568,568,0.00040398235882862864,0.00040322013573083833,-20.931866989507814,-20.940673264240278
569,569,0.0004060064240229153,0.00040542044811636994,-20.912254869247686,-20.91703888563177
570,570,0.0004048457611640243,0.0004047900055363578,-20.92221818341431,-20.92379756882774
571,571,0.00040635911864228547,0.0004067765211833543,-20.900985041046724,-20.902536600605693
572,572,0.00040499461735550736,0.0004034628050009671,-20.914220044267267,-20.938060343529994
573,573,0.0004045893147122115,0.0004057238111272454,-20.92433836736007,-20.913790415676438
574,574,0.0004049348173850245,0.00040787449382294555,-20.91737734378026,-20.890829900715715
575,575,0.00040390452858511856,0.00040768520710499664,-20.92637204601204,-20.892845845801908
576,576,0.0004041134061762276,0.00040555866220720897,-20.92381208845325,-20.915558561002197
577,577,0.0004059912444250754,0.0004067860748986469,-20.903737097512135,-20.902434601672773
578,578,0.0004055650146274837,0.0004073195174753078,-20.915840774267835,-20.89674317287576
579,579,0.00040336097914667933,0.000405405741491306,-20.926934246432396,-20.917196428794412
580,580,0.00040495963785173273,0.000403728397367032,-20.91717309523184,-20.935202401004315
581,581,0.00040317956356994194,0.0004080700501186871,-20.93296222702555,-20.88874816556843
582,582,0.00040443631287510553,0.00040614700839413623,-20.924387308276877,-20.909262792562163
583,583,0.00040505731360717995,0.0004066325767014764,-20.917446442671693,-20.904073694178784
584,584,0.0004039107217002161,0.000403842611520208,-20.933778646526267,-20.933973962235104
585,585,0.00040566810549563277,0.0004036010144964645,-20.91248163372716,-20.936572886890808
586,586,0.00040298236291567535,0.00040597809435750703,-20.93443313028093,-20.911069372234024
587,587,0.0004054769533374299,0.00040366974855331997,-20.917182743390164,-20.935833337707322
588,588,0.0004039437467467577,0.00040629963500817353,-20.93230132740381,-20.907631057171635
589,589,0.0004028977391780498,0.00040542334624517123,-20.93606635065366,-20.917007840408136
590,590,0.00040476679497100795,0.00040624514957399746,-20.920682037964028,-20.908213492106704
591,591,0.00040603787296201993,0.00040583183382343694,-20.911064853899784,-20.912634274099574
592,592,0.0004028598627930065,0.00040594901503553907,-20.93400779091663,-20.911380459003446
593,593,0.000401717781679724,0.00040543548101069113,-20.948043017254584,-20.91687785325062
594,594,0.00040267494605546915,0.00040324583594491213,-20.942075374187272,-20.940396464931894
595,595,0.0004024692743863027,0.0004034279539298854,-20.936016301778658,-20.938435502811497
596,596,0.00040255400883849976,0.0004041959350855139,-20.944700373329425,-20.930175963113335
597,597,0.0004043737633427432,0.00040445534978061914,-20.929959558557055,-20.927389536464858
598,598,0.0004051486144235991,0.0004024427188070197,-20.91384002028147,-20.949054635754194
599,599,0.00040324827261297894,0.0004068597933694132,-20.93164192891729,-20.90164763706312
600,600,0.00040448206889721536,0.0004026272677277264,-20.926163217011684,-20.94706353980854
601,601,0.00040420999458856574,0.0004048707916425835,-20.92653748550379,-20.922930910583027
602,602,0.00040179822016651407,0.0004025875976750333,-20.946826421109108,-20.94749146248447
603,603,0.0004014615377545664,0.0004027344127136626,-20.95206276864755,-20.945907972625236
604,604,0.00040274910651598623,0.0004032425946972676,-20.93981194231389,-20.94043137320616
605,605,0.0004020160929415106,0.00040312050259672105,-20.946719975251867,-20.94174651091855
606,606,0.00040137941304584676,0.0004040560528856555,-20.954546250628162,-20.93167920885911
607,607,0.0004046774564128484,0.0004033776885511256,-20.92489203733041,-20.938976648671293
608,608,0.0004000490733551956,0.00040364368071191405,-20.963741102907818,-20.93611380175688
609,609,0.00040562008777585303,0.0004038434754444384,-20.909301124848337,-20.933964671558144
610,610,0.0004009583535287337,0.00040260546742693375,-20.963693788300226,-20.94729869543317
611,611,0.0004021952309184852,0.00040408876865465,-20.943482010348845,-20.93132758183448
612,612,0.00040365847040054186,0.00040514507839505215,-20.92902808425784,-20.9199897033298
613,613,0.00040060424212289534,0.00040689175856593803,-20.968456121818697,-20.901306444264463
614,614,0.00040085686097094384,0.0004038827074078941,-20.96413756269985,-20.933542790341015
615,615,0.0004014619737119443,0.0004060188963960268,-20.951984927243693,-20.91063291494671
616,616,0.00040121491789606585,0.000403706693568414,-20.953138295923942,-20.935435877108688
617,617,0.0004036227257960697,0.0004052417873600988,-20.938085278447613,-20.918953157160445
618,618,0.0004015635136759734,0.00040430408185593,-20.94555038525226,-20.929014119083075
619,619,0.0004010487458255795,0.00040036502392276337,-20.960158831868114,-20.97153407609528
