,epoch,train_loss,test_loss,train_dbs,test_dbs
0,0,0.0001493274329797864,0.00013885248029653572,-11.167014049960887,-11.480264601739002
1,1,0.00012606351525935622,0.00011943569858742289,-11.905750371130864,-12.134459479366466
2,2,0.00011123747007678906,0.00010892271223527037,-12.445060194227127,-12.534616550792562
3,3,0.00010264333629783858,0.00010187911883756322,-12.793694217877675,-12.824949220001173
4,4,9.686381423476239e-05,9.705219073159816e-05,-13.045754070846442,-13.035747590113083
5,5,9.232996851949924e-05,9.284152091774893e-05,-13.255039871223042,-13.228378556545952
6,6,8.796566274297933e-05,8.89304761872872e-05,-13.464365910225158,-13.415294842567
7,7,8.496171035731845e-05,8.59960690784072e-05,-13.612255119827301,-13.561015021645439
8,8,8.213035921330957e-05,8.316952536054152e-05,-13.76070683745067,-13.706158790336351
9,9,7.99726628063525e-05,8.119682445938356e-05,-13.877468249740632,-13.810410573771222
10,10,7.807840253364477e-05,7.906392458703761e-05,-13.983771153082962,-13.926017339354647
11,11,7.679758709855378e-05,7.767611532472074e-05,-14.054635837144902,-14.00292604195184
12,12,7.523355677606269e-05,7.660469265446361e-05,-14.142204599087778,-14.06324727569919
13,13,7.415307943316743e-05,7.529255450016965e-05,-14.209292865134382,-14.13828070066569
14,14,7.287908412069658e-05,7.42217529669257e-05,-14.28253550592097,-14.200488947658878
15,15,7.1802408315635e-05,7.265859963617434e-05,-14.347505439854489,-14.292930786902707
16,16,7.103383923657526e-05,7.205965888907055e-05,-14.393625755705319,-14.328879000937647
17,17,7.029627057508872e-05,7.074724022746331e-05,-14.43575465015063,-14.40870598879041
18,18,6.938410169635804e-05,7.03306573804615e-05,-14.492999970112885,-14.434354252708932
19,19,6.86713108959723e-05,7.001080360312603e-05,-14.540163499134401,-14.454150394213624
20,20,6.792877459317715e-05,6.890014475701671e-05,-14.58615391607379,-14.523599677050981
21,21,6.738330021388973e-05,6.820074333135333e-05,-14.621351620818155,-14.56790993921845
22,22,6.657432995498967e-05,6.781190409367952e-05,-14.675400681755885,-14.59274162928974
23,23,6.617545509517683e-05,6.631457213906718e-05,-14.699773905759761,-14.68971130145507
24,24,6.553196992884755e-05,6.566722770098989e-05,-14.74333878531195,-14.732314201578296
25,25,6.511292813979474e-05,6.582909171763611e-05,-14.770642182513766,-14.72162239133391
26,26,6.466073311232846e-05,6.516684133155075e-05,-14.80033495604674,-14.765534310113189
27,27,6.379123509965943e-05,6.474817411416505e-05,-14.855274955336927,-14.793525761460057
28,28,6.379070991803844e-05,6.419201599783264e-05,-14.859735117861149,-14.830990868140987
29,29,6.312719411540719e-05,6.383984624622634e-05,-14.908053383031687,-14.854882696763422
30,30,6.27696555085029e-05,6.315675215630203e-05,-14.930829828256753,-14.901603137889154
31,31,6.210224523080618e-05,6.259715002287474e-05,-14.976973125186596,-14.940255413264339
32,32,6.180878718276796e-05,6.243886884093579e-05,-14.995218423456599,-14.951250753846681
33,33,6.139537784752206e-05,6.19886149682938e-05,-15.027053921944066,-14.982681691749281
34,34,6.107859975525139e-05,6.151717925125635e-05,-15.04765816321391,-15.015836885183223
35,35,6.073102369705292e-05,6.129184265247252e-05,-15.072041085046024,-15.031774240554999
36,36,6.0338640116580005e-05,6.0548053672966107e-05,-15.100980957764364,-15.08479914815916
37,37,6.0011937730638404e-05,6.0677244044583e-05,-15.125648253011219,-15.07554255109481
38,38,5.9894780673689125e-05,5.95215634874828e-05,-15.133626375169529,-15.159057714995201
39,39,5.953195960904212e-05,5.961405584361943e-05,-15.16029792561268,-15.152314319831884
40,40,5.894904363943629e-05,5.8894447551880913e-05,-15.203986527341062,-15.205057497314826
41,41,5.869032832651073e-05,5.908047349198329e-05,-15.222538872959866,-15.191361348078898
42,42,5.836338032074225e-05,5.8797201123333685e-05,-15.24556632879925,-15.212234488611966
43,43,5.8166207645158045e-05,5.815848041828232e-05,-15.258747681399111,-15.2596705142611
44,44,5.7676988494817705e-05,5.836662890751062e-05,-15.295126171053248,-15.244154916470997
45,45,5.773670156636352e-05,5.758184641691562e-05,-15.293245038082743,-15.302945152197955
46,46,5.731000798273131e-05,5.736164549537199e-05,-15.325098963170538,-15.319585008972174
47,47,5.72367770820568e-05,5.765938380806658e-05,-15.33028734120149,-15.297101051760349
48,48,5.708921192299104e-05,5.6937534904328026e-05,-15.342970807965964,-15.351814415005787
49,49,5.6785113086981564e-05,5.7159871702376554e-05,-15.367008123186691,-15.33488856723949
50,50,5.656309072834382e-05,5.6392455007880926e-05,-15.38295177237426,-15.393591003323575
51,51,5.618802700239743e-05,5.649161271560986e-05,-15.409712422549882,-15.385961289538596
52,52,5.613298588324358e-05,5.573698734607253e-05,-15.414367332778575,-15.444366112012524
53,53,5.5944093247424314e-05,5.602508061105924e-05,-15.429110358615947,-15.421976119653056
54,54,5.581177759539941e-05,5.537378513652488e-05,-15.441539144673662,-15.472758908447917
55,55,5.550346324207098e-05,5.60063580403374e-05,-15.464664781115744,-15.423427695982898
56,56,5.524363868315368e-05,5.5754121077418526e-05,-15.485917557354497,-15.443031281793008
57,57,5.500061423535766e-05,5.4588106362835355e-05,-15.503892601229204,-15.534820729680256
58,58,5.506765940940708e-05,5.490544667976026e-05,-15.5007257094047,-15.509646729826104
59,59,5.482649794430472e-05,5.4265069736988824e-05,-15.519445923704042,-15.560597365867432
60,60,5.447101172002167e-05,5.433758939800196e-05,-15.545727603628904,-15.554797343374528
61,61,5.4402813681739756e-05,5.472844675655084e-05,-15.552002967459604,-15.523669794103942
62,62,5.435312868002322e-05,5.415053812229369e-05,-15.55540892469894,-15.569773252578083
63,63,5.42256256614058e-05,5.423727691921062e-05,-15.564599490454608,-15.562822251878396
64,64,5.396451712099922e-05,5.369923593733754e-05,-15.585869318287317,-15.60611995693061
65,65,5.384591578646352e-05,5.368699260687112e-05,-15.596213011841513,-15.607110253536947
66,66,5.36075753676489e-05,5.404293762311634e-05,-15.61476863871298,-15.578411540261754
67,67,5.3537797883990675e-05,5.3695648124343474e-05,-15.62034366221221,-15.606410132277347
68,68,5.3272871378588386e-05,5.388435602071695e-05,-15.640751070576428,-15.591174051410032
69,69,5.320300283294517e-05,5.337803304428235e-05,-15.647147798130066,-15.632175358561378
70,70,5.3209854234682067e-05,5.261109694593439e-05,-15.64888205742001,-15.695027450834262
71,71,5.3082945856827395e-05,5.34942463625492e-05,-15.65709987612092,-15.622730285803481
72,72,5.2950764922533164e-05,5.267128290142864e-05,-15.670606539939143,-15.690062055628635
73,73,5.271552916233351e-05,5.28205118347327e-05,-15.686893586703993,-15.677774968151098
74,74,5.2843432471134515e-05,5.285663045421978e-05,-15.678059774558468,-15.674806281184697
75,75,5.246212702369337e-05,5.3123610039045544e-05,-15.709716891099433,-15.652925220110745
76,76,5.2500308398877455e-05,5.285854862641396e-05,-15.704663077623483,-15.674648678159926
77,77,5.255227508839489e-05,5.277765012579039e-05,-15.704000131147225,-15.68130052283032
78,78,5.2489700727764826e-05,5.262802963108314e-05,-15.708492635438759,-15.693629915140733
79,79,5.2115092386753234e-05,5.225118423511862e-05,-15.735972988354895,-15.724839641891448
80,80,5.200381494114012e-05,5.253625223351839e-05,-15.746627470908177,-15.701210136626207
81,81,5.213121722149903e-05,5.2296097381163e-05,-15.734754086634856,-15.721108213892485
82,82,5.211408222880282e-05,5.2504589946597423e-05,-15.740308307219559,-15.703828310019578
83,83,5.19680671862533e-05,5.213852732834455e-05,-15.750422943868811,-15.734213418525506
84,84,5.198915804959546e-05,5.19618000620731e-05,-15.749086936434786,-15.748959145499086
85,85,5.159268361821137e-05,5.16669309658219e-05,-15.780645821133067,-15.773674369883379
86,86,5.158909675863226e-05,5.173921588146569e-05,-15.779906336712218,-15.767602594450388
87,87,5.142037982820802e-05,5.139021978768716e-05,-15.79527589016823,-15.79699626955955
88,88,5.1433426107774425e-05,5.177504633473674e-05,-15.795072480842878,-15.764596058263386
89,89,5.125867564575603e-05,5.125344001786097e-05,-15.809248073563214,-15.808570824587175
90,90,5.125542115492113e-05,5.113228421817583e-05,-15.808597448324077,-15.818849077772532
91,91,5.127635014695883e-05,5.2229087151844346e-05,-15.80782559871812,-15.726676666498651
92,92,5.099087851254039e-05,5.122317567216478e-05,-15.830409535700927,-15.811136022242833
93,93,5.115957162733017e-05,5.109033468455125e-05,-15.819607157915891,-15.822413543678381
94,94,5.1099063713672406e-05,5.1380201559942706e-05,-15.823746514833006,-15.7978429842046
95,95,5.095248107141911e-05,5.159923239261843e-05,-15.834404071870647,-15.779368610868183
96,96,5.071732943479125e-05,5.083139216080063e-05,-15.854705896939361,-15.84448097809781
97,97,5.080617296529847e-05,5.112353258147394e-05,-15.848306060692252,-15.819592465807656
98,98,5.0884969560993526e-05,5.044068070434916e-05,-15.840807475502196,-15.87799163244581
99,99,5.045292012245855e-05,5.083215709371296e-05,-15.876855066457434,-15.844415624065753
100,100,5.048251658025169e-05,5.0939532804094547e-05,-15.87803627592397,-15.835251445725149
101,101,5.017538074453208e-05,5.085952120440963e-05,-15.89957594492073,-15.842078346765687
102,102,5.034349429554344e-05,5.057991094011078e-05,-15.890481620164563,-15.866020417388079
103,103,5.0574420776083756e-05,5.0526298812320946e-05,-15.868774136109307,-15.87062615891502
104,104,5.002125447193526e-05,5.023362399170812e-05,-15.914116009865323,-15.895855915652014
105,105,5.008105856796112e-05,5.0040099411394056e-05,-15.912275320602088,-15.912619382459072
106,106,4.9985228542936966e-05,5.028055774777098e-05,-15.918261220294612,-15.89180015508137
107,107,4.9945196561688154e-05,5.030912622092537e-05,-15.921265481317723,-15.889333275757082
108,108,4.981502045375612e-05,5.000751212049325e-05,-15.933889610347126,-15.915448531681564
109,109,4.971857399760131e-05,4.962864554009253e-05,-15.942139356538078,-15.948476794140268
110,110,5.018677163122644e-05,4.98000351255637e-05,-15.901023762104936,-15.933504529709335
111,111,4.9718177307891596e-05,4.944054690943296e-05,-15.94381952946669,-15.964968357963743
112,112,4.972958192139259e-05,4.9544943115171536e-05,-15.939587788946863,-15.955807679386936
113,113,4.931229570089628e-05,4.995837202602017e-05,-15.978018260997086,-15.919718243047804
114,114,4.946300028565282e-05,4.938111267524379e-05,-15.961790011571189,-15.970192306471628
115,115,4.9578664646143114e-05,4.984854355203233e-05,-15.955247256663036,-15.929276282024365
116,116,4.924016857049284e-05,4.993552475322136e-05,-15.986696954118427,-15.921704839826186
117,117,4.928198304884232e-05,4.948795762366468e-05,-15.980691563120633,-15.960805712779234
118,118,4.9250243596502186e-05,4.955356703967003e-05,-15.983372034370548,-15.955051800650583
119,119,4.913997360848409e-05,4.9682631613809224e-05,-15.993325416177331,-15.943755103533487
120,120,4.905774546115054e-05,4.9597540438346764e-05,-16.002035347895127,-15.951199618635943
121,121,4.905854499137951e-05,4.936563192658421e-05,-15.999287356326002,-15.9715540128855
122,122,4.894966381114725e-05,4.9171379941981286e-05,-16.009401794432144,-15.988677055830951
123,123,4.8616556182189256e-05,4.902751760183539e-05,-16.03874421989451,-16.001401977747626
124,124,4.866316184112274e-05,4.874650977925692e-05,-16.033710780204,-16.026365761282538
125,125,4.8735507737818776e-05,4.9115783201015896e-05,-16.03035156622714,-15.993590283482702
126,126,4.855460185316372e-05,4.906566697938711e-05,-16.0450644731258,-15.998023952033646
127,127,4.8512650669321956e-05,4.892813414794785e-05,-16.04748196304804,-16.01021447598628
128,128,4.8459745868836466e-05,4.9006767336610015e-05,-16.0535669673637,-16.00324046227896
129,129,4.847317608643429e-05,4.824594285118541e-05,-16.052719826245752,-16.07119303987841
130,130,4.8460500280627234e-05,4.852612523551981e-05,-16.051891751943078,-16.04604487350033
131,131,4.814870400653106e-05,4.881011409452185e-05,-16.080927004282103,-16.020702792237106
132,132,4.8173528036208265e-05,4.844389025636605e-05,-16.08121252298953,-16.05341090433912
133,133,4.815863268827952e-05,4.777850278371357e-05,-16.079990521165897,-16.11347565742119
134,134,4.8103899447146575e-05,4.7988611952046323e-05,-16.08711850903253,-16.094419137014462
135,135,4.7860054241327724e-05,4.827839630276063e-05,-16.105053397139766,-16.068272666510936
136,136,4.798452131037322e-05,4.7992415937570563e-05,-16.095721895875663,-16.094074891915277
137,137,4.777752537941608e-05,4.8729949508254466e-05,-16.115767475299176,-16.027841406671577
138,138,4.783251884854855e-05,4.817417931534644e-05,-16.112167167343888,-16.07765777206737
139,139,4.7947044052860515e-05,4.7858447942417115e-05,-16.099618485380972,-16.106214917905085
140,140,4.758098754988618e-05,4.782796397768451e-05,-16.132046248217254,-16.108982085751
141,141,4.757128494789286e-05,4.761762638257718e-05,-16.131205118983846,-16.128123589182437
142,142,4.751360471889655e-05,4.781987407018038e-05,-16.138606794827904,-16.10971673951176
143,143,4.734259164251853e-05,4.728696034075447e-05,-16.15395830253946,-16.15838704080002
144,144,4.729212183126047e-05,4.766010801847044e-05,-16.157725559973116,-16.1242507974144
145,145,4.7601653219767143e-05,4.7268126524470157e-05,-16.130060439467773,-16.160117127010032
146,146,4.7425244270719484e-05,4.746138400055076e-05,-16.14788165368434,-16.14239703716195
147,147,4.724244185520538e-05,4.752197319727489e-05,-16.163552803661098,-16.136856370218688
148,148,4.7157885063890865e-05,4.759512242009422e-05,-16.17115482040317,-16.130176538400306
149,149,4.721053981896701e-05,4.785416068012924e-05,-16.167911117948883,-16.106603985632344
150,150,4.699602962403136e-05,4.727856599186596e-05,-16.18425857809165,-16.1591580658347
151,151,4.694277812791604e-05,4.7093291007178395e-05,-16.18863393213746,-16.176210608705325
152,152,4.6647612948946356e-05,4.731987370943994e-05,-16.219208860609122,-16.155365251703884
153,153,4.6881684743452424e-05,4.74898643963235e-05,-16.196883561076017,-16.13979172563497
154,154,4.671698337278003e-05,4.7154121267866635e-05,-16.210855822247815,-16.170604460041847
155,155,4.679353897352991e-05,4.742273143308825e-05,-16.20543952288783,-16.14593537392405
156,156,4.672709791023961e-05,4.674905358115211e-05,-16.212053825274552,-16.208072789006142
157,157,4.632746513192446e-05,4.657974204747006e-05,-16.248929355641803,-16.223830229134183
158,158,4.66506287958725e-05,4.6774083641235176e-05,-16.218962608294746,-16.205748141318274
159,159,4.641996460610319e-05,4.6631420110842505e-05,-16.239307066121448,-16.219014604151514
160,160,4.640184049572575e-05,4.6588901712216046e-05,-16.240204935928663,-16.22297629551284
161,161,4.634061528141154e-05,4.65731666879851e-05,-16.247213948538977,-16.224443337706823
162,162,4.6176489198954836e-05,4.648733240748314e-05,-16.263277906693467,-16.23245476367454
163,163,4.621511707040385e-05,4.671370066046764e-05,-16.259969826810302,-16.21135828582876
164,164,4.630530339014025e-05,4.689951712957976e-05,-16.251760877365136,-16.19411730745589
165,165,4.568388627826467e-05,4.674907598344266e-05,-16.30727519929214,-16.2080707078541
166,166,4.6174042189395365e-05,4.6273857342863555e-05,-16.263471972306,-16.252443986863533
167,167,4.582701944151999e-05,4.6034081223249237e-05,-16.297135719622805,-16.275006223972873
168,168,4.60214537504482e-05,4.579592228095096e-05,-16.277869153051483,-16.297532923832783
169,169,4.581668803176708e-05,4.592699157288543e-05,-16.300412095648117,-16.285121039694566
170,170,4.563695638915812e-05,4.6032201728513955e-05,-16.313260966273923,-16.275183542784113
171,171,4.591208230569051e-05,4.616698616270074e-05,-16.288407485421082,-16.26248577850833
172,172,4.560738980404663e-05,4.5864247735344656e-05,-16.31589358923095,-16.29105827441691
173,173,4.577304959461002e-05,4.582427151801408e-05,-16.30412220310362,-16.29484532471187
174,174,4.5680023513622727e-05,4.578702627393221e-05,-16.3093322835685,-16.298376636954565
175,175,4.561695699446796e-05,4.59338853512523e-05,-16.317598520353172,-16.28446919964904
176,176,4.5510010281337674e-05,4.576778098309756e-05,-16.32347475701704,-16.30020245560585
177,177,4.540378726345545e-05,4.539680766787282e-05,-16.336596473065125,-16.33554787983444
178,178,4.5454542037218416e-05,4.540835269788084e-05,-16.334225787147403,-16.334443549897088
179,179,4.538098688761838e-05,4.545498201255932e-05,-16.33846854564362,-16.329986118106355
180,180,4.543045222292385e-05,4.5068672127519293e-05,-16.334158109162992,-16.367053395482206
181,181,4.532215165660822e-05,4.599094168760961e-05,-16.341128900239973,-16.279077999900753
182,182,4.527692711694867e-05,4.548546827496275e-05,-16.349356760122305,-16.3270743190137
183,183,4.4867806564914496e-05,4.510138923682174e-05,-16.386058855051573,-16.36390182600506
184,184,4.508355462902043e-05,4.553598199364435e-05,-16.366326384125614,-16.32225395382038
185,185,4.507600569172844e-05,4.527051389327665e-05,-16.367620015858527,-16.347646775872228
186,186,4.515334424552551e-05,4.477661116796202e-05,-16.35917239459242,-16.39528880311736
187,187,4.4865582953507235e-05,4.5003316987085305e-05,-16.389679995013026,-16.373355772528516
188,188,4.490105932267603e-05,4.5440982112746785e-05,-16.382950795948354,-16.33132392872146
189,189,4.4889088722183514e-05,4.4859838549439845e-05,-16.385294172625432,-16.387223958286917
190,190,4.460849747383972e-05,4.528013443249572e-05,-16.410407625911667,-16.346723944906632
191,191,4.4597754184877954e-05,4.507109846791105e-05,-16.416104011429958,-16.366819592747483
192,192,4.478479293295057e-05,4.459724004846066e-05,-16.395999600400504,-16.41272119322801
193,193,4.443659733071174e-05,4.4842150887952335e-05,-16.430504976554904,-16.38893666364151
194,194,4.4790413591455066e-05,4.509559757456085e-05,-16.396158656659303,-16.364459557932328
195,195,4.4550973246625346e-05,4.487299750173023e-05,-16.417636132484077,-16.38595020819502
196,196,4.440469746975967e-05,4.4827834675456155e-05,-16.433498901683183,-16.390323404612328
197,197,4.452927095906151e-05,4.440016116285207e-05,-16.42138186122429,-16.431955555413527
198,198,4.450290547650831e-05,4.448627824833813e-05,-16.426167512245776,-16.423540281503595
199,199,4.449664142082407e-05,4.470692338624136e-05,-16.425769188320494,-16.40205318168749
200,200,4.4160847163269505e-05,4.458932744455524e-05,-16.45694370583746,-16.413491802596486
201,201,4.413528649914126e-05,4.403978164191358e-05,-16.458392477007703,-16.46734945066854
202,202,4.4134877751594574e-05,4.4482725091879014e-05,-16.459833222722086,-16.423887170012268
203,203,4.414153806568176e-05,4.404788514397009e-05,-16.458561670365818,-16.46655040436261
204,204,4.40250936212719e-05,4.4122505259062896e-05,-16.469487602354047,-16.459199385088933
205,205,4.395237280648158e-05,4.4346723849517535e-05,-16.478188585808486,-16.437185605597353
206,206,4.399784561006602e-05,4.379048052789202e-05,-16.470834504269057,-16.492003911727185
207,207,4.387866158008974e-05,4.414870042972708e-05,-16.484270368561525,-16.456621779330145
208,208,4.393165811764907e-05,4.38577096103568e-05,-16.480571690252418,-16.485341543635432
209,209,4.3780781685275066e-05,4.4035556225265426e-05,-16.49508495787343,-16.46776615645245
210,210,4.3878564142265606e-05,4.4479504331799323e-05,-16.484758117394126,-16.424201631180747
211,211,4.363759839667257e-05,4.46551779245247e-05,-16.509250615915022,-16.407082779395953
212,212,4.373767960620996e-05,4.395831370187041e-05,-16.49601574418566,-16.475390780832065
213,213,4.364399743262203e-05,4.407460590683561e-05,-16.50985566155142,-16.463916643087362
214,214,4.3658029285653195e-05,4.347147708023457e-05,-16.50861175831173,-16.52375705089351
215,215,4.353237143488476e-05,4.3682040804445644e-05,-16.52167342305698,-16.502771818475622
216,216,4.3390661921500965e-05,4.358002709188057e-05,-16.53508781369155,-16.512926061595607
217,217,4.3411399319572324e-05,4.376855462109425e-05,-16.53256881048266,-16.494178970078575
218,218,4.3490088951189464e-05,4.371489137012855e-05,-16.52046103897418,-16.49950698532407
219,219,4.3413017001231056e-05,4.3443090888965676e-05,-16.532602007160072,-16.526593851894013
220,220,4.324667032651445e-05,4.377118200768324e-05,-16.546169459144885,-16.49391827486936
221,221,4.331431091017781e-05,4.412353710473613e-05,-16.539852754807786,-16.45909782248735
222,222,4.292097153515944e-05,4.3593701871271295e-05,-16.58086188770193,-16.51156352236504
223,223,4.291909565076774e-05,4.328222406145773e-05,-16.58114131787955,-16.542705331148618
224,224,4.3274712392228615e-05,4.3509753787044535e-05,-16.543527489720315,-16.519934763381528
225,225,4.3232625571785246e-05,4.379536346134142e-05,-16.55002169011967,-16.491519671133457
226,226,4.3256454558001313e-05,4.297665528658974e-05,-16.54682965791882,-16.57347489107996
227,227,4.307118338006476e-05,4.282958635533425e-05,-16.56447975529143,-16.588362220166037
228,228,4.303048780522808e-05,4.335983516954768e-05,-16.5725291531582,-16.534924794699634
229,229,4.276803336268262e-05,4.3397896661190316e-05,-16.594849630899223,-16.531114207100103
230,230,4.290488990610009e-05,4.32784832618812e-05,-16.58043235349459,-16.543080699757596
231,231,4.2719444217695616e-05,4.312108993824375e-05,-16.602697703203898,-16.5589037241143
232,232,4.2799809719879927e-05,4.343081960350422e-05,-16.59296467685991,-16.527820768368017
233,233,4.294115241623565e-05,4.3074399926760966e-05,-16.579423188965613,-16.563608660848676
234,234,4.2489503704421895e-05,4.2828924051718786e-05,-16.624536704291014,-16.588429378654826
235,235,4.2582422652559056e-05,4.336308158695159e-05,-16.614934950760574,-16.534599643927987
236,236,4.2531479735283864e-05,4.3037838814167405e-05,-16.620894498452518,-16.56729647355402
237,237,4.2357841069592866e-05,4.251576013446442e-05,-16.636975724285833,-16.620301538687215
238,238,4.268174148050675e-05,4.3474159036505676e-05,-16.606928989287933,-16.523489122826817
239,239,4.2426069674397745e-05,4.2810254710371066e-05,-16.63320305381246,-16.590322902664216
240,240,4.2566170526059946e-05,4.315119363845473e-05,-16.618057060221126,-16.55587288480529
241,241,4.226081748748049e-05,4.2693770458419366e-05,-16.647092675949292,-16.602155912641845
242,242,4.245003902283737e-05,4.2735233077301495e-05,-16.627612195613917,-16.597940251155837
243,243,4.2508801831815815e-05,4.225320031094414e-05,-16.624534172009547,-16.647204935066167
244,244,4.231805641464553e-05,4.2500197435545394e-05,-16.641412814522013,-16.621891544736137
245,245,4.2277440744075326e-05,4.2933829191545223e-05,-16.647295508604962,-16.577804778965685
246,246,4.207788800524269e-05,4.242121174588407e-05,-16.666945846468373,-16.629970322371047
247,247,4.226235901536636e-05,4.284436420819379e-05,-16.649097905261186,-16.586863995799654
248,248,4.2168410631741595e-05,4.248962585207712e-05,-16.657006657490513,-16.622971951827555
249,249,4.193664599088808e-05,4.251699647284113e-05,-16.682620127767834,-16.620175249723708
250,250,4.2162177555134624e-05,4.270615471269641e-05,-16.656841985942926,-16.60089632996143
251,251,4.20934508285202e-05,4.222856315257224e-05,-16.665884477443385,-16.649737974575608
252,252,4.194639611163551e-05,4.241680021789905e-05,-16.68341927368057,-16.63042198365307
253,253,4.19471764768421e-05,4.230643294010262e-05,-16.681391938032803,-16.641736926451202
254,254,4.207306267641432e-05,4.159037589009753e-05,-16.667467566314663,-16.71587256555245
255,255,4.175022785574649e-05,4.2317139894677034e-05,-16.701925521426805,-16.64063794867026
256,256,4.168333986488449e-05,4.22771738253926e-05,-16.7068065269758,-16.64474154473522
257,257,4.1683827316539705e-05,4.250983578171336e-05,-16.708166239634934,-16.62090674790335
258,258,4.1691782826092094e-05,4.1797352184259674e-05,-16.70679766990421,-16.69431331478231
259,259,4.178603102417648e-05,4.217383990946569e-05,-16.69682663428988,-16.65536956917031
260,260,4.167227802774749e-05,4.234055890456626e-05,-16.710188985819293,-16.638235155499594
261,261,4.1460278638267705e-05,4.2263914158531024e-05,-16.72938996956578,-16.646103864604623
262,262,4.157503607314435e-05,4.199520059812226e-05,-16.717157068546676,-16.67380441960703
263,263,4.1553680856259704e-05,4.1922902470871216e-05,-16.72248192570482,-16.681287592924157
264,264,4.15907531354718e-05,4.192735210189743e-05,-16.717090779786773,-16.68082666404258
265,265,4.15814614938164e-05,4.22307103259587e-05,-16.720684264097116,-16.649517156774266
266,266,4.139979797194606e-05,4.120165096154731e-05,-16.73756879455608,-16.75665483370817
267,267,4.1535775080868093e-05,4.145930602374536e-05,-16.7231103442735,-16.72958073773302
268,268,4.1526704287029245e-05,4.092542497490189e-05,-16.72579095667389,-16.78586904175181
269,269,4.148390498531373e-05,4.143016581350055e-05,-16.729100776030155,-16.732634305997284
270,270,4.130855635706859e-05,4.176789757605691e-05,-16.746586793165573,-16.697374868328914
271,271,4.118437638830936e-05,4.146183346165344e-05,-16.757873510371333,-16.729315991651625
272,272,4.130140512211959e-05,4.152934056228811e-05,-16.745372939476173,-16.722250669801223
273,273,4.1402612773661946e-05,4.142315179036048e-05,-16.73621514501562,-16.733369617905375
274,274,4.113860885218415e-05,4.1499557387157294e-05,-16.762821276639738,-16.72536637276419
275,275,4.106551448822972e-05,4.113319377402628e-05,-16.77575529434549,-16.76387670574387
276,276,4.131267848709651e-05,4.122026247817925e-05,-16.74603706627815,-16.754693491445373
277,277,4.082633763432896e-05,4.13195323888335e-05,-16.797143300323768,-16.74424704067032
278,278,4.114408070985444e-05,4.1421901091541114e-05,-16.76410986641319,-16.733500747424138
279,279,4.123384222993147e-05,4.112582935608531e-05,-16.75631266084486,-16.76465432890569
280,280,4.106560558771964e-05,4.10544698273665e-05,-16.772355044825883,-16.77219653978853
281,281,4.094801133572959e-05,4.152107354265785e-05,-16.78563390615625,-16.72311528223158
282,282,4.0790141189138445e-05,4.1320978198200464e-05,-16.798474030081934,-16.744095079598065
283,283,4.068910328493713e-05,4.098169397605632e-05,-16.811136873530934,-16.779901960779863
284,284,4.0876364231004006e-05,4.1000942713397214e-05,-16.791624918953122,-16.777862597104352
285,285,4.06851325998414e-05,4.064399763592519e-05,-16.813573283407184,-16.815836846212623
