,epoch,train_loss,test_loss,train_dbs,test_dbs
0,0,0.00015968596157689877,0.00014091298171000458,-10.874188844836524,-11.426270816832618
1,1,0.00012106494415496217,0.00010315896016484323,-12.07565635877771,-12.78071130498124
2,2,9.082591099023684e-05,8.270404941868037e-05,-13.326395511649736,-13.740513119974034
3,3,7.690000827856285e-05,7.225169477016224e-05,-14.045725515198033,-14.327300477615974
4,4,6.661302859825322e-05,6.335823988927969e-05,-14.67034255889722,-14.897749824085281
5,5,5.7709497623457624e-05,5.5426441241778725e-05,-15.29700779624001,-15.478610915289092
6,6,5.1520453161708816e-05,5.101504020307115e-05,-15.78663852921107,-15.838798530878623
7,7,4.7545373500096756e-05,4.7375073719242787e-05,-16.13704627088431,-16.160281875557324
8,8,4.448134636403825e-05,4.483453142854973e-05,-16.424889022024992,-16.399654510766275
9,9,4.2212668706701356e-05,4.2892517070102164e-05,-16.653577317312156,-16.591965535515858
10,10,4.0515313455600954e-05,4.1464731016037005e-05,-16.831444832734302,-16.738992338922824
11,11,3.919528563463096e-05,4.1441782262776736e-05,-16.975855491545357,-16.741396617372825
12,12,3.916047015869462e-05,3.893695228677978e-05,-16.979539570916206,-17.012161313583796
13,13,3.740444936766769e-05,3.948715598916782e-05,-17.17964736637947,-16.951222309577233
14,14,3.662390057441596e-05,3.78050706211453e-05,-17.270376873669687,-17.140280326521438
15,15,3.6224656703536274e-05,3.701087849836576e-05,-17.316285231006496,-17.232486926009035
16,16,3.594998369661289e-05,3.7119594899674046e-05,-17.351679763261988,-17.21974858376838
17,17,3.5709198143485614e-05,3.7511014517421194e-05,-17.377153389145647,-17.174192761531547
18,18,3.46734322164659e-05,3.636544907318526e-05,-17.507107615160173,-17.308891313294644
19,19,3.621109971925424e-05,3.984498298929171e-05,-17.318754084027155,-16.91204440576511
20,20,3.461579663709608e-05,3.608317150026682e-05,-17.513800655267083,-17.342733838290123
21,21,3.370803477588835e-05,3.61290510083659e-05,-17.628966698503024,-17.337215321011833
22,22,3.381734488132295e-05,3.510589330720617e-05,-17.61669253312326,-17.461980577264516
23,23,3.313274582885158e-05,3.491440254851783e-05,-17.705178412234716,-17.48573471487468
24,24,3.311688547891555e-05,3.6498890614510805e-05,-17.70606744552389,-17.292984220718882
25,25,3.271807255850476e-05,3.6704942479110813e-05,-17.760157056748767,-17.268535385095284
26,26,3.216118917763881e-05,3.5141546648351085e-05,-17.83395021387482,-17.457572145965102
27,27,3.253426234785122e-05,3.3521642475725934e-05,-17.784190212701343,-17.662527965167346
28,28,3.14718307487693e-05,3.506909055623079e-05,-17.926987527989517,-17.466535828225147
29,29,3.1641431276736895e-05,3.333570671920346e-05,-17.905230072613957,-17.686684196967292
30,30,3.0945623817838026e-05,3.285035487160234e-05,-18.001737201272398,-17.750380208659653
31,31,3.099877656345645e-05,3.251931335207222e-05,-17.993727643902908,-17.794367194720767
32,32,3.0623710287174395e-05,3.3144808568115545e-05,-18.04641300947718,-17.71162571287817
33,33,3.0466235105065898e-05,3.161769793797774e-05,-18.067225983826162,-17.916478402518706
34,34,3.0110941656154685e-05,3.160604204535239e-05,-18.119319977831974,-17.91807972819401
35,35,3.019651590012969e-05,3.200072761070547e-05,-18.108614857064033,-17.864182332041455
36,36,2.993887352841767e-05,3.2717768638241595e-05,-18.14597818732484,-17.767944093341804
37,37,3.112285660031328e-05,3.071401002479864e-05,-17.974908116122474,-18.042415646438236
38,38,3.0011974587003203e-05,3.0295513409471726e-05,-18.134758959203225,-18.101997695675607
39,39,2.9603078802051406e-05,3.04318386234196e-05,-18.194178466971106,-18.08249894078696
40,40,2.975273863055393e-05,3.0651381358008e-05,-18.1730836805114,-18.051280347934238
41,41,2.9167128081305057e-05,3.090666283050699e-05,-18.25896658505803,-18.015259719969574
42,42,3.007955362506633e-05,3.0156823987980668e-05,-18.12383121290591,-18.121924851090604
43,43,2.937509268975322e-05,2.976737816520893e-05,-18.22929860134861,-18.17837501547624
44,44,2.9319028867247814e-05,3.053181516358898e-05,-18.235644000615668,-18.068254617836462
45,45,2.946759424545591e-05,3.0003626019798073e-05,-18.214302084203364,-18.144043427672408
46,46,2.920887043766231e-05,3.0350174615465986e-05,-18.253085117013793,-18.094168922571047
47,47,2.8872619032440946e-05,2.978803097089679e-05,-18.300993032565515,-18.17536289616224
48,48,2.9032042258438298e-05,3.0003427749953087e-05,-18.27786832466039,-18.144072126798324
49,49,2.89819564227166e-05,2.9190436084479044e-05,-18.286031074190998,-18.263375032388446
50,50,3.062878241723514e-05,3.0649186795160764e-05,-18.04792722144078,-18.05159130313869
51,51,2.9258884676460886e-05,2.9465031777937456e-05,-18.245474355304346,-18.222711725113044
52,52,2.8971928334134853e-05,3.0112694634896653e-05,-18.287207729181652,-18.12828466228445
53,53,2.881436162122967e-05,3.021280922678814e-05,-18.312433421952157,-18.11386977904276
54,54,2.9903135956121014e-05,3.0476612951851596e-05,-18.149482588082538,-18.076113867199087
55,55,2.9450498276645768e-05,3.024814031959977e-05,-18.2174366086868,-18.108794072984754
56,56,2.8870970662368208e-05,2.9895145608430828e-05,-18.302078221295265,-18.15977413275353
57,57,2.8901551915398685e-05,2.964824680499365e-05,-18.298028661771703,-18.195790690804824
58,58,2.881484376593642e-05,2.9878570115359155e-05,-18.30905068127366,-18.162182765134236
59,59,2.9088240873684253e-05,2.955227175430321e-05,-18.267556955846338,-18.20987214564542
60,60,2.874160054489039e-05,2.9665184085484054e-05,-18.3226220516704,-18.19331038658201
61,61,2.8951802754087e-05,2.969098530133794e-05,-18.291112154212712,-18.189534763426657
62,62,2.8422610486495144e-05,2.9544090227174917e-05,-18.369688018270907,-18.21107465354571
63,63,2.8429725454170882e-05,3.000504617184082e-05,-18.36786107318327,-18.14383786931785
64,64,2.874765684198079e-05,3.3119738681738165e-05,-18.32277986658423,-17.71491184831166
65,65,3.098205251234569e-05,3.00736073289667e-05,-17.995467967063256,-18.133925614830297
66,66,2.914415943957193e-05,2.981330669028562e-05,-18.261798277307925,-18.1716793861789
67,67,2.8831918600715034e-05,2.983509866202152e-05,-18.309545264114117,-18.168506079720878
68,68,2.8582192395877372e-05,2.9709220765844773e-05,-18.345666162993133,-18.186868253532705
69,69,2.8621086852412583e-05,2.9828707690620304e-05,-18.339186766993706,-18.169436480844723
70,70,2.833981805864467e-05,2.9791627878837874e-05,-18.38277456054841,-18.174838516767398
71,71,2.8458202164590157e-05,2.95988647849299e-05,-18.36635013145465,-18.203030315896992
72,72,2.9584403294102605e-05,2.9771885333742065e-05,-18.19543559604764,-18.177717486876908
73,73,2.86876300041391e-05,2.9110403997229266e-05,-18.330375216403986,-18.27529853663014
74,74,2.876462551903762e-05,2.9840113137125674e-05,-18.31815805685303,-18.167776209207865
75,75,2.8526936204667136e-05,2.8999850703832253e-05,-18.35621482032518,-18.29182324245067
76,76,2.867199834055128e-05,2.9319592278242406e-05,-18.33263164908488,-18.24420159667796
77,77,2.848948259401668e-05,2.992777262988966e-05,-18.359705598132756,-18.15503690588372
78,78,2.8724625632637925e-05,2.8908604355437045e-05,-18.323919566358473,-18.305509609444123
79,79,2.827992318192084e-05,2.9177643514949043e-05,-18.392309185763366,-18.265278724434964
80,80,2.8341125855768415e-05,2.9754920098256615e-05,-18.384131637928554,-18.180192979489536
81,81,2.886319169792654e-05,3.405368481349127e-05,-18.301774745184183,-17.594139742616623
82,82,2.892211178385475e-05,2.9898149525826356e-05,-18.292264576791226,-18.15933776785772
83,83,2.8666971853997837e-05,2.9396396329454882e-05,-18.333940123283895,-18.232839923156185
84,84,2.853396798639448e-05,2.926528864727037e-05,-18.35379598760731,-18.252252743547313
85,85,2.823981519691891e-05,2.9139579725635583e-05,-18.397330797436208,-18.27094802591678
86,86,2.922482987563966e-05,2.989043088363312e-05,-18.248087061890818,-18.160459106985687
87,87,2.8500897296345504e-05,2.9260127408442233e-05,-18.358687608789115,-18.253018734701147
88,88,2.8364687544304504e-05,2.943559784877212e-05,-18.383037353064275,-18.227052253953676
89,89,2.8114430794639984e-05,2.9317792723304592e-05,-18.41642081896346,-18.24446816271927
90,90,2.8714810075153136e-05,3.0548326609086394e-05,-18.326216680181965,-18.06590661089531
91,91,2.8680288628540027e-05,2.952848980815983e-05,-18.333867296000584,-18.213368501570322
92,92,2.8346107355150942e-05,2.9251607070603458e-05,-18.383539935024064,-18.254283553037652
93,93,2.84701460240632e-05,2.903969604966206e-05,-18.364615698475177,-18.285860199143137
94,94,2.8180118683802404e-05,2.8963745966106408e-05,-18.407148561167485,-18.29723356592734
95,95,2.823307627248554e-05,2.8795984881550173e-05,-18.399934115771785,-18.322461494488113
96,96,2.8438650222540803e-05,2.9210756015106055e-05,-18.366029176443487,-18.26035289061948
97,97,2.8172396942517078e-05,2.874168919668974e-05,-18.40800001553182,-18.33065797573387
98,98,2.8291793737996168e-05,3.1238505471264943e-05,-18.391487652800393,-17.968878383668002
99,99,2.8995005121351384e-05,2.920498340436576e-05,-18.285170411580054,-18.261211225384653
100,100,2.826548972603332e-05,2.930201337317397e-05,-18.396056979923628,-18.246806241028153
101,101,2.881479964137903e-05,3.2035478350161084e-05,-18.310844050573678,-17.85946873115187
102,102,2.8657736713528758e-05,3.001502074383959e-05,-18.33462603380773,-18.142394384883094
103,103,2.8365760297993363e-05,2.9287494774172573e-05,-18.380574065601703,-18.24895862214884
104,104,2.8334505859487593e-05,2.8889280177904048e-05,-18.383403015096505,-18.308413654825845
105,105,2.8263233016519905e-05,2.8688895518395218e-05,-18.394062535791676,-18.33864257478847
106,106,2.861230432151303e-05,2.9080553232281664e-05,-18.34348808194892,-18.279754219867435
107,107,2.8464956934859055e-05,2.9469396873824544e-05,-18.363634769373338,-18.222068387388873
108,108,2.8005507196324935e-05,2.9825732302637526e-05,-18.435957797806,-18.169869707469147
109,109,2.8578516752738144e-05,3.0124910680522015e-05,-18.346260260130897,-18.12652318413447
110,110,2.8735709194509198e-05,2.999280159680271e-05,-18.324405795239795,-18.145610516719014
111,111,2.836432025846473e-05,2.985532343078184e-05,-18.37868693681233,-18.16556305955163
112,112,2.8446320375786452e-05,2.959027120883356e-05,-18.36948903673534,-18.20429140634612
113,113,2.8278719592262204e-05,2.9362520332429803e-05,-18.393106555846412,-18.237847558096643
114,114,2.831319418583382e-05,2.9676243349585046e-05,-18.387600910216154,-18.19169162625346
115,115,2.804045603981424e-05,2.9031394947914552e-05,-18.428597332202546,-18.287101823037325
116,116,2.853727562172391e-05,3.056624671827242e-05,-18.352311105844738,-18.063359720903637
117,117,2.8263348794257816e-05,2.941496160546146e-05,-18.396999706550968,-18.2300980047664
118,118,2.8586381847265694e-05,2.970224053761309e-05,-18.345424879791967,-18.18788875515003
119,119,2.828754199090889e-05,2.943561565572102e-05,-18.387873734562998,-18.22704962670712
120,120,2.8450733337841794e-05,2.90047369880516e-05,-18.36698596788107,-18.291091546437322
121,121,2.8197043236301845e-05,3.0479302662761736e-05,-18.40518729331796,-18.07573059788218
122,122,2.8244051660744705e-05,2.9455231254503718e-05,-18.39735304453449,-18.22415649574618
123,123,2.8444016728845435e-05,2.9084368036006037e-05,-18.36651925210453,-18.279184547228567
124,124,2.7912232701393016e-05,2.984910066803231e-05,-18.45000161594345,-18.16646835646217
125,125,2.8235637447070667e-05,2.9112548107054625e-05,-18.398614082483792,-18.274978671342478
126,126,2.787697604551645e-05,2.9451361785360957e-05,-18.457683307444665,-18.22472705636165
127,127,2.8169433414976872e-05,2.9402542981858316e-05,-18.40863625908605,-18.23193192812703
128,128,2.8116793436845573e-05,2.9060452154800786e-05,-18.417197439143393,-18.28275719077238
129,129,2.814195493593831e-05,2.942550197890102e-05,-18.415270966473948,-18.22854205982916
130,130,2.8010046249975632e-05,2.9308468966567153e-05,-18.432273416330062,-18.245849542332806
131,131,2.794690665245277e-05,3.0152300352806616e-05,-18.44304122879416,-18.12257635774715
132,132,2.8478856470475464e-05,2.9009858209112855e-05,-18.36234345003084,-18.290324802122125
133,133,2.8115678452598603e-05,2.9566587392381687e-05,-18.417094552668846,-18.207768856497534
134,134,2.7974465204530022e-05,2.979900550838609e-05,-18.44139642936924,-18.173763158565425
135,135,2.827627445794954e-05,2.9175088792199905e-05,-18.39295221288955,-18.265658998656782
136,136,2.7945243139762058e-05,2.8856439568794724e-05,-18.44331595625484,-18.313353413796285
137,137,2.969624605161839e-05,2.9613144713374296e-05,-18.181227533399873,-18.200935573868087
138,138,2.8177217770753112e-05,2.9660656620858628e-05,-18.409285843912635,-18.19397325216781
139,139,2.8170266024559524e-05,2.9188532081254953e-05,-18.408654429587177,-18.2636583186883
140,140,2.8038184365831295e-05,2.8861891558718573e-05,-18.431526724183705,-18.312532957244578
141,141,2.8150405773182504e-05,2.9128521993315142e-05,-18.413980584231407,-18.272596376230286
142,142,2.812547933627712e-05,2.9705722466276614e-05,-18.414579066828004,-18.18737967107099
143,143,2.801883805397065e-05,2.9433466184663732e-05,-18.433830879827198,-18.22736677227502
144,144,2.7956821213592775e-05,2.9047622726801292e-05,-18.443467742158205,-18.28467491043115
145,145,2.7910612525656033e-05,2.9212934781466365e-05,-18.44746029041375,-18.26002897195047
146,146,2.81305957971724e-05,2.9201761495450657e-05,-18.415855339132445,-18.261690367739476
147,147,2.8035216909649027e-05,2.8329795321425128e-05,-18.43204596451265,-18.3933464950939
148,148,2.80299230972869e-05,2.921329321811515e-05,-18.43294385086365,-18.259975685245504
149,149,2.7620673190727927e-05,2.9224949589421923e-05,-18.49494118209264,-18.258243156147614
150,150,2.8475113027787902e-05,2.9942417409313892e-05,-18.36406429285045,-18.152912260207692
151,151,2.8743188935193983e-05,2.9298218195387898e-05,-18.320568603690766,-18.247368772857303
152,152,2.800617523424774e-05,2.8689595637843013e-05,-18.435945145956815,-18.338536591516082
153,153,2.7935530167653888e-05,2.93346281403884e-05,-18.445415358654753,-18.24197499062742
154,154,2.7875061896713642e-05,2.918100720930134e-05,-18.45624244602287,-18.264778084382634
155,155,2.7926766257955135e-05,2.876576916988645e-05,-18.44769397821498,-18.32702095180969
156,156,2.7970464271703284e-05,2.9090160464157205e-05,-18.441476360477576,-18.278319694635503
157,157,2.7817905002220213e-05,2.9041357935822914e-05,-18.464218380675955,-18.285611667844243
158,158,2.8274049890166407e-05,2.8924008802277967e-05,-18.3934611434008,-18.303196012996473
159,159,2.7744306553171384e-05,2.9050603188807145e-05,-18.474082541955347,-18.284229320851296
160,160,2.7835259708208657e-05,2.881133475870899e-05,-18.460918549358283,-18.320147077796843
161,161,2.747584150392399e-05,2.868374576792121e-05,-18.517657227022614,-18.339422217548467
162,162,2.76890869011452e-05,2.871504416122518e-05,-18.485541546144987,-18.33468597803251
163,163,2.7579890210637534e-05,2.8607257646447243e-05,-18.50400165675317,-18.35101858935004
164,164,2.7331476903594933e-05,2.901117142372593e-05,-18.541370550698556,-18.29012821069184
165,165,2.7710738350768076e-05,2.9279726444847736e-05,-18.481694428428998,-18.2501107145681
166,166,2.759748791110733e-05,2.9136591604726976e-05,-18.498463324637942,-18.271393396432167
167,167,2.7563005075825994e-05,2.8954076218437158e-05,-18.50357515116847,-18.29868373029291
168,168,2.751349505338909e-05,2.807716861609247e-05,-18.512112952524774,-18.432247761893972
169,169,2.7725043220981986e-05,2.8640315289713297e-05,-18.478995941902248,-18.346002916924263
170,170,2.7919264558130233e-05,2.867665563443504e-05,-18.449358743310857,-18.34049585224746
171,171,2.8639571929048054e-05,2.927117460977139e-05,-18.33951879228209,-18.251379359368883
172,172,2.8145462078775626e-05,2.8745809877842764e-05,-18.414858404035115,-18.33003537460552
173,173,2.800933168717953e-05,2.9621003609224173e-05,-18.434852326412813,-18.19978317268798
174,174,2.7989436040519012e-05,2.8948345444453144e-05,-18.43942831836961,-18.29954339849156
175,175,2.7867684347603647e-05,2.8513608700258803e-05,-18.45489191012708,-18.365259009570284
176,176,2.7973245825293262e-05,2.9034591199505438e-05,-18.44042845225806,-18.286623706838085
177,177,2.771402751491645e-05,2.894423117763118e-05,-18.479051392425703,-18.3001606808739
178,178,2.7625890164852105e-05,2.892851118399688e-05,-18.49529179617104,-18.302520032230085
179,179,2.7779324058822558e-05,2.8322042501378364e-05,-18.468991452822085,-18.394535161557663
180,180,2.7901642601342976e-05,2.8717903421094986e-05,-18.448963351581643,-18.334253556979064
181,181,2.823313176103858e-05,2.9118323494147165e-05,-18.397791811433684,-18.2741171974595
182,182,2.8043544121247417e-05,2.935402450307983e-05,-18.430470447831013,-18.239104339074466
183,183,2.7744533898718127e-05,2.9415128665277734e-05,-18.475005196268835,-18.230073339444278
184,184,2.7884289292413405e-05,2.9155839384705024e-05,-18.453883620885133,-18.268525372300985
185,185,2.763104099902137e-05,2.9069000256162037e-05,-18.49229924754119,-18.28147990597965
186,186,2.823737499450535e-05,2.95202704651992e-05,-18.398860874117155,-18.214577541455053
187,187,2.812770345400102e-05,2.9009034302649333e-05,-18.417130679403815,-18.29044814747232
188,188,2.777961524714687e-05,2.93825286414511e-05,-18.470890294268017,-18.23488918162477
189,189,2.7447519810782078e-05,2.8792263420703085e-05,-18.52126919330409,-18.323022793003144
190,190,2.7904327954771717e-05,2.876204828345707e-05,-18.448686074507982,-18.327582753219115
191,191,2.754625435870563e-05,2.887330102614789e-05,-18.506388131759866,-18.310816475982918
192,192,2.7638844697968434e-05,2.9163158136438333e-05,-18.493352396263553,-18.267435335213936
193,193,2.7484381171609467e-05,2.8514078765415195e-05,-18.514640818856087,-18.36518741392521
194,194,2.742733890157716e-05,2.8687732992693782e-05,-18.52442233925645,-18.3388185622978
195,195,2.8372069744026583e-05,2.970451925265431e-05,-18.378724089467717,-18.187555583176938
