,epoch,train_loss,test_loss,train_dbs,test_dbs
0,0,0.00022805828799748044,0.0002103526992294447,-9.326397624928944,-9.6862999710614
1,1,0.00019537493062671274,0.00018429586290087747,-9.997152050914059,-10.26062500102201
2,2,0.0001742767013150949,0.00016673437724086014,-10.496099826489813,-10.695529345695164
3,3,0.00015937463655232539,0.00015501144853739165,-10.880797306871568,-11.012143116865813
4,4,0.00014901323635227134,0.00014586830863998714,-11.173685883685076,-11.27617139038837
5,5,0.00014078231140150275,0.00013764645585692242,-11.423999820117263,-11.52813052738702
6,6,0.00013366772395080994,0.00013191801056229067,-11.646169741471727,-11.712739931784668
7,7,0.0001279914176473202,0.00012637560193022517,-11.83632041117027,-11.89914849168148
8,8,0.00012297769927434123,0.00012193632420875426,-12.008404624310645,-12.054449873257042
9,9,0.00011877279472717363,0.000117807935901893,-12.160835655214736,-12.204035394904064
10,10,0.000115176711109054,0.00011451484591050662,-12.293990135272384,-12.327162932846061
11,11,0.00011194294145133961,0.00011134019434010904,-12.418226684666458,-12.449261113116439
12,12,0.00010922734876770584,0.00010905050792069615,-12.524704620492713,-12.539503936103726
13,13,0.0001066019588309705,0.0001066601367998182,-12.631228174923038,-12.635759499646129
14,14,0.00010413571268970569,0.00010434800941239748,-12.732025900634463,-12.730939176360877
15,15,0.00010213075386007441,0.00010223277977753529,-12.814762639224488,-12.819879166158621
16,16,0.0001002711169817725,0.00010023923938493489,-12.896908212495068,-12.905403237545645
17,17,9.823378546645904e-05,9.935085491681668e-05,-12.982345570267238,-12.944064777500833
18,18,9.656732616293215e-05,9.727234282763675e-05,-13.058773883138352,-13.03588710239964
19,19,9.495405898520665e-05,9.576272178061405e-05,-13.132035886182793,-13.103816051794722
20,20,9.367649526558529e-05,9.434780651262324e-05,-13.190237622702586,-13.168462785999617
21,21,9.229127437682804e-05,9.299361064270335e-05,-13.25469460296923,-13.231249760313613
22,22,9.09094686875571e-05,9.210298747731078e-05,-13.321996403492731,-13.27304369009746
23,23,9.006902559890805e-05,9.048668327618783e-05,-13.3619980572427,-13.349934165725056
24,24,8.88818388741185e-05,8.955290372556958e-05,-13.418431996562107,-13.39498414048486
25,25,8.78742522621268e-05,8.834262476547768e-05,-13.469417743229712,-13.454077878031685
26,26,8.700364567855489e-05,8.76609245958542e-05,-13.511896689720288,-13.487720393030997
27,27,8.584029964152148e-05,8.694340986518287e-05,-13.570687607090688,-13.523414173859369
28,28,8.500823980622167e-05,8.596802830365242e-05,-13.611597361019744,-13.572411201184325
29,29,8.417814162910254e-05,8.482835485330342e-05,-13.655797937679777,-13.63037041877893
30,30,8.332911238539964e-05,8.409562341464487e-05,-13.699762061938692,-13.668046919131605
31,31,8.262723495886114e-05,8.318171029187445e-05,-13.735940984013276,-13.715502407162637
32,32,8.194028517200142e-05,8.293647605521408e-05,-13.77201637390919,-13.728325079438001
33,33,8.138840288684713e-05,8.236555348910195e-05,-13.799788613017549,-13.758324651331883
34,34,8.04849488051013e-05,8.186140430074087e-05,-13.84941663008079,-13.784988958007796
35,35,8.008804396706989e-05,8.093468740729517e-05,-13.872506354975584,-13.834433926402204
36,36,7.928220540784376e-05,8.01349934159876e-05,-13.916575519100846,-13.877558807459167
37,37,7.87336936162919e-05,7.964380960114987e-05,-13.944096374432004,-13.904260608742028
38,38,7.84106144697175e-05,7.876629388192669e-05,-13.96395608708956,-13.952376748371417
39,39,7.759143979277836e-05,7.884276496234203e-05,-14.009409171870287,-13.948162400401928
40,40,7.711852561339217e-05,7.807116688988907e-05,-14.03676597233886,-13.990874157366761
41,41,7.673388646469096e-05,7.783573030457391e-05,-14.058031320929679,-14.003990817297069
42,42,7.627537646858963e-05,7.720498098550659e-05,-14.082701485639138,-14.039327659825762
43,43,7.585453860564925e-05,7.689556476084123e-05,-14.109275347356395,-14.056767953618241
44,44,7.526525613562607e-05,7.647213121680052e-05,-14.141194372341733,-14.080748925323057
45,45,7.506978790937039e-05,7.617457288832061e-05,-14.153097007397367,-14.097680585203236
46,46,7.476516978001491e-05,7.547339153365771e-05,-14.171239501456334,-14.137842200881781
47,47,7.422869414758398e-05,7.528663455128768e-05,-14.200136633468329,-14.1486020250201
48,48,7.40077238024054e-05,7.532442127979409e-05,-14.213873726494516,-14.146422826695876
49,49,7.364318973730443e-05,7.448168234029589e-05,-14.235982155169456,-14.195286087029137
50,50,7.34488193555399e-05,7.47984200930468e-05,-14.249376356644476,-14.176856616200574
51,51,7.32472857935042e-05,7.417321275601065e-05,-14.260136663284658,-14.213309957751608
52,52,7.297472699608933e-05,7.411951963532422e-05,-14.275256962288442,-14.216454903113833
53,53,7.262137881570169e-05,7.370923987381455e-05,-14.297878541494548,-14.240561537648018
54,54,7.241931324614663e-05,7.384537036015995e-05,-14.308105921134015,-14.23254813356415
55,55,7.213582033465482e-05,7.329980335749784e-05,-14.326853329451723,-14.2647527677361
56,56,7.18129060222748e-05,7.320395333839482e-05,-14.344667060495194,-14.27043550806508
57,57,7.171668058270876e-05,7.27925952033777e-05,-14.35103849731571,-14.294908831944007
58,58,7.135021632606855e-05,7.262087724245105e-05,-14.37126043120604,-14.305165955480852
59,59,7.135765951819306e-05,7.228008211026655e-05,-14.370325564003759,-14.325594490795936
60,60,7.101215872062687e-05,7.195145199626782e-05,-14.394404392654394,-14.345385238077856
61,61,7.086296460966906e-05,7.17383342194616e-05,-14.403675092844278,-14.358267982880939
62,62,7.034267569512859e-05,7.15954125840462e-05,-14.434138812166646,-14.366928901828633
63,63,7.03760610515919e-05,7.157994313226817e-05,-14.43133817332093,-14.367867373053349
64,64,7.027201883323232e-05,7.101166748294705e-05,-14.440980082516031,-14.402483755360365
65,65,6.980741360991684e-05,7.113486974144747e-05,-14.467554348744486,-14.394955457384524
66,66,6.983944470064052e-05,7.05103019227911e-05,-14.466305842762843,-14.433255120121649
67,67,6.940997612678216e-05,7.070183844342337e-05,-14.494061745677339,-14.42147379525963
68,68,6.909747067184821e-05,7.049732276324281e-05,-14.512000043522235,-14.434054619779918
69,69,6.904153517248186e-05,7.022336342886679e-05,-14.51494358697142,-14.450964596659848
70,70,6.878338674666629e-05,7.000987342938683e-05,-14.531909580661779,-14.46418793834728
71,71,6.868588538917223e-05,6.984445874542488e-05,-14.539749725290548,-14.47446130161783
72,72,6.853116447581266e-05,6.949144996102213e-05,-14.547182623799106,-14.496467128625222
73,73,6.820207647589209e-05,6.911265556577986e-05,-14.56934595265918,-14.520205058258677
74,74,6.821921994470387e-05,6.944185971453982e-05,-14.567677809469824,-14.499567432126002
75,75,6.78641640895632e-05,6.869735539351638e-05,-14.592361088498729,-14.54638067756078
76,76,6.786386487518255e-05,6.886220140394901e-05,-14.590825384910278,-14.53597184103475
77,77,6.738885799536875e-05,6.841818092078411e-05,-14.620670251060481,-14.564065631986036
78,78,6.749391573488462e-05,6.849374422975081e-05,-14.613817089318053,-14.55927178639303
79,79,6.709392431561748e-05,6.809241791703052e-05,-14.640259495572348,-14.58479330363941
80,80,6.713770390260178e-05,6.83258074691127e-05,-14.63863778092106,-14.569933134742074
81,81,6.686206568739396e-05,6.789076896414994e-05,-14.653420384211932,-14.59767358593286
82,82,6.652639369593126e-05,6.810674006517634e-05,-14.674624764303616,-14.583879930895582
83,83,6.646876679895417e-05,6.767102527910059e-05,-14.681582110129455,-14.611753298283922
84,84,6.645696684592116e-05,6.734315358794687e-05,-14.682012525967112,-14.632846363818919
85,85,6.602590577496868e-05,6.70344406420267e-05,-14.708805623036444,-14.652800964962791
86,86,6.593788649044335e-05,6.727673098794185e-05,-14.71425675330822,-14.637132056246555
87,87,6.576918666227e-05,6.677430715889816e-05,-14.727048228659944,-14.669686957913704
88,88,6.550024956651992e-05,6.658570955072432e-05,-14.748387844670518,-14.681970542927335
89,89,6.525782185976307e-05,6.642944361757193e-05,-14.75938803047772,-14.692174713216595
90,90,6.537490128149452e-05,6.667184999586377e-05,-14.753165700689648,-14.676355803271168
91,91,6.507037042612545e-05,6.622206886899413e-05,-14.775869681585231,-14.705753417397684
92,92,6.497953148299501e-05,6.592826263697229e-05,-14.780708454368114,-14.725064551028542
93,93,6.484718815232723e-05,6.591326765421974e-05,-14.789601151802682,-14.726052439788532
94,94,6.458594478167517e-05,6.541653228372237e-05,-14.80519657030981,-14.758905677856122
95,95,6.457479043861313e-05,6.539197860739047e-05,-14.806886075219929,-14.760536080372592
96,96,6.410328711991525e-05,6.539119433574869e-05,-14.836315973107938,-14.760588167325167
97,97,6.414038385234572e-05,6.508833279153088e-05,-14.834922457606828,-14.780749389019928
98,98,6.393314518944178e-05,6.52138279340426e-05,-14.850831784022727,-14.772383930696504
99,99,6.395843041731889e-05,6.489405687285685e-05,-14.849424336233653,-14.793731612610738
100,100,6.368599962425112e-05,6.47151697960094e-05,-14.868182424657368,-14.805719913395702
101,101,6.381981821158257e-05,6.491932072094642e-05,-14.857444464079425,-14.79204119361713
102,102,6.35468534232338e-05,6.480786702779464e-05,-14.876104407976516,-14.799503582445993
103,103,6.330831587847476e-05,6.461771676856045e-05,-14.893910745564611,-14.812264779314967
104,104,6.329835790537115e-05,6.403634037460985e-05,-14.892635010239898,-14.85151581952039
105,105,6.289776805734272e-05,6.377172643337154e-05,-14.919928579801525,-14.869499119258725
106,106,6.294808490471867e-05,6.377484130912068e-05,-14.919191218372385,-14.8692869969925
107,107,6.277247269178222e-05,6.372726669437007e-05,-14.92904771604495,-14.872527946330084
108,108,6.250767220296541e-05,6.402301235204122e-05,-14.949058961881391,-14.852419820134777
109,109,6.248107929047936e-05,6.387037750468345e-05,-14.949171879478234,-14.862786032727964
110,110,6.224383622859172e-05,6.354481899363331e-05,-14.967661481125688,-14.884979393717648
111,111,6.226548857833307e-05,6.36606382613536e-05,-14.96393673759168,-14.877070977859749
112,112,6.235122771275988e-05,6.316380849487981e-05,-14.961299913554784,-14.911097781891174
113,113,6.206377300484222e-05,6.315620243855704e-05,-14.979322232611928,-14.91162078189246
114,114,6.181772787198329e-05,6.335310612676519e-05,-14.996359201817373,-14.898101736491355
115,115,6.1647272137709e-05,6.270523264998031e-05,-15.007309417464416,-14.942743028146737
116,116,6.162914761477726e-05,6.299770412672507e-05,-15.008574592975531,-14.922533639101987
117,117,6.134985458104602e-05,6.255943739425244e-05,-15.03110051126686,-14.952852519293664
118,118,6.121944537993578e-05,6.251691076230552e-05,-15.03812287781576,-14.95580576866053
119,119,6.11166006566827e-05,6.221786622374661e-05,-15.042233945894715,-14.976629735304687
120,120,6.11869766441121e-05,6.169132450993761e-05,-15.041330674375937,-15.013539917009652
121,121,6.1017567785120734e-05,6.234578751517754e-05,-15.052674072998698,-14.967709712673827
122,122,6.0815670950273435e-05,6.198197393371772e-05,-15.06646799169636,-14.993126832714747
123,123,6.074382987001805e-05,6.165406490541308e-05,-15.071406800922418,-15.016163710442354
124,124,6.0352550959934665e-05,6.168700144227937e-05,-15.100991072931954,-15.013844262917274
125,125,6.0408966409969e-05,6.147667035723938e-05,-15.095575999861754,-15.02867748720657
126,126,6.018699850849855e-05,6.145329308837015e-05,-15.11511306793987,-15.030329260087601
127,127,6.00460456572017e-05,6.13709384388609e-05,-15.12157325671807,-15.036153220841298
128,128,5.9979924417254465e-05,6.108365280516936e-05,-15.126796200730618,-15.05653086337478
129,129,6.0034402962365985e-05,6.113305291939086e-05,-15.124811639444118,-15.053020017937902
130,130,5.969581199922724e-05,6.081374081795251e-05,-15.14597303591092,-15.075763674633507
131,131,5.959739705899337e-05,6.08201111103163e-05,-15.154105750276665,-15.07530877120319
132,132,5.950001961780837e-05,6.0107648766317746e-05,-15.162397828969434,-15.126483463443599
133,133,5.947677323327054e-05,6.0394575771887936e-05,-15.16310624188176,-15.105801513180108
134,134,5.9177692745243364e-05,6.071076150922301e-05,-15.187434070652692,-15.083124059638992
135,135,5.9182145706313114e-05,6.027332998009546e-05,-15.1852670281105,-15.11452900301628
136,136,5.898641220764401e-05,6.034986750149217e-05,-15.19887506782637,-15.109017653896696
137,137,5.884299580711084e-05,5.9971326232985835e-05,-15.211295309261716,-15.136344331996233
138,138,5.8502403430559084e-05,5.981929567305518e-05,-15.236529844854328,-15.147367910913765
139,139,5.854410464400138e-05,5.944786492986359e-05,-15.231732227850062,-15.17441824779871
140,140,5.822824069704457e-05,5.9348123422272404e-05,-15.257688909798194,-15.181710951389636
141,141,5.828639870142257e-05,5.919957517395041e-05,-15.253154950637935,-15.192594961635738
142,142,5.828827736117954e-05,5.9670013127431863e-05,-15.24976618983059,-15.158219529387544
143,143,5.804569850952998e-05,5.928231947013716e-05,-15.270631672692856,-15.1865289889075
144,144,5.795762484284723e-05,5.891722034185046e-05,-15.277239839516383,-15.213358372725503
145,145,5.778084708900988e-05,5.8594085107631e-05,-15.287314921754877,-15.237243087870564
146,146,5.777181237491961e-05,5.8711982235667836e-05,-15.290484722733675,-15.228513430396227
147,147,5.7817191734955616e-05,5.813664431211931e-05,-15.288515235207518,-15.271281259520784
148,148,5.753665687528333e-05,5.87978802765352e-05,-15.30971667391735,-15.222164167278734
149,149,5.7184121801911554e-05,5.8573956936781636e-05,-15.334529216436891,-15.238735227444486
150,150,5.719638479088635e-05,5.828201200960106e-05,-15.335033066775948,-15.260435502720425
151,151,5.699342416602993e-05,5.830287141419065e-05,-15.347670597969367,-15.258881420554765
152,152,5.695821438194733e-05,5.765845478316279e-05,-15.352919505768563,-15.307150869877407
153,153,5.677647963820323e-05,5.8042107028947944e-05,-15.365299927084282,-15.278349166345983
154,154,5.678677811862219e-05,5.79207438644708e-05,-15.365928559663825,-15.2874395554622
155,155,5.650873227403787e-05,5.7490316018964605e-05,-15.386744835178373,-15.319833903986133
156,156,5.6517739459504995e-05,5.760728335620737e-05,-15.386625281335416,-15.3110069107403
157,157,5.656053131649069e-05,5.763990817573167e-05,-15.382327772787663,-15.308548060458111
158,158,5.627751828065699e-05,5.7138029277618776e-05,-15.403991966068851,-15.346528290808406
159,159,5.6160558274642265e-05,5.7241072921131396e-05,-15.411507123073783,-15.338703207900885
160,160,5.610729578958066e-05,5.6866619591968823e-05,-15.416677951850051,-15.367206737287376
161,161,5.573606315535762e-05,5.679666968430147e-05,-15.445804355272486,-15.372552150558128
162,162,5.5900815776525274e-05,5.689532841451613e-05,-15.434446432166595,-15.365014777023438
163,163,5.579381854424599e-05,5.649040107719453e-05,-15.444066130285572,-15.396034281255378
164,164,5.544856572931767e-05,5.683371215893299e-05,-15.46909838378447,-15.369720629157351
165,165,5.5439114897960757e-05,5.6953950039123334e-05,-15.47001252508801,-15.36054236390271
166,166,5.50971554289812e-05,5.6665307630809316e-05,-15.495867066830742,-15.382608354725068
167,167,5.5053313846337444e-05,5.638123318356903e-05,-15.499006144345495,-15.404435156975236
168,168,5.506533789136399e-05,5.621190365146551e-05,-15.498787493160982,-15.417497931301426
169,169,5.513628744178202e-05,5.588929190324914e-05,-15.493343061605893,-15.442494790282842
170,170,5.5003398564312916e-05,5.579158115372258e-05,-15.504503237388716,-15.450094166793441
171,171,5.479490333602802e-05,5.609321861380809e-05,-15.521782364575042,-15.426677259027251
172,172,5.4839972380222275e-05,5.576161627112398e-05,-15.517969961098997,-15.452427328688728
173,173,5.48249530409746e-05,5.6099781144630946e-05,-15.518097107995157,-15.42616919329533
174,174,5.470723419758664e-05,5.563847432648273e-05,-15.528922208323436,-15.46202873718746
175,175,5.432131421781078e-05,5.5523205159452595e-05,-15.556198052614247,-15.471035578636629
176,176,5.450215394375846e-05,5.5333764497558344e-05,-15.543720410184472,-15.48587868943958
177,177,5.405243998033369e-05,5.5423395296154345e-05,-15.577894798351462,-15.478849587247211
178,178,5.405425473167945e-05,5.550675115572583e-05,-15.580155764983576,-15.472322777751755
179,179,5.410297326869619e-05,5.465801433801014e-05,-15.573996865946327,-15.53924236097256
180,180,5.41003032172814e-05,5.486338666646349e-05,-15.573264073788572,-15.522954736324388
181,181,5.391735548889217e-05,5.486719831089048e-05,-15.588096530974303,-15.522653019871747
182,182,5.3914299436674463e-05,5.4837003086791616e-05,-15.591759769920595,-15.525043743174965
183,183,5.354309335594622e-05,5.512850494644801e-05,-15.619744946403335,-15.502018715070696
184,184,5.375808785212246e-05,5.489195207605677e-05,-15.6030412918483,-15.520694108243436
185,185,5.356817241918929e-05,5.4735976223846115e-05,-15.61720342178944,-15.53305218135197
186,186,5.332383323585634e-05,5.459248859551735e-05,-15.637890471965079,-15.544451942811628
187,187,5.330166999387468e-05,5.440312203350722e-05,-15.641065265450237,-15.559542630447767
188,188,5.318224415082254e-05,5.411388299666884e-05,-15.650485963434015,-15.582693880352394
189,189,5.301372880943014e-05,5.407911866266084e-05,-15.662416744136536,-15.585484811136228
190,190,5.30296454167704e-05,5.423123404493948e-05,-15.660214517076101,-15.573285993032497
191,191,5.274434131690176e-05,5.383665790615947e-05,-15.68525493433276,-15.604999945837811
192,192,5.267219535902037e-05,5.4296109929533775e-05,-15.69273705245285,-15.568093708579166
193,193,5.247388722149406e-05,5.360597060644068e-05,-15.706068073193787,-15.623649224369213
194,194,5.259177915016237e-05,5.35923207184839e-05,-15.697080437729095,-15.624755225402811
195,195,5.23335332115128e-05,5.3214823358422636e-05,-15.719833713046878,-15.655454614378952
196,196,5.2379853345367325e-05,5.313107249094173e-05,-15.715411679836029,-15.662295037665732
197,197,5.2376511355516376e-05,5.328720401035083e-05,-15.713939986729148,-15.649551530025489
198,198,5.218631999876792e-05,5.350436645370026e-05,-15.732719086258864,-15.631888603932397
199,199,5.1938811535815006e-05,5.3269870573115585e-05,-15.751717427970952,-15.650964447232443
200,200,5.197083951362898e-05,5.315714990597611e-05,-15.749870066110017,-15.66016398731536
201,201,5.195230168630081e-05,5.3389626325377704e-05,-15.75149155229709,-15.641212050914984
202,202,5.173640395874714e-05,5.2662587366189417e-05,-15.770475919097525,-15.70075893706414
203,203,5.1673156909582195e-05,5.246444504193374e-05,-15.775167679901404,-15.717130029823604
204,204,5.158830596705342e-05,5.247503768738457e-05,-15.780670178496916,-15.716253271645646
205,205,5.150504928435074e-05,5.22802915120816e-05,-15.787323495904985,-15.732400858100288
206,206,5.143903875897504e-05,5.277097520056965e-05,-15.793985292068937,-15.691829663725898
207,207,5.12369477985782e-05,5.2076803656650316e-05,-15.812136577588518,-15.749337658537243
208,208,5.1270180922505664e-05,5.238320686897312e-05,-15.808043943907506,-15.723860041732127
209,209,5.0963459891379935e-05,5.206163271060703e-05,-15.834811371394718,-15.750603023839105
210,210,5.103472373316295e-05,5.202082090698624e-05,-15.828182709483018,-15.754008850931253
211,211,5.094461906167256e-05,5.1701807885700346e-05,-15.835721871379393,-15.78072356753145
212,212,5.0812022085121554e-05,5.194998524721565e-05,-15.847132927218809,-15.759926577658234
213,213,5.071921334523928e-05,5.216444582114682e-05,-15.855161363676842,-15.742034883948078
214,214,5.0699519503263985e-05,5.1932589006977845e-05,-15.858623152741211,-15.761381122131358
215,215,5.053056190366444e-05,5.1835874106281586e-05,-15.872184081813126,-15.769476599040672
216,216,5.038451678215613e-05,5.128587125861821e-05,-15.88216813035341,-15.815803484976929
217,217,5.023367785471828e-05,5.1367823815732995e-05,-15.898887921672626,-15.808869189846408
218,218,5.033536630078968e-05,5.120646145721701e-05,-15.889322697324753,-15.82253320700483
219,219,5.0185136866069295e-05,5.1552425391396117e-05,-15.901544334844786,-15.793289839377863
220,220,5.002865790882743e-05,5.0852342706332964e-05,-15.914801847407569,-15.852671211832163
221,221,4.998375047340307e-05,5.091967058864324e-05,-15.918660254390105,-15.846925008905718
222,222,4.991437796804545e-05,5.064068950320545e-05,-15.92558455603066,-15.870784760997855
223,223,4.976903827688129e-05,5.073417311283074e-05,-15.937616642847965,-15.862774998761102
224,224,4.979297017664216e-05,5.096728751883156e-05,-15.93497328244892,-15.842865652945804
225,225,4.973177847298841e-05,5.0923475531530325e-05,-15.939449894282976,-15.846600496994306
226,226,4.954857256061868e-05,5.048130065245603e-05,-15.957080380217242,-15.884475503352931
227,227,4.963018345171298e-05,5.048942062115346e-05,-15.951986559081009,-15.883776992425872
228,228,4.9276039716619615e-05,5.0415729148019304e-05,-15.979969563365575,-15.890120336825715
229,229,4.946065198908531e-05,5.017515841724449e-05,-15.963383619352838,-15.910893339749833
230,230,4.937665038334071e-05,5.005866133663068e-05,-15.973499867637438,-15.920988547569713
231,231,4.895714743359293e-05,5.048153884433161e-05,-16.008227129539794,-15.884455011572447
