,epoch,train_loss,test_loss,train_dbs,test_dbs
0,0,0.0006091054997013248,0.0005799649791841052,-5.061484835711257,-5.271783322936104
1,1,0.0005567694693736578,0.0005370340306973575,-5.4548903771520845,-5.605782951690603
2,2,0.0005188828760868457,0.0005052116696453212,-5.756877838126323,-5.871067284906937
3,3,0.0004898156954537233,0.00047887197854977687,-6.006674842360116,-6.103606772406346
4,4,0.00046528284209924414,0.00045543995924833184,-6.230199358095278,-6.321489701087301
5,5,0.00044284063750234693,0.00043469481323355516,-6.445992073121449,-6.523956438205511
6,6,0.0004241210492519835,0.00041795305687149887,-6.632599429315592,-6.694525960826788
7,7,0.00040874608399912946,0.00040427212431830793,-6.789951536347956,-6.839063054928779
8,8,0.0003966833203766956,0.0003929809455784332,-6.921304662773054,-6.9620860875289745
9,9,0.00038651969510649053,0.000383468548534438,-7.035167534113933,-7.068503524327347
10,10,0.00037811348693608544,0.00037571481171701297,-7.132858659958003,-7.157217855620985
11,11,0.0003706993632373813,0.00036905995435326507,-7.2178931884487865,-7.234831783603951
12,12,0.0003640821465223874,0.0003630550575173019,-7.294326711382415,-7.306076110032992
13,13,0.00035889671374947677,0.00035816246312797854,-7.360889959389275,-7.365000339695651
14,14,0.00035351622440448974,0.0003528285995248313,-7.424471065037257,-7.430163211925596
15,15,0.00034912645915215933,0.0003487852349950883,-7.479067912697452,-7.480220102412762
16,16,0.0003448011951890688,0.00034481542197203164,-7.532591010666973,-7.529934205160124
17,17,0.00034107129658409157,0.00034119899838084454,-7.576625778614171,-7.575723544642395
18,18,0.0003373650320896821,0.0003379833621070965,-7.624599010090113,-7.616847802451424
19,19,0.00033440154175437293,0.00033503206060758154,-7.6652341673836695,-7.654937335867188
20,20,0.00033126883574799854,0.000332195759064665,-7.704885904054772,-7.691860182676611
21,21,0.0003286192881317867,0.0003297189434402083,-7.739943890451924,-7.724362025430205
22,22,0.0003263069020905868,0.00032733534125758236,-7.772206121572806,-7.755872049494274
23,23,0.00032374259239283495,0.0003251217085083849,-7.804744872059381,-7.785341335695688
24,24,0.00032140979376506327,0.00032311480945760484,-7.83727995692418,-7.812232383762666
25,25,0.00031966576232699695,0.0003208059321255668,-7.860353205098763,-7.843377116874204
26,26,0.0003174293723879094,0.00031932265387455886,-7.890270094313632,-7.863503720389341
27,27,0.000315189407178268,0.0003173890918811881,-7.917168930148821,-7.88988105333879
28,28,0.00031373673388686453,0.00031556620562792217,-7.941655760932004,-7.91489614153869
29,29,0.00031214986373334354,0.0003139284764122414,-7.96658674810365,-7.937493897683834
30,30,0.0003108870035239025,0.00031210861083022073,-7.982301610358581,-7.962743513800201
31,31,0.0003088692277573894,0.00031057293189836567,-8.01029972107649,-7.9841650011092815
32,32,0.0003073987639245107,0.00030966531056420585,-8.028699474244391,-7.996875446594782
33,33,0.00030601350740606405,0.0003079831934117369,-8.051004720755873,-8.020530842784279
34,34,0.0003041585582697322,0.0003068931140373216,-8.075548475482863,-8.035929580624334
35,35,0.00030279484458661343,0.00030510649268858527,-8.094662337108751,-8.061286524933703
36,36,0.0003017202999620439,0.00030415451558502883,-8.110890829965477,-8.074858335170061
37,37,0.00030053297319382273,0.00030245044035837054,-8.129103473776933,-8.099258808896046
38,38,0.00029896785500315354,0.00030058458459710603,-8.151271209132211,-8.126133979110977
39,39,0.0002978356712925027,0.0002997486904189971,-8.168032597142293,-8.138228076796985
40,40,0.00029623603655899077,0.00029816922554011017,-8.192375279311499,-8.161172847592649
41,41,0.00029453282969398904,0.0002972560760099441,-8.216867165003116,-8.174493615520426
42,42,0.0002936185205585717,0.0002963334018683159,-8.22913624448271,-8.187994953598857
43,43,0.0002921268628362912,0.00029467048711682623,-8.249740226518448,-8.212434610250273
44,44,0.0002904173816955101,0.00029365039173219546,-8.274925878135159,-8.227495175205947
45,45,0.00028954255940709454,0.0002923666018576018,-8.29064064279376,-8.246523420341418
46,46,0.0002879203076968834,0.00029057684648585945,-8.31468067497578,-8.273190958209225
47,47,0.0002863458753803495,0.0002885363677418546,-8.33812973644211,-8.303795417040376
48,48,0.00028472738316493855,0.00028688662783487846,-8.364218920320834,-8.328697963749816
49,49,0.00028292010160230256,0.0002851116311687388,-8.392715019584994,-8.355651672778144
50,50,0.00028065336146871993,0.0002827314157529097,-8.42658061193765,-8.392060341711645
51,51,0.0002776554822573707,0.00028009275219550257,-8.471087717550636,-8.432782310806008
52,52,0.00027450963272113046,0.0002759716007858515,-8.52097288819932,-8.497157093228072
53,53,0.0002708215413185451,0.0002719038028245498,-8.57982069527183,-8.56164820415199
54,54,0.0002647117728405853,0.000262754967767059,-8.681065127835694,-8.710291663021753
55,55,0.0002526834069453564,0.000248241909215913,-8.88209836813574,-8.957049993268493
56,56,0.00023775008511873558,0.00023384978933455912,-9.147533507743066,-9.216431190455369
57,57,0.00022544094992047847,0.00022359348230039408,-9.377239940370321,-9.411209622399545
58,58,0.00021582489836836214,0.00021460803308352632,-9.568676435278185,-9.589341278590464
59,59,0.00020880286342382778,0.00020832123654575922,-9.711986483952884,-9.718465572871702
60,60,0.00020257913574729997,0.00020347645438864435,-9.841434881073575,-9.820659406815611
61,61,0.0001976095611342354,0.00019801653213921542,-9.950137048325807,-9.938786516036446
62,62,0.00019283336497238386,0.00019405209872945162,-10.055832606876969,-10.026617579310074
63,63,0.000189253067256902,0.00019040920979980576,-10.136215937852205,-10.108921513418437
64,64,0.00018586345888871086,0.00018714993386406844,-10.215012121007497,-10.183904240751778
65,65,0.00018273961634888823,0.0001833997237937231,-10.289413600233836,-10.271814247804977
66,66,0.00017984730468165207,0.00018118866137228906,-10.357990951511475,-10.324490856297059
67,67,0.00017707037665045907,0.00017907763494325705,-10.425489589579843,-10.375387519782018
68,68,0.00017485741889536303,0.00017668902919946335,-10.478971493143337,-10.433705174923576
69,69,0.00017217218413224117,0.0001742734748404473,-10.546879359829859,-10.493488113686361
70,70,0.00017071717338319677,0.00017209572788009323,-10.58603063551272,-10.548100125567093
71,71,0.00016829693229681783,0.00017047984951396326,-10.64588804036446,-10.589070487068744
72,72,0.0001669511971299143,0.00016883361891622802,-10.683433547395635,-10.631211724640963
73,73,0.00016521608151529062,0.00016710851004494257,-10.725756113840639,-10.675815350350252
74,74,0.00016355973691799554,0.00016565666469671813,-10.771205937957806,-10.71371188953349
75,75,0.00016239595664881132,0.0001647260038513004,-10.80242371819013,-10.73817939205302
76,76,0.0001610495535940047,0.0001628263531816437,-10.836686369653087,-10.788554059518894
77,77,0.0001601306685563369,0.00016205454640409075,-10.865170184623638,-10.809188824788055
78,78,0.00015921058921148214,0.00016089404571654372,-10.889514105683322,-10.840401298012857
79,79,0.00015739724115041304,0.00016057040422885237,-10.935636950302406,-10.849146013624917
80,80,0.00015660031766453087,0.00015858562945045138,-10.959053125556778,-10.903162717389536
81,81,0.00015613762106741634,0.00015832468680424712,-10.970657160183189,-10.910314644678618
82,82,0.00015537030682851051,0.00015769940785647027,-10.996179012220047,-10.927500394475427
83,83,0.00015461925998061282,0.00015692322018654332,-11.015152687108671,-10.948928904430693
84,84,0.00015391877623750186,0.00015632059474132563,-11.035298760909463,-10.965639033468866
85,85,0.0001532971799270413,0.0001555029838958657,-11.051185350146874,-10.988413750751096
86,86,0.00015308796659174384,0.00015527801128643515,-11.056075032949128,-10.994701418365018
87,87,0.00015275129423111908,0.0001542031976369847,-11.066779707291099,-11.024867224900694
88,88,0.00015294701704088139,0.00015504703103368613,-11.062116915359173,-11.001166476226437
89,89,0.00015225132500342354,0.00015414382199340157,-11.081311077473334,-11.026539789449378
90,90,0.00015213506862751602,0.00015410414121824463,-11.083702164707772,-11.027657924447187
91,91,0.00015197451164605116,0.00015416198584716767,-11.089289078813119,-11.026028059779083
92,92,0.00015160009866825198,0.00015307651713220892,-11.098339640276315,-11.05671529656857
93,93,0.0001519748801695538,0.0001534621199090524,-11.091158055300742,-11.045789088496585
94,94,0.00015158230347616465,0.0001532181884517501,-11.101390917194454,-11.052697788228619
95,95,0.00015133629719841956,0.00015361492803908492,-11.106626397891898,-11.041466803025603
96,96,0.00015148094578612518,0.00015289610478487847,-11.102689589975991,-11.061836806820182
97,97,0.00015170750635455256,0.0001539734405110051,-11.097400186402108,-11.031342879322635
98,98,0.000151252384854423,0.00015334152435810355,-11.109680355456945,-11.049203258177759
99,99,0.00015110609220033607,0.00015282934902260373,-11.112898398103678,-11.063733388167325
100,100,0.00015118815285062475,0.0001535307459753791,-11.114268631270544,-11.043847419765553
101,101,0.00015082825413309807,0.00015281403581244186,-11.119655671776966,-11.064168564782232
102,102,0.0001512758746459965,0.00015286225166882535,-11.11221845641629,-11.062798495764856
103,103,0.00015110681094493257,0.00015321225356800775,-11.115242911050842,-11.052866014808416
104,104,0.00015115494613017233,0.00015360448129573152,-11.111438172528423,-11.041762159559475
105,105,0.00015093184036644387,0.00015278626922640557,-11.121201644950068,-11.064957757393053
