,epoch,train_loss,test_loss,train_dbs,test_dbs
0,0,0.0011315801644160115,0.0009250294319108912,-2.3681633655314753,-3.244245510290887
1,1,0.0008564301959680605,0.0008221087045967579,-3.581830285124896,-3.7565085545513344
2,2,0.0008155006342855541,0.0008117405783483072,-3.793924534677495,-3.8116284546301484
3,3,0.0008106702373401483,0.0008103256420183339,-3.8191096534330353,-3.8192052007394865
4,4,0.0008099695347182299,0.0008096812648306552,-3.8248416311552984,-3.822660117758035
5,5,0.0008087096569013119,0.000810371518845817,-3.8266054758023627,-3.8189593305854617
6,6,0.0008089150183296465,0.0008095270206563567,-3.8275864554482455,-3.823487526987183
7,7,0.000809189090601255,0.0008093873957956308,-3.8272317269735803,-3.8242366500548863
8,8,0.000809137954271024,0.0008104303851723671,-3.8278877945977556,-3.818643865496995
9,9,0.000809554985757994,0.0008097743480711392,-3.8268769492723944,-3.8221608692769737
10,10,0.0008086398455131915,0.0008096691300651353,-3.8300081497035525,-3.8227252063481414
11,11,0.0008087988220366467,0.0008091226397817465,-3.829093659679372,-3.825657488658031
12,12,0.0008087783239388204,0.0008092608645950493,-3.8305861586043783,-3.824915633916393
13,13,0.0008083153492050994,0.0008094650540059726,-3.8307719307156107,-3.8238199779578586
14,14,0.000808191638123052,0.0008094785980095988,-3.8313163975247013,-3.8237473122288135
15,15,0.0008080703327576294,0.0008089215292497293,-3.8324222010833657,-3.8267370784050736
16,16,0.0008081343251798954,0.0008086285394567408,-3.8353610134955574,-3.8283103694481406
17,17,0.0008072382500443185,0.0008086015709283712,-3.8347509328155955,-3.8284552131903125
18,18,0.0008072229906359745,0.0008077919575091647,-3.8380049167507058,-3.8328057709431613
19,19,0.0008063359082839691,0.0008074851633098565,-3.841383650922769,-3.834455506802406
20,20,0.000805499009336777,0.0008071396211897465,-3.848090316456323,-3.8363143540065443
21,21,0.0008047637145620646,0.0008051930068943061,-3.85106498534866,-3.8468010766956917
22,22,0.0008037231620113106,0.0008036579605878183,-3.856753410413995,-3.8550885110963695
23,23,0.0008026542365262957,0.0008038023646038614,-3.8611812572025284,-3.8543082259905037
24,24,0.0008020227368124137,0.000803827295864099,-3.8634006508296848,-3.8541735244604785
25,25,0.0008023278691719487,0.0008037254630931114,-3.863580619863286,-3.854723744791719
26,26,0.0008033779497767232,0.0008037981583344701,-3.8611290270309295,-3.854330952526854
27,27,0.0008021557815228924,0.0008034074899593467,-3.864406389127733,-3.856442258234271
28,28,0.0008021789889773066,0.0008040157937150644,-3.86349724953634,-3.853155221400552
29,29,0.0008023770912502383,0.000803428463098642,-3.8648538055030746,-3.856328886129951
30,30,0.000802091187221411,0.0008035887118526979,-3.8641453011778797,-3.8554627454198975
31,31,0.000802182157994392,0.000802981167860133,-3.864550558273712,-3.858747420669867
32,32,0.0008028058488805269,0.0008031407028044525,-3.863196540018871,-3.857884657420303
33,33,0.0008025747170604612,0.0008029111532347375,-3.8623296601063712,-3.8591261131274077
34,34,0.0008022076031433169,0.0008032528107593718,-3.864297597334876,-3.857278481338703
35,35,0.000802152755324604,0.0008034568990727788,-3.8642765181006427,-3.856175177757877
36,36,0.0008025860051461256,0.0008030916705090357,-3.863942518813417,-3.858149805299215
37,37,0.0008023566693624424,0.0008029941451049557,-3.8643928493839463,-3.8586772334662234
38,38,0.000801930389458256,0.0008028263783719586,-3.8638991590034455,-3.8595846843997172
39,39,0.0008023911012941491,0.000802876427769661,-3.8639695838124593,-3.8593139471603157
40,40,0.0008017754352641935,0.0008029393870138416,-3.8660611868982158,-3.858973399357825
41,41,0.0008016270765381836,0.0008024687198676953,-3.86584760189687,-3.861519893914128
42,42,0.0008022721962446405,0.0008028272331055058,-3.864567051162905,-3.85958006066194
43,43,0.0008025183564426435,0.0008025640364442216,-3.8631882854016912,-3.8610040731234903
44,44,0.000802247940452251,0.000802635380655135,-3.864015014033969,-3.860618022682583
45,45,0.0008018841761759645,0.0008029165267209081,-3.864941365810368,-3.8590970480487377
46,46,0.0008017933074164099,0.0008035411102403151,-3.8649958399327984,-3.8557200129699036
47,47,0.0008015460112689005,0.0008031675610446224,-3.866782322687384,-3.8577394252035107
48,48,0.0008016890604961087,0.0008037232420113133,-3.8656542392469606,-3.8547357464632577
49,49,0.0008022028547183601,0.0008031558613047788,-3.865181413949246,-3.857802689330563
50,50,0.0008018556790253551,0.0008027583734426452,-3.864535776031279,-3.859952577349963
51,51,0.0008020672242675629,0.0008030114174624415,-3.8656928751293638,-3.8585838179797434
52,52,0.0008018216215429309,0.0008031232925867172,-3.8649906059169554,-3.857978803357872
53,53,0.0008018210814718503,0.0008027617556141003,-3.8668281052424542,-3.8599342797481673
54,54,0.000801640262073578,0.0008031865826954967,-3.865641403530109,-3.8576365711965788
55,55,0.0008016215816149776,0.0008028816787133875,-3.866504203160137,-3.859285543680662
56,56,0.0008022323882053654,0.0008023132686503232,-3.866698481051544,-3.862361274320987
57,57,0.000802012487463461,0.0008028119306178077,-3.8671340390707885,-3.859662841228297
58,58,0.0008014526191772413,0.0008029956676948227,-3.8676696125633105,-3.8586689986396734
59,59,0.0008017751562274685,0.0008028504058816715,-3.8674779416115608,-3.8594547078691317
60,60,0.0008022239486946119,0.0008027336229325125,-3.865844712915231,-3.860086480352906
61,61,0.000802031683989983,0.0008020470543813548,-3.8657282197220786,-3.863802538947371
62,62,0.0008015093050378654,0.0008029435994103551,-3.868034614073199,-3.858950615374473
63,63,0.0008012097990188325,0.000803315843529019,-3.868707710657927,-3.856937695602871
64,64,0.0008016471383785925,0.000802664159748115,-3.868602275181772,-3.860462305933625
65,65,0.0008012444475790505,0.0008029253007599005,-3.869136938147859,-3.859049589866328
66,66,0.000801717954899002,0.000803136701793655,-3.8682492724684088,-3.8579062927481296
67,67,0.0008011366583925393,0.0008026042824464017,-3.867414484108296,-3.86078629388547
68,68,0.000801242620338561,0.000802482521210454,-3.8699528076429166,-3.8614452019627503
69,69,0.0008018885219479268,0.0008024993953049967,-3.8684874456879674,-3.8613538822279683
70,70,0.0008016512669219645,0.0008029922518241955,-3.868996626706582,-3.858687473171721
71,71,0.0008015830133388721,0.0008025687757732445,-3.867241081629617,-3.860978427090628
72,72,0.0008016959296001755,0.0008024549062706923,-3.86806246657308,-3.8615946534709833
73,73,0.0008020107910401889,0.0008023350965231657,-3.8674088240250892,-3.862243121024184
74,74,0.0008012755310700572,0.0008025528789546929,-3.86861703941162,-3.861064450484016
75,75,0.0008014498438119658,0.0008024759468083319,-3.8684784709204525,-3.8614807820306503
76,76,0.0008016850009618193,0.0008025312165141498,-3.86836523621436,-3.861181676471359
77,77,0.0008011571972957361,0.0008026221276898133,-3.8687775075906523,-3.86068973316739
78,78,0.0008017611923896391,0.0008022106087178384,-3.8686149069339617,-3.862917011046135
