,epoch,train_loss,test_loss,train_dbs,test_dbs
0,0,0.0011192146909528786,0.0011037172761892801,-2.417722201771216,-2.4872024582930248
1,1,0.0010865218637357513,0.0010769995738212999,-2.545455719954309,-2.5936255488419064
2,2,0.0010647229363028076,0.0010579081043895137,-2.6361270396897964,-2.671301421541028
3,3,0.001047613991534856,0.0010440401965752244,-2.7029764801040725,-2.7286086657469295
4,4,0.0010357840429540224,0.0010333704903084588,-2.7532421934020435,-2.7732203097537527
5,5,0.0010270678075798548,0.0010250215418636799,-2.7934895639637514,-2.808450937027038
6,6,0.0010189000863975548,0.001018023366525181,-2.82511928174477,-2.8382033992192905
7,7,0.0010129683014946345,0.0010124514688198503,-2.8521703517485006,-2.8620387155609976
8,8,0.0010074618063655864,0.0010073573365317362,-2.8743823553171284,-2.8839453260068684
9,9,0.001003336576629699,0.0010029636537901272,-2.8935389633677184,-2.9029289133774734
10,10,0.0009992813185030192,0.0009994493907709654,-2.910759181633618,-2.9181727873453256
11,11,0.0009958746011330525,0.0009960803681200272,-2.9261472662852754,-2.932837057124642
12,12,0.000992623660665428,0.0009930925627582167,-2.940172313309861,-2.945883568439225
13,13,0.000989751095197058,0.000990089605023202,-2.9536201151087367,-2.959035854614873
14,14,0.0009866505417223904,0.0009873418204829488,-2.9663892501584317,-2.9711055366881167
15,15,0.000983902662464408,0.000984741371786712,-2.976806657263909,-2.9825590207829853
16,16,0.0009818045259213325,0.0009822657785231346,-2.988416443131082,-2.993490725442023
17,17,0.000978784677668561,0.0009802006503665133,-2.99808274961911,-3.002630999952664
18,18,0.0009771039854667928,0.0009778356945485268,-3.007668100630037,-3.013121997873236
19,19,0.0009752793673224287,0.0009762211518950368,-3.015880862742943,-3.0202987299734225
20,20,0.0009733287049889488,0.0009745440819594813,-3.0239486471712147,-3.027765978062249
21,21,0.0009715596979637583,0.0009727155097368124,-3.031606119586017,-3.0359224566630534
22,22,0.0009705633298282694,0.0009711530231135456,-3.0378488130603074,-3.0429041990309957
23,23,0.0009690591178536799,0.0009696023648996887,-3.044249979559332,-3.0498442024241412
24,24,0.0009672519236025353,0.0009683207700666236,-3.051166287010969,-3.0555883894368723
25,25,0.0009662245151817261,0.0009669022861328956,-3.057253646066278,-3.0619549925365828
26,26,0.0009646978440512087,0.0009655530264257992,-3.0633581209273752,-3.0680195689007435
27,27,0.0009634310227204306,0.0009643789533966858,-3.069393590604724,-3.073303625604589
28,28,0.0009620826938621623,0.0009629943555122928,-3.0740835726226576,-3.0795434476620045
29,29,0.0009610536634278743,0.0009619128602360817,-3.080314889888332,-3.084423552804132
30,30,0.0009598834596132648,0.0009605723745679777,-3.0855445385266607,-3.090479938700206
31,31,0.0009586263817648605,0.000959520825601526,-3.09067941382231,-3.0952368115353135
32,32,0.0009573131695284133,0.0009586463749751841,-3.096450750208289,-3.099196519614061
33,33,0.0009560882925180738,0.0009574669039514111,-3.1004338734590693,-3.10454315363116
34,34,0.0009550518019019251,0.0009563275134975189,-3.106294068454413,-3.1097143574011294
35,35,0.0009545031598932349,0.0009552456046405592,-3.110409518160905,-3.114630382764873
36,36,0.0009534824051481393,0.0009542221240209122,-3.115205910955547,-3.119286046972685
37,37,0.0009520926912430405,0.0009532936076682649,-3.1189103202355617,-3.123514054673607
38,38,0.0009513019149662139,0.0009524073255689521,-3.1245209497423225,-3.127553591477924
39,39,0.0009501950890929966,0.000951181429340259,-3.129419464134515,-3.1331472370564075
40,40,0.0009494726954162429,0.0009500808511419516,-3.13352835198158,-3.138175213435284
41,41,0.0009483771612291637,0.0009490186654913582,-3.138092404882808,-3.14303332024719
42,42,0.0009470982423061793,0.0009481148046784495,-3.142594777920331,-3.1471715825184337
43,43,0.0009467608995073158,0.0009476512112948848,-3.146687921822016,-3.149295642667693
44,44,0.0009454765630713136,0.0009461407347484247,-3.1506321334053613,-3.1562234550881305
45,45,0.0009444703794439736,0.0009455612162128091,-3.1558654752609305,-3.1588843574562224
46,46,0.000943642837528293,0.000944724572994011,-3.1601562615390835,-3.162728744998537
47,47,0.0009421870909324012,0.0009433937712425464,-3.1644833413450666,-3.1688508183806396
48,48,0.0009416773214398586,0.0009428461964585279,-3.1676230844436457,-3.1713723290885145
49,49,0.0009408756705317838,0.0009418534311024766,-3.1719856797898065,-3.1759476210823094
50,50,0.0009403430272287392,0.0009412105213605651,-3.1763614627694032,-3.1789131301799434
51,51,0.0009394631662271609,0.0009400019893961909,-3.17925445427411,-3.184493135974445
52,52,0.0009381577952227258,0.000939329893107673,-3.184222836600628,-3.1875994284241402
53,53,0.0009375197798512952,0.0009383416832669786,-3.188719052076268,-3.192170772271502
54,54,0.000936265070514619,0.0009373186683086189,-3.192661728407006,-3.1969081949610896
55,55,0.0009354757740325534,0.0009363860437205355,-3.1980376285629744,-3.201231541571048
56,56,0.0009343966646071946,0.0009356216484631755,-3.2013792801483816,-3.2047782434580196
57,57,0.0009339428380775006,0.0009346696682960579,-3.20403733629344,-3.2091993704285695
58,58,0.000932450232830513,0.0009342329791060796,-3.208956755754613,-3.2112289219328116
59,59,0.0009317052557814828,0.00093324069166556,-3.2119460807785356,-3.2158441945032528
60,60,0.000931320580553033,0.0009324218416096349,-3.2167395415937436,-3.2196564818519797
61,61,0.0009305492558362941,0.0009314121929683575,-3.220474605718116,-3.224361674141887
62,62,0.000929354717618949,0.0009305705898441374,-3.224512573484133,-3.2282876354457803
63,63,0.0009282608198472442,0.0009294288894651752,-3.2288875296517343,-3.23361918787209
64,64,0.0009282756772026727,0.0009286659065094826,-3.232034675793913,-3.2371858445010773
65,65,0.0009268585588907843,0.0009283141269789715,-3.2364351771560385,-3.238831267801488
66,66,0.00092642164498702,0.0009270220149406477,-3.23922668483406,-3.244880384253102
67,67,0.000925607363616606,0.0009266352189067556,-3.244012686342559,-3.246692837844977
68,68,0.0009245043572460868,0.0009255238508462513,-3.2475319221538705,-3.2519047128059295
69,69,0.0009235065153166268,0.0009247859890915846,-3.251648345386352,-3.2553684495113053
70,70,0.0009227907483120324,0.0009238683453172838,-3.255712820746814,-3.259679992809001
71,71,0.0009223808907692503,0.0009231098259701149,-3.2593217640622685,-3.2632471252259765
72,72,0.0009210527401667126,0.0009222707012668252,-3.263218748207648,-3.2671967415571967
73,73,0.0009205649419658884,0.0009211774449795485,-3.266777610637325,-3.272347906014957
74,74,0.0009197191474479192,0.0009204571711291608,-3.270193020213666,-3.275745007393222
75,75,0.0009192530529035889,0.0009199083678571409,-3.274415320649023,-3.278335169344253
76,76,0.0009181191430657564,0.0009189312481076309,-3.2782208509550954,-3.282950664373048
77,77,0.0009171982186596802,0.0009182271314784884,-3.281919191809739,-3.286279653152934
78,78,0.0009164184586327407,0.0009171929498399166,-3.285525056558713,-3.2911737853575502
79,79,0.0009156558488630066,0.000916467320884725,-3.2897687014859267,-3.2946110269516495
80,80,0.0009151371705979493,0.0009158211147510691,-3.293440667931378,-3.297674341266101
81,81,0.0009137245468776097,0.0009153500125792466,-3.297065360765055,-3.299908944849517
82,82,0.0009127316706016967,0.0009146427190372426,-3.3011333776428757,-3.3032660477753013
83,83,0.0009127030330326062,0.0009140014789361311,-3.3044633860659687,-3.3063118786614973
84,84,0.0009118661184833606,0.0009125827866802482,-3.3081068915367053,-3.3130581356367745
85,85,0.0009107610196374433,0.0009115867310595748,-3.311904954462401,-3.317800913087137
86,86,0.0009100090000615216,0.00091086396040689,-3.3151501035431377,-3.321245673750013
87,87,0.0009095582693392775,0.000910533386846318,-3.3189676739025775,-3.322822114772203
