,epoch,train_loss,test_loss,train_dbs,test_dbs
0,0,0.000627884194230872,0.0006040841751535865,-4.929614537246291,-5.094826431373921
1,1,0.0005853776946020572,0.0005700274854653367,-5.237282803654157,-5.34684305155301
2,2,0.0005546103723073551,0.0005431652381575029,-5.467691348939719,-5.556481341517626
3,3,0.0005278589087538421,0.0005167532255750542,-5.681823259966253,-5.772969058774651
4,4,0.0005060080399847176,0.0004996617591180103,-5.865795560534364,-5.9190398943119105
5,5,0.0004908452869618561,0.00048561904297553395,-5.999020493008436,-6.042843933078112
6,6,0.00047831850656855504,0.00047406239747559945,-6.110325856516705,-6.147445935096499
7,7,0.000467468451554935,0.0004638223801616971,-6.206964519625659,-6.242284018510361
8,8,0.0004585394053719938,0.0004553469342155088,-6.291977425964173,-6.322376851722962
9,9,0.0004506824578917057,0.0004480917230370994,-6.3681772753180645,-6.392131801715011
10,10,0.0004440004914547749,0.00044095046867273355,-6.43524583665235,-6.461902935149846
11,11,0.0004371846329958476,0.0004347910090521174,-6.5014627074264455,-6.522995472257973
12,12,0.00043116851059297464,0.00042873083178787246,-6.559850184863675,-6.583953855261972
13,13,0.0004269075237896255,0.0004239416586259674,-6.607246688092295,-6.632740074413474
14,14,0.0004217517052143428,0.0004193078662195292,-6.657996095741318,-6.680470922040287
15,15,0.00041797245581413515,0.00041593958648215786,-6.697418921707783,-6.715498463363534
16,16,0.00041473519054635133,0.00041244636553241625,-6.73056976530619,-6.752126210885116
17,17,0.00041108704520120604,0.0004095998807124009,-6.765739591910121,-6.782202805642057
18,18,0.00040797561019438215,0.00040647224676305135,-6.799257662878255,-6.815492040023033
19,19,0.00040583874335387704,0.0004042347488728793,-6.824381832650951,-6.839464583975918
20,20,0.00040305691162729156,0.0004018063911261331,-6.853027989346415,-6.865632617042382
21,21,0.0004012542251694333,0.00040047317222496003,-6.87267821055356,-6.8800667412899745
22,22,0.0003994437589876584,0.00039880223553872814,-6.893912322831345,-6.898225179109456
23,23,0.00039720428824309526,0.00039649289867252504,-6.916603987260455,-6.923446886964683
24,24,0.0003955834548195498,0.0003951484962415538,-6.935489827810266,-6.938197685047723
25,25,0.00039400677370704404,0.00039307412072575013,-6.952277561192152,-6.961056504380046
26,26,0.00039254222275237987,0.0003916223466053213,-6.967877425486217,-6.977126366679684
27,27,0.00039038523076313363,0.00039064360623198907,-6.987951275234785,-6.987993815623618
28,28,0.0003896323065681517,0.00038971276923180804,-7.000759877115219,-6.998354660416445
29,29,0.00038879958927132114,0.00038776621620758976,-7.012960270248481,-7.020101331885905
30,30,0.00038717338724119456,0.00038667582434994216,-7.029272300075542,-7.032330819827129
31,31,0.00038588134129051617,0.0003855206443021368,-7.04350834940195,-7.045324629433335
32,32,0.00038461867790698005,0.00038402799155416067,-7.055416935731444,-7.062172210849179
33,33,0.000383863595527952,0.0003835347536216049,-7.066641418116273,-7.06775378820441
34,34,0.0003827993956648927,0.0003824887619549899,-7.0768364501834355,-7.079614225437078
35,35,0.0003813624258402773,0.0003814494120888412,-7.092768087953195,-7.091431521796299
36,36,0.0003803824275592822,0.00038059079700982884,-7.104731680792044,-7.101218195628999
37,37,0.0003798171936668763,0.00037926499652186116,-7.11227854660232,-7.116373398109013
38,38,0.000378877566899317,0.0003786312698043491,-7.122527247091063,-7.123636241134412
39,39,0.0003778287128559746,0.00037786916455891177,-7.1348501221054486,-7.132386486333372
40,40,0.0003769630458225141,0.0003764150131150688,-7.145766386005161,-7.149131653446635
41,41,0.0003762911688944459,0.00037609069228270337,-7.1529640028927055,-7.15287516676682
42,42,0.00037487867299092876,0.0003746196973799287,-7.168063366001068,-7.169894933526468
43,43,0.00037434532849559774,0.0003742663416472313,-7.172730995924246,-7.173993299586203
44,44,0.0003733044083964694,0.0003733956255018711,-7.184520748738878,-7.184108763654309
45,45,0.00037268054558770714,0.00037284817019673556,-7.1943975069512,-7.190480859801233
46,46,0.00037217144998385733,0.00037259979044871504,-7.199973107934494,-7.193374957408806
47,47,0.00037137062118398315,0.00037074283586422866,-7.208963613256528,-7.2150733446194355
48,48,0.0003707209633802515,0.0003709109717563383,-7.218039836762838,-7.213104218575619
49,49,0.000369893752708167,0.00036927299439220836,-7.22858310938442,-7.232325539881186
50,50,0.00036922608953468577,0.00036882057994310006,-7.235359287459071,-7.237649556515917
51,51,0.00036776289145807863,0.00036842055851593614,-7.250471194101104,-7.242362454547417
52,52,0.00036729624874160156,0.0003671817738856924,-7.256383847032848,-7.256989864333127
53,53,0.000366733403763609,0.00036683899050235356,-7.263148056756333,-7.261046124044479
54,54,0.00036627758167127205,0.00036624165123181517,-7.270694312905163,-7.268123686638956
55,55,0.00036513076773508614,0.0003652399341502276,-7.28338130388196,-7.2800184624366615
56,56,0.00036426125779584744,0.00036445944753818606,-7.294610489888084,-7.289308895362259
57,57,0.00036352006544493445,0.00036361623604438807,-7.302284118727512,-7.299368351290213
58,58,0.000363273832637375,0.00036305977540139695,-7.307350727393699,-7.306019674027669
59,59,0.0003626123484771353,0.00036250297010778204,-7.314925089088153,-7.3126853281142
60,60,0.00036194190813814163,0.0003616954858635405,-7.320993304615845,-7.322370134645745
61,61,0.00036103759391819,0.0003619064059182021,-7.332692322516871,-7.319838316542533
62,62,0.00036028785674266286,0.00036021096687028676,-7.341158157435874,-7.34023170974016
63,63,0.00035939721112168325,0.00035959495672662005,-7.3508981798541235,-7.347665098733862
64,64,0.0003589897730973424,0.0003591068778309579,-7.356131505685867,-7.353563789776896
65,65,0.0003585011986943595,0.00035882190844093104,-7.36283456699197,-7.357011503323595
66,66,0.0003578819714957061,0.00035797129691529433,-7.369632075976974,-7.367318968921065
67,67,0.00035727894012864257,0.00035725994109127085,-7.376874526539145,-7.37595779772196
68,68,0.00035647271841898867,0.00035654484312736283,-7.3855491468695655,-7.3846594262486445
69,69,0.0003556369161161296,0.00035539543329689066,-7.396440892014687,-7.39868259074886
70,70,0.000355348856903651,0.00035517849947178836,-7.402253522139365,-7.401334339195078
71,71,0.000354637265248589,0.0003546250212055288,-7.4088063451516275,-7.408107272791645
72,72,0.0003540926677722138,0.0003538443737565295,-7.418159583887674,-7.417678074834279
73,73,0.000353344008338532,0.0003533449826615029,-7.424301976531335,-7.423811731427497
74,74,0.0003528369563036435,0.00035252944891046926,-7.4322293008195945,-7.433846999731042
75,75,0.0003520133275029816,0.00035170051207962006,-7.442584772282475,-7.444071013978951
76,76,0.000351514673573397,0.0003525575065348101,-7.4468470346642235,-7.433501360903408
77,77,0.00035088657600728355,0.0003509461714297925,-7.458247817493144,-7.453395931188277
78,78,0.00035038542604918794,0.0003497532682223736,-7.4637732636784655,-7.468183206634009
79,79,0.0003492308716942585,0.00034927392813475117,-7.474481828606282,-7.474139335057152
80,80,0.00034885419881902635,0.0003485691022912138,-7.48053996719718,-7.4829121411264605
81,81,0.00034832277847693984,0.00034830028705887104,-7.4859139817073945,-7.486262696614555
82,82,0.00034800757079135586,0.00034716545671567713,-7.493972326298214,-7.500435961014239
83,83,0.00034713174772122395,0.0003474563112065784,-7.502845242098072,-7.496798974278411
84,84,0.00034634723326853795,0.0003460169138729964,-7.513097551471494,-7.514827737159675
85,85,0.000345275756547746,0.0003460905435004909,-7.524866150703383,-7.513903691602719
86,86,0.0003448995835383029,0.00034461663055576776,-7.528558878566201,-7.5324387019327705
87,87,0.0003445138710733388,0.0003450585124818118,-7.534561568668052,-7.5268735627413434
88,88,0.00034402087798879777,0.00034480755781068613,-7.541679029013075,-7.530033255278158
89,89,0.0003430873708266611,0.00034341752976424207,-7.552874568103908,-7.547576420792728
90,90,0.000342509044111063,0.0003425810121514491,-7.5592750747891815,-7.558168139028942
91,91,0.0003421409487647494,0.00034175669823430086,-7.564946090256321,-7.568630668078027
92,92,0.0003411720558453697,0.0003415493839910548,-7.57559995502008,-7.5712659566248846
93,93,0.00034089667990218044,0.00034094679837213144,-7.582648436287882,-7.578934854530455
94,94,0.00034024200183771475,0.0003400735762337909,-7.589996692129944,-7.590072135532098
95,95,0.00033954017826826456,0.0003394195289154978,-7.597145711697946,-7.598432756907361
96,96,0.0003388802861175548,0.0003385952961827187,-7.605806619114295,-7.608991815226817
97,97,0.00033851518246498844,0.0003389583006011028,-7.611689368279415,-7.604338284298995
98,98,0.0003378038674463355,0.00033809541185435494,-7.620056492012262,-7.615408248681872
99,99,0.0003369341261766505,0.0003374824989709611,-7.630268136415637,-7.623288457667728
100,100,0.0003368650618868582,0.0003370063281372974,-7.634886539115742,-7.629420461388116
101,101,0.0003359913840990744,0.0003364883764573422,-7.6412013038582245,-7.636100353577596
102,102,0.00033595282062360074,0.00033631912389721135,-7.647132265241037,-7.63828539029091
103,103,0.0003349914166898726,0.0003352829386896797,-7.657746516711517,-7.6516864770355255
104,104,0.0003346112690573155,0.0003347189401546003,-7.660256170255932,-7.6589981433808365
105,105,0.00033429242939371425,0.00033510417070877,-7.667744906968036,-7.654002689516401
106,106,0.00033305806933527755,0.00033270045931107903,-7.681478439508894,-7.685267016162119
107,107,0.00033253944747764426,0.00033328751727056344,-7.687771039273162,-7.677610538647166
108,108,0.00033208474843311557,0.0003330499718063756,-7.695003436770097,-7.68070700823981
109,109,0.00033152836540560284,0.0003323256081019185,-7.7021190723754716,-7.690162939401564
110,110,0.00033162367234928244,0.0003316049681559793,-7.700461115905821,-7.6995907345975745
111,111,0.0003308886197064379,0.0003309811443997253,-7.712153210927051,-7.707768488098228
112,112,0.00032991770512097966,0.0003304166097414533,-7.721679643118991,-7.7151823126821695
113,113,0.0003297851380733677,0.00032961370092571567,-7.725259673314246,-7.725748465009211
114,114,0.00032885276566057935,0.00032980727356564447,-7.734579584170361,-7.723198727132034
115,115,0.00032862001152699524,0.0003285329654126575,-7.741255444034666,-7.74001148313547
116,116,0.0003280890808493552,0.0003280980193889455,-7.749974496042328,-7.745764933399702
117,117,0.00032736261143617945,0.00032747407002668634,-7.757282548187925,-7.754031845649728
118,118,0.0003271018897216844,0.00032715440274363284,-7.760625332155723,-7.758273327769273
119,119,0.0003266512559121955,0.0003264635360162509,-7.766831282070653,-7.7674542177472645
120,120,0.00032623465378173465,0.00032646316226179665,-7.773810288896154,-7.767459189806074
121,121,0.00032513643634150325,0.00032615636499892727,-7.785777577833879,-7.771542437780637
122,122,0.0003247419228182011,0.00032595467392208154,-7.791515349967365,-7.774228892058767
123,123,0.00032397210039918496,0.00032483796607457886,-7.801510022134151,-7.789133194973451
124,124,0.00032358735196109977,0.00032411504377561967,-7.80579863358854,-7.798809128065313
125,125,0.00032333540550154663,0.00032376038296589335,-7.8122738879745075,-7.803563969556121
126,126,0.0003227520855287685,0.00032381801008197824,-7.818677873483692,-7.802791024107094
127,127,0.0003219626387269188,0.0003230199095253882,-7.827977227700774,-7.813508108963005
128,128,0.0003216409072827202,0.0003215328646260069,-7.833665505285587,-7.833547322689849
129,129,0.0003209893415278765,0.00032182425983544246,-7.842828474969471,-7.829613229622312
130,130,0.0003206176247049277,0.00032103617252831,-7.845896761243005,-7.840261330608813
131,131,0.00031972121652551765,0.00032056384186848606,-7.859058455959232,-7.846655676981929
132,132,0.0003198035773653153,0.0003202599105670264,-7.860463882529931,-7.850775240169066
133,133,0.00031909693546170733,0.00031908805249258876,-7.867505667834199,-7.8666955869795006
134,134,0.00031861072056926787,0.0003189583244659987,-7.876317491330339,-7.86846160803713
135,135,0.0003179652810207155,0.0003184996266530729,-7.880988247111227,-7.874711744631951
136,136,0.0003176653747490041,0.0003178790763118549,-7.887034765789544,-7.88318159672157
137,137,0.0003173905394769744,0.0003171158222310049,-7.892064218825294,-7.893621907218545
138,138,0.0003165234721592176,0.0003175587472996037,-7.905340468975881,-7.887560219744289
139,139,0.00031654766104280104,0.0003159732012519319,-7.902845776218134,-7.909298518454193
140,140,0.0003153457910604967,0.00031692420261127775,-7.918510376446331,-7.896246957459696
141,141,0.0003149196419735276,0.0003155760442543971,-7.92265645175511,-7.914760740646461
142,142,0.00031489048533612075,0.000315292193064172,-7.925191215250294,-7.918668847177203
143,143,0.00031440344293476996,0.0003141493806125302,-7.93160565560253,-7.9344389426938555
144,144,0.00031349542082681025,0.00031434934690447624,-7.943301541676345,-7.931675396602608
145,145,0.0003132614650350717,0.0003127784109796937,-7.947211054361936,-7.953433330994537
146,146,0.00031263204729520554,0.00031274437328408425,-7.95764247195959,-7.953905971920379
147,147,0.0003121921645006952,0.00031264865078571206,-7.962656187887564,-7.955235432005851
148,148,0.0003116732423035332,0.00031261221432176073,-7.969702827363112,-7.955741593710032
149,149,0.00031128800810151496,0.0003120859741772476,-7.976676876348499,-7.9630585108769285
150,150,0.0003103269087078683,0.0003120647191903309,-7.9866759144027375,-7.963354302378324
151,151,0.00030981991128016686,0.00031039017056556126,-7.993228560455254,-7.986721424842644
152,152,0.0003097260463262726,0.00031004275660961866,-7.997725822333907,-7.991585124790306
153,153,0.0003091939929008638,0.00030995133228747075,-8.004605184893288,-7.992865945998746
154,154,0.00030865122056470166,0.0003093619398944276,-8.010923750733985,-8.001132196788129
155,155,0.0003082255497406784,0.0003087178721264201,-8.018612083648959,-8.010183299038072
156,156,0.00030785018743793526,0.00030796440152794515,-8.024347692175242,-8.020795839725736
157,157,0.0003071158872941298,0.00030781652190183336,-8.03429190079286,-8.02288175386816
158,158,0.0003071150969901151,0.0003076653336297329,-8.034525969625783,-8.025015374316345
159,159,0.0003059378236450601,0.00030703833142883683,-8.050023386807451,-8.033875047876307
