,epoch,train_loss,test_loss,train_dbs,test_dbs
0,0,5.597680206871233e+24,6.706156078401665e+24,264.4718014710548,265.2724940037809
1,1,8.960617171008889e+23,0.0001465101223929148,256.52054038981044,-21.333566254005653
2,2,0.00015101570957976385,0.0001393739160113527,-21.220357594988283,-21.550427539033432
3,3,0.0001487174363459998,0.00014296570397594847,-21.283909177155426,-21.439923894456694
4,4,0.00015466704606990686,0.00014772210048058217,-21.11319168670994,-21.29778782243418
5,5,0.00014836130964992203,0.00014218798988670307,-21.295698161589975,-21.463613419242282
6,6,0.00015042692228741273,0.00014049484889255837,-21.227971464693745,-21.51563855011595
7,7,0.00015249052481034522,0.00013872646875250595,-21.176905658055603,-21.570649249988048
8,8,0.0001511290644237906,0.00013560044355567937,-21.219276737935758,-21.66963146426557
9,9,0.00014517441276129642,0.00013595047072924085,-21.386129173338958,-21.658435408852878
10,10,0.00014820922012038807,0.00013491031552946784,-21.295496170244856,-21.691790985377448
11,11,0.00014397230657290419,0.0001363157100154479,-21.42898205763711,-21.64678346579553
12,12,0.0001467798609099322,0.00013550703021648683,-21.339474389512468,-21.67262429207577
13,13,0.0001453679671106601,0.0001471463566351878,-21.385521348502646,-21.31474743183069
14,14,0.0001489078787607909,0.00014512726384533666,-21.280467317656665,-21.37475249183907
15,15,0.0001481907722298968,0.00013771925947175508,-21.311044329446432,-21.602295777580885
16,16,0.00014971072892670413,0.00014542262445167196,-21.2521426633546,-21.365922784387426
17,17,0.00015969104289566887,0.00015294305117813085,-20.974171507176564,-21.146945065456425
18,18,0.000163961190879753,0.00016162642446273056,-20.8645274238496,-20.907118910840147
19,19,0.0001659757913283514,0.00014931829202013383,-20.81371036926569,-21.251112429606703
20,20,0.00014733168146196157,0.00012548069016223677,-21.32567804224163,-22.00647357842653
21,21,0.0001332281776505868,0.00012165488672173141,-21.759020908646946,-22.140946978854235
22,22,0.00012996692977636841,0.00011367812916624213,-21.864267670316366,-22.435473388897236
23,23,0.0001295879739006626,0.0001102665708841462,-21.888210204219366,-22.567803876451833
24,24,0.0001173421965786568,0.00010796126528140648,-22.317417288989617,-22.65956290811821
25,25,0.00011479678051756244,0.0001058662113025907,-22.404473772005694,-22.74466885556989
26,26,0.00011431196755963647,0.00010426449922593555,-22.428020847481914,-22.81087794869795
27,27,0.00010965591155985111,0.00010099725994606208,-22.61450527370592,-22.949146650178157
28,28,0.00010862305468445182,9.658276777420389e-05,-22.658553742847044,-23.143246097305603
29,29,0.00010858623545104398,9.403416027596809e-05,-22.647576457962334,-23.25938605891464
30,30,9.417472685208381e-05,8.935801681792854e-05,-23.263546479407346,-23.480907349310186
31,31,9.400478005979316e-05,7.855067662220743e-05,-23.28093738022028,-24.04074326227283
32,32,7.83158129050526e-05,7.175534808897952e-05,-24.060430738097168,-24.433699809924533
33,33,7.695775770416637e-05,6.44621414769637e-05,-24.15125730778149,-24.899195275791083
34,34,6.921787183076508e-05,6.107416993472725e-05,-24.60752994562329,-25.133666834134182
35,35,7.13658472583101e-05,6.08525781564439e-05,-24.471612748499542,-25.149452737392743
36,36,6.90312828606393e-05,6.0737577433955216e-05,-24.618554342459195,-25.15766790807687
37,37,7.109452856160922e-05,5.978438524547719e-05,-24.495289004198302,-25.226364887446916
38,38,7.025399249822342e-05,5.868288414938817e-05,-24.543155714140052,-25.307128061352326
39,39,6.643281057287972e-05,6.177257589450547e-05,-24.787618405490583,-25.08428544917251
40,40,6.526851507963507e-05,6.274991947544837e-05,-24.856204175166653,-25.01611083718331
41,41,6.734647194179226e-05,6.11283673941599e-05,-24.725233245343997,-25.129814596754745
42,42,6.393914112233743e-05,6.211021249519515e-05,-24.950859840743355,-25.060612414759063
43,43,6.573906464780652e-05,6.116834763241441e-05,-24.83205169451643,-25.12697507690764
44,44,6.721140684040273e-05,6.502402979286241e-05,-24.74058304959874,-24.861503756405074
45,45,6.46101994489166e-05,6.030775885416293e-05,-24.905446820271177,-25.188510669591988
46,46,7.154552691907756e-05,6.011212233141506e-05,-24.47089669458258,-25.20262195025473
47,47,6.790117534824417e-05,6.23423130539442e-05,-24.691588307245212,-25.044413449196608
48,48,6.773061681293988e-05,6.106486417641128e-05,-24.70800605925266,-25.134328611022102
49,49,6.519357755434575e-05,6.289810890417644e-05,-24.874255297983538,-25.005866684235855
50,50,6.814697975567037e-05,6.50431115661233e-05,-24.674359681924116,-24.860229474706408
51,51,6.89386663523073e-05,6.151012559329454e-05,-24.618089187821074,-25.102776427777215
52,52,6.521346027117953e-05,6.411142557657226e-05,-24.863575582741188,-24.922888226296646
53,53,7.136890109773659e-05,6.763021022044613e-05,-24.481814503331357,-24.6908351917834
54,54,7.199699937644386e-05,6.775015131815483e-05,-24.43015720869109,-24.68313987025743
55,55,7.264996264021862e-05,6.920407701583922e-05,-24.397535376886186,-24.590925757819328
56,56,7.811162553123948e-05,7.04424262374615e-05,-24.078239050652446,-24.513899506686897
57,57,8.660543008050977e-05,9.526144429783974e-05,-23.63032618705894,-23.203070948161
58,58,9.744137472451482e-05,8.766902503434961e-05,-23.11689415647678,-23.563780797583327
59,59,8.068441918309414e-05,6.952714504318704e-05,-23.934303970925676,-24.570698600139526
60,60,0.00011056157355718843,0.00014785526658861751,-22.578533957517667,-21.29387457898238
61,61,0.0001545444431087031,0.00014617319270894912,-21.118173937474147,-21.343565236497867
62,62,0.00012583183429201527,8.084022901082215e-05,-22.005967463039333,-23.915967214084155
63,63,0.00010372902581422619,0.00010373166036228405,-22.852744293544802,-22.833129271502038
64,64,9.758773064942906e-05,0.0001069020623904898,-23.11571717620656,-22.702381727138054
65,65,9.50228018576961e-05,0.00015057078914986434,-23.237108600868154,-21.214835299892325
66,66,0.00010689007212556706,8.419740582834685e-05,-22.7186296017858,-23.73925545721345
67,67,0.00010875123755504694,9.544990308840122e-05,-22.650592253106012,-23.19448764773653
68,68,9.897121374696954e-05,0.0001101315520875352,-23.0427997502305,-22.573124967654085
69,69,9.190323278031879e-05,7.613743084795332e-05,-23.37692077228364,-24.176260384979955
70,70,9.812588609044546e-05,9.712187142883379e-05,-23.0918429995878,-23.11907214382151
71,71,7.940735727951852e-05,6.642576064271117e-05,-24.00302974154417,-24.768877203328334
72,72,6.179288889658902e-05,5.018976691261694e-05,-25.092637214395385,-25.986090777880694
73,73,5.4881811086760504e-05,5.302379136800913e-05,-25.614108044050088,-25.74753478628392
74,74,5.254524313789533e-05,4.958695851535978e-05,-25.805724195236458,-26.038567855027217
75,75,5.514903827621385e-05,4.994023153190746e-05,-25.594733157487717,-26.00773705070975
76,76,5.5184122943829446e-05,4.7950127784708074e-05,-25.587818665980848,-26.184344876769643
77,77,5.773808846139762e-05,5.2932140533812344e-05,-25.39077235161251,-25.755047996873675
78,78,5.929384046935083e-05,6.018301830504482e-05,-25.274407572228732,-25.19750291825752
79,79,6.16355861996819e-05,5.4731704470836316e-05,-25.104605927238417,-25.60985283278822
80,80,6.637838800388542e-05,6.058245554940138e-05,-24.796192284488757,-25.168773842280867
81,81,6.88050868776963e-05,6.84712098231294e-05,-24.642801361547257,-24.63716255040329
82,82,6.99487337845584e-05,6.87791427098043e-05,-24.570136207321344,-24.61767498255337
83,83,6.61436838011459e-05,6.388374937447033e-05,-24.80484681383932,-24.93833859347779
84,84,6.852643716613493e-05,6.0103974982140294e-05,-24.645843672804926,-25.2032106149871
85,85,6.463859199825914e-05,6.0812690016494964e-05,-24.905205906106893,-25.152300419390087
86,86,6.541385203293889e-05,6.233780291758624e-05,-24.853316615394423,-25.044727649631614
87,87,6.633645744775854e-05,5.664247605876115e-05,-24.78927999267914,-25.460820267927776
88,88,6.495598509647288e-05,6.242609723765207e-05,-24.885774531033867,-25.038580720537254
89,89,6.69363987831322e-05,5.5678473903466706e-05,-24.75417215070648,-25.535369334111113
90,90,6.518944541049987e-05,6.298759801307154e-05,-24.86289228081015,-24.999692094017156
91,91,7.005202867956016e-05,6.667014569852894e-05,-24.558621066271662,-24.752928523403256
92,92,6.639168076589223e-05,6.4585943236077e-05,-24.78235574647755,-24.890862500074658
93,93,6.719747008113718e-05,5.7999363075635446e-05,-24.733711818250093,-25.35801032206773
94,94,6.943270539326026e-05,6.089595377776086e-05,-24.592925942206428,-25.146358195966275
95,95,6.988830721910716e-05,6.077300694366721e-05,-24.571535727265974,-25.155135315368295
96,96,6.865261296007168e-05,5.979043271508999e-05,-24.64998715438042,-25.225925600525247
97,97,6.541202738028999e-05,6.136605722866462e-05,-24.850658240064053,-25.11296035813851
98,98,6.749358655405999e-05,5.7043887959719685e-05,-24.722123451966958,-25.430151383487413
99,99,6.48564169544621e-05,5.6654931923778927e-05,-24.88440980680458,-25.45986534520489
100,100,6.691529901236771e-05,5.5229829740710557e-05,-24.75485108476149,-25.570505521502966
101,101,6.381255331792456e-05,6.163526421388317e-05,-24.957374625643908,-25.093949945326415
102,102,6.219092013912045e-05,5.647099054553301e-05,-25.069671784145413,-25.47398850888355
103,103,6.160121440714028e-05,5.423517569924068e-05,-25.105533141656593,-25.64943205131186
104,104,5.5565865230014474e-05,5.36808195312532e-05,-25.563607902473834,-25.694051190847986
105,105,5.3427086031567255e-05,4.660997882111635e-05,-25.72862892596406,-26.30745350962751
106,106,5.267256397628538e-05,4.885931134355671e-05,-25.795254255525634,-26.102769151203514
107,107,5.1784824068986895e-05,4.570097706547178e-05,-25.866597767515938,-26.392987713768083
108,108,4.9209730201892884e-05,4.4236457094819726e-05,-26.09686492965226,-26.53443919585994
109,109,4.851635521939072e-05,4.2244267253983325e-05,-26.143089076498768,-26.734564750806356
110,110,4.670339878486498e-05,4.393838408807489e-05,-26.315084150316068,-26.563801756292797
111,111,4.83355928848788e-05,4.517155187051302e-05,-26.162981822339667,-26.443592455360143
112,112,4.448150791655074e-05,4.164191025330709e-05,-26.525815725880907,-26.79693612726595
113,113,4.886543094996632e-05,4.38718545506402e-05,-26.12984592903733,-26.570382632729984
114,114,4.655652071622959e-05,4.058652034712539e-05,-26.330472811144595,-26.908424375353057
115,115,4.4129133645592725e-05,4.218073474093169e-05,-26.56376948373683,-26.741101161679026
116,116,4.411762748747709e-05,3.817193675403312e-05,-26.5608055468309,-27.174800609726603
117,117,4.273630120505257e-05,3.849009523324448e-05,-26.69900913986406,-27.138752709192204
118,118,4.415725400286112e-05,3.920691922662387e-05,-26.556825626412945,-27.05861538600014
119,119,4.1865834458635105e-05,3.7964421129512824e-05,-26.792948491387524,-27.198474742903393
120,120,3.9273798993048164e-05,3.571495854933011e-05,-27.066715568826233,-27.46374106138377
121,121,4.1465284872155626e-05,3.620784618282127e-05,-26.82662486416756,-27.404215649017345
122,122,3.995738539349086e-05,3.6035705546199e-05,-26.990511774702128,-27.424912269904368
123,123,3.996922656444871e-05,3.739223087139084e-05,-26.998706292547805,-27.26442880031286
124,124,4.058294683831657e-05,3.647337048038791e-05,-26.9242283870684,-27.37248358520241
125,125,3.9616599791508033e-05,3.589492711111425e-05,-27.033168966093047,-27.441911807745907
126,126,3.687120463546682e-05,3.49978717119819e-05,-27.343065431604625,-27.55182621689442
127,127,3.783873145629954e-05,3.461521469274119e-05,-27.22610786202134,-27.599572269930484
128,128,4.345516527351232e-05,3.5585928153044445e-05,-26.6369894628262,-27.479459589684886
129,129,3.736349345231669e-05,3.4877558295863165e-05,-27.295252609520617,-27.566781832723887
130,130,3.9130958649581877e-05,3.639308440477563e-05,-27.083076551619477,-27.38205391870555
131,131,4.1370601832465217e-05,3.629779999564083e-05,-26.843568340488375,-27.39343953249774
132,132,3.896014397431611e-05,3.358140585126086e-05,-27.101919996652633,-27.73125383080833
133,133,3.955910489315373e-05,3.664546449343968e-05,-27.03950048247443,-27.35204025667525
134,134,4.0078117608479174e-05,3.762510536226297e-05,-26.989360226241548,-27.237465317921107
135,135,3.8771661811270606e-05,3.317736618076819e-05,-27.125608180922008,-27.78382350414381
136,136,3.7608730982009145e-05,3.305490224049304e-05,-27.2535635322035,-27.79988379480638
137,137,3.9887832076836034e-05,3.381450699778629e-05,-27.000112394200777,-27.701211965936356
138,138,3.568193653674038e-05,3.452630392674013e-05,-27.484200190182804,-27.610741673527862
139,139,3.794291486199129e-05,3.296002844428202e-05,-27.218367455635246,-27.812366787399586
140,140,3.744465860662101e-05,3.325869874970522e-05,-27.26735701697151,-27.7731900316251
141,141,3.5664094819779716e-05,3.373830823923192e-05,-27.49309043911684,-27.711009548549956
142,142,3.7728485668341496e-05,3.125508742653581e-05,-27.24595710743642,-28.043035385120646
143,143,3.595878171705108e-05,3.2857952694604664e-05,-27.447138357033808,-27.825837565322573
144,144,3.480384086437833e-05,3.055755041714292e-05,-27.597093459157847,-28.141057195787358
145,145,3.5751395322203626e-05,3.165521823240468e-05,-27.47849424767901,-27.98778944646186
146,146,3.379423433028764e-05,2.943680862556089e-05,-27.71662796350944,-28.30333532123815
147,147,3.508310147509226e-05,3.076503693783276e-05,-27.55025347323639,-28.111668157013227
148,148,3.288114224880101e-05,3.053511509757587e-05,-27.84503575894624,-28.14424695214964
149,149,3.097739880610517e-05,3.0461315011627066e-05,-28.094448865588454,-28.154756087085488
150,150,3.386768249705729e-05,3.000454063639106e-05,-27.717922319044412,-28.22037274368394
151,151,3.527960495010064e-05,3.0293059161953063e-05,-27.541850254798504,-28.178811235335832
152,152,3.193257533584796e-05,3.084143104627545e-05,-27.96619562678696,-28.100897353934343
153,153,3.281515532340638e-05,2.7595058159740322e-05,-27.84767142516905,-28.583929428308792
154,154,3.4470229581632703e-05,3.019150326029998e-05,-27.636211207419514,-28.193395191100098
155,155,3.240464225997392e-05,2.694746796662098e-05,-27.903180785811372,-28.68706292222488
156,156,3.2957012915654355e-05,2.5842777607689832e-05,-27.83431483819488,-28.86885066319603
157,157,3.344926614031981e-05,2.8486971275828853e-05,-27.75743981716028,-28.44577978891987
158,158,3.289175940866249e-05,2.867583483940076e-05,-27.840144968992185,-28.41708186188507
159,159,3.10807088718536e-05,2.8315893120490825e-05,-28.087130079519834,-28.471939921609742
160,160,3.0447892003366243e-05,2.772108473436674e-05,-28.17500259646446,-28.564140362126956
161,161,3.2011821306311794e-05,2.90506322926376e-05,-27.966778427339584,-28.360686672256847
162,162,3.270978782124657e-05,2.8454780668222445e-05,-27.86174282733502,-28.450690141785596
163,163,3.0691278842607866e-05,2.7227325709215e-05,-28.139468681770737,-28.642192698922322
164,164,3.093913301668603e-05,2.6055765566094412e-05,-28.101575829294518,-28.833204185011887
165,165,3.2740062537057606e-05,2.7775909553671035e-05,-27.865129745252748,-28.555559672471137
166,166,3.0221597457451016e-05,2.9089922128677197e-05,-28.208787635769085,-28.354816978803058
167,167,3.098542067126584e-05,2.613565830918225e-05,-28.102766276778617,-28.819908129073188
168,168,3.0320735070923436e-05,2.4390907798844734e-05,-28.18568105830048,-29.119962920506573
169,169,2.9277506993033985e-05,2.5067361859423965e-05,-28.34157600783607,-29.001156262372852
170,170,2.9684411922212302e-05,2.7264908615171934e-05,-28.293083449465296,-28.636202101744082
171,171,3.1827824114799046e-05,2.787086127921755e-05,-27.984723992601648,-28.54073866853641
172,172,2.823118502982249e-05,2.7268131002768458e-05,-28.508151453628898,-28.63568884770097
173,173,2.8807944104722918e-05,2.7578330972526027e-05,-28.415985567514134,-28.5865627721877
174,174,2.868081812322867e-05,2.4606835100521014e-05,-28.43137540718894,-29.08168497661324
175,175,3.069699638573868e-05,2.5113512684153027e-05,-28.133644725061227,-28.993167938395473
176,176,2.8122660755938923e-05,2.5768954592900916e-05,-28.515325395670136,-28.881274563134248
177,177,2.8041409574687294e-05,2.397216873137758e-05,-28.534360307485183,-29.19516930682284
178,178,2.7402852050652225e-05,2.5351235308335163e-05,-28.63101351052731,-28.95225130186001
179,179,3.052368915116849e-05,2.4603389216568566e-05,-28.170514441061574,-29.082293195091836
180,180,2.65533462598543e-05,2.5746912270781314e-05,-28.76933366390995,-28.88499103343044
181,181,2.8894206995583144e-05,2.5695256513963134e-05,-28.40470557641254,-28.89371298983889
182,182,3.0187091631643815e-05,2.5682004936817593e-05,-28.216925455362695,-28.89595331436999
183,183,2.5925177528124457e-05,2.4351373356598504e-05,-28.8745369441051,-29.12700797193657
184,184,2.894116253806602e-05,2.5201154800781394e-05,-28.38531427750282,-28.978038145024104
185,185,2.787259455010254e-05,2.6714864648774412e-05,-28.55599600920953,-28.724712783928133
186,186,2.9664939274974214e-05,2.5289553664869775e-05,-28.29531327036986,-28.962830920061972
187,187,2.899126617925616e-05,2.4574484326110808e-05,-28.38718249168077,-29.087398432454528
188,188,2.8085294409898668e-05,2.543817634815289e-05,-28.511519491854685,-28.93738282849425
189,189,2.724446810518821e-05,2.4858931426838115e-05,-28.651916692232614,-29.037418002094093
190,190,2.9304865662553995e-05,2.592405608562618e-05,-28.343736245830247,-28.855213041980747
191,191,2.7939553481551276e-05,2.4840541204627554e-05,-28.5507292377325,-29.04063202911235
192,192,2.7367742521952077e-05,2.617044356156839e-05,-28.636968168632304,-28.814131730202035
193,193,2.6948574299071362e-05,2.4950590207146506e-05,-28.70662452350856,-29.021434332252397
194,194,2.6648575221395394e-05,2.670673285664586e-05,-28.757644134820186,-28.726034942995476
195,195,3.079062651185146e-05,2.6699606822053045e-05,-28.131510495029623,-28.72719390559748
196,196,2.8935485162721833e-05,2.5208921981270816e-05,-28.39921356068875,-28.97669982385162
197,197,2.7289475828811847e-05,2.375712105468234e-05,-28.653056741918277,-29.234304459150692
198,198,2.905470853537614e-05,2.4741698373538e-05,-28.370938299340995,-29.05794748454494
199,199,2.54569671897022e-05,2.6543423317841524e-05,-28.961716390860914,-28.752673232533397
200,200,2.8077082797889742e-05,2.511393512050793e-05,-28.52118385413921,-28.99309488599647
201,201,2.6928495046995896e-05,2.492441600272861e-05,-28.711258221202446,-29.02599265292413
202,202,2.9138608680892203e-05,2.5576346831114376e-05,-28.367298587279404,-28.91385743952506
203,203,2.7568252907136393e-05,2.6049945948838477e-05,-28.605496757958097,-28.834174300416922
204,204,2.6516831669666608e-05,2.4910512078541185e-05,-28.773024198327448,-29.028416012579928
205,205,2.9373658022806696e-05,2.452868250800652e-05,-28.323426954941322,-29.09550034681778
206,206,2.5875556941135766e-05,2.43646979326609e-05,-28.878728818297958,-29.124632250804403
207,207,2.7158745191646284e-05,2.5128100500488042e-05,-28.67393974616254,-28.990645961924667
208,208,2.7683012479794398e-05,2.6156221074894636e-05,-28.57880127530041,-28.816492571534607
209,209,2.811687825425869e-05,2.381688720656951e-05,-28.517508617384358,-29.223392566471148
210,210,2.70062039339088e-05,2.468037023630275e-05,-28.69852542666461,-29.06872586190019
211,211,2.780757476449656e-05,2.684116029022813e-05,-28.573535289687868,-28.704229709648832
212,212,2.606812146960064e-05,2.261264978044078e-05,-28.845914183003135,-29.448728000248188
213,213,2.6903758206919012e-05,2.371735406900131e-05,-28.721074896982536,-29.241580194769696
214,214,2.4061648997003524e-05,2.3805664233422202e-05,-29.19604007976638,-29.225439527522695
215,215,2.5535362979520795e-05,2.5499427944228764e-05,-28.94292483227108,-28.926938190049015
216,216,2.7415046489979957e-05,2.5204546354392444e-05,-28.62959521291873,-28.977453713903486
217,217,2.804689208375945e-05,2.375014168807722e-05,-28.534076272570136,-29.23558051685244
218,218,2.710860156081797e-05,2.3856672765089714e-05,-28.68189106429472,-29.216143830464716
219,219,2.542510871544718e-05,2.420182557359926e-05,-28.956619887007392,-29.153761299731222
220,220,2.7978015740578466e-05,2.3797996331459697e-05,-28.538247820105607,-29.22683863317944
221,221,2.5830670339703446e-05,2.205784283815822e-05,-28.88612978314935,-29.556612185037608
222,222,2.5781706173483583e-05,2.3503859713520414e-05,-28.89049585159195,-29.280850702593387
223,223,2.414872517302805e-05,2.3865994846442174e-05,-29.177640508486572,-29.21444714050779
224,224,2.5612446359108496e-05,2.3980787151039724e-05,-28.927838010749042,-29.19360822176628
225,225,2.6755217338186694e-05,2.2886210516796717e-05,-28.736192794376635,-29.39650368116634
226,226,2.6707481608645674e-05,2.331730956939282e-05,-28.750217824920057,-29.315458179574186
227,227,2.517459300357474e-05,2.3280378196719348e-05,-28.995206119399537,-29.32234225279259
228,228,2.4456487669349653e-05,2.303552518194345e-05,-29.131802396516516,-29.36826138471117
229,229,2.581057977988973e-05,2.3459647022000834e-05,-28.893475819229394,-29.289027832013378
230,230,2.4095656654120004e-05,2.2615439775108825e-05,-29.189686565236705,-29.448192191947502
231,231,2.327442583468978e-05,2.3779731140836558e-05,-29.344935895049566,-29.23017316482257
232,232,2.5453170499381532e-05,2.3732856741270026e-05,-28.951401900927536,-29.238742388511035
233,233,2.4801600900281836e-05,2.2419131805930336e-05,-29.069358822750363,-29.486054662831414
234,234,2.5010946665508864e-05,2.2360376533470117e-05,-29.025298374738494,-29.497451440599637
235,235,2.4993056192131205e-05,2.323577949650108e-05,-29.032399028526598,-29.330670101136217
236,236,2.5809609302161764e-05,2.3062934001484936e-05,-28.894052199908963,-29.363097003646857
237,237,2.435477145087303e-05,2.2262846629784787e-05,-29.147375729480878,-29.516435621227764
238,238,2.395905019361682e-05,2.2024445905500262e-05,-29.208957675979423,-29.563192653862693
239,239,2.496652509715617e-05,2.3436000303359162e-05,-29.03846691602856,-29.29340761601351
240,240,2.401344459640407e-05,2.2631835188229543e-05,-29.205723986038116,-29.44504484759836
241,241,2.2821739051876874e-05,2.238250468316868e-05,-29.42406029188328,-29.49315572524514
242,242,2.5324115085822996e-05,2.218020802645601e-05,-28.972199197345287,-29.53258641511798
243,243,2.659635495162838e-05,2.2646371498443552e-05,-28.76210131032196,-29.44225629213557
244,244,2.5205978371812626e-05,2.209128194264945e-05,-28.988104851428776,-29.55003338130844
245,245,2.512926760376563e-05,2.3266419272036537e-05,-29.012912435074078,-29.324947065357343
246,246,2.58071946874909e-05,2.253364547007215e-05,-28.889963375010254,-29.463927994344616
247,247,2.377426504214791e-05,2.1303531244293e-05,-29.252760611544517,-29.707726590914998
248,248,2.487425700968105e-05,2.1300053575894134e-05,-29.052553863777327,-29.708435607400464
249,249,2.565957013935873e-05,2.1976148625406877e-05,-28.919642804111923,-29.572726729882813
250,250,2.552356855846586e-05,2.3145814578272523e-05,-28.94072208582744,-29.347517869019363
251,251,2.2158412527282164e-05,2.2084320095784376e-05,-29.551222531133888,-29.551402232693764
252,252,2.5177275140955205e-05,2.1585689817009935e-05,-28.995878854338713,-29.650583245328093
253,253,2.5223343157252663e-05,2.148197846078179e-05,-28.99094702172997,-29.671499797621802
254,254,2.5080328284565975e-05,2.1849773331364542e-05,-29.014840964483206,-29.597773205814015
255,255,2.5250354474806465e-05,2.2640806013154552e-05,-28.986858681691356,-29.443323728745714
256,256,2.407510619002668e-05,2.2737414072157424e-05,-29.18609037720309,-29.424831857428686
257,257,2.541470042995139e-05,2.1888696688907466e-05,-28.96071602418544,-29.590043532666968
258,258,2.502773644402023e-05,2.1395394756645576e-05,-29.03340174762748,-29.689039526956265
259,259,2.4577004352846116e-05,2.2810839206948386e-05,-29.109950328991285,-29.41082993366696
260,260,2.561043431304609e-05,2.1861790915672347e-05,-28.922269130714376,-29.595385201279246
261,261,2.2875063485716776e-05,2.2402131052283375e-05,-29.411742270259403,-29.48934923035599
262,262,2.636663536118108e-05,2.1425509275056692e-05,-28.797059218638765,-29.682931028491314
263,263,2.5969018932619763e-05,2.1438593505177107e-05,-28.865227133901584,-29.680279668145868
264,264,2.2603138315445774e-05,2.1293341840072044e-05,-29.473744549767034,-29.709804303099496
265,265,2.380007042598457e-05,2.163108207528957e-05,-29.247078222014306,-29.641460113877862
266,266,2.365329581471556e-05,2.122412244812279e-05,-29.27274898103919,-29.723945140059822
267,267,2.5581349244433667e-05,2.122167801357328e-05,-28.929662668619148,-29.724445356536297
268,268,2.3709519248853014e-05,2.19023526561183e-05,-29.271695673872962,-29.587334891752597
269,269,2.6460739427795825e-05,2.221379145339597e-05,-28.780594066639434,-29.52601566233313
270,270,2.326021445490547e-05,2.2835492401147922e-05,-29.34010600085537,-29.406138758334354
271,271,2.530219526962946e-05,2.2705107671515035e-05,-28.97779653166847,-29.43100690817611
272,272,2.4464610394659888e-05,2.229961103837827e-05,-29.11984172430327,-29.509269686384595
273,273,2.4209580888711252e-05,2.125489879146794e-05,-29.16575105558789,-29.71765215211586
274,274,2.446896937773587e-05,2.1420988799180025e-05,-29.123118441982744,-29.683847424380986
275,275,2.4640784122124217e-05,2.196801348250837e-05,-29.084890406844742,-29.5743347012452
276,276,2.708903692334773e-05,2.198593947947589e-05,-28.67256790864481,-29.570792284023256
277,277,2.4354805177186865e-05,2.1884523161325458e-05,-29.154356366950598,-29.590871682851322
278,278,2.5238725778688174e-05,2.2991872787028306e-05,-28.985912413283963,-29.376499086929442
279,279,2.5495593101518306e-05,2.1707971762608442e-05,-28.95873682348676,-29.626050085740964
280,280,2.4018369500837936e-05,2.1375208665344153e-05,-29.21110744873954,-29.693138935434483
281,281,2.4154918644422443e-05,2.1208758066916888e-05,-29.18324578263821,-29.72709018521641
282,282,2.523541609933972e-05,2.175193745451428e-05,-28.99124132124159,-29.617263107468155
283,283,2.650526223134744e-05,2.184697242276008e-05,-28.78152950409655,-29.598329960845497
284,284,2.371416510718565e-05,2.069105592358698e-05,-29.259231520160643,-29.834416020412647
285,285,2.62157069563418e-05,2.2736900064046495e-05,-28.824762429418985,-29.42493003631955
286,286,2.4869686104963322e-05,2.292459521413548e-05,-29.051423186312334,-29.389225806054124
287,287,2.3723211222776506e-05,2.1948711707265927e-05,-29.256013893579276,-29.57815222406014
288,288,2.4911485487576e-05,2.2164439733866236e-05,-29.053995591326746,-29.535674987514096
289,289,2.4444735319456852e-05,2.1315482148278725e-05,-29.130914302705886,-29.705290958844873
290,290,2.3810005783611675e-05,2.0783383230369318e-05,-29.241238476487567,-29.81508010802012
291,291,2.3125959778928855e-05,2.0778933982288245e-05,-29.365931358617793,-29.816009932932296
292,292,2.1173528018818578e-05,2.1912133314273025e-05,-29.750718337400134,-29.58539595039909
293,293,2.6823251039214604e-05,2.1500750048481248e-05,-28.72500737271315,-29.66770646120251
294,294,2.1802847008187847e-05,2.18088268267916e-05,-29.62444531249826,-29.60591952573214
295,295,2.5852192406672818e-05,2.1254785822652355e-05,-28.885913937879096,-29.71767523473041
296,296,2.4415282346173215e-05,2.167440159514387e-05,-29.132861935683955,-29.632771406069025
297,297,2.448788472037515e-05,2.3599297252842104e-05,-29.116892815500215,-29.263251859508813
298,298,2.3748998369837956e-05,2.1778414999349288e-05,-29.255328955983817,-29.611979872949664
299,299,2.2155407594292445e-05,2.2284044366403433e-05,-29.556231091678583,-29.512302421118264
300,300,2.6140795947042336e-05,2.1361250841628614e-05,-28.839031283979708,-29.695975766610722
301,301,2.3887533643573988e-05,2.1863018111233894e-05,-29.228089793294618,-29.595141420106685
302,302,2.3059254943422575e-05,2.1965892923808976e-05,-29.38725081923206,-29.574753943246535
303,303,2.2293316760624293e-05,2.2114506416408786e-05,-29.52353813865888,-29.545470059580143
304,304,2.516953843520035e-05,2.1237328311192533e-05,-29.007448729037797,-29.721243756314184
305,305,2.4935318646216212e-05,2.1518756033114378e-05,-29.041111561564374,-29.66407094748498
306,306,2.528495938865499e-05,2.167939156175922e-05,-28.99034761213056,-29.631771671181863
307,307,2.3647889084366905e-05,2.1581738589080296e-05,-29.27187096025602,-29.651378287587846
308,308,2.2869579574897627e-05,2.176234834462919e-05,-29.410959919165908,-29.615184988923016
309,309,2.3116028771874345e-05,2.2498872567666695e-05,-29.37051030209128,-29.470635006652152
310,310,2.2472917435996202e-05,2.17127834203941e-05,-29.49224577230038,-29.625087561517297
311,311,2.3612429442399627e-05,2.066324084712266e-05,-29.284091377201822,-29.840258187726384
312,312,2.3349560992240176e-05,2.2423604222192233e-05,-29.32653531685167,-29.48518837059245
313,313,2.3749604965299104e-05,2.1786846637520573e-05,-29.248770460562202,-29.61029880237218
314,314,2.2810972528607156e-05,2.227402508555985e-05,-29.426234195338914,-29.514255521200855
315,315,2.3594568372891915e-05,2.2108717339027574e-05,-29.287128781914742,-29.546607093094583
316,316,2.4222029630258587e-05,2.090115101868593e-05,-29.166451015901224,-29.79054053351682
317,317,2.6381503480526178e-05,2.2487081734748483e-05,-28.795540462957206,-29.472911581138604
318,318,2.3913529740011e-05,2.1079113522366816e-05,-29.224893660033405,-29.753719137958697
319,319,2.371821940953654e-05,2.1795984282921143e-05,-29.25892828720993,-29.608477704958638
320,320,2.2705834406636867e-05,2.0658816011794107e-05,-29.45885933038693,-29.841188287397088
321,321,2.1649677786551845e-05,2.1372285549372655e-05,-29.65927061036327,-29.693732885167297
322,322,2.6591113599295698e-05,2.1191841561200197e-05,-28.766429314693198,-29.73055558218725
323,323,2.4955959215918653e-05,2.1905754788588782e-05,-29.043921538022687,-29.586660346583777
324,324,2.4728547754252242e-05,2.3372611155393412e-05,-29.078262300089918,-29.305170226843053
325,325,2.3358965279971317e-05,2.146409353468028e-05,-29.325638502815302,-29.67511704353197
326,326,2.394451092692817e-05,2.1896122186597877e-05,-29.21721211671487,-29.588570486626786
327,327,2.677930258625528e-05,2.183709693781566e-05,-28.744236060950445,-29.600293545627462
328,328,2.4720313887751827e-05,2.115136234543139e-05,-29.07646653011462,-29.73885911322582
329,329,2.2302570269135856e-05,2.2174410763622482e-05,-29.528883758585277,-29.53372168325544
330,330,2.313278728064519e-05,2.271399281246551e-05,-29.371044194446387,-29.42930772536807
331,331,2.4815358676615808e-05,2.075962335143949e-05,-29.057639055838756,-29.820047868557488
332,332,2.4648336575503974e-05,2.1365258553966048e-05,-29.08843251544478,-29.695161037121732
333,333,2.397412246170564e-05,2.1536432493456614e-05,-29.21781745947915,-29.66050492448973
334,334,2.4583561378339134e-05,2.0377832841308862e-05,-29.10731539238954,-29.9006626114247
335,335,2.302802730219369e-05,2.085109286111363e-05,-29.385496577079444,-29.800954341257135
336,336,2.309370986565518e-05,2.1899117966409232e-05,-29.376909092616977,-29.587976335007312
337,337,2.2730097409350362e-05,2.1656727767549455e-05,-29.43917784181684,-29.63631419220773
338,338,2.1887154626082774e-05,2.204142521421952e-05,-29.606520178342528,-29.559845836808645
339,339,2.3487770174620684e-05,2.030567731325343e-05,-29.30079484234167,-29.916067762264362
340,340,2.4216245393975058e-05,2.2079254114559215e-05,-29.174846658322842,-29.552398586698395
341,341,2.3566751655586634e-05,2.061158901549214e-05,-29.286660935107783,-29.851127822921395
342,342,2.424379847033163e-05,2.1691831390949357e-05,-29.164803053421924,-29.629280365217472
343,343,2.1611528459335703e-05,2.163739731928983e-05,-29.667822845452115,-29.640192366233833
344,344,2.4571247354522467e-05,2.2082521450341263e-05,-29.10508577005856,-29.551755955877912
345,345,2.3246972633978187e-05,2.2536442262016383e-05,-29.348173386229192,-29.46338899769691
346,346,2.3525059377695387e-05,2.1134157051212816e-05,-29.290788972715195,-29.74239326149105
347,347,2.3325365582797868e-05,2.021141522403157e-05,-29.336056367736987,-29.936275322331667
348,348,2.5352773292004565e-05,2.0828240035610323e-05,-28.968882503768608,-29.80571682487517
349,349,2.4987654862493354e-05,2.1832407774605888e-05,-29.029237775127747,-29.60122622289412
350,350,2.4209153866884418e-05,2.2716062152252753e-05,-29.168673577594806,-29.42891208294497
351,351,2.4059576652380012e-05,2.1224838459793798e-05,-29.195441871296403,-29.723798630034103
352,352,2.5261665626006567e-05,2.150894526589821e-05,-28.99000821605698,-29.666051421463568
353,353,2.5047151324280403e-05,2.1181296592418986e-05,-29.029489163122662,-29.732717150599512
354,354,2.3727208358228455e-05,2.1358624316666176e-05,-29.25732879322503,-29.69650979686946
355,355,2.4872960079612557e-05,2.016266865355551e-05,-29.062493474500187,-29.94676243427243
356,356,2.502253399368258e-05,2.228734281647791e-05,-29.034483259898956,-29.511659632657175
357,357,2.514523926835217e-05,2.1637100201731203e-05,-29.008455940024604,-29.640252002520135
358,358,2.3373910940771912e-05,2.1238731470044802e-05,-29.32708134196451,-29.720956825676016
359,359,2.3635337794947883e-05,2.0973798679111305e-05,-29.27298787219691,-29.775471615260436
360,360,2.3531456800932593e-05,2.1799112370277535e-05,-29.293496929972846,-29.60785446464749
361,361,2.2409063885132446e-05,2.1263295390159137e-05,-29.5042376516526,-29.7159368410139
362,362,2.5532484756957874e-05,2.2777613881580212e-05,-28.939562924275812,-29.417160298943298
363,363,2.3558932499917758e-05,2.1910147935207197e-05,-29.29220067942364,-29.585789466733146
364,364,2.3472062118166034e-05,2.0648751016874723e-05,-29.314942774706726,-29.843304689865114
365,365,2.1729315824242015e-05,2.0465823677353145e-05,-29.63845258637555,-29.88195028401412
366,366,2.243068457133144e-05,2.1833472888637946e-05,-29.50122527409271,-29.60101435351703
367,367,2.3770499677825166e-05,2.17312445831914e-05,-29.25118650159705,-29.621396567848706
368,368,2.137661046908386e-05,2.075499799646327e-05,-29.693569432548728,-29.821015607674987
369,369,2.3010837946092523e-05,2.2427434630930964e-05,-29.387609002493676,-29.484446570435644
370,370,2.4146380776973902e-05,2.1966123552518086e-05,-29.180717988822128,-29.574708345168514
371,371,2.345247258679442e-05,2.2434807377928672e-05,-29.31528186029807,-29.48301911464074
372,372,2.370651532849657e-05,2.111704931226804e-05,-29.258069859063404,-29.745910224752965
373,373,2.203808601256448e-05,2.2372788934214776e-05,-29.57899655418183,-29.49504131056186
374,374,2.5434916293756803e-05,2.0720955801248476e-05,-28.955791778998055,-29.82814472201707
375,375,2.3821288552951337e-05,2.2513498869988037e-05,-29.23567171631571,-29.467812616980382
376,376,2.5624445163313005e-05,2.224917433953746e-05,-28.927591462739063,-29.51910357485774
377,377,2.5064329119485e-05,2.129108868661876e-05,-29.02125242825643,-29.710263875812082
378,378,2.2597926798289806e-05,2.0520816130891417e-05,-29.467884717979096,-29.870296275019427
379,379,2.299923765058713e-05,2.1659830724131195e-05,-29.390198343024924,-29.635691983532677
380,380,2.413689421278907e-05,2.068557751044864e-05,-29.187345719812736,-29.83556606303913
381,381,2.290606053722194e-05,2.1958319609295456e-05,-29.415140477014738,-29.57625154493173
382,382,2.366455206806536e-05,2.1713428682950937e-05,-29.266298376828264,-29.62495849938903
383,383,2.5190868711302455e-05,2.2167113887630158e-05,-28.997686166778394,-29.53515104006359
384,384,2.2914914861945533e-05,2.2551804058342607e-05,-29.40445715278678,-29.460429670520007
385,385,2.3433438653547016e-05,2.2410227709195552e-05,-29.311865919317434,-29.48777987156557
386,386,2.540068913900147e-05,2.1276206529077363e-05,-28.96423739825197,-29.713300591736655
387,387,2.3421535777592954e-05,2.096783923901201e-05,-29.310410705654842,-29.776705783545818
388,388,2.4237575491928717e-05,2.2937479738366644e-05,-29.159024169486038,-29.386785585925157
389,389,2.438317623620099e-05,2.1199576239221068e-05,-29.144236791991865,-29.728970767054687
390,390,2.3276813661459998e-05,2.12081434878392e-05,-29.343757958878008,-29.72721603519242
391,391,2.570916583244605e-05,2.0909248058543246e-05,-28.9191507537748,-29.78885841621999
392,392,2.525103490811067e-05,2.1027415402242793e-05,-28.992322446642746,-29.764383621662354
393,393,2.496079913416719e-05,2.1560827821974127e-05,-29.0451700668264,-29.65558825108014
394,394,2.3115018060726124e-05,2.221229657918325e-05,-29.364258350157236,-29.526307930075227
395,395,2.2281885012301985e-05,2.198837496268281e-05,-29.53353595787871,-29.570311222780106
396,396,2.6149137523031276e-05,2.1599408204278198e-05,-28.841401255950217,-29.647824043490143
397,397,2.3472352340738242e-05,2.228577015653412e-05,-29.308056722318554,-29.511966094328898
398,398,2.3838451955636684e-05,2.229564870503964e-05,-29.231411734852173,-29.51004143635034
399,399,2.4034294696808576e-05,2.1513019419217017e-05,-29.210074177756596,-29.665228873110404
400,400,2.4036898706718912e-05,2.129114009700348e-05,-29.1988774170556,-29.710253389162116
401,401,2.4559160929410863e-05,2.110407034419232e-05,-29.114112277901384,-29.748580307611732
402,402,2.293290663615575e-05,2.15205257661996e-05,-29.408580568138596,-29.663713792215813
403,403,2.6168914860370688e-05,2.3434560908323253e-05,-28.83414438623976,-29.293674359703118
404,404,2.367795554464371e-05,2.0998322868667618e-05,-29.266619366819473,-29.77039647442087
405,405,2.2836038530756212e-05,2.137582238279528e-05,-29.421862620836293,-29.693014244124846
406,406,2.507656301400557e-05,2.8214828537449266e-05,-29.017027812351035,-28.487468411678645
407,407,2.5098185162897072e-05,2.0756272629353733e-05,-29.012287135324723,-29.820748901297364
408,408,2.5743103889777258e-05,2.162876908665854e-05,-28.907578933949118,-29.641924525184486
409,409,2.374835492577704e-05,2.2736767517160745e-05,-29.248523542638488,-29.42495535399641
410,410,2.429880539435994e-05,2.1864025544154604e-05,-29.151523208434238,-29.59494130479046
411,411,2.3130728437798698e-05,2.22126294542441e-05,-29.367261255663134,-29.526242846882074
412,412,2.5317129275771147e-05,2.2798938899588967e-05,-28.967829777755515,-29.41309621872731
413,413,2.6014819970029194e-05,2.2117329105017952e-05,-28.857362239828575,-29.54491576285051
414,414,2.396436730592053e-05,2.106782616656825e-05,-29.211831529012684,-29.756045302796274
415,415,2.270518453985563e-05,2.0846462910795755e-05,-29.44427660367394,-29.801918791976405
416,416,2.4112620136743178e-05,2.1131730232139633e-05,-29.185296761958462,-29.742891987154213
417,417,2.523474445625493e-05,2.1326592104742303e-05,-28.984094085360294,-29.70302793905514
418,418,2.4142579014110618e-05,2.2775969945972686e-05,-29.178695244240934,-29.417473754923385
419,419,2.3994508729188476e-05,2.206033035403571e-05,-29.208376476821513,-29.556122448340815
