,epoch,train_loss,test_loss,train_dbs,test_dbs
0,0,1.4219659458399996e-05,1.4064150012640503e-05,-35.464257823304344,-35.50549333009748
1,1,1.386047347530377e-05,1.5170219309143967e-05,-35.570506811127316,-35.17670963850317
2,2,1.3389487884120809e-05,1.380713609633906e-05,-35.712347989337594,-35.585592173917895
3,3,1.3740577451619511e-05,1.407205222915907e-05,-35.60817583742459,-35.50305384726354
4,4,1.3784728140570823e-05,1.602805772754915e-05,-35.5866889988444,-34.93781925142697
5,5,1.2493490918207021e-05,1.5403710054478754e-05,-36.01868266186306,-35.11037487824797
6,6,1.3773152054501721e-05,1.6161693134850602e-05,-35.600308764183694,-34.90175966609493
7,7,1.2931868555243295e-05,1.4398724823350725e-05,-35.86968138819976,-35.40338791178025
8,8,1.3415429710915201e-05,1.5076812910832049e-05,-35.715253004479784,-35.20353277408807
9,9,1.2267736255847753e-05,1.4360530306140917e-05,-36.094371487512525,-35.41492345241987
10,10,1.2632531355304364e-05,1.3197728405525835e-05,-35.965175545495626,-35.78163636261603
11,11,1.2980573853017576e-05,1.3743837514898347e-05,-35.84627353359387,-35.60554810969679
12,12,1.2148546459487539e-05,1.4758793105628635e-05,-36.14305686978263,-35.296119784030644
13,13,1.2679217556088242e-05,1.3765657537365578e-05,-35.957211793404696,-35.5986586213061
14,14,1.2269673423305125e-05,1.4041667447217102e-05,-36.099129889342045,-35.51244139784109
15,15,1.2261972544140532e-05,1.33050879843435e-05,-36.10277458090246,-35.74645072271079
16,16,1.228441152710092e-05,1.4636270479011154e-05,-36.096126036667854,-35.33232396412976
17,17,1.2203688232513797e-05,1.302725889361586e-05,-36.11909317837264,-35.83809779023773
18,18,1.1568207524366708e-05,1.3737928144875791e-05,-36.355805066645594,-35.60741582581347
19,19,1.193031967539861e-05,1.388082393149441e-05,-36.23287966923347,-35.56247577551552
20,20,1.1658249403217738e-05,1.3722469367693472e-05,-36.32855420013077,-35.612305530948575
21,21,1.1556754674829696e-05,1.28736471532121e-05,-36.35871922671538,-35.889612214704734
22,22,1.2287988246282917e-05,1.2384842720118621e-05,-36.098813566295604,-36.05772327401268
23,23,1.197044314056294e-05,1.3254470679002176e-05,-36.21302371288887,-35.76300434341795
24,24,1.2853745576330298e-05,1.355155267159908e-05,-35.89937847281482,-35.66673765655399
25,25,1.1764456331482356e-05,1.3194257630139442e-05,-36.27797532813115,-35.78277863254971
26,26,1.151575083754652e-05,1.2133156240835027e-05,-36.37625614182616,-36.14689032962898
27,27,1.1408686119822736e-05,1.267924644229137e-05,-36.42485301144787,-35.95569379924581
28,28,1.12254589421542e-05,1.3184872937256986e-05,-36.48700530059332,-35.7858687423581
29,29,1.2684820240352078e-05,3.748770483836875e-05,-35.95277098032951,-31.24773971262065
30,30,1.4903146911444882e-05,1.2919078663368341e-05,-35.253926161427145,-35.87431280454475
31,31,1.2496872410131978e-05,1.421084964117893e-05,-36.01498970939759,-35.46042778694622
32,32,1.2404095399425696e-05,1.438820345356362e-05,-36.06087433133831,-35.406562528397984
33,33,1.186747417752073e-05,1.3793904145131819e-05,-36.2498202604199,-35.589756193667924
34,34,1.2312263170877992e-05,1.4207167144999594e-05,-36.08900145491179,-35.46155333190687
35,35,1.1708093341477467e-05,1.4604300399935854e-05,-36.308217962260734,-35.34182065591352
36,36,1.2346674104508603e-05,1.2514660499475308e-05,-36.07013653634009,-36.012437506198076
37,37,1.2381165219004597e-05,1.4120079580798598e-05,-36.057477794940176,-35.48825678678164
38,38,1.2238646621009353e-05,1.4213118782591713e-05,-36.110365841645795,-35.45973437525815
39,39,1.2701186635015416e-05,1.4316334512075532e-05,-35.953809034260445,-35.42830985627126
40,40,1.2219535052544106e-05,1.3148868722629758e-05,-36.11841108272019,-35.797744336554274
41,41,1.3101409126882328e-05,1.2651269427901992e-05,-35.81718514774024,-35.9652871829513
42,42,1.1682839378652753e-05,1.4058115275953528e-05,-36.30971257597888,-35.507357228937934
43,43,1.2334635873239958e-05,1.2793906630816454e-05,-36.079423308193356,-35.91659646148133
44,44,1.1551487406586134e-05,1.2876000159610013e-05,-36.35517772896276,-35.88881849688411
45,45,1.2094521049014652e-05,1.3076720326927515e-05,-36.16870291215074,-35.82163987546562
46,46,1.1953156468528683e-05,1.2968771922092664e-05,-36.21363806890065,-35.857639705719684
47,47,1.2222863854721882e-05,1.3386941933085358e-05,-36.11546317862846,-35.719814434796056
48,48,1.169448375183436e-05,1.3154228614248017e-05,-36.309735825887294,-35.795974376647415
49,49,1.202667718390921e-05,1.4434428234572375e-05,-36.18284994169743,-35.392632374657616
50,50,1.2969329123059407e-05,1.4299075270460698e-05,-35.86249446862601,-35.43354870789774
51,51,1.2477552989310556e-05,1.3895223769635012e-05,-36.02587014887693,-35.55797278007692
52,52,1.1872538351846892e-05,1.3380544308012376e-05,-36.243332074776305,-35.72189042601492
53,53,1.2516715521753176e-05,1.3068658470154715e-05,-36.02174887055906,-35.82431814610645
54,54,1.2041803773209937e-05,1.4301070606100103e-05,-36.181274070282726,-35.43294272269551
55,55,1.1677346504153865e-05,1.3017347220355938e-05,-36.31428909387659,-35.841403338566764
56,56,1.1183360181076778e-05,1.329823575552406e-05,-36.50018260914194,-35.74868795085561
57,57,1.2217601785600095e-05,1.4360879025556833e-05,-36.12478582899331,-35.41481799316728
58,58,1.232558540707651e-05,1.4225125931644519e-05,-36.07785993402139,-35.456067032959574
59,59,1.2156254187991095e-05,1.431127633335755e-05,-36.13704501129504,-35.429844555859304
60,60,1.1915212776189365e-05,1.3194588877683456e-05,-36.23348825486299,-35.78266960241042
61,61,1.2088234265339105e-05,1.285350466978822e-05,-36.170975008315935,-35.89641263416071
62,62,1.2302104255702699e-05,1.3048490808088039e-05,-36.08670014700295,-35.83102539121659
63,63,1.2473527936121754e-05,1.239934805964463e-05,-36.0243414437752,-36.052639719185706
64,64,1.1385002127689845e-05,1.234671603206631e-05,-36.426399052607415,-36.0711136336885
65,65,1.1610170405060436e-05,1.3635780210039994e-05,-36.34418882038396,-35.63982830699936
66,66,1.1597644769017748e-05,1.2713865592224083e-05,-36.351500284840334,-35.94385207218338
67,67,1.2270822794890432e-05,1.2890522492326503e-05,-36.09911100136491,-35.88392302090845
68,68,1.22912553481526e-05,1.3003861998808325e-05,-36.09295866266032,-35.845904711105106
69,69,1.2168036283986384e-05,1.2588221866998969e-05,-36.137588182377065,-35.98698434350785
70,70,1.126415705566052e-05,1.1985142727529532e-05,-36.468354217605665,-36.20019612800121
71,71,1.1606918450496843e-05,1.2784738158332307e-05,-36.33710838260264,-35.919709853305406
72,72,1.076120213031938e-05,1.1020532024543316e-05,-36.67569283659107,-36.56460262168061
73,73,1.078880673845823e-05,1.635515653967894e-05,-36.656023715392465,-34.85008117853245
74,74,7.826105033505957e-06,8.754294508674465e-06,-38.061772467708735,-37.564416701914325
75,75,1.0394348183328156e-05,7.317545336455193e-06,-36.815096449930515,-38.34297401264053
76,76,6.87529993847795e-06,7.020038202953353e-06,-38.61137696284251,-38.52323347524514
77,77,6.879354067368508e-06,6.33716914116552e-06,-38.61948942628819,-38.96767524340453
78,78,5.763279162791375e-06,5.6033521009100555e-06,-39.39108256312121,-39.502149097598284
79,79,5.4455401143584205e-06,5.413613579500969e-06,-39.632074402667854,-39.65175570225003
80,80,5.0251562908632666e-06,5.007356213881346e-06,-39.97496830810655,-39.99054335696884
81,81,9.14598126890025e-06,1.3078154312863358e-05,-37.37829130014737,-35.82116365664349
82,82,1.695533202700503e-05,1.7468536546067825e-05,-34.69349266209545,-34.56406300277094
83,83,1.2430285612036013e-05,1.3606000864360554e-05,-36.04506022313239,-35.649323288711095
84,84,1.199374506053498e-05,1.275498499652665e-05,-36.20163379143973,-35.92982870992624
85,85,1.1876074467247386e-05,1.3739207803921186e-05,-36.23830408908979,-35.60701130849873
86,86,1.16653647084379e-05,1.3861874752987397e-05,-36.32517480614068,-35.56840852563156
87,87,1.160376818587952e-05,1.3642757350776504e-05,-36.33614389775464,-35.63760668219221
88,88,1.1258767643216133e-05,1.2718537594704876e-05,-36.48071965361604,-35.94225645032669
89,89,1.1389710881800412e-05,1.2690713878040888e-05,-36.4218094186812,-35.951767703702984
90,90,1.1802448827119847e-05,1.3727953668613305e-05,-36.26781689744209,-35.61057018307789
91,91,1.2498700325710329e-05,1.363779253886988e-05,-36.01827972412244,-35.63918743510757
92,92,1.1228879214183142e-05,1.3628384199125177e-05,-36.485763871033555,-35.64218454778414
93,93,1.1129404351636695e-05,1.3515734161429512e-05,-36.528485920341325,-35.67823181959503
94,94,1.04873605609494e-05,1.4716862623524657e-05,-36.78606722217204,-35.30847587167955
95,95,8.824168973435532e-06,6.355000311343342e-06,-37.53729599008352,-38.95547246918546
96,96,5.94672812121175e-06,5.65256031174948e-06,-39.251491997041015,-39.46417618203368
97,97,5.378178328326087e-06,5.269672089381952e-06,-39.690594879630616,-39.76879231440796
98,98,4.906490349386922e-06,5.059157406082561e-06,-40.09317010025377,-39.94584631217998
99,99,5.4446503050600125e-06,4.9703319291438675e-06,-39.634865667027825,-40.0227743029138
100,100,4.838294434822021e-06,5.121551770284177e-06,-40.14117242339636,-39.8926125602262
101,101,4.794073618672273e-06,4.861373961255977e-06,-40.184098130059,-40.11903792617166
102,102,9.584974584624396e-06,1.5995868364514438e-05,-37.173105516933006,-34.94655001567488
103,103,1.2959338933215645e-05,1.3623470103515214e-05,-35.86603659930067,-35.64375080056561
104,104,1.2765212267902488e-05,1.2395795956284641e-05,-35.92976778114674,-36.05388404258867
105,105,1.3447257946815448e-05,1.227015448086221e-05,-35.69583833829386,-36.098127925700666
106,106,1.3610537139685061e-05,1.6220950544122486e-05,-35.652333360769944,-34.88586522903831
107,107,1.283520748646757e-05,1.0853478191788063e-05,-35.91562341581732,-36.630938851376285
108,108,1.25055980507315e-05,2.175009247270952e-05,-36.01699677145868,-33.61201715344145
109,109,1.4732286001969077e-05,1.122630950895224e-05,-35.30328872204844,-36.48425811553405
110,110,9.339035171148315e-06,8.518670639252951e-06,-37.288743440315585,-37.682909958166356
111,111,9.489256898604318e-06,8.988933323531742e-06,-37.21421435195499,-37.44954664076276
112,112,9.109675248350633e-06,8.439163952731943e-06,-37.38808560039513,-37.72363398817611
113,113,8.330340555515896e-06,9.622998301270663e-06,-37.78652329766666,-37.15352413956517
114,114,8.095584802241629e-06,7.981409214009641e-06,-37.9070397840025,-37.96583245038525
115,115,7.84134184512593e-06,8.006533861541692e-06,-38.04885673119179,-37.95218278361639
116,116,7.0592629442413906e-06,8.005695044151875e-06,-38.49535034346999,-37.9526378030471
117,117,7.625538076813568e-06,7.902588597636695e-06,-38.169134456675934,-38.008934495768244
118,118,7.935336383262748e-06,8.278310576171957e-06,-38.000269446387,-37.80721107352272
119,119,7.074544527378898e-06,7.677453906676659e-06,-38.4929995568301,-38.134456053472555
120,120,7.566240963138419e-06,8.802350724803737e-06,-38.20496109575045,-37.540641542899955
121,121,7.04350123697557e-06,7.634357715639789e-06,-38.51054531137344,-38.15890317683453
122,122,6.507932848950245e-06,7.243373626184429e-06,-38.860409232528966,-38.387219356197846
123,123,6.5674566096427e-06,7.420485010362954e-06,-38.81307842697889,-38.28230530954637
124,124,6.730605932294641e-06,7.108995831865621e-06,-38.71525360725367,-38.468545634919636
125,125,6.675423452348302e-06,8.814732154860394e-06,-38.74085002015677,-37.534537027556816
126,126,6.105653750468657e-06,6.400535695368155e-06,-39.13879824472709,-38.92446499131858
127,127,6.31742480052089e-06,6.3344474543363935e-06,-38.990538906088304,-38.9695408516016
128,128,5.9132568456278156e-06,6.266561620960649e-06,-39.26723686590188,-39.01633508512652
129,129,5.913929665429978e-06,6.379461793633374e-06,-39.27705159027202,-38.93878782281969
130,130,6.7314368119621145e-06,6.940404953064372e-06,-38.713805659941244,-38.572780120325675
131,131,5.8922316628051006e-06,6.038006057152463e-06,-39.286364135338026,-39.17769278726553
132,132,5.643806269796824e-06,5.875613648018579e-06,-39.464980301887934,-39.29609592136421
133,133,5.7080282550890205e-06,5.776876773061783e-06,-39.42262703704434,-39.369697194093995
134,134,6.467846462103423e-06,5.883221283990056e-06,-38.88604702082868,-39.290476393914716
135,135,5.673681970592108e-06,8.287385298899608e-06,-39.44161210926857,-37.80245292459935
136,136,5.63488578167774e-06,5.754621724918252e-06,-39.47953275023743,-39.38646042153549
137,137,5.023187963836124e-06,5.289639566877955e-06,-39.98501877411827,-39.75236742628538
138,138,6.101259062693457e-06,1.4446980649632965e-05,-39.13508895999568,-35.38885731994303
139,139,1.0695309661106463e-05,6.870866352408867e-06,-36.706804983711635,-38.61651322074159
140,140,6.28872579834502e-06,5.8728191058770265e-06,-39.00806760712341,-39.29816199141769
141,141,6.672204633395802e-06,1.6282792306523525e-05,-38.74769945173467,-34.86933939772549
142,142,7.640675242506291e-06,5.597832018553929e-06,-38.155806077357695,-39.50642961200717
143,143,5.482105350274276e-06,5.255795330365225e-06,-39.594706222993004,-39.78024378372347
144,144,6.421733833684409e-06,1.0374257247971591e-05,-38.91805648543475,-36.82705810198161
145,145,6.647366333090383e-06,6.315886749737394e-06,-38.76602472718871,-38.98228489020444
146,146,5.544526025052207e-06,5.303702748374474e-06,-39.55229596928041,-39.7408364749989
147,147,4.938969666290711e-06,5.088619266308869e-06,-40.05087001062836,-39.92062865182662
148,148,4.593724846945968e-06,4.889506355634933e-06,-40.37003474683218,-40.09397808102069
149,149,4.701551029732578e-06,4.822416174551779e-06,-40.265732834149276,-40.15398135809676
150,150,5.590563006014995e-06,6.362136398246021e-06,-39.51249124618322,-38.950598473473576
151,151,5.440836918010579e-06,4.9330757950596496e-06,-39.6360235079692,-40.055450347826095
152,152,4.719461104127497e-06,4.942946995805342e-06,-40.254251704538085,-40.04676869625035
153,153,4.582847937272913e-06,4.761007152123248e-06,-40.378554833392776,-40.20963989200685
154,154,4.555780683450891e-06,4.86906400223425e-06,-40.406685158905674,-40.1121733984488
155,155,4.590147937895231e-06,4.853759767349019e-06,-40.37388660648048,-40.125845455882285
156,156,4.575213999731241e-06,4.835399642232867e-06,-40.37783274451208,-40.14230449062755
157,157,5.960135205296143e-06,5.9023466172603595e-06,-39.235004551262115,-39.27638113085316
158,158,4.960420506698206e-06,4.934144858213442e-06,-40.02745903305413,-40.054509275873556
159,159,4.5381317348298966e-06,4.8716940335381015e-06,-40.421288885254256,-40.10982818443968
160,160,4.560369649139436e-06,4.821487676197553e-06,-40.39466611500128,-40.15481762050498
161,161,4.572094315701235e-06,4.75316686501365e-06,-40.38922637726719,-40.216797621501506
162,162,4.4289940981882665e-06,4.694362096894397e-06,-40.51945467670659,-40.270862374781935
163,163,4.631982624373122e-06,4.945571749646517e-06,-40.335893508699705,-40.04446316158799
164,164,4.586976813501228e-06,4.574445663245952e-06,-40.37784147094381,-40.383243498151835
165,165,4.4989232096152585e-06,4.58347317601836e-06,-40.463124752343795,-40.374681290250464
166,166,4.459772688128443e-06,4.6205780707073e-06,-40.50045995876143,-40.33966510470185
167,167,4.502170333074263e-06,4.603296546472273e-06,-40.45570472377988,-40.355938698408266
168,168,4.392108635751281e-06,4.757489286451968e-06,-40.564835336635724,-40.21285004127471
169,169,5.914821098692122e-05,1.8542533182067256e-05,-29.270173383821223,-34.304937582261886
170,170,1.3471943995832543e-05,1.1255963152890266e-05,-35.6904365480589,-36.472801603470046
171,171,9.327477832859173e-06,9.766774861705735e-06,-37.29631329778389,-37.08911646367595
172,172,8.456780309193304e-06,9.308571933568027e-06,-37.71749988778404,-37.29779763902474
173,173,8.355734683663258e-06,1.6481019118050188e-05,-37.76604072079247,-34.81678759919695
174,174,8.763795519662006e-06,8.477302177006526e-06,-37.55813534261529,-37.70405159042529
175,175,6.383472029164736e-06,8.92112872239331e-06,-38.93360999976299,-37.48243017263698
176,176,6.178650039015038e-06,7.004497714852302e-06,-39.08095337191731,-38.53285825146631
177,177,6.579693973369863e-06,7.153891984719514e-06,-38.80828646299549,-38.441204445543804
178,178,6.016295277188021e-06,6.72334568949545e-06,-39.19959929805179,-38.710773814454036
179,179,6.343108523032777e-06,6.408649513009311e-06,-38.958831222476796,-38.91896302278163
180,180,5.981773614921528e-06,6.440343416838196e-06,-39.210653093112356,-38.89753797331038
181,181,6.007541765732818e-06,6.05795206578669e-06,-39.206409549212516,-39.16336990477987
182,182,5.8093861139006795e-06,5.923192858110844e-06,-39.34790763206284,-39.261069496628714
183,183,5.886036569322219e-06,5.899208477594105e-06,-39.28893683382563,-39.27869078710043
184,184,6.411291859379715e-06,6.034215690114682e-06,-38.919411614507865,-39.180419933233274
185,185,5.473109031862402e-06,6.06496058409041e-06,-39.6101262438565,-39.158348403342664
186,186,5.423476633162882e-06,5.510715805269827e-06,-39.65439479544471,-39.57454808609741
187,187,5.164620383719424e-06,5.50238229679005e-06,-39.86286678495299,-39.5811206189213
188,188,5.271079223263966e-06,5.41267651274929e-06,-39.775417286469896,-39.65250750719333
189,189,4.9712127817947105e-06,5.1700658092924735e-06,-40.02542578888416,-39.851667518618044
190,190,5.821925279849086e-06,5.263166401977957e-06,-39.336205756596634,-39.774157220557726
191,191,4.954190081221408e-06,4.943715255553559e-06,-40.0372938894726,-40.04609374455987
192,192,4.7925429531535405e-06,4.8792489906190895e-06,-40.179280835524445,-40.10309842133942
193,193,4.674871056569415e-06,4.81750098994158e-06,-40.29124599144615,-40.158410105154026
194,194,4.922414277221908e-06,4.881861047435546e-06,-40.07022186107338,-40.10077409165875
195,195,4.664810090223009e-06,4.730744003130607e-06,-40.29481195299421,-40.23733375572908
196,196,4.861594273270103e-06,5.296327344694873e-06,-40.12013432700566,-39.74688003828813
197,197,4.687064230105553e-06,4.738322619040876e-06,-40.28499190286789,-40.23038195804003
198,198,4.426728113235326e-06,4.7471729119838285e-06,-40.52806171826905,-40.22227772249188
199,199,4.412581284134258e-06,4.633005597784895e-06,-40.53437955426766,-40.32799998149827
200,200,4.991204068386482e-06,1.3661610242515484e-05,-40.01493002653955,-35.631609320690714
201,201,1.111950781630663e-05,1.0460147007650353e-05,-36.530434164708815,-36.79125034905774
202,202,1.1083250486540378e-05,8.914438622971494e-06,-36.54842197570387,-37.48568823933291
203,203,8.074049641361421e-06,7.86408803545974e-06,-37.91650753640155,-38.03014456473451
204,204,6.933884758405632e-06,7.534365570456047e-06,-38.58047029779189,-38.21616134563582
205,205,6.546029875532918e-06,6.7161916520394454e-06,-38.830061557185374,-38.71539742493255
206,206,7.858769451334025e-06,7.041813564443912e-06,-38.03426743840315,-38.50978300363954
207,207,6.252103967480505e-06,6.49792417262736e-06,-39.037741538719196,-38.858881840361356
208,208,6.144924859701447e-06,6.110030689773052e-06,-39.10713779912133,-39.12619431441017
209,209,5.803042022682685e-06,6.160203300073351e-06,-39.35160556805462,-39.090677780244405
210,210,6.470853396919112e-06,6.0207260407639155e-06,-38.88198281624788,-39.19013956996309
211,211,5.88170179099441e-06,6.2999086989485046e-06,-39.29860032262368,-38.99328567573188
212,212,5.934931712395202e-06,5.835248286625995e-06,-39.262269059444236,-39.326034833180465
213,213,5.985686218935502e-06,6.00839515946542e-06,-39.211628528350694,-39.19904335518824
214,214,5.595411672289891e-06,7.986777075673576e-06,-39.50888149283493,-37.96291260370287
215,215,5.531771519824745e-06,5.508581508413619e-06,-39.55830778748123,-39.576230431772636
216,216,5.365649607502399e-06,5.420601035822122e-06,-39.68913331368337,-39.64615379338757
217,217,5.136926087213874e-06,5.177858455633548e-06,-39.88832756176318,-39.845126489019336
218,218,5.003369171821966e-06,5.17561920787557e-06,-39.99993844638244,-39.847005071253584
219,219,4.9093763495359775e-06,5.019242304402532e-06,-40.078830215723,-39.98024661289669
220,220,7.290296792037684e-06,7.351818974137514e-06,-38.362607023787106,-38.32268018328347
221,221,7.930212585464332e-06,5.502743294384441e-06,-37.995576100130805,-39.58083569847767
222,222,5.084526384456057e-06,5.0833420669062575e-06,-39.92440005916493,-39.92513487970342
223,223,4.879763663825777e-06,5.012928412677291e-06,-40.11225235654454,-39.98571320387682
224,224,4.6333032364647395e-06,4.966420934387746e-06,-40.32104741901392,-40.02619297207539
225,225,4.637145687495634e-06,4.968073498227903e-06,-40.328446313111506,-40.024748108689025
226,226,1.3677514804849406e-05,1.3237998533249515e-05,-35.62642983471122,-35.76840494452465
227,227,1.2207957606921068e-05,1.3640347931773009e-05,-36.121991678712405,-35.638373748381845
228,228,7.720589597813591e-06,5.804630721908516e-06,-38.11769005441887,-39.34888227010652
229,229,5.5733112041951285e-06,5.337285122215307e-06,-39.531949803597655,-39.713424192893335
230,230,5.084437157868884e-06,5.204586614127038e-06,-39.93119662889204,-39.822765826746846
231,231,4.921722493986401e-06,5.0600695814002965e-06,-40.07265870299798,-39.94506334188277
232,232,4.710296873772395e-06,4.940806763299502e-06,-40.26015082644851,-40.04864954274745
233,233,4.851239875335391e-06,4.941666343495997e-06,-40.13537574867545,-40.047894041704346
234,234,4.939521595963352e-06,5.039607506325028e-06,-40.05232651976912,-39.96266108956382
235,235,4.558031560946736e-06,4.860623376819269e-06,-40.4028360774053,-40.11970851816706
236,236,4.736759112028708e-06,4.865992782230789e-06,-40.23097209378679,-40.11491362682959
237,237,4.554877463793748e-06,5.072458215612355e-06,-40.413130281834135,-39.934443448672695
238,238,4.445594469739872e-06,4.8475854830605e-06,-40.511759516509514,-40.131373468521836
239,239,4.527161564444973e-06,4.81862324656839e-06,-40.42218544650424,-40.15739851615716
240,240,4.496093096509192e-06,4.774366145379884e-06,-40.46215950591333,-40.19747101162854
241,241,8.90646788320737e-06,8.29884761275791e-06,-37.48758212350738,-37.79645033139149
242,242,7.469016804627488e-06,8.492563139091209e-06,-38.25073162947235,-37.69624038711264
243,243,6.620225220328778e-06,5.308880836788663e-06,-38.785001780020664,-39.7365984581475
244,244,4.902213321628617e-06,4.922682843531029e-06,-40.08466455707365,-40.06460966947366
245,245,4.751465376477764e-06,4.8147681139342146e-06,-40.22701283110212,-40.16087447359883
246,246,4.589047948590548e-06,4.7880459628925705e-06,-40.36855533886259,-40.185045123170966
247,247,4.490070710913248e-06,4.7404667168992e-06,-40.465002782829636,-40.228417213701036
248,248,4.519300982230055e-06,4.777922173927532e-06,-40.43198349529899,-40.19423751700305
249,249,4.464446707980014e-06,4.584071755169517e-06,-40.484091400989215,-40.374114159956264
250,250,4.605570391916997e-06,4.612986410728282e-06,-40.35387453698681,-40.34680647851672
251,251,4.436679780821541e-06,5.047303399183683e-06,-40.52236202126675,-39.956034116287924
252,252,4.547502985400401e-06,4.555912961510139e-06,-40.41646948136504,-40.40087404582916
253,253,5.575252117457999e-06,5.269913105477922e-06,-39.529418504444195,-39.76859368806999
254,254,4.705584594197829e-06,4.675862615649269e-06,-40.26283560058157,-40.288010806773514
255,255,4.503993218303052e-06,4.642569987673166e-06,-40.460680930832225,-40.31904363547936
256,256,4.288409442225886e-06,4.614809971539408e-06,-40.669753654463214,-40.345090007161716
257,257,4.285136902140461e-06,4.526997468258885e-06,-40.672060253983716,-40.42852571471046
258,258,1.2068792215096746e-05,1.390509599954576e-05,-36.17188684732329,-35.55488831544476
259,259,1.1910449372698703e-05,1.3025563451887329e-05,-36.23185697506924,-35.83866304261489
260,260,1.2251855517290809e-05,1.220116571762207e-05,-36.10960078214043,-36.12261497284059
261,261,1.1897704403101257e-05,1.3520244297787462e-05,-36.23706066621066,-35.6767828412612
262,262,1.164305412362644e-05,1.2089491974620614e-05,-36.32808489322797,-36.16254771790836
263,263,1.206376752643618e-05,1.4226013909616373e-05,-36.16899281037905,-35.45579594087995
264,264,1.2127766783976899e-05,1.3391014171678475e-05,-36.152808539108094,-35.71849353430858
265,265,1.2072491891867872e-05,1.3007276050446212e-05,-36.17435400828435,-35.84476465810706
266,266,1.205094590143735e-05,1.292853219063928e-05,-36.182136677243676,-35.871136019708004
267,267,1.2181211477394586e-05,1.2793486109187238e-05,-36.13359262254029,-35.91673921164346
268,268,1.1908264738296342e-05,1.3642040118467871e-05,-36.22952248201366,-35.63783500716644
269,269,1.0941509764361586e-05,1.2409622764894984e-05,-36.59617813257249,-36.04904243328449
270,270,1.0973612484825203e-05,9.343721701857008e-06,-36.593325652818464,-37.28142928371486
271,271,5.543185375948447e-06,4.8864499508214835e-06,-39.55674433826165,-40.0966936819227
272,272,5.0408921689483684e-06,4.762180543892962e-06,-39.97140029935041,-40.20856966722594
273,273,4.382877088723897e-06,4.625319290521714e-06,-40.56946500821016,-40.335211051832935
274,274,5.649193626501899e-06,5.758729649211378e-06,-39.47267964995649,-39.38336132576343
275,275,5.145690946256323e-06,5.192692721098674e-06,-39.87087581680414,-39.83270199215551
276,276,4.77814632008115e-06,4.97186137612229e-06,-40.18987150769968,-40.02143811809435
277,277,4.872067102416959e-06,4.848915595127772e-06,-40.1150052270649,-40.130181986501476
278,278,5.341165201430486e-06,6.3516843175947496e-06,-39.70657508345414,-38.95773917818437
279,279,4.683366824727123e-06,4.769858689637897e-06,-40.28178955887733,-40.201573101291224
280,280,4.508284512001447e-06,4.742402241294928e-06,-40.446328757691525,-40.226644358713735
281,281,4.415015094300261e-06,4.643927468350739e-06,-40.538225996837596,-40.31777395038106
282,282,4.362133661734052e-06,4.581504885879296e-06,-40.592383340328055,-40.376546690371555
283,283,4.619013525277212e-06,4.613921957666446e-06,-40.347464556506935,-40.34592578726461
284,284,4.410203464149819e-06,4.654563470371374e-06,-40.55136763575892,-40.30783866296283
285,285,4.539372791919753e-06,4.835660164596782e-06,-40.414897378232844,-40.14207050711934
286,286,4.463641837985763e-06,4.548055741045238e-06,-40.495877840024626,-40.40837044316913
287,287,4.309846708190552e-06,4.511204451773665e-06,-40.6452889255429,-40.44370312931895
288,288,4.280508195283942e-06,4.476286748238061e-06,-40.67548213213183,-40.4774492369461
289,289,4.506390479908771e-06,4.545413635002517e-06,-40.45403775176876,-40.41089412705653
290,290,4.967462030332715e-06,4.5033999700344315e-06,-40.03275386247094,-40.4512230249055
291,291,4.277717978053711e-06,4.460599137401962e-06,-40.675780816242906,-40.49269627020881
292,292,4.4089081866425745e-06,4.405479330671369e-06,-40.54779158113017,-40.54669655095556
293,293,4.362462748796349e-06,4.606150277571655e-06,-40.58683988343664,-40.353247201877274
294,294,4.21745411370363e-06,4.414991209207648e-06,-40.734522703225466,-40.53732979904933
295,295,4.194420590775013e-06,4.381513223817915e-06,-40.75914692269687,-40.570386963127774
296,296,4.248792828144997e-06,4.445642126053204e-06,-40.70600949973395,-40.50728323997332
297,297,4.284468868905774e-06,4.407407734680946e-06,-40.682610628054505,-40.54479593603246
298,298,4.438741129466582e-06,5.317072535897176e-06,-40.51669766716046,-39.729902380534064
299,299,4.646885761608293e-06,4.9122788105274885e-06,-40.311811455589186,-40.073798146190484
300,300,4.625029370949913e-06,4.773299176457313e-06,-40.33465587158862,-40.19844167555892
301,301,4.385106757178347e-06,4.5131501242155396e-06,-40.56881370825374,-40.441830430698616
302,302,4.447871652260314e-06,4.398740022799374e-06,-40.510223904463146,-40.55334528305728
303,303,4.181185171471521e-06,4.413074042244453e-06,-40.77746919167446,-40.53921609015022
304,304,4.267354412506168e-06,4.396818990483696e-06,-40.690851329672086,-40.55524236258631
305,305,4.480363327040566e-06,4.334794718823487e-06,-40.475382047978094,-40.616942875000355
306,306,8.546220578395638e-06,1.265203598833116e-05,-37.666350263761636,-35.965024045025984
307,307,1.165911746902941e-05,1.3161855062399378e-05,-36.323128584470915,-35.79345719021339
308,308,1.2015367673550068e-05,1.3736747525016605e-05,-36.19330402672779,-35.60778906893856
309,309,1.218267771412112e-05,1.361884972682578e-05,-36.13528875673212,-35.64522395272907
310,310,1.1915257158593189e-05,1.41689437154319e-05,-36.22638009082986,-35.47325347972672
311,311,1.2012444257539081e-05,1.3458370822742213e-05,-36.18562926894676,-35.69670332700967
312,312,1.1422525633476944e-05,1.3483717051904501e-05,-36.410241092793086,-35.68853192562394
313,313,1.1865155692689346e-05,1.278630497836275e-05,-36.25011192158574,-35.91917764091926
314,314,1.1975946183587645e-05,1.3595304297173003e-05,-36.20011244314825,-35.65273890448153
315,315,1.1622577675524618e-05,1.3244339243101422e-05,-36.33281160337098,-35.76632526758985
316,316,1.2108075215738355e-05,1.3422912640013046e-05,-36.15620404994678,-35.70816059395914
317,317,1.148398706325529e-05,1.2639388890085301e-05,-36.393494260572496,-35.969367466137676
318,318,1.163947997353257e-05,1.2715678406637285e-05,-36.332834480251954,-35.94323287484525
319,319,1.182409496041802e-05,1.2585745265057899e-05,-36.256522255106404,-35.987838856866595
320,320,1.1866939952522012e-05,1.2165314250236598e-05,-36.24593439477658,-36.13539491127228
321,321,1.210826181686008e-05,1.2340417254706967e-05,-36.154148373556765,-36.073329787567104
322,322,1.1986284766159592e-05,1.3724918589057205e-05,-36.203127670315226,-35.611530460236764
323,323,1.2401635033420836e-05,1.2837122611879176e-05,-36.05231568481192,-35.90195133762516
324,324,1.191503812976604e-05,1.319338145166464e-05,-36.23130358757547,-35.78306703991781
325,325,1.210057704137745e-05,1.2215955633253447e-05,-36.16050909456461,-36.11735376334766
326,326,1.2229894816028746e-05,1.2547691240845444e-05,-36.11171511671353,-36.000989995473994
327,327,1.181703679865621e-05,1.2361292838728619e-05,-36.26863397976368,-36.06598928112347
328,328,1.1159440667321065e-05,1.2584537121016948e-05,-36.50546186026728,-35.98825576938484
329,329,1.1607371533566188e-05,1.3185443334039423e-05,-36.333134828172675,-35.78568086431174
330,330,1.1302924797080814e-05,1.2820420746912101e-05,-36.45527057639927,-35.907605447775765
331,331,1.1520033713730805e-05,1.2091559926231735e-05,-36.36773148398744,-36.16180490491625
332,332,1.2013135947012247e-05,1.0635849393063262e-05,-36.18235556550207,-36.71890644127396
333,333,6.264686132838215e-06,6.745426186458453e-06,-39.01673269213909,-38.69653428813665
334,334,5.282212511992464e-06,4.813649459385105e-06,-39.769187100631186,-40.16188362281015
335,335,4.615534518174191e-06,4.7818675021086455e-06,-40.34567060955822,-40.19065284743668
336,336,4.487099790212503e-06,4.65405162829388e-06,-40.47069609536747,-40.30831626395445
337,337,4.48494847191374e-06,4.867430609585044e-06,-40.473220649145674,-40.1136305418033
338,338,1.2954379805527537e-05,1.4528081728234324e-05,-35.8749831888808,-35.3645454876272
339,339,1.2595391501573553e-05,1.406527098879451e-05,-35.988983067782385,-35.50514719161261
340,340,1.1881620256523074e-05,1.3292697650812394e-05,-36.239641359272255,-35.750496964713456
341,341,1.1548127836296358e-05,1.0469434336731578e-05,-36.362417120433115,-36.78739605692455
342,342,5.976696834248699e-06,5.46392797523846e-06,-39.224530840762526,-39.611578571855425
343,343,5.178214863561377e-06,5.183595979025612e-06,-39.85666359724491,-39.840316787795715
344,344,4.736295839337021e-06,4.961643777565577e-06,-40.24043172337976,-40.03037242309101
345,345,4.6805693315392774e-06,4.903171322056503e-06,-40.285646658536336,-40.081857548599196
346,346,4.675915168207343e-06,4.837270652339947e-06,-40.29707568358151,-40.14062435608253
347,347,4.459903446744291e-06,4.816087563372812e-06,-40.48580461465296,-40.15968448667945
348,348,4.418167684223627e-06,4.698410233877918e-06,-40.54057386114758,-40.267118892877185
349,349,4.4459934613150465e-06,4.755768510509178e-06,-40.508765573583425,-40.214421161327685
350,350,4.40829098666073e-06,4.985924198607743e-06,-40.544448014939036,-40.00917151480216
351,351,4.648995100163204e-06,5.684895911958608e-06,-40.31879184567383,-39.43940305737329
352,352,4.383790181555483e-06,4.6561059255174384e-06,-40.5774265771952,-40.306399712150245
353,353,4.350229627815088e-06,4.657233507475068e-06,-40.60832903027595,-40.30534809660888
354,354,4.897511100409115e-06,4.821670017918223e-06,-40.09215226628057,-40.15465337969169
355,355,4.4729648665846065e-06,4.657095958368461e-06,-40.481214691639394,-40.30547636524746
356,356,7.947700061270825e-06,8.922936414915297e-06,-37.982972871498305,-37.48155024882599
357,357,5.380863801301811e-06,4.883546508656429e-06,-39.68392687668628,-40.099274949895836
358,358,4.535926322692906e-06,4.6502581498268565e-06,-40.42116918360679,-40.31185760532424
359,359,4.546828583358744e-06,4.6423054443853045e-06,-40.409410653952975,-40.31929111255326
360,360,4.405136514458381e-06,4.5253969370892986e-06,-40.54959576062545,-40.43006144510662
361,361,4.476769836119931e-06,4.553818646519703e-06,-40.48226428500335,-40.40287092015845
362,362,4.651273942277071e-06,4.55291156915911e-06,-40.31903514784399,-40.40373607962697
363,363,4.443356222031277e-06,4.534753375800822e-06,-40.510554583552235,-40.42109150309268
364,364,4.3447299625786964e-06,4.508160779886039e-06,-40.61793033265042,-40.446634266758764
365,365,5.200582655120765e-06,5.151662327606525e-06,-39.83473693220223,-39.867154341962994
366,366,4.761996961795226e-06,4.843154269302001e-06,-40.21312021477598,-40.135345202087606
367,367,4.534459415565637e-06,4.725597364085843e-06,-40.42291856982834,-40.242061074829316
368,368,4.6140147572156455e-06,4.717530038377797e-06,-40.34589569291131,-40.24948148915129
369,369,4.604731502601596e-06,4.654323579176746e-06,-40.3554786014741,-40.30806249943556
370,370,4.444225478624672e-06,4.71773727153241e-06,-40.51178339901998,-40.24929071508507
371,371,4.39944847599203e-06,4.587409887933877e-06,-40.5436691740669,-40.3709527673703
372,372,4.392502582912542e-06,4.580585829516119e-06,-40.56116998274231,-40.3774179786415
373,373,4.359412526252161e-06,4.495421822675301e-06,-40.59145057799178,-40.45892373586859
374,374,4.400725870676904e-06,4.492738765436929e-06,-40.55652304008832,-40.46151656223488
375,375,4.394471746768572e-06,4.532688990366296e-06,-40.56187901212981,-40.423069020416804
376,376,4.629535849219501e-06,4.5553582056431635e-06,-40.34200575700971,-40.401402901589705
377,377,4.4297749204862655e-06,4.492607858035051e-06,-40.52411289702876,-40.46164310685171
378,378,4.409866203355498e-06,4.492760186430563e-06,-40.54480439856367,-40.461495855495315
379,379,4.398148599441989e-06,4.557580053331453e-06,-40.55107610636237,-40.399285173624584
380,380,4.447434403306202e-06,5.426670548714403e-06,-40.51671341258624,-39.64129366572964
381,381,4.424017577586016e-06,4.62389485428024e-06,-40.525429280724275,-40.33654873262333
382,382,4.4371147349423704e-06,4.5719156284911535e-06,-40.525041824405804,-40.385646158895284
383,383,4.326055870441235e-06,4.429217321893175e-06,-40.62818361685971,-40.523358333892155
384,384,4.1612255132612205e-06,4.379273246070768e-06,-40.80280646568693,-40.57260779113156
385,385,4.335161344625731e-06,4.372344739366733e-06,-40.61800807779534,-40.579484263260575
386,386,4.1006919509152456e-06,4.401355873166099e-06,-40.85133958887606,-40.550763380708396
387,387,4.335920934441749e-06,4.353916258543522e-06,-40.61191678993982,-40.597827513436954
388,388,4.2708848740375354e-06,4.340643296305452e-06,-40.684918315092034,-40.611087250632416
389,389,4.08319186407397e-06,4.284301308201209e-06,-40.88110656804467,-40.66782816600826
390,390,4.116079220618781e-06,4.384259969619482e-06,-40.8420505994626,-40.56766524866511
391,391,4.446254976202683e-06,4.408882839350936e-06,-40.51005124868935,-40.543342649485226
392,392,5.1568036213342864e-06,5.460266349569122e-06,-39.86133105292462,-39.61448995156044
393,393,4.665528410544905e-06,4.68928516583171e-06,-40.301687729347876,-40.27556179132848
394,394,4.315084438952833e-06,4.5397245900714646e-06,-40.63857567328638,-40.416333166249075
395,395,4.341413169012665e-06,4.57775588888341e-06,-40.61572618272909,-40.38010193099402
396,396,4.249824734270265e-06,4.484667478640117e-06,-40.70351450607621,-40.46932575826965
397,397,4.381671356595782e-06,4.402358076492276e-06,-40.567710317342105,-40.54977459034407
398,398,4.247528175762182e-06,4.343673445442906e-06,-40.70022266580615,-40.60805655255385
399,399,3.9888234603251436e-06,4.241336383577283e-06,-40.977432233868655,-40.71160105037922
400,400,4.104049601421101e-06,4.272939194331564e-06,-40.86222836871269,-40.67936110412007
401,401,3.979493441743825e-06,4.189710185336911e-06,-40.99374965036119,-40.76478840515854
402,402,4.246244119263024e-06,4.267299465554013e-06,-40.71480020162457,-40.68509701746184
403,403,4.0535200658962715e-06,4.159695172826392e-06,-40.91735740513851,-40.796013168842016
404,404,4.216486160526683e-06,4.149376081841183e-06,-40.737542865043466,-40.80680023863545
405,405,3.84747123302752e-06,4.115459025917134e-06,-41.13663632366038,-40.84244540935758
406,406,7.113511141067216e-06,1.4262522486923876e-05,-38.475355874374046,-35.444664809307696
407,407,9.828135913717092e-06,5.200774395282344e-06,-37.062068549527595,-39.8259480818952
408,408,4.5872659578065195e-06,4.719269913709324e-06,-40.37552992189353,-40.247880060132815
409,409,4.356189298125605e-06,4.468575633310186e-06,-40.60082651921503,-40.48493710059173
410,410,4.261481104343325e-06,4.4121776275125355e-06,-40.69311470618551,-40.54009834934797
411,411,4.460092307538419e-06,4.318968481847581e-06,-40.50493763730248,-40.6328278833865
412,412,4.251082455272067e-06,4.309861819102049e-06,-40.710175121966785,-40.641994768605876
413,413,4.479005467859229e-06,7.23583214398547e-06,-40.47510330556399,-38.39174339495044
414,414,4.802120176145295e-06,4.33133482147241e-06,-40.181794460726216,-40.620410661629606
415,415,4.1465278655712456e-06,4.240811904310249e-06,-40.810279579750805,-40.71213812764811
416,416,4.137822261983865e-06,4.268193965560242e-06,-40.819861815390404,-40.68418675627701
417,417,4.079242512254739e-06,4.195091833025799e-06,-40.876893708031034,-40.75921350855239
418,418,4.091364027922235e-06,4.186866434745178e-06,-40.87407578433183,-40.76773716404504
419,419,4.051029332613419e-06,4.1903880341315495e-06,-40.909252749904105,-40.76408582152763
420,420,3.831282489870516e-06,4.336359755765634e-06,-41.14954089647978,-40.615375178525056
421,421,4.014233748411871e-06,4.148008345414143e-06,-40.94953168544261,-40.808232016067365
422,422,3.929325791347962e-06,4.138355531100196e-06,-41.04620600413809,-40.818350243917635
423,423,3.990706744909553e-06,4.113806462076977e-06,-40.98069564800356,-40.844189670415794
424,424,4.017318009029679e-06,4.111547265270737e-06,-40.938156369816426,-40.84657535925953
425,425,3.973298010716519e-06,4.147688322949475e-06,-41.00022655814549,-40.80856709097696
426,426,3.955778561951952e-06,4.067039382885253e-06,-41.0159165984293,-40.893844452009404
427,427,3.91675185597968e-06,4.155762804944779e-06,-41.06454561386564,-40.800120713618675
428,428,4.134075153188794e-06,4.313168119551847e-06,-40.82256441590316,-40.63866436590185
429,429,4.492135854589017e-06,4.201713205762453e-06,-40.469312755053146,-40.75236417425223
430,430,4.069613347270468e-06,4.210398485252211e-06,-40.89730337468162,-40.743396223195354
431,431,3.993791296190616e-06,4.0700129758126995e-06,-40.96873944957382,-40.89067029262004
432,432,4.158327106010474e-06,4.116023606720294e-06,-40.807364904951136,-40.84184966169285
433,433,3.88542053704291e-06,4.060089383385371e-06,-41.09893935879913,-40.901272283546476
434,434,3.995649815796869e-06,4.13693333269437e-06,-40.97224956292728,-40.81984300854753
435,435,4.009436567038083e-06,4.111031617675938e-06,-40.954713438280386,-40.84712006161753
436,436,3.897383568570505e-06,4.091351923450834e-06,-41.076889733101716,-40.86795985523238
437,437,3.959162254947851e-06,4.127445471998439e-06,-41.017902310741405,-40.829814786107534
438,438,3.7844422492816727e-06,4.089999911708506e-06,-41.206030577093465,-40.86939524453315
439,439,3.881828000154089e-06,4.265758578089605e-06,-41.09538587620744,-40.68666550305488
440,440,3.973184073064536e-06,4.033725477519941e-06,-41.002459069130104,-40.92956484899143
441,441,3.869717222618626e-06,4.212468112248309e-06,-41.11115514433444,-40.74126196737713
442,442,4.018959916533108e-06,4.223495950913945e-06,-40.95078046489971,-40.72990740926835
443,443,3.860050773039699e-06,3.961940448885128e-06,-41.12467398626423,-41.00754879625232
444,444,3.930006201211579e-06,3.971267963271729e-06,-41.04038616508347,-40.99733630797729
445,445,3.9651156056766244e-06,3.898284818971756e-06,-41.01084286143524,-41.0778925644422
446,446,4.278004147748754e-06,4.271619098673048e-06,-40.670725339242196,-40.680703034843646
447,447,3.859932674683862e-06,3.916618867917446e-06,-41.12883168995629,-41.057515113317706
448,448,3.868741344179857e-06,3.926374694473404e-06,-41.122668837759804,-41.046710810620894
449,449,3.832879035153664e-06,3.8279374381856636e-06,-41.152666017361774,-41.15697991805319
450,450,3.900447623403959e-06,3.8294744602975885e-06,-41.08536006479774,-41.15523645632072
451,451,3.680105664054431e-06,3.866958398870529e-06,-41.3293664354655,-41.112933231712255
452,452,3.6536094252294356e-06,3.937224619221524e-06,-41.35744577249405,-41.0347263102683
453,453,3.7161338152201873e-06,3.768837060354264e-06,-41.28578602286857,-41.224554612576995
454,454,3.5934299188570035e-06,3.770715202814532e-06,-41.43304538425248,-41.22239091135144
455,455,3.618708234105575e-06,3.740213048187893e-06,-41.405588393642674,-41.257664821103575
456,456,3.6619951562485212e-06,3.936517235783149e-06,-41.35138606699315,-41.03550665773298
457,457,3.6503800275408812e-06,3.7246974036526424e-06,-41.36718521478819,-41.275718268768394
458,458,3.643368889936834e-06,3.715183502687356e-06,-41.371438823560034,-41.286825535120684
459,459,3.6148367003407497e-06,3.7428290660931166e-06,-41.41348517741106,-41.25462829619905
460,460,3.6724864237596157e-06,3.7091587824091366e-06,-41.340261413531934,-41.293873979940955
461,461,3.6355781090962184e-06,3.7442646675787583e-06,-41.38888808889199,-41.25296283338198
462,462,3.494312337708609e-06,3.6669235238437785e-06,-41.54765080370769,-41.34360970533918
463,463,3.930178641875847e-06,4.272010588274018e-06,-41.04815873415696,-40.68030502655028
464,464,3.7199588217676532e-06,3.7246513305657764e-06,-41.28614585828116,-41.27577198967234
465,465,3.564288658473986e-06,3.660281639608193e-06,-41.474850262958036,-41.351483197069435
466,466,3.5529775729075256e-06,3.671767157548426e-06,-41.47663690466736,-41.337876901527
467,467,3.65410414346603e-06,3.6169324056046254e-06,-41.3613580971756,-41.40322430482885
468,468,3.600267931331698e-06,3.741716287358462e-06,-41.429649097954425,-41.255919687044525
469,469,3.61743109257902e-06,3.6443678877013122e-06,-41.40618535665347,-41.37040611882716
470,470,3.583752508460485e-06,3.6081887150143494e-06,-41.44799225712482,-41.413735792083415
471,471,3.609786494259246e-06,3.895195480876473e-06,-41.416224473148944,-41.081335654066265
472,472,3.6406227152219424e-06,3.6380217328482296e-06,-41.3746119227001,-41.37797533957823
473,473,3.6054732953340773e-06,3.6759187016861304e-06,-41.41971863033795,-41.332969253223055
474,474,3.4693178715371554e-06,3.7097530294934253e-06,-41.590921525594986,-41.29317824925514
475,475,3.495398229845414e-06,3.615700794206963e-06,-41.55394674730239,-41.404703384506334
476,476,3.4739272445990865e-06,3.6279968753660796e-06,-41.57982644613096,-41.38995918735962
477,477,3.4778964599701286e-06,3.635510797482168e-06,-41.582304536003875,-41.38097384247257
478,478,3.5078132778957317e-06,3.705208045127955e-06,-41.53124997978621,-41.29850224720359
479,479,3.396909402543259e-06,3.563719773362544e-06,-41.672284029947434,-41.46759276336535
480,480,3.4872016432515366e-06,3.6022598387238473e-06,-41.56390213069436,-41.420877868801576
481,481,3.533586892707408e-06,3.5663786930902128e-06,-41.49928119224185,-41.4643536658283
482,482,3.4611994522624016e-06,3.5367728694262426e-06,-41.59801106030858,-41.50055652646506
483,483,3.467637488657348e-06,3.634928696938962e-06,-41.59246588577926,-41.38166926963227
484,484,3.4177306944686803e-06,3.5290323036238796e-06,-41.65650922768827,-41.51007189315646
485,485,3.450608166118756e-06,3.482970800848163e-06,-41.60809961145202,-41.56712989478133
486,486,3.407367058599382e-06,3.515651231186654e-06,-41.66141485982409,-41.52657038562016
487,487,3.5139835712395803e-06,3.537842614701061e-06,-41.52818785226784,-41.49924314208543
488,488,3.459437629757791e-06,3.5612973581584426e-06,-41.59860621824876,-41.47054585548326
489,489,5.5153379772613355e-06,5.904353297649466e-06,-39.575835706408114,-39.27490486697823
490,490,5.6065717067259855e-06,5.4911574807192665e-06,-39.50669157145534,-39.58998924080766
491,491,4.898250271131455e-06,4.968027137932184e-06,-40.08409231308618,-40.02478863569523
492,492,4.68016740285879e-06,4.667632837433637e-06,-40.28471899735847,-40.295661365835855
493,493,4.2577126810242265e-06,4.56108652638489e-06,-40.69695195206768,-40.395945119550234
494,494,4.3883947469534105e-06,4.5634418543876995e-06,-40.56861722969872,-40.39370301796487
495,495,4.875256972246864e-06,5.672816338406655e-06,-40.102262446698305,-39.44864099895829
496,496,4.6639934975921524e-06,4.545609379803002e-06,-40.305661262785115,-40.410707105449426
497,497,4.180839333767113e-06,4.445063495950308e-06,-40.771065398584334,-40.507848540123355
498,498,4.194799934451759e-06,4.3564057489818785e-06,-40.75973964957232,-40.595345005927726
499,499,4.2258708448965075e-06,4.36968725568333e-06,-40.728886807420764,-40.58212468035275
500,500,4.164691192047555e-06,4.712810407095515e-06,-40.79624863947569,-40.253828543227435
501,501,4.615308590782848e-06,6.073923750112667e-06,-40.33897121715893,-39.15193487448101
502,502,4.714657729751125e-06,4.336918400919163e-06,-40.25864424383083,-40.614815721066236
503,503,4.139749802392937e-06,4.240746707900574e-06,-40.82106579144556,-40.712204894718305
504,504,3.9403173465786694e-06,4.167808188676166e-06,-41.03127201196395,-40.7875509948219
505,505,4.460011423455483e-06,4.505940583648656e-06,-40.490459171374766,-40.44877362365138
506,506,4.117131513020908e-06,4.398117557445259e-06,-40.84458923296207,-40.55395989632447
507,507,6.871553940766614e-06,6.555808029492925e-06,-38.6287386133123,-38.82036595232856
508,508,5.305619138714074e-06,4.907085643648507e-06,-39.74219046300099,-40.07839185271792
509,509,4.405584374965365e-06,4.399261977021907e-06,-40.555122437492614,-40.552829980062526
510,510,4.08633884935344e-06,4.0903498158609425e-06,-40.87552600064973,-40.8690237165478
511,511,3.915003854044042e-06,4.062308741930265e-06,-41.06943071220637,-40.898898956904446
512,512,3.7671884292274287e-06,3.952620485697959e-06,-41.23757308944997,-41.0177770590406
513,513,3.8374193921008926e-06,3.847614858674014e-06,-41.158694523754,-41.13471229866225
514,514,3.5968608657283993e-06,3.73130384152893e-06,-41.42649292026725,-41.268022078354235
515,515,3.5740168739946442e-06,3.67142139399029e-06,-41.46010094007944,-41.33828588790777
516,516,3.554225137103805e-06,3.718147857063358e-06,-41.484426908323215,-41.283361670121685
517,517,3.4775899110304024e-06,3.6699804073386507e-06,-41.57715329253222,-41.33999077364016
518,518,3.481026129689387e-06,3.610641275181e-06,-41.57970844041077,-41.410784805872794
519,519,3.5144293783513105e-06,3.6420336575821764e-06,-41.53376566393261,-41.3731886810799
520,520,3.5413606298985994e-06,3.538481510794985e-06,-41.50350283030399,-41.49845892405377
521,521,3.4187380395488833e-06,3.4818929299562067e-06,-41.64830680198183,-41.568474108831765
522,522,3.501438013043617e-06,3.6299773958154744e-06,-41.55110246414897,-41.38758902430399
523,523,3.4262124826614363e-06,3.457007335926296e-06,-41.635395584813665,-41.59962521949507
524,524,3.728727135952345e-06,3.4968566548119078e-06,-41.27465755825821,-41.54984993264118
525,525,3.3799815402332015e-06,3.5906370947869665e-06,-41.69909901945003,-41.434913098268176
526,526,3.37049209754452e-06,3.5220714619897896e-06,-41.71453693506016,-41.518646596333795
527,527,3.576296857665005e-06,3.580545592883841e-06,-41.456728056514194,-41.447136148982494
528,528,3.3634160693687478e-06,3.4241662720696217e-06,-41.72805232714833,-41.641079779188274
529,529,3.3585708230752174e-06,3.4553156398798913e-06,-41.72980648084489,-41.601750971648876
530,530,3.544751955149005e-06,3.413342076447933e-06,-41.49880144787566,-41.654830087390835
531,531,4.1902328271088165e-06,4.458719953809602e-06,-40.7638796850286,-40.49452627330294
532,532,3.986056231276718e-06,3.5379657794309377e-06,-40.98560449336139,-41.499091951551215
533,533,3.422513248917368e-06,3.416644080731969e-06,-41.64663081273893,-41.65063083334111
534,534,3.3230377042498956e-06,3.418598764351612e-06,-41.76737422479019,-41.64814691769317
535,535,3.452583680029289e-06,3.498405763629738e-06,-41.61593044588005,-41.547926432471485
536,536,3.2487580436694416e-06,3.4564352757259164e-06,-41.871701696992325,-41.6003439427213
537,537,3.383114163466182e-06,3.5459076307712453e-06,-41.7019775462491,-41.489354048405495
538,538,3.4126079444644178e-06,3.463250083625194e-06,-41.65605693942155,-41.59178969706111
539,539,3.3987010438161716e-06,3.380163434485439e-06,-41.673024669259846,-41.697251237015436
540,540,3.234735871599921e-06,3.4349181149943766e-06,-41.89685637074207,-41.62746434711729
541,541,3.291319688324836e-06,3.4114069110632715e-06,-41.8237967664431,-41.65729298140259
542,542,3.2342984023043097e-06,3.3527672760675684e-06,-41.888968025329575,-41.73259414072806
543,543,3.2719280447166704e-06,3.3668524769094994e-06,-41.8406126293668,-41.71438735467136
544,544,7.83854421832675e-06,1.3608152824561234e-05,-38.04048944739905,-35.64863645166809
545,545,1.301085314443083e-05,1.503632378635781e-05,-35.84470259948157,-35.21521154014268
546,546,1.4371439169032605e-05,1.4153619591333585e-05,-35.4215063491069,-35.47795304248397
547,547,1.3331399029468849e-05,1.5817598451624354e-05,-35.73777599940839,-34.99522276817625
548,548,1.3004959956307766e-05,1.583531172256794e-05,-35.8533736354557,-34.9903620608429
549,549,1.35626759280039e-05,1.58579801599875e-05,-35.65964841634059,-34.98414952918166
550,550,1.4452628260862429e-05,1.6254917203408886e-05,-35.395346758468136,-34.87678061384622
551,551,1.370445389727241e-05,1.5216610096869868e-05,-35.62088738588882,-35.16344910480025
552,552,1.4551240064506179e-05,1.649591735928736e-05,-35.36220952100186,-34.81286350855014
553,553,1.40986413526596e-05,1.5464808711840305e-05,-35.50073381194312,-35.093182706121645
554,554,1.3457751284130205e-05,1.3379105822471166e-05,-35.6922093965676,-35.72235734268267
555,555,9.667194187864674e-06,9.393671677427942e-06,-37.1372132416401,-37.258274462006796
556,556,8.763635715817163e-06,8.159260232787346e-06,-37.561017010356245,-37.87012038275526
557,557,8.487654457022687e-06,8.50521657986591e-06,-37.696816783613116,-37.68977445966624
558,558,8.11294213826372e-06,9.157361354913232e-06,-37.89065625182202,-37.36892471042577
559,559,8.069386666713549e-06,9.132634180499927e-06,-37.922210100415946,-37.38066761317575
560,560,8.1247223590122e-06,8.688122713800495e-06,-37.890260897347666,-37.597368766843886
561,561,7.579435391890752e-06,8.407573970639772e-06,-38.19382963765604,-37.739921261176086
562,562,6.7370677186904075e-06,6.012294235054134e-06,-38.70545507513478,-39.19622596757175
563,563,5.189717435267497e-06,4.82986539090665e-06,-39.839854825662265,-40.14727796019486
564,564,4.423898255631637e-06,4.3040693550497775e-06,-40.52475415315292,-40.64783562222509
565,565,3.953121065314542e-06,3.820061585046412e-06,-41.01668071529174,-41.16592458647525
566,566,3.6219725418575146e-06,3.7051359557058037e-06,-41.40570014635402,-41.29858674540838
567,567,3.529153295905004e-06,3.6194844357707646e-06,-41.508591349014836,-41.40016109636796
568,568,3.5894853793898928e-06,3.5468567243936522e-06,-41.43600626900238,-41.48819177625082
569,569,3.4495218356430097e-06,3.4720724455071738e-06,-41.607517672570246,-41.58074044842606
570,570,3.393876673707729e-06,3.4493119935512752e-06,-41.675365291240816,-41.60930344592362
571,571,3.356157249166329e-06,3.369597571260161e-06,-41.729371055275664,-41.71084786610911
572,572,3.303293493145341e-06,3.415784775777291e-06,-41.80159186530153,-41.65172324545368
573,573,3.221845614911986e-06,3.335842417360063e-06,-41.90570903335005,-41.75457296373789
574,574,3.1945454179315007e-06,3.3560638473174643e-06,-41.937183245495326,-41.7283260863027
575,575,1.0097103022792335e-05,1.2698963306128893e-05,-36.95486437937974,-35.948945547913006
576,576,1.226907560399904e-05,1.4649445897942459e-05,-36.10737691378876,-35.32841624881146
577,577,1.281471746157886e-05,1.5250008034758808e-05,-35.91324795390417,-35.15392750586241
578,578,1.3140453335939493e-05,1.5198112219207504e-05,-35.80240060185822,-35.168731761733774
579,579,1.4027427504956482e-05,1.8160351828555577e-05,-35.523261702310506,-34.39538565039164
580,580,1.4783780241805757e-05,1.620724536846147e-05,-35.29389505421929,-34.88953615944314
581,581,1.4241038945666455e-05,1.611323023098521e-05,-35.45511727859439,-34.91480210607569
582,582,1.2198062267060842e-05,1.3188298094303863e-05,-36.128894077538696,-35.784740681715185
583,583,9.916429809384953e-06,7.532621039947691e-06,-37.02299590164074,-38.21716704106287
584,584,6.384420861856419e-06,5.9956836067660906e-06,-38.9347588491983,-39.208241160975305
585,585,5.0173498681202154e-06,4.91374205586525e-06,-39.9800286667134,-40.07250468388422
586,586,4.3028486879379245e-06,4.169005813692868e-06,-40.65332183410345,-40.78630322333612
587,587,3.921067694314731e-06,3.8979952526125614e-06,-41.058997636714196,-41.07821517232915
588,588,3.663700606490032e-06,3.7216764691325615e-06,-41.35086066459753,-41.27924206514675
589,589,3.5453187484966565e-06,3.6063794548107055e-06,-41.48771971700675,-41.4159140284539
590,590,3.518608326013452e-06,3.4435303716332112e-06,-41.53394384685211,-41.61658905308335
591,591,3.314178590614771e-06,3.42817550422057e-06,-41.79192009691075,-41.63599775714279
592,592,3.295770127187632e-06,3.3554056483951987e-06,-41.81265167995103,-41.729177918114004
593,593,3.2247789931716397e-06,3.3673198255488195e-06,-41.90780608309459,-41.71378455769383
594,594,3.3206481733491412e-06,3.3442989230312186e-06,-41.78006093713924,-41.74357734096923
595,595,3.276448317770588e-06,3.24951064325624e-06,-41.837825856401295,-41.86844859317422
596,596,3.233806091415805e-06,3.2880449405064085e-06,-41.90242453628548,-41.817250783048785
597,597,3.259223685932907e-06,3.2946168654521706e-06,-41.866327447910564,-41.8085790579265
598,598,3.1113830109180274e-06,3.1827808494486625e-06,-42.06000779103284,-41.95856086805577
599,599,3.9586082695358965e-06,5.870218429711378e-06,-41.015156500359055,-39.300085615221164
600,600,4.094258954246095e-06,3.775572969588163e-06,-40.86496153505642,-41.21679954895612
601,601,3.746665320296912e-06,3.577425643111622e-06,-41.25611173158292,-41.450922073823556
602,602,3.2338581740518327e-06,3.282541707736336e-06,-41.89633103778904,-41.82452570174779
603,603,3.178070917633751e-06,3.235751065451615e-06,-41.969466989712345,-41.88687720237708
604,604,3.1180614375453215e-06,3.1497002653754623e-06,-42.0505344801618,-42.00393596053681
605,605,3.1666910925514925e-06,3.1245290900091947e-06,-41.98370522935853,-42.038782506921706
606,606,3.0976425501442643e-06,3.1278743790608132e-06,-42.07525873039843,-42.034135203780416
607,607,3.018495011385368e-06,3.11852624547196e-06,-42.18834115566692,-42.047134196668374
608,608,3.084055390797037e-06,3.1587530644939855e-06,-42.09331795912925,-41.99147146822422
609,609,3.086252821414802e-06,3.114922049606225e-06,-42.09120831438447,-42.05215640099742
610,610,3.059919086790052e-06,3.1930492480712834e-06,-42.138761513615464,-41.944572061430634
611,611,3.146465034435621e-06,3.19795709688869e-06,-42.01317473162837,-41.93790190038446
612,612,3.0337541829794645e-06,3.07462458917335e-06,-42.17167959702265,-42.10870726975193
613,613,3.0050399327029883e-06,3.0928479550072407e-06,-42.20859504643932,-42.08304252556722
614,614,3.055415079158133e-06,3.1249732225995488e-06,-42.14021385156017,-42.038165227900436
615,615,3.0597862700908323e-06,3.0701374534577267e-06,-42.14006628315307,-42.11505003327544
616,616,3.00027059171212e-06,3.1154746155056943e-06,-42.21980935005975,-42.05138606056949
617,617,1.6352963524527178e-05,1.2431324122237703e-05,-34.85178254611111,-36.04145433112056
618,618,1.1428569797720501e-05,1.1927702536539934e-05,-36.40880842712981,-36.22106023320459
619,619,1.1946337433551684e-05,1.1732499220478962e-05,-36.22474530007476,-36.292722890559745
