,epoch,train_loss,test_loss,train_dbs,test_dbs
0,0,0.0002525072974169665,0.00020381740729422554,-8.882277289415855,-9.813388293057137
1,1,0.00013150613944462654,6.991728495402065e-05,-11.719289711326148,-14.4599554673376
2,2,5.071225484815719e-05,4.4652756753892296e-05,-15.857038353701062,-16.40731825702724
3,3,3.960611252999293e-05,3.724685235570896e-05,-16.92992977052946,-17.194905246275148
4,4,3.4798522073728725e-05,3.3144825417701596e-05,-17.493920477986244,-17.70164366233477
5,5,3.069942450218656e-05,3.152546560158953e-05,-18.03322942506975,-17.919185926375253
6,6,2.910734196889608e-05,2.9884944332910602e-05,-18.2665899591072,-18.151276508483438
7,7,2.8147179814227784e-05,3.0181115538365894e-05,-18.41338304170787,-18.108448141543438
8,8,2.7888509104047546e-05,2.909132720225515e-05,-18.453860547078868,-18.26816567004668
9,9,2.7826307111176104e-05,2.8864910506710755e-05,-18.464784727126762,-18.3020988671031
10,10,2.7750682579842515e-05,2.8606497979030553e-05,-18.474822823666944,-18.341154075284955
11,11,2.7898360947558066e-05,2.8935336032238984e-05,-18.451711871766495,-18.291515717691496
12,12,2.768659704219617e-05,2.8606454897702572e-05,-18.486185391567457,-18.341160615755975
13,13,2.6901716794491596e-05,2.8302350313568143e-05,-18.60878022441757,-18.387575998912077
14,14,2.709024723576617e-05,2.9052769605186768e-05,-18.578330239105796,-18.273925619901025
15,15,2.7403821900172505e-05,2.934106688419553e-05,-18.528802462757923,-18.231042006743436
16,16,2.687683111607558e-05,2.8870902927960024e-05,-18.61641592614885,-18.30119735542904
17,17,2.746728553096752e-05,2.8556112834178892e-05,-18.516610833770745,-18.348810127286285
18,18,2.722630931212106e-05,2.8666929019412858e-05,-18.558052401504842,-18.33198930953279
19,19,2.7318497467200996e-05,2.8616649184474035e-05,-18.54197556386965,-18.339613225900205
20,20,2.6595111691123522e-05,2.874038029020946e-05,-18.660722237122314,-18.32087591669606
21,21,2.643843816764912e-05,2.8874698010009813e-05,-18.68539089155959,-18.30062651257064
22,22,2.646736247135271e-05,2.9174258088460192e-05,-18.68071160125445,-18.255802814546346
23,23,2.6645065040658253e-05,2.868538563473665e-05,-18.650298433340037,-18.3291940931532
24,24,2.6267103880245393e-05,2.8317949775220385e-05,-18.711145538794455,-18.385182948971675
25,25,2.6453976612718124e-05,2.818069524915987e-05,-18.682189745777762,-18.40628398618191
26,26,2.6383575496981495e-05,2.8271629401531657e-05,-18.696991595292054,-18.392292627989633
27,27,2.631811768184992e-05,2.823736452371936e-05,-18.704445323839437,-18.397559417626855
28,28,2.631611261170564e-05,2.8211250633160633e-05,-18.70399271358628,-18.401577627585844
29,29,2.629359300719687e-05,2.8399321596034017e-05,-18.710139648543095,-18.372721363230962
30,30,2.604072322299675e-05,2.8633837198293277e-05,-18.749852331567727,-18.33700550664663
31,31,2.6449229837978528e-05,2.7394846543565538e-05,-18.683150235234717,-18.529112300422067
32,32,2.613853236474937e-05,2.8917984309373423e-05,-18.736489828880913,-18.294120843092593
33,33,2.6269748531442168e-05,2.9893890984423803e-05,-18.71262524855226,-18.149976556287285
34,34,2.588436372835278e-05,2.7525486841209624e-05,-18.776790396236088,-18.50845093007137
35,35,2.64332746474352e-05,2.7706497348845005e-05,-18.68533763013681,-18.47998476242163
36,36,2.5875755398505435e-05,2.7645269112422522e-05,-18.779927973287638,-18.48959280124699
37,37,2.599856956875715e-05,2.7334529046416528e-05,-18.75857297940207,-18.538685063311345
38,38,2.566582837240163e-05,2.81834322537945e-05,-18.81171301634356,-18.40586220514374
39,39,2.5753022351430625e-05,2.792278552844532e-05,-18.79954857216286,-18.44621361479335
40,40,2.6088837039799155e-05,2.723475910514887e-05,-18.742041449082954,-18.554565638154806
41,41,2.5878550378862557e-05,2.8167799380179004e-05,-18.7761719301501,-18.408271831597254
42,42,2.5954849089552245e-05,2.7448723286445448e-05,-18.765599384720254,-18.520579529949583
43,43,2.5735434486630336e-05,2.785404189796138e-05,-18.802422988243027,-18.45691877529791
44,44,2.5850337946975903e-05,2.76909473828518e-05,-18.782438871510905,-18.482422876538518
45,45,2.602190108950005e-05,2.7650491909681524e-05,-18.75266758315567,-18.488772401276176
46,46,2.597037693010055e-05,2.857584963509764e-05,-18.760837578997283,-18.345809500771825
47,47,2.5977119464384025e-05,2.7362137763319832e-05,-18.760156979327736,-18.534300768939787
48,48,2.5859468908108574e-05,2.7832257010710525e-05,-18.779517801050854,-18.460316758999465
49,49,2.6044484639924966e-05,2.7773386854709027e-05,-18.750865763522057,-18.46951258578082
50,50,2.5640703346859302e-05,2.7359615112225966e-05,-18.81619852894075,-18.534701185005808
51,51,2.5620459148074625e-05,2.7461558267149438e-05,-18.82193148640155,-18.51854925028651
52,52,2.5588306128803506e-05,2.7685140689994258e-05,-18.82535285832556,-18.483333672068916
53,53,2.5736653265788116e-05,2.7284755464949595e-05,-18.80208209454002,-18.546600362075402
54,54,2.575760771430124e-05,2.8179260832410747e-05,-18.796381370436787,-18.406505050683144
55,55,2.5804816940172275e-05,2.7507840825005826e-05,-18.789190387428217,-18.511235994341515
56,56,2.589637453413686e-05,2.764414076457462e-05,-18.777310721460438,-18.48977006312957
57,57,2.5908832276868873e-05,2.79417257077416e-05,-18.774466947063885,-18.443268770029555
58,58,2.5524072080986218e-05,2.775172058471454e-05,-18.83694851371074,-18.47290187844986
59,59,2.5672635602699976e-05,2.7503832155305548e-05,-18.813299327765492,-18.51186893024016
60,60,2.5682515659298718e-05,2.7133390367931786e-05,-18.812425324844522,-18.5707603899171
61,61,2.6100703976648145e-05,2.760429168502972e-05,-18.741121261566434,-18.496034942543893
62,62,2.5668170621298186e-05,2.728486374268725e-05,-18.813171125545736,-18.546583127421886
63,63,2.5458640697458398e-05,2.703632612553376e-05,-18.847818114289524,-18.58632425574773
64,64,2.5719359364677412e-05,2.6690633316512074e-05,-18.805833274507922,-18.642212231844148
65,65,2.549800130284509e-05,2.721171126483425e-05,-18.84172587824898,-18.55824247905865
66,66,2.525219072585688e-05,2.6906731555324147e-05,-18.88547476382338,-18.607191561913815
67,67,2.55729869188388e-05,2.7183969665968204e-05,-18.82666596556832,-18.56267225147627
68,68,2.556988021620482e-05,2.7060817764753376e-05,-18.830306297899646,-18.58239185424641
69,69,2.5447067771180166e-05,2.7610111589494506e-05,-18.85324995265237,-18.49511940157859
70,70,2.5744058924847758e-05,2.679225441457483e-05,-18.802081251306138,-18.625708435165592
71,71,2.5359335699455917e-05,2.6607339111107746e-05,-18.86534740681875,-18.655786573074796
72,72,2.5541350558191926e-05,2.6816710439896652e-05,-18.83572067381218,-18.621745994326762
73,73,2.583109463304617e-05,2.7101444701609006e-05,-18.78778283678741,-18.57587659546707
74,74,2.533425241690753e-05,2.691509478992023e-05,-18.869354913168255,-18.605841883944183
75,75,2.545643598853896e-05,2.740303448502489e-05,-18.849265952322465,-18.527814448113308
76,76,2.550578345520633e-05,2.665814386809392e-05,-18.842016137150598,-18.64750194630701
77,77,2.5310809562761653e-05,2.7094608843694196e-05,-18.87289453110463,-18.5769721643113
78,78,2.523380423094609e-05,2.6617471743712056e-05,-18.88923792590216,-18.654133003467052
79,79,2.5323174340133172e-05,2.682931527057295e-05,-18.872106913120273,-18.619705131677094
80,80,2.5331466550249896e-05,2.6849810877281828e-05,-18.873089567487934,-18.616388710577034
81,81,2.5233098744344536e-05,2.6841323568461168e-05,-18.888223528232395,-18.61776174597879
82,82,2.526857736380951e-05,2.6699978996858637e-05,-18.884405238189256,-18.640691823191865
83,83,2.5259154061075735e-05,2.680307586974538e-05,-18.883116191375276,-18.6239546635942
84,84,2.5262519688412702e-05,2.7774142501201776e-05,-18.88278816258188,-18.469394426393393
85,85,2.5427072098854924e-05,2.6415598193508278e-05,-18.8561833018244,-18.6871965211773
86,86,2.537943336645504e-05,2.6660077358093603e-05,-18.861045042178027,-18.647186968043016
87,87,2.5868501784456966e-05,2.613515751267857e-05,-18.778589469492925,-18.73354980183171
88,88,2.514679964246845e-05,2.5914169543140913e-05,-18.905805890906116,-18.770428062457675
89,89,2.495810034459507e-05,2.634530899644903e-05,-18.935207331347186,-18.698768054005498
90,90,2.5441662090969722e-05,2.6719780802714493e-05,-18.849835844332784,-18.637472109946774
91,91,2.4912415047418615e-05,2.6518776250764187e-05,-18.942549221627324,-18.670266230364135
92,92,2.4929273450586913e-05,2.6140600311919115e-05,-18.939298860011146,-18.732645452365272
93,93,2.5168685544823468e-05,2.6342529772112978e-05,-18.898339424299756,-18.699226224931635
94,94,2.476488034236101e-05,2.677008122095446e-05,-18.971577905522047,-18.62930413205645
95,95,2.521768360612938e-05,2.6514178898651153e-05,-18.890361482928924,-18.671019197892885
96,96,2.4649297564483088e-05,2.6708094274478133e-05,-18.991452901059578,-18.639372015117726
97,97,2.5007014169814376e-05,2.6460622393642552e-05,-18.928396021680744,-18.679800468214683
98,98,2.548315209536405e-05,2.647189323493206e-05,-18.84541503024148,-18.677950994712702
99,99,2.49354305609457e-05,2.6297317641652434e-05,-18.93782435087634,-18.706686498685134
100,100,2.5019405219393673e-05,2.6554093078869445e-05,-18.925015663236497,-18.664486288174423
101,101,2.4973643477781096e-05,2.6024260430284285e-05,-18.93216208451258,-18.752017056802234
102,102,2.498556388729281e-05,2.6391653112736285e-05,-18.93294539384445,-18.69113507768365
103,103,2.4905783340221478e-05,2.6300281541281085e-05,-18.944378330074557,-18.706197044689137
104,104,2.4810947214757914e-05,2.6388945307668398e-05,-18.961583326940463,-18.69158069021374
105,105,2.4786567037247634e-05,2.6711476637405884e-05,-18.964194928031652,-18.638822051300266
106,106,2.4862648997535045e-05,2.5912032326328028e-05,-18.95480491171597,-18.770786252498816
107,107,2.471262361779605e-05,2.6000255322861976e-05,-18.97905847738736,-18.756024892831057
108,108,2.48782200156411e-05,2.5902982949781672e-05,-18.948497009566783,-18.772303223715657
109,109,2.4565145526439572e-05,2.6665535858084792e-05,-19.002376780287108,-18.646297865680776
110,110,2.4811272110643595e-05,2.608676741625746e-05,-18.9573494588483,-18.741598359175367
111,111,2.5027025247292148e-05,2.5869339687663962e-05,-18.923375738714512,-18.77794758518266
112,112,2.4529813429383928e-05,2.6354712022829947e-05,-19.009376887036296,-18.697218269988422
113,113,2.482101931538224e-05,2.6034659592704357e-05,-18.957580712519082,-18.750281984728694
114,114,2.4828473909007333e-05,2.5903672059556764e-05,-18.955085383242576,-18.77218768775885
115,115,2.4852339200001598e-05,2.6331196989447465e-05,-18.954513061909466,-18.701094999121267
116,116,2.4824795152958405e-05,2.6121877836933555e-05,-18.95796570715616,-18.735757079754418
117,117,2.467042093522866e-05,2.5914396438134934e-05,-18.986937517431574,-18.77039003738713
118,118,2.479584943393627e-05,2.5720704510795738e-05,-18.962349826987353,-18.802972419621323
119,119,2.4754508614801734e-05,2.6333134691843664e-05,-18.971462979167242,-18.700775415284635
120,120,2.475739587605427e-05,2.5943097218834354e-05,-18.968005764711492,-18.76558278926241
121,121,2.4637055803302163e-05,2.6138425949427886e-05,-18.992209410209316,-18.73300671143977
122,122,2.4858898457038315e-05,2.5845714557554427e-05,-18.951408315246837,-18.78191558425153
123,123,2.4788659362625884e-05,2.5798232902735962e-05,-18.963107353966784,-18.789901428674245
124,124,2.458337985444814e-05,2.607693740604813e-05,-19.00115603175864,-18.743235175140047
125,125,2.4749747063117293e-05,2.601190690735453e-05,-18.974036828309487,-18.754079109876372
126,126,2.4631441304983437e-05,2.5909053300366442e-05,-18.992252695670594,-18.77128557609358
127,127,2.466176430839978e-05,2.584872967609523e-05,-18.988119665366707,-18.78140897300328
128,128,2.4734163152689435e-05,2.6503168268582638e-05,-18.97286963021419,-18.672823081416027
129,129,2.459202963662617e-05,2.564317631032808e-05,-19.000604037942956,-18.81608283678082
130,130,2.4792306670785845e-05,2.6241840188097404e-05,-18.965571160324412,-18.715858157272308
131,131,2.4811970218148962e-05,2.588123855897912e-05,-18.962619779892705,-18.77595046189662
132,132,2.456976864740466e-05,2.6217762799780375e-05,-19.004990248988953,-18.71984472103696
133,133,2.4417287228792813e-05,2.5771099995166113e-05,-19.03099529376241,-18.794471459915975
134,134,2.462106664266291e-05,2.5589420961056786e-05,-18.992789524283403,-18.82519643295662
135,135,2.4532881033121965e-05,2.5111778277756746e-05,-19.008482950122705,-18.907026339087142
136,136,2.4494365263927113e-05,2.534647999135287e-05,-19.01876981452643,-18.866624471200428
137,137,2.442242787099568e-05,2.5628839035849332e-05,-19.02981994823737,-18.818511685856443
138,138,2.4579126850945502e-05,2.621948768041636e-05,-19.002601394803104,-18.719559005773267
139,139,2.4284173903033287e-05,2.5360871835513726e-05,-19.054748037987437,-18.864159227622874
140,140,2.4304303102307477e-05,2.555817771185263e-05,-19.051406685450612,-18.830502164903297
141,141,2.4484178529465426e-05,2.6120446005064113e-05,-19.018856640825778,-18.735995138337703
142,142,2.4617493191098473e-05,2.5789054856623377e-05,-18.995818898955697,-18.791446760866158
143,143,2.4409389833139002e-05,2.5585038632638507e-05,-19.031562840826496,-18.825940249723697
144,144,2.4662088632335187e-05,2.5570639416783753e-05,-18.98835055376167,-18.828385139672598
145,145,2.471746612388518e-05,2.5201567328430858e-05,-18.976559475818735,-18.891525509170084
146,146,2.4307775984385614e-05,2.575174776690179e-05,-19.049797952641615,-18.79773392179765
147,147,2.4595759783813864e-05,2.5966840200309986e-05,-18.998412662550592,-18.761609967459677
148,148,2.448256510461695e-05,2.5413981539283047e-05,-19.0186885802548,-18.85507391938021
149,149,2.4397433597037026e-05,2.56228635599224e-05,-19.034776907289114,-18.8195243804996
150,150,2.463688690919842e-05,2.5504920765677908e-05,-18.99477296147095,-18.83956123375057
151,151,2.449183187112344e-05,2.5946554734745358e-05,-19.01776959310167,-18.7650040302895
152,152,2.45806373434967e-05,2.5923027064173337e-05,-18.99897802542098,-18.76894388785066
153,153,2.452945270690798e-05,2.5861133460574293e-05,-19.01054405489015,-18.779325465165304
154,154,2.44923239077571e-05,2.5561093839075367e-05,-19.01612154047322,-18.830006673506684
155,155,2.4588553219707802e-05,2.5715074164174056e-05,-19.00121028127192,-18.803923208563088
156,156,2.444050846627095e-05,2.5978247082859622e-05,-19.027378106948213,-18.75970258930873
157,157,2.4748451342582992e-05,2.566532968653758e-05,-18.973644845019674,-18.812332546471538
158,158,2.451967517005222e-05,2.5424487830605358e-05,-19.01282477570203,-18.853278891139563
159,159,2.4386631912889663e-05,2.552664696658643e-05,-19.036605254379015,-18.835863299253678
