,epoch,train_loss,test_loss,train_dbs,test_dbs
0,0,0.0004660481423230784,0.0004269568813278487,-17.879919358662335,-18.255776962484568
1,1,0.0004458631849103636,0.0004670115595217794,-18.070557811395464,-17.86634083382301
2,2,0.00046795934316289333,0.00043128537455279574,-17.85680655934945,-18.21196982880792
3,3,0.0004266861165494456,0.00041599443954366605,-18.25856932009446,-18.368741881877526
4,4,0.0003966513616704987,0.00036320040970550557,-18.577226812732334,-18.95815384034544
5,5,0.00033923824522980327,0.00032680247616218895,-19.256692848735494,-19.41676375291184
6,6,0.00032536479339637244,0.00032312559319267934,-19.42757879410483,-19.465903560716768
7,7,0.0003226645025016606,0.00031965552510595635,-19.46866894518635,-19.51279498361562
8,8,0.0003196134237385326,0.000312448531315711,-19.521403000503568,-19.61183226207251
9,9,0.00031431070792959216,0.00030906861004615694,-19.589392344808317,-19.659068147600735
10,10,0.000311776618809276,0.0003105064648767247,-19.603395979766297,-19.63891066983865
11,11,0.00030912048712651216,0.00030370781161381225,-19.65713621678869,-19.735057513145943
12,12,0.00031073559459644497,0.00030612435167361244,-19.63965762762441,-19.70063835424652
13,13,0.00030700949839191494,0.0003038325552264915,-19.687389869051145,-19.733274077300113
14,14,0.00030439869997562054,0.00030485939963622704,-19.728929434151905,-19.718621237537736
15,15,0.00030551243065760384,0.0003022359451279044,-19.70524609931491,-19.75615599771711
16,16,0.00030672584465925686,0.00030183566789338857,-19.696639998585,-19.7619115477505
17,17,0.0003076432081966747,0.00030705286649447913,-19.678864463102524,-19.687485576898055
18,18,0.0003045546500007478,0.00030696489480569174,-19.72053439812913,-19.688730023611928
19,19,0.00030731398056587684,0.00030637184758425544,-19.685238300387688,-19.697128581801692
20,20,0.00030537574496792305,0.00030265699790202474,-19.704456036196593,-19.75010993855801
21,21,0.000305833533219033,0.0003022115116963457,-19.699119824221302,-19.75650710530755
22,22,0.00030394097983347466,0.00030912089584346275,-19.719850160678163,-19.65833350448274
23,23,0.00030749509550304603,0.00030145474011078477,-19.68378510563752,-19.76739596632501
24,24,0.00030497800391983507,0.0003029109793715179,-19.71300171922356,-19.746466986443178
25,25,0.00030401688022298987,0.00030486935314624324,-19.736467980524566,-19.71847944483217
26,26,0.00030306261932938215,0.0003026119359817944,-19.752116210274814,-19.75075659799287
27,27,0.00030119329800147604,0.00030170539302114204,-19.77199926669336,-19.763786404746654
28,28,0.0003046717938184546,0.0003016830137073013,-19.722511694580188,-19.764108559180045
29,29,0.0003023148954188278,0.00030074072511572584,-19.75851465118027,-19.77769471268135
30,30,0.00030062717509206344,0.0002993300716441713,-19.780525582213613,-19.798113641595442
31,31,0.0003024219804126577,0.00030388808993034457,-19.75104944245803,-19.732480343676055
32,32,0.00030166670030760625,0.0002987445653783844,-19.770114950790884,-19.806617002408487
33,33,0.0003030776156030941,0.00029671524106034716,-19.74401883538352,-19.836218589479092
34,34,0.00030210930626052096,0.0003083369167717664,-19.75785613220883,-19.66936188442293
35,35,0.0002969448411472372,0.0002975977871468977,-19.829649401899108,-19.82332016191783
36,36,0.00030208742918120217,0.0002973504689227986,-19.760000555350416,-19.826930860666558
37,37,0.0002992710590088913,0.0003007352352142334,-19.7955459992972,-19.77777399212331
38,38,0.00029941501255512006,0.0002992230507324597,-19.79744397993382,-19.799666673069584
39,39,0.00029878442856175923,0.00030127879060608774,-19.81067374294456,-19.76993154456182
40,40,0.0003021317456138426,0.000296315336048505,-19.761471161771638,-19.842075844499597
41,41,0.00030006689065107214,0.00029975980501867046,-19.785629221589392,-19.791883161912374
42,42,0.0002994728193632759,0.0002979134626098369,-19.794847162756874,-19.818715845054836
43,43,0.00030043712167847017,0.00029716577601472015,-19.782075263732416,-19.829629226408066
44,44,0.00029824598999597977,0.00029687567362806906,-19.812279140482307,-19.833871013771592
45,45,0.0003015334617716174,0.00029348955171084717,-19.763920089737674,-19.883690689016625
46,46,0.00029688567426007663,0.00029531277648761476,-19.836752814413465,-19.856794769872423
47,47,0.0002983532508129504,0.00030034216807076807,-19.809760751426563,-19.78345402317505
48,48,0.0002983676305055119,0.0002989719612646456,-19.817003044047325,-19.803312533518195
49,49,0.0002995502271511851,0.00029641005829417785,-19.787421107333614,-19.8406877700438
50,50,0.00030134768932145667,0.00029882682352571895,-19.770460776468653,-19.80542135414393
51,51,0.000296581308801476,0.0002951638537189482,-19.83962416148693,-19.858985418400216
52,52,0.00030055389134693393,0.00029805346275679767,-19.78208651187299,-19.81667541999696
53,53,0.0002969231068867153,0.0003022730494481756,-19.827775989704232,-19.75562286415869
54,54,0.00029613171972948867,0.00029454501131304393,-19.841398149427224,-19.868100422655562
55,55,0.0002985165449046559,0.00030257448088377714,-19.805992642574974,-19.751294169291743
56,56,0.0002994480556040311,0.0002949748059587651,-19.7989312950506,-19.861767896739018
57,57,0.00029900606173167445,0.00029682309526067813,-19.80460880209194,-19.834640242076638
58,58,0.0002965576731907108,0.00029505921932133407,-19.8434606012532,-19.860525247798723
59,59,0.0002981402545797725,0.0002989280389891447,-19.822621075459054,-19.80395060683845
60,60,0.00029565559366487505,0.00029537084169293707,-19.842976369608337,-19.85594093213028
61,61,0.0002996100301220629,0.0002956848444515153,-19.799493947707035,-19.85132648779351
62,62,0.00029486130332555044,0.00029817112035265093,-19.863215148510367,-19.814961366375424
63,63,0.00029718294558499355,0.0002937428591968982,-19.822816437754128,-19.879943959503866
64,64,0.0002931279121878912,0.00029178034501934524,-19.88673762216568,-19.90905680297403
65,65,0.0002977332588136388,0.0002949724914383535,-19.82781941401917,-19.86180197379802
66,66,0.00029383952664595444,0.00029615768213070144,-19.874607077421228,-19.844387113572367
67,67,0.0002940268307977078,0.00029145937878638506,-19.87956582924378,-19.91383678870662
68,68,0.0002940223695105422,0.000288508956528906,-19.87361745601448,-19.958024137619937
69,69,0.00029599437065249714,0.0002909097054630126,-19.852638438403687,-19.92203503166064
70,70,0.00029115693268039715,0.00029791610952662796,-19.923143240849384,-19.81867725880769
71,71,0.0002967325422058324,0.0002946388711662669,-19.827874422695526,-19.86671671825074
72,72,0.0002903735184725182,0.00029134126318814725,-19.92853754622072,-19.91559714892414
73,73,0.0002928082567169187,0.0002921740049618836,-19.89574056856293,-19.90320140120523
74,74,0.00029146742674560506,0.0002890102669449621,-19.915345313676795,-19.95048442661995
75,75,0.0002924872231645721,0.0002918941731638226,-19.907200947974065,-19.9073628816491
76,76,0.0002912648388823091,0.0002942161947047632,-19.917735716416864,-19.87295139625647
77,77,0.00029392891021003733,0.0002946467935352733,-19.876450759484165,-19.86659994496575
78,78,0.0002925886419126476,0.00028868140131970376,-19.893300385421032,-19.95542908999704
79,79,0.00029191867293569155,0.00029049497741078466,-19.900651957204634,-19.928230858437672
80,80,0.0002918574435770819,0.00029070973151216383,-19.903027894465424,-19.92502143759136
81,81,0.00029404473565422843,0.00029310268827861075,-19.877782445296617,-19.88941912068605
82,82,0.00029262540965177813,0.00029655269463546574,-19.896318913617684,-19.838598391686425
83,83,0.00029670300481831366,0.00029573352596918613,-19.847795649630676,-19.850611524728436
84,84,0.00029333175661656815,0.0002903496313497032,-19.88787340715778,-19.930404348306034
85,85,0.00029618404661641294,0.00029032267813913917,-19.843891203680624,-19.93080752339927
86,86,0.0002944844435257165,0.00029296989362735887,-19.86687346717479,-19.89138720406113
87,87,0.00029205342517090366,0.0002920447824228751,-19.90708853382294,-19.905122621054915
88,88,0.00028946597132706997,0.00028628084385816594,-19.94646075864977,-19.991694250908925
89,89,0.000290131894571553,0.00028883650788645213,-19.93352524013619,-19.953096281729398
90,90,0.0002923558871789845,0.0002896584582662112,-19.903533703528783,-19.940754990087143
91,91,0.0002981203532604904,0.00029615053024731184,-19.817755746685243,-19.844491992195575
92,92,0.00029577559115816405,0.0002894026999312796,-19.847063408598206,-19.9445913531107
93,93,0.0002931819733030633,0.0002891346720341397,-19.891562274333815,-19.948615398943957
94,94,0.0002947988351038897,0.00029177067029338916,-19.862125125572877,-19.90920080683956
95,95,0.0003013283814802843,0.00029532900417076523,-19.75921510539195,-19.85655612799239
96,96,0.00029558315603110517,0.000290947926451305,-19.856109909717585,-19.921464474073296
97,97,0.00029404349619109837,0.0002925806115136335,-19.873085839994214,-19.897161705058654
98,98,0.0002931815079418155,0.00029728023831634536,-19.882257154250254,-19.827956733182518
99,99,0.0002910630692267003,0.00029185938030040185,-19.91338462439114,-19.90788057780774
100,100,0.00028995887499984313,0.00028477754829892596,-19.934861268383383,-20.014559670037258
101,101,0.0003088019997092713,0.0003073486119606777,-19.654153778190484,-19.683304576739623
102,102,0.0003041109396024732,0.00030231562222501164,-19.72774207665495,-19.755011237677543
103,103,0.0003051449803961921,0.00031028081981563255,-19.7140036642478,-19.642067835316528
104,104,0.0003126112815621549,0.00030712555254515454,-19.613543255756575,-19.686457629647272
105,105,0.0003030018334291376,0.00030104584354711205,-19.74208718170287,-19.773290783802466
106,106,0.00029927051023666545,0.00029969154887734666,-19.79480835693949,-19.792872175131492
107,107,0.0002973948280715873,0.0002965049459721501,-19.823606269095265,-19.83929771598886
108,108,0.00029875205040035636,0.00029922498996663645,-19.80735331048613,-19.799638526976864
109,109,0.0003019529916874143,0.000303437263937667,-19.766665932826573,-19.738928000624142
110,110,0.00029877303516223413,0.00029395544123345693,-19.80177199890679,-19.876802102214565
111,111,0.00029572170016538236,0.0002901416553772594,-19.85924128977812,-19.933516292382738
112,112,0.0002956306540824895,0.00029046786336326286,-19.85375649372517,-19.92863623655837
113,113,0.0002927497898218865,0.00029534867989193455,-19.893857187352644,-19.856266797368768
114,114,0.00029222487103549243,0.000291021298739667,-19.904440673643762,-19.92036939279581
115,115,0.0002962553993073897,0.00029720394798603495,-19.843792102963455,-19.829071395958135
116,116,0.00029500581824566365,0.00028620601331472004,-19.86561271158469,-19.99282959548057
117,117,0.00029277618549591335,0.00029517985623035773,-19.899964423273357,-19.858749969041266
118,118,0.0002927938029146033,0.00029061752904549633,-19.90039008738669,-19.926399078914734
119,119,0.0002922090100479725,0.0002930143979794689,-19.899329283011188,-19.8907275278597
120,120,0.0002949352390564901,0.00029115019960475986,-19.867770134782933,-19.91844621601727
121,121,0.0005582604001002559,0.0010008271201513708,-17.08466419881632,-14.556026485434854
122,122,0.0006501162022630655,0.0005466152613639439,-16.43409307985275,-17.182799608652477
123,123,0.0005265217776693519,0.0005147329479529473,-17.344152279638323,-17.44379745543755
124,124,0.0005012121064751649,0.0004977104300020361,-17.55949582786812,-17.58984971887437
125,125,0.0004836730614002103,0.00046782444329246094,-17.710559129312614,-17.85878804330254
126,126,0.00045894009130766864,0.0004553651072599582,-17.935513053821502,-17.97601964417854
127,127,0.000444558551402993,0.0004431130241994795,-18.077890775229886,-18.094471985668196
128,128,0.0004473929206442242,0.0004367641507231287,-18.05443627051909,-18.15714729195277
129,129,0.0004336813638183605,0.00043477647858181675,-18.179480853816898,-18.176956730788774
130,130,0.0004314652922534451,0.0004338146429386382,-18.203711618267334,-18.186575067258506
131,131,0.00043276335069544845,0.0004299386989594878,-18.19457606476899,-18.225551758847917
132,132,0.0004282328096151198,0.00042531595222259825,-18.23384737288315,-18.272500417888647
133,133,0.00042950391701000176,0.00042691610532959824,-18.226387981686376,-18.25619174996056
134,134,0.0004294651456071621,0.00042414940329954813,-18.227415918176437,-18.28442853421115
135,135,0.00042948067295076997,0.0004207076915343733,-18.22642782157892,-18.319812617638075
136,136,0.00042335543458676446,0.0004237154039162162,-18.287946627836806,-18.288874609863498
137,137,0.000425564457924038,0.0004155307557850488,-18.273694834093927,-18.37358539882012
138,138,0.00042383635858285056,0.0004206766254930316,-18.287096482797235,-18.32013332269669
139,139,0.00041792624643235705,0.0004169033828044408,-18.345778909513164,-18.359262947279944
140,140,0.0004162337257738043,0.0004217344670139841,-18.35998123542527,-18.309226178172075
141,141,0.00042248146005992575,0.0004186038292429753,-18.29930552228097,-18.34158516990035
142,142,0.0004171274855046427,0.00041407483973001177,-18.354425184814758,-18.38882871350753
143,143,0.0004199718571623269,0.00041556757213057657,-18.33495295976336,-18.373200627604007
144,144,0.0004148176984054987,0.00041083562935359384,-18.36800565039894,-18.42293613426333
145,145,0.00042125000288354753,0.00040914692707653895,-18.31880667202765,-18.440824200578817
146,146,0.0004227512759713398,0.000419141098207451,-18.30789036324008,-18.336014668166133
147,147,0.0004200443623049818,0.0004156773609697427,-18.32891211795203,-18.37205341610465
148,148,0.00042426665361548207,0.00041105385293791955,-18.288093241337297,-18.420629904465702
149,149,0.00041849442491231046,0.0004121719026251843,-18.335058811839247,-18.408833307847196
150,150,0.0004176763135378163,0.00041095229588743106,-18.34964667867039,-18.42170302701869
151,151,0.00042512305933002805,0.0004141651259392108,-18.272581954202522,-18.387881867080704
152,152,0.00042125468409965873,0.00041261595048892657,-18.318437523717805,-18.404157013092647
153,153,0.0004208157137252352,0.000407786563492233,-18.315959934883615,-18.455288020484492
154,154,0.0004184094237250074,0.0004070457499964457,-18.3369018337692,-18.4631848919428
155,155,0.00041874496538681696,0.0004184040452329148,-18.33985961696123,-18.343658390414404
156,156,0.00041768862475813893,0.0004106552928294006,-18.34929790595807,-18.424842890783356
157,157,0.0004231091213686219,0.00042196314653234656,-18.293517976738247,-18.306871916318382
158,158,0.00048400624175123946,0.00048579762101565535,-17.712680028041795,-17.695063300821225
159,159,0.00047735437617598813,0.0004666015049320106,-17.758791570094893,-17.870155785944984
160,160,0.00046133427351434744,0.0004607630636248934,-17.91328258549958,-17.924840565372286
161,161,0.00045698531003208044,0.00044433383798030645,-17.966422429433962,-18.08252325847141
162,162,0.00045289980312425296,0.0004491590432160975,-18.00304825177133,-18.035615657433777
163,163,0.0004455334490126709,0.0004435373519204165,-18.06793682780456,-18.09031514534525
164,164,0.0005539621924981475,0.0005607105344288835,-17.122685685348568,-17.072229982420428
165,165,0.0005169895140948638,0.0005022732887147484,-17.423218040511877,-17.55021631132131
166,166,0.0004967693536489549,0.0004861574071631032,-17.593455484136243,-17.6918480667598
167,167,0.0004850382524777741,0.00047960863019780894,-17.703650225555876,-17.750747244857113
168,168,0.00047606749780543305,0.00047688520862720907,-17.77958608907255,-17.775478614956587
169,169,0.0004743309103470949,0.0004621794781230978,-17.80429886347973,-17.91151055931526
170,170,0.0004707953671219077,0.00046022824091395656,-17.82560588672436,-17.92988449091469
171,171,0.0004621431760768377,0.00045480155906836063,-17.91083252408218,-17.981397689985492
172,172,0.00046308820355520346,0.00045281741308587556,-17.90866992779087,-18.000385944982984
173,173,0.000458693251220183,0.000449084010477619,-17.950562531074713,-18.036341213934886
174,174,0.0004575630330682262,0.0004563327943048391,-17.95950786892751,-17.966800333683228
175,175,0.00045154259969797176,0.0004563201402657126,-18.008497634440744,-17.966920764553684
176,176,0.0004486356623057929,0.00045454525388777256,-18.03665429804401,-17.983845863267113
177,177,0.0004535259720365296,0.00044972337721111745,-17.996241559569913,-18.030162504349043
178,178,0.00045041348689149336,0.0004467264500961296,-18.027119132793423,-18.059200465380446
179,179,0.0004504964559113357,0.00044481302182631274,-18.026151802917664,-18.077842211285787
180,180,0.0004417685261980352,0.00044929463183507323,-18.102166504020037,-18.034304841058663
181,181,0.0004448657588356357,0.00044653753560085436,-18.072157860179658,-18.061037425683033
182,182,0.00044611082370296965,0.00043855063880695715,-18.053130011883233,-18.13941965834321
183,183,0.00045111580552610077,0.0004421565788920577,-18.020640611377324,-18.103856224761554
184,184,0.0004499818599835691,0.0004449558756804388,-18.02339805915395,-18.076447677463072
185,185,0.00045410327141691653,0.0004463183515901236,-17.989124844626804,-18.063169693827522
186,186,0.00044788076715140615,0.0004336175272902964,-18.045514643045834,-18.18854885247845
187,187,0.0004455829840321478,0.00044097137594546537,-18.0635759621396,-18.115513140519834
188,188,0.0004517512693617147,0.0004459619813133031,-18.0169263251647,-18.06663877517471
189,189,0.00044282042564219344,0.0004505305122093935,-18.097107706357566,-18.022375048522534
190,190,0.00044600378641541856,0.0004361850809992144,-18.073329856849092,-18.162909066257203
191,191,0.0004446633542964677,0.00043702707472747485,-18.079651981892628,-18.15453370544909
192,192,0.00045071377751379054,0.0004453686307993178,-18.01803877479719,-18.07242089212707
193,193,0.0004467075713430099,0.00044551989259688477,-18.064173175040242,-18.070946136017586
194,194,0.0004552138642859213,0.00044649694188448946,-17.981429315258264,-18.06143225091036
195,195,0.00045233920784235076,0.0004548246016431796,-18.004430296549188,-17.9811776597461
196,196,0.0004466444187312742,0.00044361361467867697,-18.046928734299055,-18.089568474340748
197,197,0.00045346589843003253,0.0004514947098581807,-17.991449837920825,-18.013090477147486
198,198,0.0004531763108163957,0.000456054373276665,-17.997115064626097,-17.96945089090787
199,199,0.0004643279676248809,0.0004583090439585871,-17.887872867393533,-17.948032863855918
200,200,0.0004691640047126056,0.0004591036306105946,-17.83797780402213,-17.940509865880937
201,201,0.00047034564063183425,0.0004689519747013324,-17.82956070594017,-17.848333448244198
202,202,0.00047607137191531815,0.0004697554196402627,-17.783263842651962,-17.840899144630527
203,203,0.0004801358115504083,0.0004736908549124277,-17.741724695385848,-17.804667134778214
204,204,0.0004788847275908806,0.00048468406863608643,-17.75611229946762,-17.70502968908286
205,205,0.00048826664167734765,0.0004817156157897491,-17.6678167728266,-17.73170988706467
206,206,0.0004928593392383077,0.0004777928437473939,-17.63851152365824,-17.767220730697886
207,207,0.0004894101005719648,0.00048347782668363496,-17.661455500000066,-17.715851525748516
208,208,0.000498426507752792,0.0004971647193949474,-17.58774915577252,-17.594614118292476
209,209,0.0005047339411961279,0.0005046844338434503,-17.534181384597304,-17.52941803941169
210,210,0.0005041872332419854,0.0005065128743329918,-17.535805512030237,-17.513712252339065
211,211,0.0004992686417889925,0.0004992069642819269,-17.571938117517515,-17.57681078361914
212,212,0.0005002595078003276,0.0005071449942127066,-17.570023653269335,-17.50829570658401
213,213,0.0005119792884815792,0.0005071142774173303,-17.465494293510623,-17.50855875835215
214,214,0.0005112906888525779,0.000507383815650093,-17.475868644040855,-17.506251036519945
215,215,0.0005026773061152048,0.0005140780979816459,-17.54131268818077,-17.44932612406027
216,216,0.0005096753485520015,0.0005029679266858454,-17.48107453758977,-17.54421421985981
217,217,0.0005038453382439911,0.000506007587414627,-17.534032254145927,-17.518046847973046
218,218,0.0005080915508028504,0.0004950062598493931,-17.501100459232404,-17.613510227299933
219,219,0.0005040765840790628,0.0005040075155097599,-17.533936381544578,-17.535247013090753
220,220,0.0005017667717766017,0.000503311569398073,-17.554407187973812,-17.541248003414996
221,221,0.000505464056089098,0.0004992145098329178,-17.523895899920493,-17.576745140176097
222,222,0.0004997478312567913,0.0004958464062503097,-17.56213093303044,-17.60614543845024
223,223,0.0005007820931796138,0.0005122897686975959,-17.56441972616854,-17.464460314267555
224,224,0.0004972458607637198,0.0004933811693550332,-17.598592636853724,-17.62779143827891
225,225,0.0004932334065706152,0.0004943787751376236,-17.624936808329437,-17.61901896605585
226,226,0.00047443559532505026,0.0004375044449453095,-17.797920019197406,-18.149792440729456
227,227,0.00040995540726238613,0.00038970400591527944,-18.435410854061523,-18.652268436931802
228,228,0.00036411329542200283,0.00034976292916230465,-18.94628825207469,-19.12187936412319
229,229,0.0003495610996567135,0.00034106929639452383,-19.128013939333123,-19.231190885057824
230,230,0.00034020702653449295,0.0003406975684859055,-19.242180160949648,-19.23592679710626
231,231,0.00033661679031096937,0.00033758640730459437,-19.295810101576755,-19.27576762063497
232,232,0.00033066631924869857,0.0003337216238785339,-19.363597797106877,-19.32577365606804
233,233,0.00033482974221133,0.00032067279588725224,-19.308018581250103,-19.498995954457833
234,234,0.0003211972199874863,0.0003110162046811494,-19.483886225063458,-19.631786963986976
235,235,0.0003106456592597413,0.0003066724993435568,-19.63359498296211,-19.692868811324676
236,236,0.00030313409083599664,0.00030651301801155667,-19.748400299834245,-19.69512789481754
237,237,0.00029923238871935946,0.0002984780462850866,-19.796746241261626,-19.81049320458049
238,238,0.0002978298775299654,0.00029940577989787256,-19.823201593612897,-19.79701533833174
239,239,0.0002929185290302428,0.00028491740752207607,-19.887504315355386,-20.012427297634904
240,240,0.00029167217009259174,0.0002853647073559267,-19.90795120176577,-20.005614533062218
241,241,0.0002880163365355741,0.0002848283666504645,-19.967965997997844,-20.01378474375465
242,242,0.000294417031253352,0.0002880356838240435,-19.87377865253221,-19.96515419333248
243,243,0.0002849618073183198,0.00028304199498195787,-20.004039283038146,-20.041108371460936
244,244,0.0002855166619446743,0.000278821178270798,-20.007343726411744,-20.106359556344756
245,245,0.0002830100087352942,0.00027986257612754245,-20.044695720866194,-20.090168863026427
246,246,0.0002813900193228319,0.0002811498262943994,-20.07224631570726,-20.070238942654953
247,247,0.0002796965754427707,0.0002838634230245493,-20.09372113585007,-20.028522782948
248,248,0.0002801633306740562,0.00027697209550655986,-20.089254929850764,-20.135256969891152
249,249,0.0002762790673025932,0.00027289341577622846,-20.150485616495647,-20.19968656411034
250,250,0.00027577625437562845,0.00027788878344979723,-20.151328439947072,-20.12090696279266
251,251,0.0002754930387006247,0.0002725097583606839,-20.154280672128873,-20.205796551506676
252,252,0.0002721794718905285,0.0002720520133152604,-20.203768145843167,-20.213097695454223
253,253,0.0002739296742407701,0.00027765605849900136,-20.17892241048337,-20.124545595004225
254,254,0.0002742047372427721,0.00027270203511426717,-20.173640165585503,-20.20273334790247
255,255,0.0002730900803388855,0.00027011041406934197,-20.189271145119605,-20.244203851130873
256,256,0.00027324090298918105,0.0002731428187536566,-20.19745550989572,-20.195719268991446
257,257,0.00027271834116299475,0.0002728193388688133,-20.202596151109216,-20.200865616351674
258,258,0.0002714275111223465,0.0002704077893500461,-20.21733491732872,-20.23942516076753
259,259,0.00027405817665342126,0.0002776879057484238,-20.185121791330005,-20.12404748624304
260,260,0.0002717265700825404,0.00027509508531932766,-20.215556049788574,-20.16478882167318
261,261,0.00027086682222812367,0.0002703263415146227,-20.232619123740093,-20.240733469000205
262,262,0.0002704754678206038,0.0002715957418427263,-20.23087516315539,-20.220387571202536
263,263,0.0002737288653116059,0.0002717387687880546,-20.191594917744375,-20.21810110445548
264,264,0.00027115519003121703,0.00027126195001121804,-20.224869557949155,-20.22572834359917
265,265,0.00027024633906416826,0.0002715544389119666,-20.237491692712922,-20.221048074893254
266,266,0.00027413433732719346,0.000269622797771406,-20.184789966752504,-20.252051028975387
267,267,0.00027304257868702726,0.00026969580396421646,-20.20345490171186,-20.250875242092683
268,268,0.00027170342503634004,0.00026598527083957667,-20.222662154486997,-20.31104125915614
269,269,0.00027168451069695777,0.00026734619811912507,-20.22716926818167,-20.28887701327801
270,270,0.0002686490206355133,0.00026956030112495154,-20.265022606207083,-20.25305780937595
271,271,0.0002700243008409425,0.00027043683190928087,-20.243647353461935,-20.238958741292056
272,272,0.0002674347527214739,0.00026931493438927357,-20.278416473108667,-20.25701276665322
273,273,0.00027108442961819204,0.0002725145696833926,-20.23209626146165,-20.205719874896275
274,274,0.0002719669188156762,0.0002672963892109692,-20.222893485784237,-20.28968621682958
275,275,0.000268207101773029,0.00027330266311764717,-20.265475157640218,-20.19317850218021
276,276,0.00026897533998354194,0.0002675529670484952,-20.264514673274768,-20.28551942308626
277,277,0.00027011298246264035,0.00026544448490695735,-20.24184060979227,-20.319880072751182
278,278,0.0002684243834702317,0.00026680342853069305,-20.269141776051676,-20.297703076484677
279,279,0.00026782726738169865,0.00026954468309046015,-20.282648033342028,-20.25330944222663
280,280,0.0002697041872096699,0.00027698361909164016,-20.25359223802127,-20.1350762829055
281,281,0.00026876850446119673,0.00026428834519863715,-20.26507805308377,-20.338837021021074
282,282,0.0002678996568591305,0.0002706466000649686,-20.27954741184606,-20.235591380486866
283,283,0.00026571808293457,0.00026779271061777284,-20.309092980643968,-20.281629625502635
284,284,0.0002677463702845493,0.0002668410705059375,-20.285481014827095,-20.29709039511372
285,285,0.0002689287791055022,0.0002664209322048057,-20.262818341562156,-20.303933702255193
286,286,0.0002679506850251256,0.0002652900783639205,-20.276518672977886,-20.32240705765638
287,287,0.0002672735946108923,0.00026531861390379305,-20.290171228822587,-20.321939940260933
288,288,0.0002638526355665292,0.00026624338811655576,-20.343436780540895,-20.30682882467039
289,289,0.00026763040682219316,0.00026684757750971536,-20.27707049755992,-20.29698449232395
290,290,0.00026975397396227825,0.00026804018967882976,-20.258126485998588,-20.277617971937264
291,291,0.00026657081571570835,0.0002642018432532878,-20.299801862952236,-20.340258705612214
292,292,0.0002689902846504617,0.00026664057038846965,-20.262689664701313,-20.300354841050083
293,293,0.00026613232510442817,0.00026609678446364244,-20.29944776769465,-20.309220872551663
294,294,0.0002654465715000022,0.0002659519683986314,-20.316020780885886,-20.311585047606677
295,295,0.00026833891062085164,0.00026231159848210056,-20.281113064775333,-20.371442198205916
296,296,0.0002677439809200767,0.0002650251017736369,-20.284848373885428,-20.326747038289806
297,297,0.0002670763581019068,0.0002653207109113665,-20.295242332574905,-20.321905614918837
298,298,0.0002668187219935191,0.00026303285956505294,-20.293294344206192,-20.359517073638518
299,299,0.00026679622518263526,0.00026626358004777054,-20.29320287303537,-20.306499467691648
300,300,0.0002672199259473721,0.0002708521083389458,-20.294110064817453,-20.232294932599785
301,301,0.00027086242034877697,0.0002660757224810751,-20.23260901104896,-20.30956463712771
302,302,0.0002652694055325707,0.0002636189662888156,-20.31597770951279,-20.349850610577835
303,303,0.0002662878184694528,0.0002649163009329258,-20.304710220585626,-20.328530314900007
304,304,0.0002640631614245724,0.0002631398889015576,-20.33742464907736,-20.357750267926047
305,305,0.00026577630334716175,0.00026519264869612495,-20.30438637272971,-20.324002327979606
306,306,0.0002647664767903631,0.0002685036023122896,-20.32777485730737,-20.270115971071554
307,307,0.0002678723177109298,0.0002673423280755646,-20.282905351888296,-20.288939881227506
308,308,0.0002666459946602717,0.0002632468500738277,-20.297089147222295,-20.355985305243873
309,309,0.0002654642222230755,0.00026266903181462303,-20.322848727416655,-20.365528404858484
310,310,0.0002666500438431988,0.0002691649669462717,-20.290927929233714,-20.259431799730713
311,311,0.00026796711158708276,0.00026628308574129874,-20.286138767876004,-20.30618132786981
312,312,0.0002670789111379208,0.00026408729976729343,-20.289157602173773,-20.342141977503836
313,313,0.00026650696071152836,0.00026524631156414554,-20.299099789693503,-20.32312360340279
314,314,0.0002673149598551165,0.00026771846368271664,-20.295956891260502,-20.28283389670918
315,315,0.0002673529654071599,0.0002733143934931018,-20.289394752585856,-20.192992103410916
316,316,0.00026577987306698503,0.0002655980520342526,-20.319980493752094,-20.31736828308442
317,317,0.0002646219197147017,0.0002655911306838358,-20.333951666936997,-20.317481459496562
318,318,0.00026791513709653863,0.0002635979793634952,-20.28019854919791,-20.35019636979285
319,319,0.00026770196774057546,0.00026190117243554836,-20.28575775616044,-20.378242711797224
320,320,0.000263607937610977,0.00026161800288766816,-20.345230450057233,-20.38294087720844
321,321,0.0002655013054537289,0.0002613495231152659,-20.323265828660084,-20.387400018095892
322,322,0.00026758117094208706,0.0002636476802811223,-20.283409653022094,-20.349377592665334
323,323,0.00026304712750080053,0.0002616695947883847,-20.359456050497926,-20.382084519138264
324,324,0.00026486505116408055,0.000262922581322001,-20.326669839457985,-20.361338263397574
325,325,0.00026336221877106263,0.00026053123139335136,-20.351016938083298,-20.40101921625872
326,326,0.0002631952451450808,0.0002641764478635435,-20.351410040324396,-20.340676174604624
327,327,0.0002626425206490802,0.00026576179018440217,-20.36008046074278,-20.314691732404903
328,328,0.0002644047592334526,0.00026651097945623885,-20.335307683010875,-20.30246608420026
329,329,0.00026508152005430693,0.0002623950958399004,-20.31991757872853,-20.370059999638812
330,330,0.0002635438412250279,0.00026353273929807504,-20.346692040014894,-20.35127137451379
331,331,0.00026280524271549946,0.0002640393274640174,-20.35645556194847,-20.3429309589935
332,332,0.00026432623649880134,0.00026364017149286444,-20.33558950297939,-20.349501283180693
333,333,0.00026286314718650903,0.00026422011126813133,-20.35746930617031,-20.339958426716645
334,334,0.0002636641621608863,0.0002675610402978859,-20.34723256036464,-20.285388379323113
335,335,0.00026487466637957263,0.0002634618546213268,-20.330951878319308,-20.35243969102041
336,336,0.0002646924249441411,0.0002635020439476265,-20.34152297326912,-20.35177725464765
337,337,0.003214071429161758,0.002313464855481135,-9.493487221558768,-10.91698807394529
338,338,0.0018298324046310845,0.001650362373574784,-11.930446820050546,-12.383824001393505
339,339,0.0015796658693399933,0.0015006932111358957,-12.571747844780436,-12.796697959128247
340,340,0.001425884503237519,0.001414247488259877,-13.015860860233207,-13.05436297691612
341,341,0.0013609296046965516,0.0013505537553053153,-13.227731497187671,-13.25449838948446
342,342,0.0013233398641795688,0.0013071826757176926,-13.343166213312081,-13.39625430328024
343,343,0.001297621342075086,0.0012799623164985526,-13.433357752008826,-13.487645300586786
344,344,0.0012611285627329933,0.001253447752740038,-13.54851335135876,-13.578554777416528
345,345,0.0012491182676161226,0.001228312110087197,-13.59811265496553,-13.666529801523337
346,346,0.001214635619634436,0.001208967241262527,-13.71287570702751,-13.735471806111528
347,347,0.001185844550341291,0.0011818706805474665,-13.819791664249161,-13.833917548361704
348,348,0.001185112033932249,0.001180506605458887,-13.822144041857678,-13.838932922944077
349,349,0.0011689648651469922,0.0011557480320334435,-13.884031552148572,-13.930985511769256
350,350,0.0011533112889251758,0.0011530793884671048,-13.938875217682739,-13.941025046823793
351,351,0.0011335131100177304,0.0011259240747772549,-14.010411628396595,-14.044526083662326
352,352,0.001127526936356516,0.0011220865478543075,-14.036964817562163,-14.059353579305967
353,353,0.0011008424815222545,0.0010991972981412943,-14.137114671892274,-14.148860615781022
354,354,0.0010890313256147904,0.0010736607517556924,-14.190678983393305,-14.250946362542605
355,355,0.0010515780124534882,0.0010256458925524431,-14.34701067080691,-14.449642686589828
356,356,0.0010080650087551588,0.0009969959194820962,-14.529773342699663,-14.572683329573369
357,357,0.0009861814053777182,0.000982502034228099,-14.618262032993696,-14.636282555501152
358,358,0.0009730639645455347,0.0009688254427409878,-14.677997157050552,-14.697161783078677
359,359,0.0009757071246210601,0.0009634168450965694,-14.66099031543725,-14.721474782140213
360,360,0.0009594486897916908,0.0009710018731359588,-14.73303204673149,-14.687416460908363
361,361,0.0009723738791209828,0.0009762910991220883,-14.677476541718475,-14.663823839344644
362,362,0.0009706860087744738,0.0009770457767636369,-14.689772149164803,-14.660468019304647
363,363,0.0009619986047949066,0.0009856487648855698,-14.717005403566963,-14.622395317534897
364,364,0.0009619626570637002,0.0009643117603110639,-14.727832043937529,-14.717442505332617
365,365,0.0009768876521944155,0.0009775432561965364,-14.66040583103258,-14.658257298036999
366,366,0.000973933195748088,0.0009796978097016875,-14.677892555253669,-14.648695766833548
367,367,0.0009705999022416924,0.0009852288977095956,-14.688953765123589,-14.624245721584597
368,368,0.0009637896035145008,0.0009864088680938278,-14.718048940777047,-14.61904745751448
369,369,0.0009739581236289334,0.000973798570492746,-14.67385770643852,-14.67492581107511
370,370,0.00097506226534888,0.0009892593033758825,-14.668096435444362,-14.606515705564957
371,371,0.0009810724613717613,0.0009716579623177255,-14.64939691713603,-14.68448299909574
372,372,0.0009763323577101698,0.0009773743835179822,-14.663318267609364,-14.65900761581134
373,373,0.0009692339118589292,0.0009797970568271059,-14.696568007288686,-14.64825583223931
374,374,0.0009783352785215703,0.000986744067631662,-14.653213412870516,-14.617571897172628
375,375,0.0009670727022145827,0.0009639204148889372,-14.702562326164399,-14.719205354867722
376,376,0.000972341709487025,0.0009776615402906348,-14.678544920421974,-14.657731827462062
377,377,0.0009674176558151303,0.0009654947054131251,-14.703728824089248,-14.71211817251799
378,378,0.0009725343690436218,0.0009659498127324408,-14.680063980090763,-14.710071511593963
379,379,0.0009631210471234601,0.000977296409760847,-14.727366817408718,-14.659354104566294
380,380,0.0009710376742583959,0.0009896099524523475,-14.691132355200327,-14.604976594679906
381,381,0.0009693538160399371,0.0009462220508507208,-14.695073567518026,-14.799686491151787
382,382,0.0009610983213054535,0.0009534278069622815,-14.730638156237044,-14.766738997027552
383,383,0.0009725823855632436,0.0009663028054331478,-14.676007278146352,-14.708484733733416
384,384,0.0009619089631968629,0.001011624852636535,-14.728671689621054,-14.50942223649605
385,385,0.000955929245785378,0.000976026226692882,-14.754431537480828,-14.665002260839934
386,386,0.0009663533839425936,0.0009547794838190862,-14.715485052092369,-14.760586354164857
387,387,0.0009636925959469962,0.0009731201847132883,-14.719942950721363,-14.677952328866422
388,388,0.0009528458005623872,0.0009672771067064451,-14.76435442865473,-14.704108046740973
389,389,0.0009578068184992779,0.0009723051763629835,-14.745805814908923,-14.68159115929427
390,390,0.0009665076684485161,0.0009550539298767322,-14.709506830132069,-14.759338178189076
391,391,0.0009619858111110851,0.0009521016189338345,-14.719337975468253,-14.772784101636127
392,392,0.0009656605015499229,0.0009543342227851482,-14.70957401073022,-14.762612157163215
393,393,0.0009667611100048441,0.0009667988021024748,-14.70531114450968,-14.706256101566142
394,394,0.0009637982164480791,0.0009605433442629874,-14.715964197029567,-14.73444746723609
395,395,0.0009737579528837628,0.0009620871921805175,-14.67734197610133,-14.727472806604428
396,396,0.0009758855395028656,0.0009749571572204953,-14.666062719891697,-14.669761819767263
397,397,0.0009693529939317365,0.0009681159832612856,-14.694161033550364,-14.700343235515092
398,398,0.0009575816712668646,0.001020763507480488,-14.746308971454955,-14.470365782549802
399,399,0.0009503969442598598,0.0009353984343378167,-14.781463091598363,-14.849650751319373
400,400,0.000941029320154147,0.0008921974865523609,-14.824868490397359,-15.055007183487191
401,401,0.000928704583652548,0.0009373835116428765,-14.877549992465163,-14.84044403673678
402,402,0.0009261580668965873,0.000933438481297344,-14.888726117344236,-14.858760129406026
403,403,0.0009097133831543483,0.0009411805015253393,-14.968566260129208,-14.822887924857419
404,404,0.0008986736773801295,0.0009178603037358507,-15.01402681197529,-14.931851261945209
405,405,0.0009022637554828423,0.0009010790810479145,-15.010211635952203,-15.011988063195346
406,406,0.0009017242628783372,0.0009134316626985214,-15.008821142658459,-14.952856521068135
407,407,0.0008912752808513332,0.0008987723145094749,-15.05140902933261,-15.023120276995744
408,408,0.0008933591955226183,0.000869369357946868,-15.047039345440636,-15.167573849354985
409,409,0.0008905256291870604,0.000862933977163936,-15.071170176118947,-15.199841445489934
410,410,0.0008749822850732767,0.0009376992299956711,-15.139610191952503,-14.838981544050933
411,411,0.0008887204968072858,0.0008831660869825436,-15.071087322294696,-15.099193297137951
412,412,0.000881411852891144,0.0008580684631229623,-15.10886934832525,-15.224397732917458
413,413,0.0008829313836818965,0.000938040385096285,-15.103843188834583,-14.83740177489629
414,414,0.0008784271140592461,0.0008712620842025468,-15.117146849757589,-15.158128990751765
415,415,0.0008737968908594057,0.0008904755477009243,-15.150766059102454,-15.063397154722129
416,416,0.0008638500891261033,0.0008793125498892838,-15.18733704467766,-15.118184421651232
417,417,0.0008728762280877641,0.0008689716188727241,-15.15949249621039,-15.169561214209818
418,418,0.0008752596367765026,0.00090530005246891,-15.144925856775213,-14.991691682454
419,419,0.0008788477034144795,0.0008401370172290818,-15.12747134468815,-15.3161159323192
