,epoch,train_loss,test_loss,train_dbs,test_dbs
0,0,0.0004748688439464139,0.00045561721383005773,-6.142673278584768,-6.3197997810695075
1,1,0.00043807619913798017,0.0004247066298328144,-6.496147918787959,-6.624910615061561
2,2,0.0004123386845338283,0.00040488841784137647,-6.755030412928815,-6.832447484492226
3,3,0.00039597875804678757,0.00039129734106704985,-6.930282924205288,-6.980732052478356
4,4,0.00038403197678919766,0.00038078638547296196,-7.063695856549779,-7.098986897027322
5,5,0.0003748511908739114,0.00037246719952427636,-7.169877797023567,-7.194920684389521
6,6,0.0003673813069364075,0.0003655741119904346,-7.256327152905467,-7.276046683217091
7,7,0.0003611210327998725,0.00035925974646632214,-7.3279597474508185,-7.351715429801602
8,8,0.00035573192692083336,0.00035446207192236265,-7.394515612081978,-7.410103303362239
9,9,0.0003513253222522086,0.0003502490106161292,-7.449789284119311,-7.46203184888686
10,10,0.00034788042605739353,0.00034641901086280614,-7.49478041197837,-7.509783847400206
11,11,0.0003442173273441833,0.00034344688327492853,-7.539784306485879,-7.547205224746424
12,12,0.0003407573778681534,0.0003402090913273002,-7.581867864337806,-7.58834187071982
13,13,0.0003388064935054515,0.0003373482491281864,-7.6110675230768745,-7.62501641588086
14,14,0.0003359524542753844,0.0003347399883511427,-7.645786386227678,-7.658725053719136
15,15,0.00033373948781914315,0.0003329033804077067,-7.674819599795791,-7.6826189690807
16,16,0.0003317804789871515,0.0003310319550923611,-7.699770338258942,-7.707101830489982
17,17,0.00032966878846018893,0.0003291186616192327,-7.724299179749078,-7.732275937829069
18,18,0.00032758803830539675,0.00032711468980108435,-7.75231931582953,-7.758800545454676
19,19,0.00032627206810596445,0.0003259433678498394,-7.772117920478731,-7.774379534167583
20,20,0.0003244692169264266,0.0003240881058828611,-7.794956711125934,-7.799170094475057
21,21,0.00032334609770878536,0.00032326855886678557,-7.810198155258017,-7.8101663491295215
22,22,0.00032223287529369683,0.00032205163734033704,-7.82677025758278,-7.82654590561709
23,23,0.0003206188035600809,0.0003201091741701882,-7.84685338102051,-7.852819810656248
24,24,0.0003193479493985279,0.0003194923383968049,-7.865229700211838,-7.8611965405547855
25,25,0.00031846349089185603,0.0003182301558186545,-7.876717929492978,-7.878387705977891
26,26,0.0003173932659358132,0.0003169131033294099,-7.890764116800442,-7.896399058221945
27,27,0.0003156078782547073,0.0003157951378900754,-7.91140670795187,-7.911746629027006
28,28,0.00031524258527722325,0.00031529719739123,-7.920860667071885,-7.918599916375008
29,29,0.00031444094637072807,0.00031400350915071994,-7.934827297910272,-7.936456004880547
30,30,0.0003132458461794196,0.00031296275923714827,-7.949474072852917,-7.950874399695529
31,31,0.00031205546020856607,0.00031190432951246435,-7.965728282891523,-7.965586988558211
32,32,0.0003110056826436758,0.00031056608637108614,-7.978037398028858,-7.984260727657957
33,33,0.00031057926922191663,0.0003103867776716422,-7.986686049498397,-7.986768898097278
34,34,0.00030960514271372605,0.00030948542591527497,-7.998467225481731,-7.999398997258781
35,35,0.0003084710153472639,0.00030876112807738155,-8.014003472947737,-8.009574830706791
36,36,0.00030762495529434655,0.0003084069834777007,-8.026720502073893,-8.014558985248758
37,37,0.0003072135450472076,0.00030714331507241646,-8.033621154374888,-8.032390346475655
38,38,0.0003063636786933297,0.0003065227448180514,-8.045143407254548,-8.04117396175403
39,39,0.0003056131836180527,0.00030581386894673894,-8.05607885975265,-8.051229248662363
40,40,0.0003046706479676452,0.0003047277676064129,-8.070448002212508,-8.066680719560008
41,41,0.0003043314056187753,0.00030434130550068065,-8.07473654465765,-8.07219202820854
42,42,0.00030295855873360385,0.0003031744624757649,-8.09313844478229,-8.08887485808132
43,43,0.00030252650156905204,0.00030278754696298977,-8.097820922656675,-8.094420925074948
44,44,0.0003015818740433255,0.0003018020453103083,-8.111099578582227,-8.10857923392451
45,45,0.0003010739530940761,0.0003020364919824428,-8.121032884179051,-8.105206845617484
46,46,0.00030075869470181846,0.00030128233514628127,-8.125221739560754,-8.116064332846376
47,47,0.0002999779919508038,0.00029962746224268094,-8.136145117822718,-8.13998486103037
48,48,0.00029946698179497314,0.00030031348854352375,-8.145021831693878,-8.130052631321295
49,49,0.00029853232638171116,0.0002985171066891206,-8.159439420213461,-8.156108783868333
50,50,0.00029803138855153446,0.0002982132550402495,-8.165663032413555,-8.160531589017525
51,51,0.0002966614496490928,0.0002977568288578799,-8.183539101213304,-8.167183715240292
52,52,0.0002965057996634548,0.0002963800231411465,-8.186216849505058,-8.187311744455382
53,53,0.0002958829368863101,0.0002960019873602218,-8.195453541866991,-8.192854751264989
54,54,0.00029557983219364334,0.00029546233954055135,-8.202049711662701,-8.200779697018373
55,55,0.0002946734894067049,0.00029501244180688734,-8.214454948208722,-8.20739769823139
56,56,0.0002937405619208615,0.0002943066034564062,-8.229101105347647,-8.217800954320758
57,57,0.0002930762810925425,0.0002932768624496499,-8.237761277076022,-8.233023006022602
58,58,0.00029281964096523937,0.00029267426764004325,-8.243689848064173,-8.241955617616213
59,59,0.0002924291100160977,0.0002921670246379156,-8.249144959556341,-8.249489042323203
60,60,0.00029166899837515097,0.0002919260096907812,-8.258479318756928,-8.253073110661138
61,61,0.0002909974448896522,0.0002919086592124873,-8.269324828128013,-8.253331239113761
62,62,0.00029011379108889046,0.00029048559831847484,-8.28197066237765,-8.27455496224215
63,63,0.00028964751022003747,0.00028997943981697683,-8.287947209986942,-8.28212895500457
64,64,0.00028915065802758577,0.00028922656048579434,-8.29571042163655,-8.293419291190707
65,65,0.0002886666865304074,0.00028902527379901394,-8.303774016419164,-8.296442807786665
66,66,0.00028817153016114897,0.00028842281991321787,-8.31051956135913,-8.305504834174233
67,67,0.00028743548078712116,0.0002875673097533811,-8.321544940021095,-8.318405875206384
68,68,0.00028688594916134535,0.00028686750815004895,-8.328719344206533,-8.32898741085266
69,69,0.00028616263436335955,0.00028616325212887635,-8.340379996344854,-8.33966239303637
70,70,0.00028593976383059066,0.0002858546090704438,-8.346057208050965,-8.34434902956489
71,71,0.0002852077751910103,0.0002858874841446155,-8.355036429398377,-8.343849592371438
72,72,0.0002845565745842249,0.00028439378519052347,-8.367642679776122,-8.366600004553245
73,73,0.0002841259735113144,0.0002842579668044652,-8.371169922512374,-8.36867456693772
74,74,0.0002837505905058465,0.000283971680083165,-8.378602231252671,-8.373050711494903
75,75,0.00028304450337525417,0.00028282588985013336,-8.389628582938673,-8.390609398400253
76,76,0.0002825310124929265,0.00028320638567062194,-8.39562036483385,-8.384770605551779
77,77,0.0002819571842693906,0.0002822565959496914,-8.408083704345858,-8.399360024703595
78,78,0.0002815438618705867,0.00028104180053464676,-8.41377296740268,-8.418091828897653
79,79,0.00028060133222096895,0.00028116502615280057,-8.42471082219198,-8.416188038181856
80,80,0.0002801432541317124,0.0002801935831820102,-8.433177821576933,-8.431219169292362
81,81,0.00027981583393879773,0.00027992394078817025,-8.437009878583046,-8.435400585076254
82,82,0.00027951377008311913,0.0002792384429516173,-8.445827165999471,-8.446048943605826
83,83,0.0002787835885813825,0.0002787968735088055,-8.455116549321975,-8.45292202875865
84,84,0.0002779932449614994,0.00027812598579514186,-8.467872348532154,-8.46338534403076
85,85,0.0002769377520943982,0.0002778206498509175,-8.482705378992215,-8.468155792146966
86,86,0.0002770191534079093,0.00027693984080351104,-8.48038760120391,-8.481946638351113
87,87,0.0002764318459103191,0.00027706063548593144,-8.49074795529949,-8.480052760381868
88,88,0.0002761090266729523,0.0002772188148044638,-8.496720977889227,-8.47757399603227
89,89,0.0002754469145300616,0.0002755618265119234,-8.506542767138505,-8.503610473202173
90,90,0.0002749202001573441,0.0002748577588997585,-8.513928997792208,-8.514721009735558
91,91,0.00027464020345600073,0.00027446336982967824,-8.51935552233672,-8.520957107978662
92,92,0.00027362165520130894,0.0002740212366916239,-8.533829822652226,-8.527958800329952
93,93,0.00027345000681006494,0.00027349088831167475,-8.540096766240488,-8.536372402017202
94,94,0.0002728959846432734,0.00027309422761103824,-8.547904485652957,-8.542675814923903
95,95,0.0002722082639799559,0.0002724095048554438,-8.557044376773753,-8.553578452352946
96,96,0.00027173267288575163,0.00027167580188497116,-8.564851062898553,-8.565291444438298
97,97,0.00027152361422081085,0.00027225741283281853,-8.569394826112843,-8.556003887999553
98,98,0.0002709007553441796,0.00027112885359919776,-8.578600506473242,-8.574043642872498
99,99,0.00027013963722076614,0.0002703772104149194,-8.58983501813682,-8.586100191030837
100,100,0.00026999639146769246,0.0002700347732139849,-8.595866643756938,-8.591604088471092
101,101,0.00026902087037595585,0.00026975143976558586,-8.606622977591439,-8.596163306973544
102,102,0.00026926764130433923,0.000269391391683664,-8.608073521708901,-8.60196388186104
103,103,0.00026853317913920954,0.0002688913664314896,-8.618103776996032,-8.610032439399625
104,104,0.00026816002047649515,0.0002681685605478522,-8.62172149979902,-8.621722412175984
105,105,0.00026768441858086926,0.00026838710274253234,-8.63277939644931,-8.618184599383959
106,106,0.0002667934660194922,0.000266522210471234,-8.64492615000196,-8.648466955073866
107,107,0.000266400955109761,0.00026720787986720865,-8.650844972381789,-8.637308408674059
108,108,0.0002659396907511484,0.0002669670288205931,-8.659661146082536,-8.641224739669497
109,109,0.00026543440699898973,0.00026620290928373213,-8.667753818882641,-8.653673045617024
110,110,0.0002655699547889076,0.0002654075337647411,-8.665126962488474,-8.666668556190695
111,111,0.00026496702078465835,0.0002646276307610893,-8.677053290832076,-8.679449135217027
112,112,0.00026409822673964094,0.00026455253521960815,-8.688081018198586,-8.680681742997756
113,113,0.00026383369992434325,0.0002639869650776841,-8.694267794686182,-8.689976188744117
114,114,0.0002632021249005494,0.0002641274806688,-8.701700659253223,-8.687665131064307
115,115,0.00026304008032329687,0.00026292905769016787,-8.70797622471217,-8.707415170982285
116,116,0.0002624976206282826,0.0002625864075717369,-8.7186385529209,-8.713078603805233
117,117,0.0002620062293045549,0.000262106929623865,-8.724457143472424,-8.721015990090029
118,118,0.0002615963662110423,0.0002619373354766714,-8.731138793526858,-8.723826966557695
119,119,0.0002612458035222629,0.0002610314435227529,-8.737181375568587,-8.738872769905159
120,120,0.0002609429942184733,0.00026119097004227926,-8.743654788810906,-8.736219437244477
121,121,0.00025996699996446213,0.00026105102963476,-8.757251766989638,-8.738546915627033
122,122,0.00025963914711460396,0.0002605276608128885,-8.763197189824815,-8.747262619385188
123,123,0.00025880566336689806,0.0002596662923583369,-8.776848381276402,-8.761645251336887
124,124,0.00025856370927247496,0.0002591439980805214,-8.78003831999913,-8.770389472629098
125,125,0.000258456717740946,0.00025874627891952465,-8.784928269059709,-8.777059892159842
126,126,0.0002578740614555181,0.0002586687784825795,-8.793291842293385,-8.778360898455679
127,127,0.00025716118353116563,0.0002581698944069151,-8.80397785030823,-8.786745049248786
128,128,0.00025679124519228935,0.00025700446368366673,-8.81157615822369,-8.806394357783073
129,129,0.0002562481303610503,0.0002573453223847441,-8.821127539908007,-8.800638233112013
130,130,0.00025592365370554485,0.00025639666618142084,-8.824666411009456,-8.816677281185575
131,131,0.00025512637587302584,0.0002558979245613476,-8.839219425282383,-8.825133384600989
132,132,0.0002554110200360379,0.00025573876183970193,-8.836900742420912,-8.827835438452967
133,133,0.0002548057338722127,0.0002545248211582044,-8.844640034603842,-8.84849961091376
134,134,0.0002542127044715429,0.00025455143584526683,-8.856948829699284,-8.848045509525988
135,135,0.0002538311931595072,0.0002542154091459356,-8.859335349709296,-8.853782304836002
136,136,0.00025345045339901804,0.0002539591292397266,-8.867802837909464,-8.858162727313628
137,137,0.00025312153765926924,0.00025314289469909116,-8.87471299320363,-8.872143600839703
138,138,0.0002525293635211635,0.00025326103021047617,-8.886280839149768,-8.870117328959953
139,139,0.0002525763713080225,0.0002523291860645833,-8.883309669333912,-8.886126152539664
140,140,0.0002515376180940855,0.00025260997675726876,-8.900351323581198,-8.881296031608203
141,141,0.0002509081559483749,0.0002518406859292698,-8.909506156085783,-8.894542085000158
142,142,0.00025119898137492463,0.00025144256927122017,-8.906607858284259,-8.901412963457634
143,143,0.0002505324471000217,0.00025044264437287653,-8.917838783395533,-8.91871821288327
144,144,0.00024974712524107015,0.00025053046977662136,-8.930608578140728,-8.917195492899673
145,145,0.0002496844847967426,0.00024930262359128773,-8.932365236452366,-8.938532531307628
146,146,0.00024920546005062337,0.0002488857816819004,-8.942401884207067,-8.945800150601983
147,147,0.00024858852920420086,0.00024873627683662464,-8.952065327779778,-8.948409726691432
148,148,0.0002482424276525673,0.0002491225007504813,-8.957937919479853,-8.94167147256127
149,149,0.0002478214054903707,0.00024836487826082463,-8.966912624035732,-8.954899205961985
150,150,0.0002471439802320674,0.0002484185648714437,-8.975369900270408,-8.95396053543433
151,151,0.0002465615512265526,0.00024705003919447526,-8.985068275672832,-8.977951749263642
152,152,0.000246476566841461,0.000247044867137447,-8.989746749132808,-8.978042670898281
153,153,0.0002459753825288439,0.000246654965418489,-8.997999215980103,-8.984902393712295
154,154,0.00024565266215448875,0.0002464281692243132,-9.002388988273342,-8.988897514845954
155,155,0.0002451202833362538,0.00024583698847747753,-9.013505942553628,-8.999328749133928
156,156,0.0002450187892782665,0.00024507986305060943,-9.015748020341288,-9.012724730741816
157,157,0.00024436485831212906,0.0002447755533993538,-9.026927225025474,-9.018120609398787
158,158,0.00024444711443814495,0.00024456825830336467,-9.02568847706763,-9.021800113238251
159,159,0.00024319150468296152,0.00024420197970405414,-9.0468711177457,-9.028309216777199
160,160,0.00024299603675674531,0.00024357077582910853,-9.049565101159681,-9.039549225972111
161,161,0.00024267316111195448,0.00024352379688551942,-9.05661443249253,-9.040386956350257
162,162,0.00024230540706055988,0.0002424936805925283,-9.063855955174251,-9.058796767207282
163,163,0.00024197827205517971,0.00024235369882693417,-9.070046690486018,-9.061304496964489
164,164,0.0002416508991184846,0.00024156622576380245,-9.076184063886195,-9.075438881206987
165,165,0.0002405119183132444,0.00024196680705675759,-9.093539594494112,-9.0682430838953
166,166,0.00024077218051726172,0.0002407375087434622,-9.091387867541766,-9.09036340106603
167,167,0.0002404061114876387,0.00024040128138087886,-9.098896800101311,-9.09643323850178
168,168,0.00024051009992391985,0.00023995662003902622,-9.096139298303198,-9.104473660931436
169,169,0.0002398739585991392,0.0002399519703191656,-9.110817992638548,-9.104557816444318
170,170,0.00023896607900993687,0.0002394001165061797,-9.123065117915027,-9.11455744628915
171,171,0.00023879152623643697,0.00023872776823976127,-9.12748827489706,-9.126771640181891
172,172,0.0002383719675168491,0.00023896950695320571,-9.133693952426231,-9.122376145222002
173,173,0.0002380041950130259,0.0002379869555098642,-9.144374563318133,-9.140269488000424
174,174,0.00023752104427387035,0.00023792768555913905,-9.149574531552613,-9.141351220330318
175,175,0.00023729274887711617,0.00023798572931953363,-9.15601695749751,-9.140291864397698
176,176,0.00023636717340889743,0.00023682194372859637,-9.168672475912302,-9.161581607639434
177,177,0.00023631589786034346,0.0002369659739901851,-9.172587882144171,-9.158941120306487
