,epoch,train_loss,test_loss,train_dbs,test_dbs
0,0,0.000408410315507466,0.00038867062846149663,-6.797443015621841,-7.009983794791211
1,1,0.00037198115083792235,0.0003590587293729186,-7.206435165842297,-7.354146123697101
2,2,0.0003451989062332078,0.0003349505147382029,-7.526877113965914,-7.6559945251903505
3,3,0.00032209600958032244,0.0003148364209520974,-7.827148371862034,-7.924951353427348
4,4,0.0003056221707008741,0.00030074789231692095,-8.055521174703289,-8.12377509626216
5,5,0.00029250953290083434,0.0002890678925292664,-8.24706650278927,-8.295802458428257
6,6,0.0002817417221616704,0.00027945306685164963,-8.408986051657216,-8.442712219191074
7,7,0.00027238786956847443,0.00027099842325122535,-8.552609956110055,-8.576133380242627
8,8,0.000264695648868453,0.00026393862744474684,-8.678276037274767,-8.690771481399329
9,9,0.0002577919203946463,0.00025692393108712216,-8.794190799430607,-8.807755436989234
10,10,0.00025157352396978314,0.00025068940196529423,-8.902431012113714,-8.914441277484752
11,11,0.0002458283081218677,0.0002452409274778084,-9.00179266680441,-9.009871521339702
12,12,0.00024025509381167513,0.00024033622283145393,-9.09959449907081,-9.09760870615058
13,13,0.00023571262256117517,0.00023547679838405825,-9.18675637764138,-9.186319796754606
14,14,0.00023098537619177674,0.0002312266825404214,-9.272719714201964,-9.265421537425363
15,15,0.00022653006056213234,0.00022662245426449532,-9.357637139941431,-9.352771635153541
16,16,0.0002224149531084737,0.00022265270787389264,-9.43663881818075,-9.429521207190312
17,17,0.00021834479712103444,0.0002185806308836235,-9.513649023450435,-9.509684269322982
18,18,0.00021455485206313394,0.00021496636557123182,-9.590216265824722,-9.582095881347083
19,19,0.00021138933553845266,0.00021184428585815782,-9.657086141841459,-9.64563347917808
20,20,0.00020809702757630766,0.00020864622829800568,-9.724032949120335,-9.711695636838515
21,21,0.0002049209931673309,0.00020625265498988723,-9.791009875174035,-9.761805543334933
22,22,0.00020240680431615868,0.00020315294386819005,-9.846217641967742,-9.827569820283838
23,23,0.00019966095272504447,0.00020032441228211515,-9.903811881346535,-9.888462247840868
24,24,0.0001968291185174579,0.00019768107832581,-9.966977542961526,-9.946150006294822
25,25,0.00019447298536854845,0.0001949628632773008,-10.018721632002048,-10.006282076629633
26,26,0.0001921241578811626,0.0001931420640750347,-10.070921429527683,-10.04703233730326
27,27,0.0001894312466077084,0.00019053248520082744,-10.12836889120993,-10.106110698588262
28,28,0.00018777480134716469,0.0001890417916001752,-10.170936359682635,-10.140222774825478
29,29,0.00018587139628337907,0.0001866625113363721,-10.218092630776408,-10.195229975719771
30,30,0.00018393236723099595,0.0001842427522397453,-10.26174567690913,-10.25189689506291
31,31,0.00018196625406397796,0.0001823826758864973,-10.30813759526994,-10.295965187412317
32,32,0.00018036379895926713,0.000180956136318855,-10.344226900871938,-10.330067872017395
33,33,0.0001785596904642496,0.00017957588026643192,-10.390576442933861,-10.363320980656441
34,34,0.00017696120953259356,0.0001772746396263277,-10.42776810447762,-10.41933490862923
35,35,0.0001753823867382136,0.0001757418258899921,-10.466287342691821,-10.457049678112536
36,36,0.00017418882859986006,0.00017445221984464871,-10.496733152165572,-10.489036019850213
37,37,0.00017257499794797376,0.00017309238395874242,-10.538245983693313,-10.523021426547238
38,38,0.00017125735352819152,0.00017152450163848698,-10.571023879401931,-10.56253935887527
39,39,0.00017015707196629386,0.00017052698393327822,-10.59929967293121,-10.58786991181108
40,40,0.00016864301059539094,0.00016920933787907032,-10.63907069864099,-10.621557759887704
41,41,0.00016762551022861538,0.0001685035339936516,-10.664803135611624,-10.63971088371372
42,42,0.000166406777726976,0.00016758170156543585,-10.695260594502411,-10.66353506272716
43,43,0.00016536055112944091,0.0001662187201681694,-10.721136063927766,-10.699001679962056
44,44,0.00016431053773351205,0.00016512654302029036,-10.748497765144641,-10.727632131586075
45,45,0.00016349587576300597,0.00016408468869294186,-10.772696713862583,-10.755120446217244
46,46,0.00016240401750972937,0.0001634264542525144,-10.801435967621579,-10.772577438221273
47,47,0.0001613919945138497,0.00016260376402274951,-10.828219166975142,-10.794495074403734
48,48,0.00016066128779298713,0.00016173859905010382,-10.849398849479218,-10.817664250403654
49,49,0.00015990784933032066,0.00016109473730658035,-10.870655250301349,-10.834987490700334
50,50,0.00015895118962099643,0.00015937349005406233,-10.895645268490624,-10.881640188740695
51,51,0.00015777250323996677,0.00015890906797721982,-10.925837085514225,-10.894314215846636
52,52,0.00015730110039699285,0.00015821041061395876,-10.939231168155212,-10.913450443609992
53,53,0.00015642882154332763,0.00015754173249373898,-10.963485014170825,-10.931844849364827
54,54,0.0001558153707049211,0.00015659031066063203,-10.982694721492873,-10.958152163409455
55,55,0.00015498475443461392,0.0001557852091010366,-11.004975811721167,-10.98053880492272
56,56,0.00015412698474054983,0.0001552354530615144,-11.029953496855814,-10.995891885412703
57,57,0.0001534036117349031,0.00015424489423534587,-11.049212149908232,-11.023693049850182
58,58,0.00015289317330431922,0.0001537862569277518,-11.065810940498132,-11.036625754761516
59,59,0.00015226624199170044,0.0001537481140602674,-11.083314692157995,-11.037703048132279
60,60,0.0001515075172832927,0.00015276823633987653,-11.10304020525554,-11.065470371867969
61,61,0.00015084297722085503,0.00015208715998788218,-11.12296562898468,-11.084875519167376
62,62,0.00015023810421140653,0.00015141431848812652,-11.139853457270302,-11.104131559086925
63,63,0.00014952401637781374,0.00015087878120156298,-11.159535665495826,-11.119519348749737
64,64,0.00014930577035369256,0.00015026877410587316,-11.166186345227214,-11.137113586075976
65,65,0.00014855231253847902,0.00014929442994272043,-11.188946518977755,-11.165364972094656
66,66,0.00014791952805550405,0.0001487591699084365,-11.206775161960124,-11.180963557670598
67,67,0.00014726991480763655,0.0001487167633297902,-11.225808344545708,-11.182201771668401
68,68,0.0001469146796038912,0.00014808612851131904,-11.235160203728578,-11.20065722755802
69,69,0.00014610452002596072,0.00014772901838449272,-11.259872729510878,-11.211142899740835
70,70,0.0001459390237944239,0.0001467806126272894,-11.267088380710334,-11.239114060435627
71,71,0.00014541221205889218,0.0001462863698466926,-11.28064122674268,-11.253762391954613
72,72,0.000144773770031308,0.0001458537000488784,-11.30243008323297,-11.266626511767608
73,73,0.0001443037980016484,0.00014536585474975015,-11.313501673750093,-11.281176957719945
74,74,0.00014380150414300007,0.00014475400721972905,-11.330335683978568,-11.299495069289314
75,75,0.00014329145703892004,0.00014496925225677458,-11.345972849889698,-11.293042032055535
76,76,0.00014268483344907152,0.00014379389329788913,-11.362503496792904,-11.32839659422594
77,77,0.0001427565829422728,0.00014364758681040257,-11.363953912985387,-11.332817675389688
78,78,0.00014220462429706852,0.00014358002839511946,-11.380096408935003,-11.334860671672175
79,79,0.00014153222297498303,0.00014334265755391434,-11.39705482865179,-11.342046500821791
80,80,0.00014103013126794058,0.00014218966335695433,-11.413860411065746,-11.377120760541002
81,81,0.00014069197416190327,0.00014219094009604305,-11.42303950517878,-11.377081764861668
82,82,0.00014045852378668437,0.0001419744527849712,-11.434378249270878,-11.383698986039569
83,83,0.00013983085107648765,0.00014141132583302495,-11.451758581031202,-11.400959079396289
84,84,0.0001394979986686202,0.0001410252259933929,-11.462535008760515,-11.41283297696263
85,85,0.00013876158849710656,0.0001404525790253262,-11.483834377510407,-11.430503838180698
86,86,0.00013856910813909466,0.00013992004249686082,-11.48882136057968,-11.447001736769684
87,87,0.00013824104496155452,0.00013963544992484937,-11.500258613780971,-11.455844133335862
88,88,0.00013812566897651834,0.00013939408266818836,-11.50478308369908,-11.463357638652049
89,89,0.00013740734098486354,0.00013894919079336288,-11.52682253101197,-11.47724080158358
90,90,0.00013723535647438168,0.000138858543083954,-11.531335364577231,-11.480074977640607
91,91,0.0001369828631178495,0.00013844330724647365,-11.540334250994064,-11.493081365263091
92,92,0.00013620597686913805,0.00013775682983625876,-11.563372826645628,-11.514669621391686
93,93,0.0001362488271588143,0.0001375092910357604,-11.565548426285709,-11.522480590918347
94,94,0.00013583111855772697,0.00013729486243774821,-11.577883170433944,-11.529258157749268
95,95,0.0001352299757892285,0.0001368642260786146,-11.595327732249501,-11.5429015608772
96,96,0.00013515872691191502,0.00013661505976128146,-11.597828746026844,-11.550815256154243
97,97,0.00013485422215998153,0.00013647005988260438,-11.608825401120512,-11.555427199359801
98,98,0.00013420407461679358,0.00013598495723655154,-11.629045648123917,-11.570892330242009
99,99,0.00013386696382346514,0.0001355703532585482,-11.638984006522662,-11.584153743499092
100,100,0.00013346429650201318,0.00013514001176717053,-11.65579522567782,-11.597961496479204
101,101,0.00013317854766861162,0.00013504366506822407,-11.660139966715795,-11.601058859130102
102,102,0.00013327454447808684,0.00013467922498851918,-11.662443114395835,-11.612794934765706
103,103,0.00013265182782017348,0.0001345788899159647,-11.68095092611775,-11.616031603817195
104,104,0.00013239536629137632,0.000134002112501644,-11.686933946058819,-11.634684571163358
105,105,0.0001320525361453039,0.00013376318460550944,-11.701542855825258,-11.642435022437251
106,106,0.00013185966438577828,0.00013275257668666249,-11.705558381373503,-11.675371426950347
107,107,0.00013138396280203206,0.00013309628871196,-11.720779178706032,-11.664141563779872
108,108,0.00013105101903214012,0.00013330506044439971,-11.73308871706164,-11.657334659068294
109,109,0.0001307633367442699,0.00013279619222310814,-11.742466054638644,-11.673944797329604
110,110,0.0001306570400291881,0.00013201352665323372,-11.74558820654675,-11.699616689537034
111,111,0.00013024562708169375,0.00013197691326862886,-11.7613400072387,-11.700821353691108
112,112,0.00012984280328964815,0.00013147188675295758,-11.771557037288227,-11.71747206514774
113,113,0.00012948330144935585,0.00013124798792169283,-11.785432832664046,-11.724874478123514
114,114,0.0001289943504218041,0.000131112168003854,-11.798887671780932,-11.729371033319653
115,115,0.00012899357511976387,0.00013034626624032266,-11.802514713443465,-11.754815067051311
116,116,0.00012860822975311486,0.00013051106093610687,-11.817204660911926,-11.749327819495585
117,117,0.0001282891996394478,0.00013018770550843328,-11.825672356162045,-11.760101292025805
118,118,0.0001281898486885223,0.00012920504913812406,-11.82891951429913,-11.793006164896722
119,119,0.00012773182813183778,0.0001299092427392392,-11.844683325580421,-11.7694005084216
120,120,0.00012764835542070286,0.0001291193142318853,-11.84895896447947,-11.795888912583958
121,121,0.00012694462960089085,0.00012878425829847785,-11.870290663721729,-11.807173209536156
122,122,0.0001269081683520986,0.00012838666397759594,-11.872003167920973,-11.82060187834849
123,123,0.0001264086289309714,0.00012805623631912137,-11.888818929099283,-11.83179368658294
124,124,0.00012621637150230002,0.00012820090533319957,-11.894557105700533,-11.826890099444938
125,125,0.00012605964947556692,0.0001278409725177641,-11.90304556445749,-11.839100362850317
126,126,0.00012585253161606234,0.00012746264837915078,-11.908748884541534,-11.851971641797245
127,127,0.00012565646901157847,0.00012723542443525635,-11.914183491428986,-11.859720591766084
128,128,0.00012539843122532458,0.00012683624318972426,-11.924457256644349,-11.873367320382549
129,129,0.0001250526792947059,0.00012662013729200944,-11.936804582964523,-11.880773219689512
130,130,0.0001246275869468179,0.00012648724269207664,-11.949628822009185,-11.885333766026235
131,131,0.00012404718170765808,0.00012612882672233115,-11.97090400610347,-11.897657462036245
132,132,0.00012396180959653647,0.00012596688956316364,-11.976417983146547,-11.903236963770826
133,133,0.00012384657290483316,0.0001254635587285616,-11.977892068798841,-11.920625000703405
134,134,0.00012351783028786964,0.0001249165238971871,-11.991624796753054,-11.93960211615116
135,135,0.00012327158832910578,0.00012462882487421952,-11.996155343786628,-11.949616019764015
136,136,0.00012286564187607583,0.00012502209153210156,-12.012429024226595,-11.935933419822778
137,137,0.0001228238784794494,0.00012459007044335042,-12.01517592165683,-11.950966706724566
138,138,0.00012245015334217934,0.00012397542626498952,-12.029806347275237,-11.972444918511835
139,139,0.00012234476312140445,0.00012372805864096766,-12.031383020814609,-11.981119033845182
140,140,0.00012197909794493396,0.0001234922724267419,-12.043526591017722,-11.989403197397108
141,141,0.0001217404813397695,0.00012324791398561117,-12.050303796622455,-11.998005246283226
