,epoch,train_loss,test_loss,train_dbs,test_dbs
0,0,0.00010884495556460137,9.452177925452001e-05,-12.536933562104366,-13.150482139637557
1,1,7.672039470149291e-05,6.151600284379368e-05,-14.059641712631493,-15.015919937130807
2,2,4.791219133452258e-05,3.078728025828145e-05,-16.10370722223525,-18.02208776936059
3,3,3.209126977530217e-05,3.370248238130252e-05,-17.843682926832123,-17.629182117214068
4,4,3.1467961870822766e-05,3.2941899725732294e-05,-17.930842319674923,-17.728314611771964
5,5,3.0505529007923635e-05,3.201150770780116e-05,-18.06074616026868,-17.85273972620803
6,6,2.95826659060639e-05,3.055797251842083e-05,-18.19624235341409,-18.054555660649225
7,7,2.8821909358363703e-05,2.9854502300670566e-05,-18.310504436878297,-18.155702665238863
8,8,2.840060825320441e-05,2.9806140829398492e-05,-18.37483711189794,-18.162743529570374
9,9,2.8570452975811312e-05,2.9799035952524527e-05,-18.350169206761088,-18.163778878847793
10,10,2.8248933284482246e-05,2.9873871857202367e-05,-18.397538992851725,-18.15288588278591
11,11,2.831627155960773e-05,2.904819570846341e-05,-18.387138073678905,-18.274609401349796
12,12,2.8283710786670725e-05,3.013278431975969e-05,-18.393517313331504,-18.115408389873078
13,13,2.8138134533121758e-05,2.8706504676129523e-05,-18.41362717082417,-18.32599786333595
14,14,2.7946074174137393e-05,2.924910940667982e-05,-18.443251850774125,-18.244674550755285
15,15,2.7970349900400478e-05,2.9098097576551434e-05,-18.439934833198578,-18.267155061599617
16,16,2.7689287627563506e-05,3.0256249374360777e-05,-18.48707872354112,-18.097650110479847
17,17,2.8305332326107016e-05,2.938620883995961e-05,-18.386085673384663,-18.224365413657807
18,18,2.749576459482154e-05,2.8728785668806123e-05,-18.515282133548055,-18.322628327777558
19,19,2.895795138833022e-05,3.009700843617075e-05,-18.288865308837092,-18.12056772047817
20,20,2.7899880769462133e-05,2.8926623072996e-05,-18.452716949592933,-18.29282365479124
21,21,2.7049400966096017e-05,2.90050805855763e-05,-18.58617233385109,-18.281060256355566
22,22,2.6946439302452006e-05,2.8587615337241196e-05,-18.60280439498591,-18.344021722654706
23,23,2.808597150526355e-05,2.8804083788265033e-05,-18.421571771298677,-18.31126036481691
24,24,2.7603583541499528e-05,3.8811844110329586e-05,-18.495612789704097,-17.01615823705445
25,25,2.683174956398512e-05,2.873240000075097e-05,-18.620609480763594,-18.322081981786543
26,26,2.701518129357545e-05,2.740475343001124e-05,-18.594249238810832,-18.52754203123574
27,27,2.70263793017594e-05,2.8602322153777716e-05,-18.589114893515774,-18.341788081671982
28,28,2.64829627526852e-05,2.779812377028927e-05,-18.676544378083932,-18.46564617778703
29,29,2.6484303254113274e-05,2.7757463995888093e-05,-18.678753490993046,-18.472003168873158
30,30,2.6216361248705504e-05,2.7360635756753925e-05,-18.720658619985908,-18.53453917540991
31,31,2.722176727682794e-05,2.7995872043998372e-05,-18.558117372592427,-18.43486102163089
32,32,2.6067726439484348e-05,2.808123520624481e-05,-18.748270271374977,-18.421638949104416
33,33,2.6215423812826294e-05,2.716506318584403e-05,-18.721615572065463,-18.565693825142077
34,34,2.679629281927416e-05,2.6946191562609257e-05,-18.626418186010156,-18.600827091614114
35,35,2.5906520903911008e-05,2.901086372730788e-05,-18.772756377509378,-18.28019443004518
36,36,2.652466707903719e-05,2.7003663394440847e-05,-18.672358928488034,-18.591574162615196
37,37,2.5667977986569858e-05,2.6876104560582653e-05,-18.814150936952238,-18.612137800235132
38,38,2.6114712557866425e-05,2.9188594692784948e-05,-18.73641337481919,-18.25366916001234
39,39,2.650003835631501e-05,2.703806804722837e-05,-18.67536559454755,-18.586044453452498
40,40,2.5282228063550758e-05,2.600270329965401e-05,-18.878435202737723,-18.755616015012734
41,41,2.5457664828395864e-05,2.7053882341102796e-05,-18.84738573779534,-18.583505051300705
42,42,2.5105679661774236e-05,2.726279968843109e-05,-18.910064634524556,-18.550096494239718
43,43,2.4886591445559217e-05,2.652797449723278e-05,-18.94808385393269,-18.66876010692841
44,44,2.4791386693454415e-05,2.607787925961403e-05,-18.964092927569222,-18.743078318369136
45,45,2.4337060194832786e-05,2.5875662590566973e-05,-19.04337663794607,-18.776886225927406
46,46,2.5953874617548582e-05,2.634905889097258e-05,-18.76359808620062,-18.69814993917944
47,47,2.435654330594806e-05,2.583985482679533e-05,-19.03991036525545,-18.782900326714593
48,48,3.1632669861116396e-05,3.7569588656831334e-05,-17.904355325742962,-17.157436619811325
49,49,3.4098042493665675e-05,3.237953483460986e-05,-17.58072896868036,-17.80309496678273
50,50,2.9057966026605934e-05,2.8468197055381577e-05,-18.272845753097215,-18.362201387234595
51,51,2.6677893645720577e-05,2.7374391337568676e-05,-18.646285203168546,-18.532356305212847
52,52,2.553936514063419e-05,2.6538621042211736e-05,-18.833667263055894,-18.667017490598596
53,53,2.5386948539928254e-05,2.6893930656737403e-05,-18.861497783661385,-18.609258212953396
54,54,2.4870193059185338e-05,2.565806464285982e-05,-18.94864505127902,-18.81356207091837
55,55,2.4623558161205363e-05,2.6372345976261913e-05,-18.992690115781517,-18.694313374761652
56,56,2.422334740369535e-05,2.6431426752089082e-05,-19.06735881963318,-18.684594953402854
57,57,2.4762378538089814e-05,2.551724987585514e-05,-18.971021759843005,-18.837462356123982
58,58,2.421118806898786e-05,2.5525044532658188e-05,-19.066287125268538,-18.836135935945016
59,59,2.3921191135854052e-05,2.5560753305111766e-05,-19.120175880649214,-18.830064532144252
60,60,2.425418270578711e-05,2.658792676045682e-05,-19.060934493021144,-18.658956282636193
61,61,2.4688460453222603e-05,2.59030889298485e-05,-18.982703386286197,-18.772285454926575
62,62,2.4203716991943327e-05,2.591395404076473e-05,-19.06829963830329,-18.7704641785608
63,63,2.4471696492911017e-05,2.5716696606985734e-05,-19.01952945533996,-18.80364920751277
64,64,2.4059845600277185e-05,2.505483414432475e-05,-19.095506381287095,-18.916885698670598
65,65,2.400564471358426e-05,2.5570636831904075e-05,-19.103653526015194,-18.828385578691357
66,66,2.4231346193944062e-05,2.5777635241147916e-05,-19.06468994785366,-18.793370280121756
67,67,2.358960955461953e-05,2.5152704486237398e-05,-19.177273003548663,-18.89995413642683
68,68,2.3911490015305708e-05,2.5938970123350276e-05,-19.121526838504543,-18.766273731196925
69,69,2.379853179535502e-05,2.600255414252292e-05,-19.144125767756726,-18.755640927155145
70,70,2.4140395767390894e-05,2.4922223402475202e-05,-19.081407601123463,-18.93993317341878
71,71,2.6213367885988584e-05,2.938561900871144e-05,-18.72149790916494,-18.224452584830026
72,72,2.7990797160285737e-05,2.7692785136567084e-05,-18.438006581687166,-18.482134659669907
73,73,2.5310996890541517e-05,2.6268050293621952e-05,-18.87611843676362,-18.711522629225943
74,74,2.443582615314037e-05,2.6188022610241252e-05,-19.02616557913334,-18.724773948408743
75,75,2.4288871705702496e-05,2.560208945636221e-05,-19.053168547621198,-18.823046913369243
76,76,2.4101861498886286e-05,2.593040383209499e-05,-19.087896954560907,-18.767708216625483
77,77,2.398155062372698e-05,2.532763267625246e-05,-19.10718228610819,-18.869855030116348
78,78,2.3876441146151675e-05,2.510383369793233e-05,-19.129369275706466,-18.908400528137847
79,79,2.644334167551691e-05,2.919141202016219e-05,-18.68412499683905,-18.253249992628334
80,80,2.741831886129317e-05,2.7802484175098424e-05,-18.52928467739558,-18.464964998274308
81,81,2.625387527043187e-05,2.735779219763476e-05,-18.71599522418674,-18.53499055608063
82,82,2.5886387550965138e-05,2.7140227566154574e-05,-18.779498665780483,-18.56966617228851
83,83,2.5783263800363295e-05,2.675023575935292e-05,-18.793925288079944,-18.632524880865752
84,84,2.549675518258885e-05,2.642059151089358e-05,-18.842705673246595,-18.686375655704065
85,85,2.5130112796254364e-05,2.6251827588758286e-05,-18.90720246751879,-18.714205587264683
86,86,2.4804617337910722e-05,2.5865420627125884e-05,-18.96053894274488,-18.77860556691828
87,87,2.4644813727474647e-05,2.5332471953956165e-05,-18.989046835548503,-18.869025315442506
88,88,2.4579216581505253e-05,2.509012426200666e-05,-19.00495274234854,-18.91077289834437
89,89,2.4246329669096537e-05,2.5176841901204744e-05,-19.060862537868186,-18.8957884931084
90,90,2.4382338507194553e-05,2.5589487402038158e-05,-19.03453708164003,-18.825185156846008
91,91,2.4019828152191133e-05,2.5846749083843622e-05,-19.10100856952669,-18.78174175269962
92,92,2.40094423321521e-05,2.5636730099090766e-05,-19.10257434618465,-18.817174708502247
93,93,2.4198078302940782e-05,3.174077315442877e-05,-19.069135994524103,-17.889626007864955
94,94,2.4592035215485422e-05,2.5428622489255903e-05,-19.001995524142856,-18.852572676935893
95,95,2.3929807754292287e-05,2.498503071317253e-05,-19.11802130215786,-18.92900214411552
96,96,2.366271456059959e-05,2.4678289934710944e-05,-19.168852727913077,-18.98265039789031
97,97,2.52503885574172e-05,2.5078268089074346e-05,-18.88633376853872,-18.912825613345007
98,98,2.4177526113620394e-05,2.5514434271731023e-05,-19.07382788297012,-18.837941588332754
99,99,2.3950366975788204e-05,2.4993241631340136e-05,-19.112871344731722,-18.927575141413605
100,100,2.342093201375449e-05,2.5452614672279817e-05,-19.211743740034105,-18.84847699292755
101,101,2.363906411663209e-05,2.4554006430614544e-05,-19.170678373197664,-19.004577368055713
102,102,2.371211516238526e-05,2.498082731586979e-05,-19.16013399121108,-18.92973284797217
103,103,2.3672977852012202e-05,2.509358024613711e-05,-19.164851469978743,-18.910174730132404
104,104,2.3611199983711277e-05,2.5442474380772756e-05,-19.176836178343684,-18.85020756174534
105,105,2.3531742888585587e-05,2.5489590514457394e-05,-19.189817789699447,-18.842172433875717
106,106,2.344069955292933e-05,2.4795606326446623e-05,-19.210573215487862,-18.962053695016795
107,107,2.34196692694353e-05,2.504609208125131e-05,-19.21243944789055,-18.918401291326383
108,108,2.4064516736936787e-05,2.4691156125443643e-05,-19.092918606202197,-18.980386764728205
109,109,2.3557648532492823e-05,2.53251363526368e-05,-19.18425081258644,-18.870283097364396
110,110,2.3852292205325266e-05,2.4937480798383293e-05,-19.12853856566582,-18.937275234241593
111,111,2.3626844211452708e-05,2.4215240237505275e-05,-19.173410879092337,-19.064913200470677
112,112,2.3708778226324455e-05,2.5696140877890255e-05,-19.157227594794367,-18.80712197448307
113,113,2.3835271780832775e-05,2.4605189728869225e-05,-19.133575754689737,-18.99553383855707
114,114,2.3492139466865992e-05,2.5028344488849764e-05,-19.19535994159524,-18.92147978099007
115,115,2.3139095367124476e-05,2.4927496748492367e-05,-19.264722026722673,-18.93901433773504
116,116,2.3860413083517396e-05,2.560078792157583e-05,-19.130042861004206,-18.82326770149866
117,117,2.3432933771472724e-05,2.4732280125087863e-05,-19.21043646298235,-18.973159452507133
118,118,2.3278658444883384e-05,2.588388853933123e-05,-19.236560250554206,-18.775505810483754
119,119,2.336182588459048e-05,2.4985944324534532e-05,-19.222938249644884,-18.928843341381384
120,120,2.3648467372977486e-05,2.5278632835436026e-05,-19.16702537739593,-18.878265201037205
121,121,2.3569525061229234e-05,2.5895717523158773e-05,-19.18458916873454,-18.77352153023025
122,122,2.799065351638026e-05,2.8549342076937472e-05,-18.436096735327446,-18.349839977246017
123,123,2.714432674710946e-05,2.724212878858548e-05,-18.568847005411122,-18.553390603018563
124,124,2.5624364696472485e-05,2.615115025898711e-05,-18.82104088200681,-18.730893059757204
125,125,2.4859402964063248e-05,2.573950261744597e-05,-18.95483753534733,-18.79979951581578
126,126,2.463593487452281e-05,2.568667523997934e-05,-18.99146047468716,-18.808722071429678
127,127,2.4336342547255683e-05,2.5709834230120148e-05,-19.04580799753888,-18.8048082561107
128,128,2.436875401304185e-05,2.543362595468735e-05,-19.037508601459706,-18.851718221027724
129,129,2.406414241892149e-05,2.517622669984121e-05,-19.094843881260566,-18.89589461516407
130,130,2.3976597665600867e-05,2.4969265436275716e-05,-19.11086495595336,-18.93174335899273
131,131,2.37595087812749e-05,2.482903681467226e-05,-19.150857716678477,-18.956202296259622
132,132,2.378104063703261e-05,2.5062204593651633e-05,-19.146692369808733,-18.91560831055051
133,133,2.3942969352161134e-05,2.4857459050652226e-05,-19.116189317434703,-18.95123369407473
134,134,2.3685467652088398e-05,2.468475687285383e-05,-19.161038521193724,-18.981512479650668
135,135,2.3637248802712286e-05,2.4480439701858958e-05,-19.169999212859498,-19.0176088799182
136,136,2.378758387946159e-05,2.493736275554463e-05,-19.145928385758186,-18.937295791841297
137,137,2.3223721448808535e-05,2.5584074711859056e-05,-19.248390166420304,-18.826103874007252
138,138,2.3888117192251867e-05,2.446758298901841e-05,-19.12644669441833,-19.01989032021487
139,139,2.3451196903272258e-05,2.4895435384869895e-05,-19.206331249076356,-18.94460376197376
140,140,2.345004479851473e-05,2.470158209402335e-05,-19.20680164524051,-18.97855332084429
141,141,2.3839263543702625e-05,2.542909312883e-05,-19.134783668346046,-18.852492297324844
142,142,2.3729032185768766e-05,2.486487669796732e-05,-19.15545690957893,-18.94993792094861
143,143,2.3758777622544548e-05,2.495898187541905e-05,-19.148891148354338,-18.93353236382987
144,144,2.356979202136479e-05,2.437313062393131e-05,-19.18509159244957,-19.036687860243667
145,145,2.350134465964355e-05,2.5281540154920596e-05,-19.195671834956663,-18.877765743564655
146,146,2.3388749271821464e-05,2.449223690124008e-05,-19.217180223289212,-19.01551650553819
147,147,2.320320562052375e-05,2.4362526777335197e-05,-19.251535204347448,-19.038577725850033
148,148,2.361826408531735e-05,3.9226932130986825e-05,-19.17477801775387,-16.969957579985934
149,149,2.4311326820473548e-05,2.536154313833992e-05,-19.050131737323927,-18.864044271300994
150,150,2.335565483177167e-05,2.423017385329953e-05,-19.22671077836504,-19.062235718087074
151,151,2.3237478118746893e-05,2.436125137855446e-05,-19.246092349536465,-19.038805088617778
152,152,2.3282797302112832e-05,2.4689276822180928e-05,-19.234557846768684,-18.980717329281205
153,153,2.3090521974210658e-05,2.4779885854130906e-05,-19.273085134689737,-18.964808005385958
154,154,2.338198622233791e-05,2.434790238973954e-05,-19.21760748064701,-19.041185500461527
155,155,2.310863854609593e-05,2.422622037556721e-05,-19.2707964429581,-19.06294438557858
156,156,2.337068281590713e-05,2.4089481724475166e-05,-19.22176646266776,-19.087526456251098
157,157,2.300740227828729e-05,2.442728931016877e-05,-19.290449261609265,-19.02704825949091
158,158,2.3146750762177746e-05,2.395736239697343e-05,-19.263071547335826,-19.11141099666492
159,159,2.2943695427981304e-05,2.4440164212903353e-05,-19.301489797315327,-19.024759824576087
160,160,2.3066689040600058e-05,2.417710416729709e-05,-19.27803457027554,-19.071758203946004
161,161,2.284698882821309e-05,2.4232062060036696e-05,-19.318289160369332,-19.061897294672796
162,162,2.2986975271067552e-05,2.4384591501745346e-05,-19.29003299863934,-19.034646175001996
163,163,2.2737636323448166e-05,2.460966453853823e-05,-19.33901980227515,-18.994744083032604
164,164,2.3175899035983823e-05,2.4452524437373014e-05,-19.2566948626672,-19.022564004487315
165,165,2.3048495818001517e-05,2.4206629907559163e-05,-19.279674448169665,-19.06645771695101
166,166,2.3012086232258824e-05,2.4281500947453377e-05,-19.288907986925526,-19.053045731481767
167,167,2.2729560648080335e-05,2.450639304266875e-05,-19.340997407519843,-19.013007074443646
168,168,2.2791421542933676e-05,2.4803959987414265e-05,-19.329834035551094,-18.960590799606265
169,169,2.3015133255163145e-05,2.4132001559145894e-05,-19.287747127477132,-19.07986757348876
170,170,2.2991398800138658e-05,2.4109378500725143e-05,-19.289965345520642,-19.08394086912995
171,171,2.281321708652126e-05,2.4553460638057195e-05,-19.32577659046722,-19.00467390518543
172,172,2.2899115260629842e-05,2.40609671508489e-05,-19.310126351287643,-19.092670218652742
173,173,2.28309416193089e-05,2.4539984511456598e-05,-19.320862636450865,-19.007058177688304
174,174,2.2989184443074393e-05,2.3755342274518243e-05,-19.291354222529126,-19.148188097994318
175,175,2.2467758088206427e-05,2.4590346009446013e-05,-19.394939443945592,-18.99815462336419
176,176,2.3109690981485627e-05,2.3800487293843425e-05,-19.27129296914266,-19.13994253111182
177,177,2.3020186960924003e-05,2.3483957193093374e-05,-19.2864092974878,-19.19808821984698
178,178,2.2690739185527117e-05,2.421785259349762e-05,-19.350262234919914,-19.064444706006654
179,179,2.2568407038091107e-05,2.4181627323789718e-05,-19.369704521972366,-19.070945783168742
180,180,2.258050165803126e-05,2.356481352188367e-05,-19.368429563679843,-19.183160946952174
181,181,8.047449436040533e-05,4.312590403730466e-05,-13.852198276004675,-16.558418898716152
182,182,3.962553946809008e-05,3.828819497261735e-05,-16.927658237837562,-17.07515209246563
183,183,3.459499788094917e-05,3.5943122432064756e-05,-17.519659261099466,-17.34964299838553
184,184,3.433292812653385e-05,3.5284835145208295e-05,-17.549092182236237,-17.429920093512766
185,185,3.341510590374681e-05,3.4621658319098825e-05,-17.669415432136574,-17.512322360410877
186,186,3.2321974789194484e-05,3.252202747573488e-05,-17.81291590228125,-17.78402489666957
187,187,3.114766690318386e-05,3.177972078111978e-05,-17.971282707571078,-17.884300249065905
188,188,3.1740962082583736e-05,3.292804927025971e-05,-17.89023807711462,-17.730140991346847
189,189,3.142736499022558e-05,3.2990995494305696e-05,-17.932696452780895,-17.72184681591803
190,190,3.100686962236218e-05,3.16199660262914e-05,-17.99100697998287,-17.906187030788683
191,191,3.095455184913739e-05,3.3100080193100056e-05,-17.9998619137641,-17.70751056090216
192,192,3.123945579008972e-05,3.214824832148703e-05,-17.959758535712773,-17.83422787779527
193,193,3.099438713574854e-05,3.2084723946019566e-05,-17.995784187878403,-17.84281795038643
194,194,2.9973111109545253e-05,3.1489022244625775e-05,-18.137593917298574,-17.92420926343215
195,195,2.982191612899601e-05,3.161998660959254e-05,-18.16111773272471,-17.90618420371063
196,196,2.949370263167177e-05,2.9782033188415592e-05,-18.208180279946053,-18.16625758791983
197,197,2.9128963827124326e-05,3.050995196405749e-05,-18.265287078388333,-18.061385781781777
198,198,2.9335695929608076e-05,2.976439597994996e-05,-18.232966619162426,-18.16883028376197
199,199,2.8177915775119902e-05,2.8786190293766068e-05,-18.408274070905154,-18.313959100426974
200,200,2.759901952831382e-05,2.8507055647328105e-05,-18.496458131160487,-18.35627738554156
201,201,2.7055068468265763e-05,2.762513500592353e-05,-18.585143852940764,-18.492756929274215
202,202,2.640133462807274e-05,2.7237615014248723e-05,-18.690249286481066,-18.554110249314473
203,203,2.5713589023972727e-05,2.6715542461667946e-05,-18.805857379857834,-18.638161050527778
204,204,2.525806909953016e-05,2.639977518763197e-05,-18.88414983376209,-18.689798734852932
205,205,2.4978744102217086e-05,2.59236868786454e-05,-18.930982385049816,-18.768833349009327
206,206,2.4896840410086222e-05,2.5780935558079937e-05,-18.946491523080137,-18.79281428742768
207,207,2.4581640684924968e-05,2.5710341249482315e-05,-19.0008506497868,-18.804722610463184
208,208,2.430809409187785e-05,2.563362565859662e-05,-19.04818520580366,-18.817700642585493
209,209,2.426243135392049e-05,2.5388474521031113e-05,-19.05896317682535,-18.859434951923323
210,210,2.3984783933649186e-05,2.5705818284462256e-05,-19.105045130384948,-18.80548668882801
211,211,2.387845859292489e-05,2.5547951353425896e-05,-19.127162286534563,-18.832240215182278
212,212,2.3755989627481785e-05,2.523460534575861e-05,-19.149594579349206,-18.88583585037565
213,213,2.3656821522496273e-05,2.5690061911039886e-05,-19.168004071761892,-18.8081495116926
214,214,2.3682085719480438e-05,2.4926810032124386e-05,-19.163994183663537,-18.939133981211608
215,215,2.3480124423024125e-05,2.4667249051976558e-05,-19.19983075329329,-18.98459383376126
216,216,2.352855143417213e-05,2.4767373456837193e-05,-19.191392674010807,-18.967001493094916
217,217,2.3806407400640928e-05,2.475933505545407e-05,-19.14092765698519,-18.968411250980928
218,218,2.39806127002836e-05,2.5273946065633362e-05,-19.108994741790543,-18.87907047677717
219,219,2.373848807091582e-05,2.5726416711940576e-05,-19.15279959201755,-18.80200802068589
220,220,2.3561960118705738e-05,2.51939905674111e-05,-19.18602696752504,-18.892831396301318
221,221,2.3520919892258255e-05,2.5582270896656585e-05,-19.191300573292438,-18.826410085826687
222,222,2.351879189030949e-05,2.4855139839162705e-05,-19.193490018225635,-18.951638911575117
223,223,2.315717263383666e-05,2.508866792164841e-05,-19.259787963218155,-18.911024989139705
224,224,2.296346526433349e-05,2.445687230072891e-05,-19.298314170483863,-19.021791861220603
225,225,2.322225423695366e-05,2.569118106820449e-05,-19.248658637393735,-18.807960320558692
226,226,2.3180734256739108e-05,2.425340206077396e-05,-19.25747621002953,-19.058074357085005
227,227,2.2868612524183208e-05,2.4240345881384872e-05,-19.31607002620804,-19.060412896398233
228,228,2.3146606565074462e-05,2.4091007665112174e-05,-19.26280673762768,-19.08725136249137
229,229,2.3110416411336982e-05,2.4478033178878067e-05,-19.268942458776802,-19.01803582936761
230,230,2.297666144175347e-05,2.426802616116076e-05,-19.294493930451374,-19.055456476067963
231,231,2.285811784606698e-05,2.377326281451755e-05,-19.315569012422745,-19.144913105181608
232,232,2.262204942002727e-05,2.4164110264361004e-05,-19.36220206274856,-19.074092932415606
233,233,2.239912615531813e-05,2.4770181066981567e-05,-19.40611801536979,-18.966509208158342
234,234,2.2950574845905515e-05,2.4459090366833964e-05,-19.30097627336127,-19.021398004566027
235,235,2.2935787755974987e-05,2.474028181160592e-05,-19.29908379192377,-18.97175459769672
236,236,2.3103841570999292e-05,2.4894070520531386e-05,-19.269943181220928,-18.944841865582195
237,237,2.2850513954667287e-05,2.4333665159677987e-05,-19.31891698024394,-19.043725743490192
238,238,2.4091632177569597e-05,2.568811530516924e-05,-19.089833118005675,-18.808478600902955
239,239,2.3768021145366857e-05,2.5099226676454572e-05,-19.145954676660764,-18.909197612616957
240,240,2.314631662378928e-05,2.467313348269703e-05,-19.260973467782264,-18.983557937535135
241,241,2.32993562752471e-05,2.4334573409808064e-05,-19.23553257993915,-19.0435636467999
242,242,2.3228484556947825e-05,2.477827418165122e-05,-19.247550225602044,-18.96509047772323
243,243,2.3288645887490574e-05,2.406734998466594e-05,-19.236745270667054,-19.091518285783742
244,244,2.3013931718899764e-05,2.389051056333732e-05,-19.28681724386593,-19.12354670910061
245,245,2.2857216536817524e-05,2.402204326675641e-05,-19.31686448339861,-19.099701571981644
246,246,2.2847228156586932e-05,2.394389163160476e-05,-19.319811344199415,-19.113853638027653
247,247,2.2986456671562863e-05,2.399086071435656e-05,-19.293912887249665,-19.10534272726286
248,248,2.2418147711936606e-05,2.3727516427721928e-05,-19.399916321814025,-19.153278193001896
249,249,2.2726180121907484e-05,2.414840539705964e-05,-19.341496176289606,-19.076916439887682
250,250,2.251688351627552e-05,2.3511094696004875e-05,-19.384227124531787,-19.19307251346797
251,251,2.288531635075714e-05,2.4236756345137684e-05,-19.312848536501146,-19.061056051915372
252,252,2.3131524217534045e-05,2.392837182254114e-05,-19.264010444046153,-19.116669534827313
253,253,2.2657110112612425e-05,2.379902540078068e-05,-19.355623517413406,-19.140209295225375
254,254,2.2521929130346405e-05,2.3361437725773277e-05,-19.382543507888325,-19.220805351380992
255,255,2.2801258412598436e-05,2.4022123302290166e-05,-19.3274494605043,-19.09968710238288
256,256,2.2717285310605314e-05,2.3434151300630458e-05,-19.344641032967655,-19.20730872471487
257,257,2.2523850142552527e-05,2.4529143717556605e-05,-19.381631930607416,-19.008977142714482
258,258,2.2710990022685493e-05,2.3125452427944094e-05,-19.343578977645166,-19.264898639912595
259,259,2.2407554039541398e-05,2.3812236242137213e-05,-19.40322421071698,-19.137799194987867
260,260,2.244437462312695e-05,2.3766373009206482e-05,-19.395651706899066,-19.14617193032702
261,261,2.2420566574041493e-05,2.3593067357739384e-05,-19.40089932129861,-19.17795694446349
262,262,2.6638845447075827e-05,2.7033808835671824e-05,-18.65006894440137,-18.586728636131824
263,263,2.4067738204675406e-05,2.44620086481231e-05,-19.093687343858896,-19.02087986679417
264,264,2.2758166956806498e-05,2.397062890897934e-05,-19.338092924602446,-19.10900673437542
265,265,2.2232270857409848e-05,2.3578938166074775e-05,-19.436692806737362,-19.180558585029353
266,266,2.2206871445754605e-05,2.3458205568634805e-05,-19.442839840691036,-19.202853142835746
267,267,2.2416331169730145e-05,2.30359286146459e-05,-19.400506812283847,-19.28174378014901
268,268,2.2063896618963498e-05,2.3479560695705004e-05,-19.47344591426414,-19.19890135082476
269,269,2.2107241326836827e-05,2.353741499399276e-05,-19.462403236342432,-19.188213374912483
270,270,2.2989837507151435e-05,2.4362955388680445e-05,-19.289296519461345,-19.038501320842283
271,271,2.2784082933323644e-05,2.3744832536689692e-05,-19.332263342363195,-19.15010991038251
272,272,2.2668739268166185e-05,2.358649984862974e-05,-19.35162016333807,-19.179166041177798
273,273,2.2339259932365522e-05,2.374082444140712e-05,-19.416222533928327,-19.150843055411585
274,274,2.253298191941756e-05,2.3979737019736174e-05,-19.37917801418347,-19.1073568607141
275,275,2.2663617519074906e-05,2.3883510757035476e-05,-19.353732760564636,-19.124819357786663
276,276,2.279556605403225e-05,2.3719594345924345e-05,-19.328414895198186,-19.154728446298986
277,277,2.2648660681803338e-05,2.3378841624913837e-05,-19.357716848654178,-19.21757113121172
278,278,2.422782034551984e-05,2.4639570447585645e-05,-19.06549614429299,-18.989469697399763
279,279,2.3406526583430512e-05,2.4009686297320416e-05,-19.21347187404432,-19.101936163076406
280,280,2.34120192375879e-05,2.4147970084174486e-05,-19.213713238997045,-19.076994728985795
281,281,2.321825917364943e-05,2.3791700043243747e-05,-19.251383053987297,-19.141546262607864
282,282,2.3004350426622434e-05,2.3688544388278387e-05,-19.29061217940563,-19.16041727001456
283,283,2.3332564936579955e-05,2.406061206497007e-05,-19.22610090173995,-19.092734311245
284,284,2.2955851921689883e-05,2.4069368344881742e-05,-19.297078169906147,-19.091154088665554
285,285,2.2709850941517044e-05,2.3553682311964957e-05,-19.34421238847094,-19.185212889845932
