,epoch,train_loss,test_loss,train_dbs,test_dbs
0,0,0.0010795305283816973,0.00106518354119831,-19.672654373599304,-19.7236285900705
1,1,0.001062734350178045,0.0010509026102035453,-19.74579959876759,-19.782248355488075
2,2,0.0010391953797319654,0.0010297535060855903,-19.831763265765126,-19.870540269676678
3,3,0.0010278348813371099,0.0010152396831759497,-19.889214540018155,-19.932187213746438
4,4,0.0010100914610636218,0.0010052908787895973,-19.950661034935056,-19.97495564146547
5,5,0.0009956845345177217,0.00099473725698006,-20.01922297255831,-20.020789219248826
6,6,0.0009818609921530505,0.0009810085696364311,-20.077391452697878,-20.081145050844825
7,7,0.0009776307942019296,0.0009737718194772146,-20.09165189738347,-20.113301041735774
8,8,0.0009686616753448837,0.0009618284989540514,-20.143665597490525,-20.166896652134895
9,9,0.000959552348034514,0.00095543581502218,-20.17811801077582,-20.195857892631743
10,10,0.0009538210687208345,0.0009452956483552331,-20.208710094698276,-20.24219647641889
11,11,0.0009497774251227834,0.0009389287596078296,-20.22482263825288,-20.271546644713546
12,12,0.0009401811409223172,0.0009368492572225238,-20.26193943625178,-20.281175894794533
13,13,0.0009331872234284186,0.0009276516196366988,-20.293111208930704,-20.32402399105173
14,14,0.0009211792380155362,0.0009126661553684818,-20.358912885065333,-20.394753605005654
15,15,0.000912595247446569,0.0009033013024906579,-20.403915974245837,-20.439546698244694
16,16,0.0008962020012742081,0.0008937291598780767,-20.47018140511576,-20.48581378298582
17,17,0.0008901195059357615,0.0008800028682392286,-20.50304249017279,-20.55303218605294
18,18,0.0008788167969467714,0.0008736724603774124,-20.562154416914183,-20.5843866004002
19,19,0.0008680454686946553,0.0008613529805044987,-20.617289283905983,-20.646061454493008
20,20,0.0008536365498865465,0.0008480149002647714,-20.678396440556686,-20.713838230693284
21,21,0.0008443094365125926,0.0008418024793316267,-20.72923840289853,-20.745771057500647
22,22,0.0008281464040394604,0.0008219726150855422,-20.815406146686417,-20.84929957489834
23,23,0.0008135540458882592,0.0008092827169763806,-20.89132167417531,-20.916870405680807
24,24,0.0008049327652114108,0.0007983217518286485,-20.937579534724126,-20.976093436464083
25,25,0.0007912785927381021,0.0007867292458142497,-21.002823591531474,-21.03962011376555
26,26,0.0007859600039400621,0.0007832874543964863,-21.044233929304102,-21.058661356000314
27,27,0.0007822905485902327,0.0007762775057926774,-21.070929570269612,-21.097703044897273
28,28,0.0007717677244446097,0.0007717074385206951,-21.12438817175888,-21.12334619823377
29,29,0.0007666312218115656,0.0007672694444313253,-21.15755167545973,-21.148394029787163
30,30,0.0007614926057003592,0.0007595299026242605,-21.184881783818845,-21.1924242960616
31,31,0.0007558851292808109,0.0007543924638364268,-21.211286415673065,-21.22189965002344
32,32,0.0007500033465588523,0.0007496148402998714,-21.24050296715382,-21.249491304824126
33,33,0.0007454030144930884,0.0007484118840167005,-21.276426949580838,-21.256466312406697
34,34,0.0007450817052044512,0.000743803758125164,-21.27477348105842,-21.28328937941958
35,35,0.0007396183497531666,0.0007388407462521604,-21.302426820137516,-21.312364679861385
36,36,0.0007340369221619954,0.000733190130344347,-21.33445411229282,-21.34570696093491
37,37,0.0007302386586592754,0.0007266519517686806,-21.364269015756957,-21.384608618828082
38,38,0.0007242388908088822,0.0007261425305746103,-21.40787602563822,-21.387654319032833
39,39,0.0007169092495292041,0.0007170374738052487,-21.44866372870577,-21.442454529216505
40,40,0.0007159559682645288,0.0007135389942528778,-21.459062535884005,-21.4636959438132
41,41,0.0007116366087785471,0.0007130187862601719,-21.477046698304697,-21.466863337013457
42,42,0.0007056138495021721,0.0007024039636905256,-21.516160290642702,-21.53200352632263
43,43,0.0007046745560784853,0.0007021176248886867,-21.519940352679164,-21.533774312394232
44,44,0.0006990745230385861,0.0006961082874209081,-21.553661737848778,-21.571105020519813
45,45,0.0006975163363601974,0.0006935723757028187,-21.56789974540297,-21.586955189806176
46,46,0.0006941726158814716,0.0006940417592168638,-21.586402864159318,-21.58401704334757
47,47,0.0006907904975490702,0.0006902219366135174,-21.606901543346126,-21.607985483670106
48,48,0.0006901413327102194,0.0006861349316558948,-21.61595934624922,-21.6337777612182
49,49,0.0006891871957329207,0.0006882747187965402,-21.619817063774676,-21.620254886169175
50,50,0.0006893491768518213,0.0006882571125108944,-21.616634565812355,-21.620365981496278
51,51,0.0006848553077980262,0.0006861391532430915,-21.638282441375996,-21.633751040433417
52,52,0.0006838793255455946,0.0006863144257007853,-21.651872780984228,-21.632641788174723
53,53,0.0006816173962451825,0.0006814021800987815,-21.66363490800597,-21.66383787547411
54,54,0.0006817098960194007,0.0006840232036713706,-21.662613637578822,-21.647164720190016
55,55,0.0006818899389154749,0.0006800494922668134,-21.65979465299599,-21.672467855757574
56,56,0.000679904517607245,0.0006779408646061233,-21.677202118018258,-21.68595493375895
57,57,0.0006758886624665297,0.000678958680701295,-21.692097114781845,-21.67943960993622
58,58,0.0006769679381137656,0.0006782600018931063,-21.69532184792981,-21.683910995155337
59,59,0.0006754992346125702,0.0006767226916149651,-21.701341723988786,-21.693765669468736
60,60,0.0006755470519059712,0.0006786430910180666,-21.696258295963048,-21.681458741957048
61,61,0.0006750161026258828,0.0006756181369143489,-21.706742845514917,-21.70086006620646
62,62,0.0006741381198715073,0.0006782821483763033,-21.709761873798787,-21.683769192035616
63,63,0.0006742454764010749,0.0006789282197132707,-21.70965153677173,-21.679634457371755
64,64,0.0006772090090419521,0.0006744031316453689,-21.695905301464244,-21.708677279735724
65,65,0.0006738077151857931,0.0006759712950473553,-21.710681900531608,-21.698590521502016
66,66,0.0006768610142411414,0.0006738060466504019,-21.69806005488383,-21.71252402309973
67,67,0.0006733308240204819,0.0006760221011446495,-21.713506560699475,-21.698264117426756
68,68,0.0006757587063625531,0.0006772618967500564,-21.70609468282216,-21.69030663708128
69,69,0.0006775365897559936,0.0006756871987722422,-21.695925310497827,-21.70041615196995
70,70,0.0006727475700563914,0.0006771113901203009,-21.72829396889479,-21.691271868745186
71,71,0.0006726564660658772,0.0006762582496249754,-21.709269095688683,-21.696747302028236
72,72,0.0006746243974722,0.0006782497695990299,-21.71008390419058,-21.683976513722882
73,73,0.0006758958364107175,0.0006766330150544251,-21.70899468369985,-21.694341217127988
74,74,0.0006751884321067674,0.0006772254281187136,-21.71743364504565,-21.6905404986327
75,75,0.0006734474727730314,0.0006751024966912442,-21.719383377132118,-21.704175921592817
76,76,0.000674789126952822,0.0006722253839191245,-21.7138580163633,-21.722723984287935
77,77,0.000672957952345539,0.0006706422856567722,-21.71866679189837,-21.732963729777907
78,78,0.0006730391166278536,0.0006705101818385485,-21.722377282717964,-21.733819291854086
79,79,0.0006696902420707815,0.0006746307021546128,-21.733774801101333,-21.70721204417425
80,80,0.0006734303981257775,0.0006732962854010495,-21.71376228688342,-21.71581087819576
81,81,0.0006722795738617784,0.0006733491379571589,-21.723401010980147,-21.715469978162446
82,82,0.0006730271288501003,0.0006730258158457122,-21.717014757147254,-21.717555831158762
83,83,0.0006712260632055629,0.0006722972765074749,-21.73593784978362,-21.722259543555783
84,84,0.0006709341133810272,0.000675605211750065,-21.725294397979297,-21.700943151323834
85,85,0.000671598065366066,0.0006734982996835912,-21.727672659558994,-21.714508026375547
86,86,0.0006724511328412546,0.0006720667833609408,-21.722102669120723,-21.7237487518086
87,87,0.0006683185383360641,0.0006719920232794003,-21.741870710042583,-21.724231883807775
88,88,0.0006716098617186252,0.0006703651620467243,-21.72696440171146,-21.734758697532456
89,89,0.0006722160423001678,0.0006747252191416919,-21.72547871799231,-21.7066036323334
90,90,0.0006726434461522809,0.0006715703792379875,-21.730505884876678,-21.726957736900737
91,91,0.0006719388334157387,0.0006739252896391248,-21.72103474072899,-21.71175552316582
92,92,0.0006755862964710855,0.000670697705477084,-21.717388127768956,-21.73260485697426
93,93,0.0006712146473030761,0.0006701241915212258,-21.732959988662085,-21.73632010002139
94,94,0.0006692609203662531,0.0006709931736910029,-21.73999958563103,-21.730692043539364
95,95,0.0006716865116067845,0.000671797477958822,-21.73213878420782,-21.72548937182535
96,96,0.0006732162155364593,0.0006729132024032113,-21.722469488582725,-21.718282571317374
97,97,0.0006718454065194987,0.0006705780458440514,-21.726695280708654,-21.733379753835237
98,98,0.0006696351656219779,0.0006717748596872154,-21.743521253336702,-21.725635593807965
99,99,0.0006719931657666091,0.0006700479394854291,-21.729082056813272,-21.73681430278311
100,100,0.0006697437199091865,0.0006732011465110668,-21.736534190513467,-21.716424593365552
101,101,0.0006703579277472244,0.0006715286259637459,-21.730523060678625,-21.727227757450823
102,102,0.0006693461753869641,0.0006698417985860846,-21.742732192989237,-21.738150619544744
103,103,0.0006672098798216464,0.0006708358874005315,-21.754183477292077,-21.731710184677077
104,104,0.0006702496464959509,0.0006728329371023727,-21.737038256917028,-21.718800630054616
105,105,0.0006691861133206367,0.0006700074116356278,-21.74769203105476,-21.73707699374618
106,106,0.0006717739221111862,0.0006702128509794803,-21.734149884890627,-21.735745553286897
107,107,0.0006703382529577567,0.0006696147642000333,-21.74111692712043,-21.739622855147573
108,108,0.0006683619864544226,0.000670472506164132,-21.74405507971113,-21.7340633268838
109,109,0.0006695443244660561,0.0006723181240407652,-21.737802025814904,-21.722124873542835
110,110,0.0006697308284124916,0.0006707018351574478,-21.73355170515019,-21.732578116285303
111,111,0.0006682013585136185,0.0006676090997643769,-21.746254912342415,-21.752650586309183
112,112,0.000669116641577218,0.0006692959761590158,-21.73662847732558,-21.7416909226528
113,113,0.0006699662778008077,0.0006728183637422166,-21.7447963807193,-21.718894697959055
114,114,0.000669003270456049,0.0006689452535570844,-21.74796600772425,-21.74396729690884
115,115,0.0006690454884125016,0.0006682860732421671,-21.745649672217517,-21.748248955449117
116,116,0.0006703413037592833,0.0006702920930509112,-21.740670977806754,-21.735232099091142
117,117,0.0006716952511570273,0.000672989610680624,-21.733115376206026,-21.71778946449027
118,118,0.0006703321489543875,0.0006667489559683753,-21.738309119495636,-21.75824961955791
119,119,0.0006694942652775915,0.0006740331239263085,-21.744305662380484,-21.711060667367413
120,120,0.0006704063205163657,0.0006714121922605523,-21.73837968960769,-21.727980828833346
121,121,0.0006683493925969011,0.0006699155293110954,-21.739994102675503,-21.737672609887557
122,122,0.0006705765335186932,0.0006709443987347186,-21.737597900377814,-21.731007746666155
123,123,0.0006726023227398851,0.0006718063592224529,-21.72780485654664,-21.7254319578216
124,124,0.0006715595865017283,0.0006746501251319913,-21.728835798405363,-21.70708701027874
125,125,0.0006714014986952402,0.0006713116952022048,-21.73066890358017,-21.728630929995273
126,126,0.0006740739234223885,0.0006736735292514296,-21.71556641711949,-21.713378233825363
127,127,0.0006733817533234653,0.0006711270880738372,-21.715526295173643,-21.729825380851047
128,128,0.0006744729291369236,0.0006754492672993557,-21.71709693927822,-21.701945713630202
129,129,0.0006710343505735941,0.0006722418505600409,-21.727113682829412,-21.722617602055593
130,130,0.0006733897067702462,0.0006703135900591549,-21.724120831693483,-21.735092818284322
131,131,0.0006710866924624928,0.0006761151047325448,-21.730945097774843,-21.69766667886936
132,132,0.0006698974937478983,0.0006732082233372095,-21.739072009723486,-21.716378939694213
133,133,0.0006707366507922866,0.0006684442816645299,-21.740177313728424,-21.747220938917714
134,134,0.0006722746028075206,0.0006731287147359628,-21.722242108353388,-21.716891889251624
135,135,0.0006721414752861427,0.0006717773503623903,-21.731587614808923,-21.725619491918113
136,136,0.0006673066875628513,0.000673874376317192,-21.74871358017953,-21.712083633868616
137,137,0.000668646494099467,0.0006706611571931525,-21.743020737573744,-21.73284152321593
138,138,0.0006688961641594153,0.0006744637380746242,-21.744016826346602,-21.708287010860392
139,139,0.0006700319936499,0.0006694164721442288,-21.73514380428671,-21.740909115601145
140,140,0.0006713139255694353,0.0006735532752875434,-21.730302161478345,-21.714153539555703
141,141,0.0006696384630559646,0.0006736537233289136,-21.731619594786473,-21.71350591776914
142,142,0.000669127243172531,0.0006709200097247958,-21.74298088491497,-21.731165616751436
143,143,0.0006680929566464704,0.0006737854411384385,-21.744737731901985,-21.712656835754366
144,144,0.000667119699952759,0.000670489055521198,-21.75499858281604,-21.733956130754418
145,145,0.0006720140443145077,0.0006697050994262099,-21.73513678489916,-21.739037004203748
146,146,0.0006713381819619038,0.0006712150092138664,-21.73444766011402,-21.729256469750233
147,147,0.0006715129543643099,0.0006714283617360419,-21.736805305446904,-21.727876239886285
148,148,0.0006715376218108787,0.0006716712806864004,-21.730405783545386,-21.726305271396555
149,149,0.0006706348467935069,0.0006723721284958485,-21.73862556872718,-21.721776037269066
150,150,0.0006702317977468148,0.0006730764503835848,-21.732560577045103,-21.717229105605227
151,151,0.0006699544946499861,0.0006714537984838611,-21.73781957912777,-21.727711712580103
152,152,0.0006711562932228919,0.0006730179731292944,-21.729351599493242,-21.71760643944493
153,153,0.0006738147805156858,0.0006680197548121214,-21.721403353018218,-21.74998000568778
154,154,0.0006716355781032483,0.0006708582973499832,-21.726566465734344,-21.731565106648144
155,155,0.0006711883644438972,0.0006680843438708076,-21.73331928113266,-21.749560118168112
156,156,0.0006716894891986758,0.0006688702637084612,-21.72987716510538,-21.7444541753621
157,157,0.0006692694348868789,0.0006710314896496895,-21.74816569665511,-21.730444053917633
158,158,0.0006736355765300236,0.0006720374650812071,-21.719250234341487,-21.72393821281393
159,159,0.0006717037116705449,0.0006693571953004913,-21.729124419137253,-21.74129370049078
160,160,0.0006692871978247212,0.0006681026609026288,-21.74281591746066,-21.74944104822032
161,161,0.0006674723351643104,0.0006684141515411044,-21.7454160627476,-21.747416701550762
162,162,0.0006696702564404029,0.0006709437860224984,-21.735037904786783,-21.731011712682687
163,163,0.0006703706848262282,0.0006713712906562968,-21.730650956299264,-21.7282454037445
164,164,0.0006700677961619935,0.0006713065514831166,-21.741229311324695,-21.728664206599724
165,165,0.000667967736365792,0.0006738642972011707,-21.742807567069992,-21.712148591631674
166,166,0.0006681924905464745,0.0006694311956188789,-21.750326389200914,-21.740813595790357
167,167,0.0006702282308773665,0.0006693722373854957,-21.746060428261245,-21.74119610504909
168,168,0.0006683019083473332,0.0006677959402287869,-21.750975692548757,-21.751435317820764
169,169,0.0006685463355172464,0.0006686209664238911,-21.74922887294978,-21.74607315324931
170,170,0.0006705577270435073,0.0006696910866977353,-21.742375796257644,-21.7391278757579
171,171,0.0006686742555532489,0.0006697167624033204,-21.743941585008088,-21.738961372071017
172,172,0.0006689528710228036,0.000670300116517434,-21.743168324975596,-21.735180113898153
173,173,0.0006677476694020107,0.0006704583463847245,-21.753651248734602,-21.734155046960943
174,174,0.0006722772359540782,0.0006703703701005955,-21.728676986629868,-21.734724957409913
175,175,0.0006689393398419176,0.000667465094011277,-21.74621278786403,-21.75358747662536
176,176,0.0006689229978910964,0.0006680304466403628,-21.742453703448593,-21.749910496293573
177,177,0.0006708295334168931,0.0006700352011983724,-21.7418531639689,-21.736896867328696
178,178,0.0006706240147678662,0.0006697998216718828,-21.738513195984254,-21.738422786995137
179,179,0.0006643958112522576,0.0006710512496187891,-21.769388201464395,-21.730316168426043
180,180,0.000670359444146803,0.0006683664028777888,-21.743268306393514,-21.747726954133903
181,181,0.0006671410681651041,0.0006706064328012106,-21.752238961793296,-21.73319591187986
182,182,0.0006693142793890204,0.0006672035823085983,-21.744479818393025,-21.755289368531493
183,183,0.0006684020339252101,0.000671292722568308,-21.754006920595064,-21.728753672183515
184,184,0.0006680252107301939,0.0006675112649406257,-21.75643307052343,-21.753287070109334
185,185,0.0006670564090228188,0.0006650582286774328,-21.756209753093763,-21.769276349790086
186,186,0.0006660701930234881,0.0006685722190396566,-21.75656682037406,-21.74638979739946
187,187,0.0006684314978030539,0.0006676530741204164,-21.750486898634207,-21.75236453282016
188,188,0.0006668062228949491,0.0006711720917864065,-21.75432507744826,-21.729534166130296
189,189,0.0006697144012504555,0.0006714622784209879,-21.74696834976404,-21.727656864924853
190,190,0.0006697676678610601,0.0006672292825226721,-21.74424341837181,-21.755122084564626
191,191,0.0006697555144615087,0.0006677828067423482,-21.750334900298757,-21.751520730990173
192,192,0.0006655820641791468,0.0006674534800511442,-21.759841458206655,-21.753663044961836
193,193,0.000668004812245478,0.0006659700057322258,-21.752520334588507,-21.76332636623116
194,194,0.0006683597301574636,0.000666378491778711,-21.748525311769423,-21.76066335063407
195,195,0.0006681380339792555,0.0006677077311140142,-21.747290160458856,-21.75200901496106
196,196,0.0006650877131158774,0.0006670047081761846,-21.764008065201605,-21.756584068010667
197,197,0.0006663854883206029,0.0006691552147171215,-21.759902666527427,-21.74260439515178
198,198,0.0006661214007631174,0.0006699696164823285,-21.761124111683685,-21.737321986401735
199,199,0.000667974208817654,0.0006706176117356671,-21.75780173671107,-21.733123516077413
200,200,0.0006669598791181811,0.0006652308174556023,-21.759954652352526,-21.76814946154522
201,201,0.0006660863663521164,0.0006636675710691826,-21.767777508246752,-21.778367091403105
202,202,0.000664715914982227,0.0006686767354901684,-21.765171610788126,-21.74571092728086
203,203,0.0006645398944155457,0.0006662877919887634,-21.775131908658093,-21.761254502655017
204,204,0.0006642188443610272,0.0006650578579865396,-21.775005690029868,-21.76927877046616
205,205,0.0006678922134259543,0.0006677967153097454,-21.754741159309727,-21.751430277161372
206,206,0.0006644518760311388,0.000667617922820347,-21.77780514614365,-21.75259319075837
207,207,0.0006669452107876309,0.0006667278112696582,-21.76089653030925,-21.75838735013111
208,208,0.0006677036350064902,0.0006659990911813159,-21.752535751614825,-21.763136697415646
209,209,0.000667815505330134,0.0006644428021421558,-21.764005625310393,-21.773297051710312
210,210,0.0006657651518759577,0.0006680106866712633,-21.766280303706363,-21.750038960086027
211,211,0.0006654167898268122,0.0006643973572767879,-21.772320697765824,-21.77359409954
212,212,0.0006659300175745078,0.0006663178424596003,-21.759189571536336,-21.761058634450233
213,213,0.0006626811155751732,0.0006654053791671208,-21.782486992209044,-21.76700998873227
214,214,0.0006631655869381406,0.0006649446931030406,-21.78753834489467,-21.77001781994433
215,215,0.0006642304060827057,0.0006627816872328127,-21.781241721324406,-21.78416805991414
216,216,0.0006636462495998316,0.000662177464140481,-21.78091495087605,-21.788129099358365
217,217,0.0006624287007539773,0.0006606527971790025,-21.782594588022416,-21.79814028160424
218,218,0.0006613027455630837,0.0006600766975775753,-21.795276997174078,-21.80192904977801
219,219,0.0006613918998969969,0.0006630638595915547,-21.78963006279815,-21.78231949013931
220,220,0.0006601878024215243,0.0006631202046073189,-21.800854946968478,-21.78195045645682
221,221,0.0006621790258933973,0.0006617948376132469,-21.78704766068,-21.79063931190305
222,222,0.0006619142578463502,0.0006611482883607479,-21.792786345973955,-21.794884283428757
223,223,0.000659038739989406,0.0006639361442801984,-21.805685121015568,-21.77660994258266
224,224,0.0006623655412413334,0.00066503940615803,-21.78358844615571,-21.769399265824198
225,225,0.0006632746968984834,0.000661400535854658,-21.790150228400258,-21.793227638411174
226,226,0.0006597500712101915,0.0006643041514938599,-21.800468106901484,-21.774203397520115
227,227,0.0006602690741179761,0.0006595689552149883,-21.801168568084677,-21.805271003229144
228,228,0.0006602763992820665,0.0006614252894283517,-21.80222616659605,-21.793065102418026
229,229,0.0006611206485966662,0.0006585335052621208,-21.790874490703814,-21.812094301217027
230,230,0.0006622270820182317,0.0006594767021995626,-21.786030135800303,-21.805878487517173
231,231,0.0006609770574981405,0.0006617552717216313,-21.7984767580251,-21.790898965818446
232,232,0.0006606347982522062,0.0006586865791560788,-21.795791258542554,-21.8110849156397
233,233,0.0006623774324063711,0.0006627494156801779,-21.78522882564044,-21.78437952771303
234,234,0.0006595986274781532,0.0006626043438078149,-21.806780363270395,-21.78533027634821
235,235,0.0006624749122360317,0.0006597521255331996,-21.789417288443595,-21.80406508209108
236,236,0.0006598483869498692,0.0006612175738586014,-21.805806225376294,-21.794429185331012
237,237,0.0006626707276079766,0.0006606043898500502,-21.78978112496558,-21.79845850936585
238,238,0.0006624890987031622,0.0006613885573307542,-21.78545637241659,-21.79330629353253
239,239,0.0006625511378683534,0.000662880315518889,-21.78996891407687,-21.783521836059304
240,240,0.000658692176376959,0.0006629450118022138,-21.80866759266784,-21.783097990801696
241,241,0.000661684309982109,0.0006633227580766144,-21.797539323990442,-21.78062408423933
242,242,0.0006599536582049866,0.0006627961931946246,-21.803927017954624,-21.78407300915533
243,243,0.0006605997002328333,0.0006582182464434913,-21.801625794007112,-21.814173890900364
244,244,0.0006603790415911792,0.0006608162779900196,-21.800272576416525,-21.797065737888946
245,245,0.000659907171286681,0.0006606722170928199,-21.801681078338426,-21.798012622454227
246,246,0.0006629748032284305,0.0006604324873095672,-21.787773043365206,-21.799588777967266
247,247,0.0006594330302833282,0.0006632119123088686,-21.809386235402485,-21.781349880654023
248,248,0.0006614498729270297,0.000664250554492403,-21.793809128653017,-21.774553806605823
249,249,0.0006610210960942138,0.000660715327524629,-21.795322880459537,-21.797729244232144
250,250,0.0006613195639766138,0.0006618847255595028,-21.796450167874646,-21.79004947369455
251,251,0.0006631745719206855,0.0006616976951543046,-21.785986916138405,-21.791276843780388
252,252,0.0006611133552367616,0.000661813151581507,-21.79721282223925,-21.790519130468326
253,253,0.0006651237172545077,0.0006599171626332559,-21.78026390137752,-21.80297882960524
254,254,0.0006622675825486478,0.0006618416825260379,-21.792308566236542,-21.790331908974387
255,255,0.000657933245091363,0.0006633867129781528,-21.81514540031526,-21.780205375223435
256,256,0.0006618000478147692,0.0006629575478942378,-21.805104613881383,-21.7830158677897
257,257,0.0006628085303446758,0.0006640411294555586,-21.792530975432104,-21.775923266939373
258,258,0.0006608561301824742,0.000662295797251557,-21.793499780674964,-21.787353071350832
259,259,0.000659810898215846,0.00066325764514898,-21.803261608060186,-21.78105041626001
260,260,0.0006604595343851167,0.000656702136008167,-21.807147578687,-21.82418877387861
261,261,0.0006615992853917258,0.0006631786634802426,-21.79785030844969,-21.781567611133546
262,262,0.0006630582622127588,0.0006589917925578591,-21.787166206247583,-21.809073005883693
263,263,0.000661752209518604,0.0006605063804033163,-21.79714020807449,-21.79910289078984
264,264,0.0006602317456050401,0.0006602995256942354,-21.80290158769656,-21.80046320965318
265,265,0.0006607691097294086,0.0006592767282487138,-21.802930915427922,-21.80719560384898
266,266,0.0006601493025544224,0.0006611947166292291,-21.80026243975103,-21.794579316551967
267,267,0.0006621776703149848,0.0006579230110602159,-21.79679037242608,-21.81612230030154
268,268,0.0006609647870831883,0.0006610887449871944,-21.80293477034712,-21.795275429009067
269,269,0.0006605769428376531,0.0006603216966859213,-21.80092480606322,-21.800317388289944
270,270,0.0006615597959943884,0.0006633172252852665,-21.797780573662408,-21.78066030899936
271,271,0.0006599792641750776,0.0006608817432271806,-21.802046219473826,-21.79663551569261
272,272,0.0006587426958260001,0.0006625235577015893,-21.81452970440549,-21.78585980953745
273,273,0.000659910600137964,0.0006608311086893082,-21.80857108719353,-21.79696827027498
274,274,0.0006613200548412182,0.0006621104640592085,-21.799758458463764,-21.7885685470795
275,275,0.0006632894810442765,0.0006620172674669639,-21.787185349574152,-21.789179889397122
276,276,0.0006568391906990449,0.000657713420591072,-21.81864357630524,-21.817506025817018
277,277,0.0006617280701415363,0.0006576522045131577,-21.799572253235016,-21.8179102602649
278,278,0.0006593753290890725,0.0006596626174685202,-21.811847708106484,-21.80465432605461
279,279,0.0006602895890180137,0.0006572336209692845,-21.80286566952428,-21.820675344897154
280,280,0.000659370574663326,0.0006618505178362524,-21.80957089866827,-21.79027393286074
281,281,0.0006625868893737338,0.0006594264414161444,-21.791690991093855,-21.806209489547324
282,282,0.000659252680146817,0.0006599974616332666,-21.807417181945723,-21.80245041038768
283,283,0.0006601815105934349,0.0006599138907500004,-21.808136585381284,-21.80300036207093
284,284,0.0006586760294518059,0.00065945325983002,-21.812899804596068,-21.806032868599253
285,285,0.0006585156463432251,0.0006618124745345037,-21.811726225271034,-21.790523573382874
286,286,0.0006602578658428159,0.0006619690041253833,-21.80620337689891,-21.789496516591612
287,287,0.0006590592314863635,0.000661424780877209,-21.815565272643433,-21.793068441586385
288,288,0.000659644327092839,0.0006604311117706331,-21.80157437331634,-21.79959782339738
289,289,0.0006585354159451713,0.0006593806411776887,-21.81913378981344,-21.80651113777323
290,290,0.0006612524733465817,0.0006583521700170087,-21.800922099476875,-21.813290348805708
291,291,0.0006564837303156629,0.0006615530123542014,-21.822500958067927,-21.7922265495558
292,292,0.0006579684325225037,0.0006598353226620116,-21.81442129680757,-21.803517455572642
293,293,0.0006591362750263328,0.0006627406110055745,-21.805653077251694,-21.78443722443678
294,294,0.0006602154288575361,0.0006609134265760842,-21.807945078263327,-21.796427315452306
295,295,0.000656764925524746,0.0006612267829232702,-21.816814683448772,-21.794368699671274
296,296,0.00065660223091194,0.0006599747269463382,-21.819046174422493,-21.802600012768206
297,297,0.0006590110433441539,0.0006591285131626615,-21.811760342884803,-21.808172071360744
298,298,0.0006568054788621123,0.0006608083433667688,-21.81867302799698,-21.797117885269344
299,299,0.000660269969435812,0.0006590921486923961,-21.801697214248993,-21.808411680543554
300,300,0.0006577528241455325,0.0006590156209361004,-21.817366397636427,-21.808915972879504
301,301,0.0006588313622957038,0.0006634448317957944,-21.8085512681626,-21.779824909716538
302,302,0.0006561970809887442,0.0006575430590218227,-21.81954888396385,-21.818631085317037
303,303,0.0006591380800639,0.0006575910221344154,-21.80750827851355,-21.818314309781496
304,304,0.0006586337952932209,0.0006578102873295153,-21.816605127016278,-21.816866452545803
305,305,0.0006600335665219991,0.0006576143787242472,-21.805723924765694,-21.818160058011017
306,306,0.0006575398213114858,0.0006591259367077759,-21.815895166405337,-21.808189047448174
307,307,0.000658111646171352,0.0006597424232351937,-21.811758115079222,-21.80412894979693
308,308,0.0006572071795313398,0.0006592835936891405,-21.814195412776343,-21.80715037841874
309,309,0.0006579910404980183,0.0006572244425402268,-21.81772262841597,-21.8207359956125
310,310,0.0006593227525692933,0.0006597481919207463,-21.80835505117998,-21.804090975926187
311,311,0.0006586984796065491,0.0006576140141604762,-21.80837774429857,-21.818162465623793
312,312,0.0006619729923766068,0.0006607872752570792,-21.80224860604763,-21.797256350676676
313,313,0.0006613169992390598,0.0006588636560512608,-21.797079905023338,-21.809917544303744
314,314,0.0006559788724695592,0.0006601533019228986,-21.818028304635963,-21.80142506419196
315,315,0.0006578134981310475,0.0006561271300980527,-21.81394872198679,-21.82799310573257
316,316,0.0006585964445773628,0.0006591910894617046,-21.81077110358569,-21.80775978072441
317,317,0.000659363489530827,0.0006614957329523014,-21.814295448240074,-21.792602592060284
318,318,0.0006580739150054215,0.0006609611262224222,-21.81630193051823,-21.796113886418382
319,319,0.0006596200532980801,0.0006604604116690002,-21.80951847256575,-21.79940515376543
320,320,0.0006586983499894897,0.000656077368675094,-21.815142002370237,-21.82832249206577
321,321,0.0006561710213589453,0.000657272451606236,-21.828688007396373,-21.82041876287424
322,322,0.0006598592657816702,0.000657169053355526,-21.80899087320534,-21.821102023249765
323,323,0.0006589526040527547,0.0006586995564009014,-21.810738185758176,-21.810999353090274
324,324,0.0006587148653631358,0.0006586293885974508,-21.82421300798675,-21.811462008829988
325,325,0.000658182699722958,0.0006606684826118382,-21.822528132499706,-21.798037171224784
326,326,0.0006572666401571603,0.0006559912182733809,-21.818147656066724,-21.82889280743653
327,327,0.0006576580908773563,0.00065996666058996,-21.818600837150704,-21.802653093520085
328,328,0.0006604634396991087,0.0006601942249720818,-21.805548639269418,-21.80115585242632
329,329,0.0006583258143587748,0.0006587306454189514,-21.819510435639707,-21.810794381487668
330,330,0.0006571261502667954,0.0006613346631638706,-21.822382849844928,-21.793660198853537
331,331,0.0006569128491934965,0.0006606740889286524,-21.825826167197434,-21.798000317913484
332,332,0.0006592817647747465,0.000658813769022297,-21.815758488146074,-21.810246390514443
333,333,0.0006578342344602282,0.0006563073900332185,-21.820334317937913,-21.826800118281504
334,334,0.000659110465629468,0.0006592000656957296,-21.816032670209164,-21.807700643056656
335,335,0.0006609307650054238,0.0006590225323299436,-21.801332353194066,-21.808870426698597
336,336,0.000657651404797378,0.0006574767267968701,-21.812208886795585,-21.81906921894216
337,337,0.0006614060149547289,0.0006571254741988684,-21.805036027371298,-21.821390028516056
338,338,0.0006562552364427865,0.0006605672533623874,-21.82621356686813,-21.798702658894133
339,339,0.0006573761371684443,0.0006602609585235385,-21.821077319089575,-21.800716882387164
340,340,0.0006552754436888415,0.0006584739588250063,-21.829315055448113,-21.812487020161733
341,341,0.0006579247179690787,0.0006577640888281167,-21.824620235413576,-21.81717147147292
342,342,0.0006594792747697265,0.0006596918070786877,-21.808846663106742,-21.804462158030752
343,343,0.0006577920741113575,0.000658955042078895,-21.822059063307133,-21.809315208828547
344,344,0.0006599657035903217,0.0006603840707899316,-21.811291439498426,-21.799907172330073
345,345,0.000657464744830408,0.0006572313937603644,-21.817434127058487,-21.82069006213243
346,346,0.0006607966863588651,0.0006565108686979664,-21.811223735374906,-21.825453859400582
347,347,0.0006581525763583168,0.0006595392202909448,-21.819799228782784,-21.80546679783756
348,348,0.0006563050135941312,0.0006565057831865392,-21.824812110052108,-21.82548750116053
349,349,0.0006567401488638032,0.0006583894933818987,-21.823677949579675,-21.813044145136868
350,350,0.0006584147040578584,0.0006595348884155484,-21.81521088143598,-21.80549532253634
351,351,0.0006583112162374652,0.0006563281272783092,-21.819962669529993,-21.82666289708042
352,352,0.0006590851116925478,0.0006578819807863942,-21.808015663049744,-21.816393149274266
353,353,0.0006597661611278416,0.000656964208342527,-21.81326942857111,-21.82245596599065
354,354,0.0006548820253096751,0.000657655072006348,-21.836879394222493,-21.81789132421107
355,355,0.0006585782183785491,0.0006592393497397241,-21.81942839424896,-21.807441839453865
356,356,0.0006565973738726881,0.0006593345162017565,-21.829810023217995,-21.8068149459523
357,357,0.0006576597933014183,0.0006571342635556663,-21.821402409813956,-21.821331940011213
358,358,0.0006570218637412818,0.0006590228754487869,-21.821465464815766,-21.80886816555313
359,359,0.0006561922617544679,0.0006580354529432952,-21.824982956157996,-21.81538013569968
360,360,0.0006581284993894628,0.0006559187987525212,-21.816899084928224,-21.829372282368734
361,361,0.0006554059704679266,0.0006581702772037763,-21.82738861345857,-21.81449040499547
362,362,0.0006565906307852068,0.0006550065774813687,-21.828359839764403,-21.835416451403276
363,363,0.0006570853622985485,0.00065777781970897,-21.82086646647932,-21.817080813079635
364,364,0.000657067858594825,0.000656579909110932,-21.8257553302563,-21.824997167892064
365,365,0.0006591425968583711,0.0006556278615454702,-21.812999116186763,-21.83129905218181
366,366,0.0006558746621540757,0.0006579459632599825,-21.82399849647328,-21.815970795647175
367,367,0.000658495090637817,0.0006553952208426045,-21.82123011430108,-21.8328403610411
368,368,0.0006591529542215399,0.0006564402903773283,-21.80635358048063,-21.82592077357348
369,369,0.0006576833133969802,0.00065779649517744,-21.824938172866723,-21.81695751099305
370,370,0.0006582107810188353,0.0006544392917452282,-21.817850069768948,-21.83917940313838
371,371,0.0006572958772051503,0.0006546253785736075,-21.827602952150947,-21.837944682118145
372,372,0.000656445619299739,0.0006612345153514884,-21.822583836612722,-21.794317913294215
373,373,0.0006553772332857258,0.0006586040039301702,-21.828462851368062,-21.81162939634064
374,374,0.0006561096182774714,0.0006574898541561867,-21.83048799159254,-21.818982507389247
375,375,0.000656622207541134,0.0006550540105978909,-21.821976117302277,-21.83510196303592
376,376,0.000658997316537521,0.0006568418650299703,-21.812196157278724,-21.823264807215722
377,377,0.0006572598838679416,0.0006581232147781472,-21.828378649419506,-21.81480095810371
378,378,0.0006604607159406254,0.0006614855956286192,-21.807200845459327,-21.79266914755342
379,379,0.0006535604287697406,0.0006568355387762973,-21.841910071154867,-21.82330663570502
380,380,0.0006576882406454725,0.0006554408709665662,-21.823939107722833,-21.832537873230965
381,381,0.0006592032138363833,0.0006560228127790125,-21.805435811257453,-21.828683643218284
382,382,0.0006564429915538922,0.0006571200026787425,-21.827734467847296,-21.821426189964427
383,383,0.0006553825523857911,0.0006577178474368626,-21.83125550338555,-21.817476795027915
384,384,0.0006549528364293738,0.0006559204837111266,-21.83229650334974,-21.829361125998673
385,385,0.0006564894202645368,0.0006584574646120401,-21.824566009273592,-21.812595808600484
386,386,0.0006569030745070159,0.0006579749996920949,-21.824678805525522,-21.81577913729386
387,387,0.000653228667905535,0.00065753534191141,-21.842841337669448,-21.818682055638895
388,388,0.0006564350123037153,0.0006609117017911845,-21.8244667082244,-21.79643864924447
389,389,0.0006564856193642871,0.0006544250155504989,-21.826554813728023,-21.839274142868987
390,390,0.0006559694302268326,0.0006567333904585164,-21.830149366361713,-21.823982084855047
391,391,0.000655862380937702,0.0006567614986316153,-21.823836805304445,-21.82379621090035
392,392,0.000659504477486744,0.0006574274739250541,-21.814356452134245,-21.819394569647493
393,393,0.0006592471696215576,0.0006570663658509913,-21.813202104147955,-21.82178069338784
394,394,0.0006551668389949986,0.0006546387418271287,-21.83688128473063,-21.837856027931807
395,395,0.0006550977417008625,0.0006577983118691727,-21.830041555060845,-21.816945516734776
396,396,0.0006587848135692634,0.0006550861473538374,-21.815126701380358,-21.834888904674308
397,397,0.0006566877673696919,0.0006579570196519949,-21.822183376439433,-21.81589781564632
398,398,0.0006580429215262615,0.0006570569515277288,-21.816571768626485,-21.821842918729857
399,399,0.0006551644416794795,0.000658469476835116,-21.835156142822406,-21.812516581089326
400,400,0.0006565811513375837,0.0006566418665706328,-21.82866296794941,-21.824587369891773
401,401,0.0006542021094235717,0.0006597929474848666,-21.832587432447266,-21.803796372083095
402,402,0.0006558648316602501,0.0006530779493531506,-21.8346200189928,-21.84822285868773
403,403,0.0006584877816758589,0.0006573468164883946,-21.817906613665507,-21.819927422776203
404,404,0.0006557377013281832,0.0006580432527698576,-21.832617107181697,-21.815328658206408
405,405,0.0006555810747140078,0.0006569895960733687,-21.836666186038695,-21.82228814043427
406,406,0.0006580041432225136,0.0006617979287463976,-21.815740076080417,-21.790619026780554
407,407,0.0006527553022042225,0.0006562313830823099,-21.847196688703193,-21.82730310379445
408,408,0.0006567562135781363,0.0006560703806922232,-21.83220124020943,-21.828368749697987
409,409,0.0006572781094666762,0.0006570437751514347,-21.8241432686754,-21.821930011407
410,410,0.0006555401793316237,0.0006566798240926705,-21.83076773679192,-21.824336330980447
411,411,0.0006570334014598012,0.0006563169207718028,-21.824695783277303,-21.82673705153588
412,412,0.0006554357277843909,0.0006569754271032778,-21.841757328925357,-21.822381803589934
413,413,0.0006571590603982127,0.0006579794786184242,-21.82176586561336,-21.815749574371708
414,414,0.0006553568426020367,0.0006578504843147178,-21.831419908334478,-21.81660107518951
415,415,0.0006572592207806703,0.0006575588057258804,-21.827796676971822,-21.81852708262547
416,416,0.0006559714326903838,0.0006559046573544803,-21.828177530049455,-21.8294659158696
417,417,0.0006561701806482964,0.0006584844790938261,-21.834230433550523,-21.81241763460536
418,418,0.0006550439608225733,0.0006564982866525258,-21.83548560479029,-21.825537092832484
419,419,0.0006562008326825177,0.0006559423575373856,-21.8306471481283,-21.829216298631906
420,420,0.0006543754686399834,0.00065847385772749,-21.839764400919,-21.812487686947357
421,421,0.000654965354676944,0.0006557410601281413,-21.83326704864132,-21.830549278123218
422,422,0.0006526403180707592,0.0006575224657641037,-21.84959284237127,-21.818767101934064
423,423,0.000656748997028341,0.0006548789648437186,-21.832284620009617,-21.8362626545674
424,424,0.0006577520236401752,0.0006552696270917199,-21.81081360330404,-21.833672681725123
425,425,0.0006585777707196312,0.0006571539224272495,-21.82351679081965,-21.82120201813349
426,426,0.0006565393924415496,0.0006570782647223064,-21.83021681681432,-21.821702047338796
427,427,0.0006525232144583439,0.0006570468356489743,-21.848214448311385,-21.821909782098878
428,428,0.0006577481273273678,0.0006558736418618968,-21.82080284984391,-21.829671283762835
429,429,0.0006572827156729152,0.0006529164108398714,-21.82411934581724,-21.849297216853863
430,430,0.0006560781399344968,0.000654682161678609,-21.834057423733086,-21.837567985453305
431,431,0.0006533237984259948,0.0006548547749652675,-21.8414279645675,-21.836423076955725
432,432,0.0006511231221873121,0.0006561429227555269,-21.856693176619352,-21.827888574443737
433,433,0.0006538674129730033,0.0006541933459965022,-21.83970375486234,-21.840811838089124
434,434,0.0006582871062642674,0.0006590142668420939,-21.82954196499096,-21.808924896433673
435,435,0.0006555713144294226,0.0006554419370858293,-21.831752474362954,-21.83253080914087
436,436,0.0006545720083072551,0.0006548729694546445,-21.84052052284997,-21.83630241422453
437,437,0.0006552319421634539,0.0006574692057543679,-21.832607106494592,-21.819118899270087
438,438,0.0006550156977027655,0.000654855856402336,-21.836809852514392,-21.83641590495696
439,439,0.000655119039103888,0.0006535178706000902,-21.832989292339796,-21.845298383125822
440,440,0.0006550538069184524,0.0006563052394133257,-21.83641422691705,-21.826814349477075
441,441,0.0006556665415625981,0.0006547038731361298,-21.832351744384425,-21.837423961216828
442,442,0.0006559939278510504,0.0006553825530174532,-21.83380194647967,-21.832924304584708
443,443,0.0006537720796258486,0.000655599958630965,-21.840888777081208,-21.83148388782385
444,444,0.0006550829335519103,0.0006588792802128745,-21.836573502336872,-21.80981455779573
445,445,0.0006543948001842754,0.0006594415631537375,-21.83565555772734,-21.806109899790485
446,446,0.0006550018286774147,0.0006532308057342705,-21.837279052499724,-21.84720648820275
447,447,0.0006538747633404108,0.0006542575551736119,-21.84213586384388,-21.840385598307353
448,448,0.0006562619315239496,0.0006545707951054761,-21.826630290929693,-21.83830681728937
449,449,0.0006544477547538112,0.0006574640559081576,-21.836603345645067,-21.819152916962956
450,450,0.0006530149617789255,0.0006559432827328381,-21.844995007488546,-21.829210172986993
451,451,0.0006577298303192347,0.0006560588096219458,-21.82001881779794,-21.828445346606408
452,452,0.0006551144827042043,0.0006563586189019445,-21.838287068889386,-21.826461137689922
453,453,0.0006576227000194419,0.0006565139965938503,-21.826685310847317,-21.825433167821036
454,454,0.0006547881909598087,0.0006598019727358693,-21.839543354184045,-21.80373696572061
455,455,0.0006548247387699937,0.0006551939387511658,-21.837551779954314,-21.83417435196671
456,456,0.0006560029860432307,0.000654847186524421,-21.828344910246567,-21.836473403183874
457,457,0.00065678573626372,0.0006568791975855435,-21.829339648514782,-21.823017976692157
458,458,0.0006550231806876272,0.0006535002949500555,-21.831138352073477,-21.845415183458485
459,459,0.0006549694214121813,0.0006571298949175367,-21.83517923893351,-21.821360812067425
