,epoch,train_loss,test_loss,train_dbs,test_dbs
0,0,9.391226565864984e-05,8.752246676043509e-05,-24.254517901570885,-24.55382308657514
1,1,0.36698137024156785,0.00021220304724441744,11.664146316931614,-20.70750242013588
2,2,0.00020803034094944787,0.00017300939553503044,-20.792295885182995,-21.594321693269272
3,3,0.00015869135587336976,0.00015268726105875286,-21.968506247303175,-22.136990534222697
4,4,0.00013999727247978954,0.00012963250398905459,-22.521481236998213,-22.847879481405574
5,5,0.00012833278337565549,0.00012507117399333142,-22.89928585923452,-23.003446316956268
6,6,0.00012493446673633837,0.00011883577520309605,-23.0152475510518,-23.22554654549372
7,7,0.00011695255813448085,0.00011118766499413668,-23.298453521582168,-23.514452482213272
8,8,0.00011517684372650824,0.00010909920264997421,-23.374370974270505,-23.59680281545492
9,9,0.0001127660181793413,0.00010598546846028369,-23.450944048619068,-23.72255534356128
10,10,0.00010972421352431112,0.00011609788443341753,-23.571989436053432,-23.32677552129253
11,11,0.0001102811169703179,0.00011140060412703621,-23.562701396522957,-23.50614312081017
12,12,0.00011181009030383627,0.00010626692911548736,-23.498079103119572,-23.711037275216874
13,13,0.00010804131648235609,0.00010602710895718222,-23.642355995512876,-23.720849384558317
14,14,0.0001031708966694009,0.00010223256111586172,-23.838205663451994,-23.879126172945597
15,15,0.00010084512612912036,0.00010265226649751544,-23.939359738100286,-23.86133315348543
16,16,0.00010611453815483364,0.00010476738048294607,-23.71774959595246,-23.772757728041537
17,17,0.00010587972274995841,0.00010392834328262037,-23.728899587383793,-23.807678538389283
18,18,0.00010297130076238674,0.00010560503161334629,-23.852351585463673,-23.73817247205436
19,19,9.83340445619086e-05,0.00010056393895004141,-24.045058878079153,-23.950595823864766
20,20,0.00010504149777824347,0.00010008041078292176,-23.76507078104097,-23.97152778846968
21,21,0.00010369253891205761,0.00010188180902715478,-23.82191186848268,-23.89405210358681
22,22,9.66234091692124e-05,0.00010305759094894471,-24.135032897681292,-23.84421871836542
23,23,0.00010229904094642537,0.00010211228436673991,-23.882878024479783,-23.884238661528684
24,24,0.00010220486863957929,0.0001000813616356984,-23.88706228339492,-23.971486526833257
25,25,9.963016486132623e-05,0.00010166360956837277,-23.995402838030845,-23.903363328359806
26,26,0.00010434214282119599,0.00010239895843704672,-23.800454655424325,-23.872063189248863
27,27,0.0001002720002605239,0.00010759609071292768,-23.971521038145248,-23.657053657077366
28,28,0.00010547665641349068,0.00010903526364065903,-23.74272949095825,-23.59934880098315
29,29,0.00010300325680573318,0.00011430921662586595,-23.853657447068947,-23.394206096187972
30,30,0.00011212421949747614,0.00010946085316582436,-23.4845349348724,-23.582430292884666
31,31,0.00010626239847774694,0.00011059584932426285,-23.718065653667992,-23.5376302996061
32,32,0.0001006777617392087,9.096028071852695e-05,-23.953761810696108,-24.386500661235534
33,33,8.233618952835593e-05,8.725849923058903e-05,-24.82429487002696,-24.566941188781026
34,34,8.708048841709598e-05,8.797580334143469e-05,-24.573214743276854,-24.531386168722303
35,35,8.54897660940775e-05,8.673089867347459e-05,-24.663687716923654,-24.593280116978384
36,36,8.778901850671468e-05,9.228317388701008e-05,-24.54178438469139,-24.32379335352675
37,37,8.24680975767347e-05,8.977923196078719e-05,-24.81887848461662,-24.44325972310951
38,38,9.11208262925694e-05,9.158384522092284e-05,-24.378747089141214,-24.356829843348407
39,39,8.227301227587716e-05,8.606603296357207e-05,-24.82180244834511,-24.626700725923474
40,40,8.153222044017742e-05,8.925814644929855e-05,-24.864259984477954,-24.46853994149237
41,41,8.533478695923251e-05,8.807218469691609e-05,-24.66582326522536,-24.526630886314102
42,42,8.605830477143772e-05,8.739698904192712e-05,-24.637027929833934,-24.560053873178855
43,43,8.482679977626588e-05,8.310027509364055e-05,-24.69237678452723,-24.778993966431187
44,44,8.254886891983315e-05,8.578260148121779e-05,-24.80872447622805,-24.641026454003313
45,45,8.680136543074527e-05,8.357790054440939e-05,-24.600711877168713,-24.754104005324
46,46,8.865825379730596e-05,8.7525338848967e-05,-24.50054502388804,-24.553680573254653
47,47,7.957314128643046e-05,8.375524243762668e-05,-24.97329794649954,-24.74489858037376
48,48,7.802103787118128e-05,8.416452769061404e-05,-25.060862897305554,-24.72372767491596
49,49,7.905504588558597e-05,8.15213440402754e-05,-25.006310404891707,-24.862305268509655
50,50,8.086273340165096e-05,7.991483155484802e-05,-24.899192747661424,-24.9487446972649
51,51,8.016754047988347e-05,8.421297656911377e-05,-24.940275844066843,-24.721228400293732
52,52,7.794469593605267e-05,8.451808504392638e-05,-25.05773751360321,-24.705522095817322
53,53,8.051479793364931e-05,8.76057684332696e-05,-24.922612046863364,-24.54969154724526
54,54,8.435092949531685e-05,8.414840282823302e-05,-24.715987317069565,-24.724559808104228
55,55,9.077162912101052e-05,8.547358830630975e-05,-24.398210574726313,-24.656699214504613
56,56,8.420125149567276e-05,9.000972319259553e-05,-24.71860423560106,-24.43212431995235
57,57,9.193070957163522e-05,8.864839477801549e-05,-24.350576045662137,-24.498309821931077
58,58,8.530249580928153e-05,8.740029366699194e-05,-24.66896429988333,-24.55988966233892
59,59,7.412183009533298e-05,7.669284011506916e-05,-25.27492726304044,-25.127470371033034
60,60,7.924188685137779e-05,8.38644120545053e-05,-24.991608985274333,-24.73924151479284
61,61,8.095782289171072e-05,8.858498921127696e-05,-24.900520237410852,-24.50141721494152
62,62,7.832632943917037e-05,8.307552515792562e-05,-25.034986943575348,-24.78028762779122
63,63,8.049859613877452e-05,8.463188848844239e-05,-24.93207272473522,-24.699678262158926
64,64,7.430443270329972e-05,6.878187349158045e-05,-25.262716854484673,-25.600278570810808
65,65,6.789106743040581e-05,6.899085009966879e-05,-25.661062552069012,-25.58710361789164
66,66,6.829637933742092e-05,7.13408993952295e-05,-25.635315116574986,-25.44163277919679
67,67,7.442469561902192e-05,7.345383461429982e-05,-25.260132493880153,-25.314873853036968
68,68,7.384205669837946e-05,7.83650786232963e-05,-25.30096174518063,-25.03379284455137
69,69,7.817954153240149e-05,0.0001400410734564311,-25.054758978215943,-22.512464270081928
70,70,7.621685200348045e-05,6.743459399379055e-05,-25.154966785138747,-25.686191110363517
71,71,7.11248243364419e-05,7.367201033048332e-05,-25.46041898036668,-25.301993372504867
72,72,6.619892887214257e-05,5.3922353177576475e-05,-25.763452339788238,-26.657330215091566
73,73,0.00017908347495135458,8.417583337991106e-05,-21.4488982419798,-24.72314433311344
74,74,7.486297108323587e-05,7.408503638304722e-05,-25.234481637971232,-25.277713596115376
75,75,6.0704300923725425e-05,5.8935089327860624e-05,-26.142820589618466,-26.271279119824374
76,76,5.3907584290370614e-05,5.502486582324644e-05,-26.664584774176742,-26.569428658996816
77,77,5.0698579385781846e-05,5.765463155464539e-05,-26.93924254541542,-26.36667657011456
78,78,5.700058942782505e-05,6.173786507708045e-05,-26.421149125855486,-26.069502508013834
79,79,6.285399064564473e-05,7.300252630222148e-05,-25.997635156952565,-25.34163968672862
80,80,6.35593755338125e-05,8.03104159881753e-05,-25.947568902056183,-24.927299826592943
81,81,8.081770024968061e-05,8.336063547176309e-05,-24.911764441105532,-24.7654084144421
82,82,9.354222493129782e-05,8.595739123656561e-05,-24.267954179803265,-24.63218631709058
83,83,0.0001585783854924435,7.826789231713567e-05,-21.975931783642146,-25.03918219286611
84,84,7.977917082769767e-05,9.619584268780033e-05,-24.95452619081035,-24.143455546457623
85,85,0.0001003225269105127,9.090750245377421e-05,-23.96916266051173,-24.38902131765859
86,86,9.209979948864952e-05,9.140244296041171e-05,-24.340058125703532,-24.365440546077643
87,87,9.085349624582864e-05,8.97315277191075e-05,-24.388538467448434,-24.445567962398286
88,88,9.333285988853361e-05,8.759190045805696e-05,-24.28146307378349,-24.550379088941526
89,89,9.645761833640209e-05,9.806714009946997e-05,-24.140581001752107,-24.05978347816047
90,90,9.077252083837256e-05,8.959176021131785e-05,-24.40316021500971,-24.452337888421233
91,91,8.6510001058263e-05,9.07762855364892e-05,-24.613213733039963,-24.395294501815297
92,92,8.589773713857099e-05,0.0003226786073738415,-24.643014544307825,-18.88731684176547
93,93,0.0003236638531796922,0.0001865508889558872,-18.87025785873077,-21.26704535219966
94,94,0.00020262255281157138,0.00022276746734094463,-20.916867598493827,-20.496500907553873
95,95,0.00021171000754321474,0.0001957371308603079,-20.718760439708994,-21.058286400242814
96,96,0.00020237499262931152,0.0002117410086181113,-20.912899994470703,-20.71696880620752
97,97,0.00022449905635457793,0.00022317833300851482,-20.463265364227023,-20.488498287388882
98,98,0.00021609667848829258,0.0002261652652554116,-20.630666755510596,-20.43075951889613
99,99,0.00021849072402698401,0.00022445917880089072,-20.587834981762935,-20.463644884211938
100,100,0.0002161467846329372,0.0001819000217916542,-20.62686586910804,-21.376691070181288
101,101,0.0002302409617167888,0.00025731476106509373,-20.35867446273511,-19.87037157538231
102,102,0.00022246336087958945,0.00021281215058958255,-20.5079373959422,-20.695054375728716
103,103,0.0002136603867894365,0.00020415799065774895,-20.68277009419887,-20.87535475415429
104,104,0.00019852120951946212,0.0002056266277673115,-21.002509261544596,-20.844225048705248
105,105,0.00019028386769914693,0.00021204033921668795,-21.186129269103414,-20.71083367782069
106,106,0.00018794649061878912,0.0001901861178339459,-21.24512193513177,-21.18323044605215
107,107,0.00017743093230444747,0.0001815743392063795,-21.492920362621845,-21.38447385778157
108,108,0.00017433141509116598,0.00017061326070688665,-21.551679603040625,-21.65489074959712
109,109,0.00016495896567537727,0.00014878420150030012,-21.80829381797496,-22.249450395717076
110,110,0.00016566691725135578,0.0001416690145943951,-21.783562578458767,-22.46226985012887
111,111,0.00015426889726815303,0.00014077409631633935,-22.1037994367759,-22.489791099933186
112,112,0.00015771755828346924,0.00014386746510066777,-22.000295101412068,-22.395392665697567
113,113,0.00015898094798759893,0.0001808582429044978,-21.96226240253761,-21.40163550893879
114,114,0.00016985918893586824,0.00016244803517015258,-21.6760393872823,-21.867873952449337
115,115,0.00017451144020990038,0.00016422133538933275,-21.565357140430066,-21.820722787742007
116,116,0.00017138898467762665,0.00018138550972492484,-21.650086144953793,-21.388992683180934
117,117,0.000157989827542777,0.00016665885165198952,-21.988567012219132,-21.75673473077768
118,118,0.00017265394433838382,0.0001654209585180261,-21.607722831912533,-21.789113251301018
119,119,0.00014390949938163046,0.0001338621452879651,-22.38821532257838,-22.708440773406444
120,120,0.00015995293483918186,0.00016885217567170528,-21.938251624084664,-21.69995197188911
121,121,0.00015561602791872107,0.0001615603468962945,-22.053604447806244,-21.891670811104568
122,122,0.00015517723254232965,0.00015401352682506273,-22.06485304570778,-22.099429920302384
123,123,0.0001563004233193891,0.00016287463375575548,-22.039900116760606,-21.856484059545835
124,124,0.00016574881805560659,0.00015829688460431308,-21.783517917429865,-21.980294903891263
125,125,0.00016060490789763227,0.000145125360990948,-21.920914756372582,-22.35758545079772
126,126,0.0001501544800553394,0.00014650841866999768,-22.208225564442184,-22.31639277263884
127,127,0.00014732622531885952,0.00013954231805033296,-22.289108118004208,-22.52795924990145
128,128,0.00013941188951049327,0.0001312922058308399,-22.52556021846069,-22.792629131717156
129,129,0.0001391045640873214,0.00014499302587386124,-22.543888411195866,-22.361547448223664
130,130,0.00013797658933062566,0.00013089216640525448,-22.57974146877354,-22.805882023063425
131,131,0.00013939774212350626,0.00012781832629116252,-22.54268034803883,-22.909087317015093
132,132,0.00013966092693717844,0.0001315149140856719,-22.530691839079353,-22.78526852525177
133,133,0.00018098331172050448,0.000151514266786092,-21.40534498195906,-22.170483295969028
134,134,0.0001446945691324012,0.00014647861481582942,-22.370860146846066,-22.31727633730007
135,135,0.00015115568910295757,0.0001512961293644223,-22.185186496096225,-22.176740405772364
136,136,0.00016016779776804207,0.00015282898139527164,-21.93545470021489,-22.132961395605136
137,137,0.00014788340412610757,0.000143980557990481,-22.282610095319264,-22.39198005789237
138,138,0.00014073334653206534,0.0001415976573633471,-22.494458889038555,-22.464457898029412
139,139,0.00014649661523097953,0.0001308896033534486,-22.32312319011019,-22.80596706483369
140,140,0.0001337156036524246,0.00013140210610704104,-22.716997125677167,-22.788995319782188
141,141,0.00013538808152307612,0.0001331340007661646,-22.665651555579906,-22.73212875066788
142,142,0.00013070511865698414,0.0001249953225181487,-22.818692919036994,-23.00608096642638
143,143,0.0001295213618336159,0.00011206342031456236,-22.85791417369111,-23.4803798457016
144,144,0.0001258686025562149,0.00012504162632946022,-22.986776568307693,-23.004472444960555
145,145,0.00012308886345504717,0.0001252940767842933,-23.081158822093183,-22.995713176882507
146,146,0.00012088753935609723,0.0001242794981073147,-23.157348138278735,-23.03102367386775
147,147,0.00011646687611217428,0.00012256513429364482,-23.327754408986326,-23.09134912702399
148,148,0.00011917619939567041,0.00011998558176473077,-23.21559263120418,-23.183727965311096
149,149,0.00011523747840685021,0.00011652677762628485,-23.360963683741645,-23.31076121254332
150,150,0.00012331258294955087,0.00011324310387288661,-23.07968477039646,-23.434900937046933
151,151,0.00011676549903998036,0.00011614568441138162,-23.305112935622113,-23.32498780617419
152,152,0.00011476573839450025,0.00011209000053656239,-23.386372240492953,-23.47934986866599
153,153,0.00011547737708075222,0.00011682929049895488,-23.355947291974456,-23.29950118867017
154,154,0.00011067773043250032,0.00011417038446157484,-23.538084245454584,-23.399483945938755
155,155,0.00011493351680140212,0.00011410364516594105,-23.382208349945806,-23.40202339457363
156,156,0.00010873145212601755,0.00011509544167079424,-23.615584145039463,-23.36443734275532
157,157,0.0001123187188587161,0.00010767116366064568,-23.470681043835924,-23.65402451375961
158,158,0.00010818137360326273,0.00011025744147206608,-23.644475953427303,-23.550939476692196
159,159,0.00010769177816589795,0.00010498900825807236,-23.663099075474516,-23.763580247806498
160,160,0.00010826615291136346,0.0001077976056350101,-23.638782380861862,-23.648927435586266
161,161,0.00010678164891811021,0.00010960773560279784,-23.696532496797374,-23.57660652401085
162,162,0.00010284223900111777,0.00010261031504916518,-23.852161536207667,-23.86310837063828
163,163,0.00010908131354750067,0.0001070896626180528,-23.61122459894114,-23.677543077695802
164,164,0.00010574176564294193,9.607983577696264e-05,-23.730543440780608,-24.148696060261017
165,165,0.00010329863788186784,9.93743824916524e-05,-23.83119010944835,-24.00227415125403
166,166,9.856226749912614e-05,8.771816244820672e-05,-24.046926926737072,-24.544123327672793
167,167,8.66526947011715e-05,8.474032227623913e-05,-24.590231292618792,-24.694117467750768
168,168,8.691876593223514e-05,8.092317492762384e-05,-24.590901774822804,-24.894289446330262
169,169,8.630853609275553e-05,7.867140926751553e-05,-24.61589330535597,-25.016849282076763
170,170,8.242696081258156e-05,8.109947616742972e-05,-24.81778331616826,-24.884838090572067
171,171,8.28166126460197e-05,7.60425883575073e-05,-24.792229742906517,-25.164449670360302
172,172,7.71682175535219e-05,8.055361793499048e-05,-25.11098958862423,-24.914168072852043
173,173,7.794171121822353e-05,8.306123383686339e-05,-25.063382891359648,-24.78103480041326
174,174,7.552995547363007e-05,7.600170187958468e-05,-25.19894357100278,-25.166785407157334
175,175,6.539001445809245e-05,7.135631236259972e-05,-25.83202624552813,-25.44069460155166
176,176,7.441023045271088e-05,0.00024740750546027953,-25.25881949230903,-20.0408898767341
177,177,0.0002995336663965664,0.00010594076344492159,-19.214373554433998,-23.724387598266002
178,178,0.00010312926787799032,9.059243032089925e-05,-23.84508077643915,-24.404099474886088
179,179,7.457739944190517e-05,6.890383787992362e-05,-25.251963524925877,-25.592584457286197
180,180,7.055496623542774e-05,6.92378922203237e-05,-25.48850185712631,-25.571580197475974
181,181,6.476598636507652e-05,6.351331122507537e-05,-25.870654244767742,-25.946371031211804
182,182,6.317900305916315e-05,6.066110223687965e-05,-25.98110859473592,-26.145915607566014
183,183,6.248258890166456e-05,5.933023222544427e-05,-26.019997697812258,-26.242258098901672
184,184,6.047932987074973e-05,6.078864144479954e-05,-26.161191286008712,-26.13679420592153
185,185,6.0600866379093897e-05,5.7103430088701366e-05,-26.164209145555763,-26.408396618808922
186,186,6.06410940986045e-05,5.6503930911850675e-05,-26.15535009937434,-26.454231958846925
187,187,5.997376531913406e-05,5.6977777364265515e-05,-26.20453419514302,-26.41796354190596
188,188,5.5443871724023245e-05,5.852987037781675e-05,-26.548646492321307,-26.30124295797822
189,189,5.698972512918678e-05,5.3980291915267066e-05,-26.428749033765683,-26.652666293004373
190,190,5.7406918825005595e-05,5.603707052758086e-05,-26.390017252433754,-26.49026434689884
191,191,5.5363445857644185e-05,5.415293947551522e-05,-26.542807614510092,-26.638798225717704
192,192,5.3828376621822827e-05,5.280351299581142e-05,-26.671911338523905,-26.74839041183489
193,193,5.277157618262752e-05,5.039237696205658e-05,-26.759316410889923,-26.951370140001224
194,194,5.3137214693088404e-05,5.093214177146652e-05,-26.720294301620836,-26.905099188283206
195,195,5.063895311941076e-05,5.056926688427522e-05,-26.936660004191406,-26.936152005112763
196,196,4.950254057718863e-05,4.858773545971704e-05,-27.03477924890866,-27.109751998429484
197,197,4.911880158446009e-05,4.848858665546255e-05,-27.060278175483383,-27.11862332618675
198,198,4.998526074092466e-05,4.8444069474690445e-05,-26.99359284516224,-27.122612398206506
199,199,4.605557045316655e-05,4.91765002056797e-05,-27.34857077761921,-27.05744240487574
200,200,4.719466165418631e-05,4.520434049481992e-05,-27.23443505152947,-27.423217205898215
201,201,4.729053135943292e-05,4.302511431313561e-05,-27.222957723279077,-27.63779825234964
202,202,4.672740400677605e-05,4.446278418120193e-05,-27.276661442566642,-27.495052041404897
203,203,4.4211444153766074e-05,4.442173217524358e-05,-27.518918545410635,-27.499063687450192
204,204,4.4852306899949475e-05,4.839662745469372e-05,-27.45558407745338,-27.126867594584997
205,205,4.875533367217922e-05,4.5536878372475164e-05,-27.100181386536907,-27.391386024080212
206,206,4.442685330451644e-05,4.428196868837787e-05,-27.503656105459868,-27.512749376041796
207,207,4.432941056723759e-05,4.117084972676821e-05,-27.509008155419426,-27.82912027599487
208,208,4.691816198809994e-05,4.326249846168426e-05,-27.266007270533656,-27.613902612505065
209,209,4.2334954357392767e-05,4.326649908953665e-05,-27.72075643225923,-27.613501024447686
210,210,4.11696518753648e-05,4.052967204571407e-05,-27.83919734415243,-27.897287685385468
211,211,3.723258937357387e-05,4.4980256796789995e-05,-28.266380541366786,-27.444799275727952
212,212,4.063156585598523e-05,4.132077293960672e-05,-27.9000072436667,-27.813334213452006
213,213,3.9165565091756546e-05,4.170254214841407e-05,-28.052819702848698,-27.773393281393606
214,214,4.0507788315190954e-05,4.2720730274787023e-05,-27.897532164299015,-27.66863190129007
215,215,4.2749170011261085e-05,4.200824859205903e-05,-27.67322132184639,-27.741672828006983
216,216,4.132395095195496e-05,4.276264649218463e-05,-27.818938886134198,-27.664372831500014
217,217,4.140317215040847e-05,4.1732403348616666e-05,-27.809022420037813,-27.770284618722954
218,218,4.251309849106414e-05,4.202770948100615e-05,-27.69416114727847,-27.73966136600249
219,219,4.4754901948893806e-05,4.294664895017999e-05,-27.474280915763202,-27.64572575838667
220,220,3.9934436366839344e-05,4.265397614002914e-05,-27.9679921625875,-27.675423364357993
221,221,4.027147696967976e-05,4.180712484843465e-05,-27.932049834601674,-27.76251556749539
222,222,4.0741672434996494e-05,4.213733671732418e-05,-27.881576166468367,-27.728347754741108
223,223,4.112604557993802e-05,3.9786050556837215e-05,-27.838620112627375,-27.977710279484974
224,224,4.140093905025236e-05,3.9502859707633766e-05,-27.80355119320298,-28.008733217168732
225,225,3.8029334092177884e-05,4.010793834727098e-05,-28.171722493218773,-27.942715194248446
226,226,3.9950865891686466e-05,3.9511618237348124e-05,-27.961863377255153,-28.007770411050398
227,227,3.786095393732785e-05,4.0474236811860465e-05,-28.199596958051067,-27.903231897279348
228,228,3.9677420027521634e-05,4.107807423057047e-05,-28.00037188158111,-27.838917827428826
229,229,4.306462147893005e-05,3.9219951041128586e-05,-27.644252890841038,-28.039948109145843
230,230,4.1057050111703575e-05,3.806958863462665e-05,-27.83643400072162,-28.169236740900484
231,231,3.8515301433286256e-05,3.998513751101104e-05,-28.123336495855604,-27.956032641925365
232,232,3.719032639244538e-05,4.289859756873308e-05,-28.2785294465147,-27.650587635505303
233,233,3.905276220787518e-05,4.023540412546074e-05,-28.06022543795833,-27.92893490360054
234,234,3.797018832029635e-05,3.958424679838476e-05,-28.18794014633638,-27.99979472429673
235,235,4.0418526023319085e-05,3.834841917475722e-05,-27.90300525977907,-28.13754392245775
236,236,3.924280915186697e-05,3.958142693399599e-05,-28.037442944424065,-28.00010411383049
237,237,3.7963203691649995e-05,3.9514729235777756e-05,-28.19152698554877,-28.00742847712707
238,238,3.948512033078719e-05,4.113858281734314e-05,-28.014448405556692,-27.83252531500343
239,239,3.985386905996981e-05,4.537204011668157e-05,-27.97775432628436,-27.407135507088753
240,240,3.8811408736252165e-05,3.9037733011738106e-05,-28.090211965817655,-28.0601726861037
241,241,3.7409774018463574e-05,3.885775358388568e-05,-28.24595207672623,-28.080241682365884
242,242,3.653674583492642e-05,3.62905350955675e-05,-28.34337495234282,-28.377084862904628
243,243,4.141160503216448e-05,3.7657557856475344e-05,-27.81457262170408,-28.216497061004482
244,244,3.8501822553033766e-05,3.7168810913020645e-05,-28.127112446165796,-28.273231905354017
245,245,3.7921528516009635e-05,4.010071767736104e-05,-28.188987078055607,-27.943497129082274
246,246,3.962613988461299e-05,3.993704175579631e-05,-28.001528173508238,-27.961259657456168
247,247,3.855093426367246e-05,3.898457314215576e-05,-28.12010815336487,-28.06609074793215
248,248,3.775368436295467e-05,3.878219544467835e-05,-28.206651717953633,-28.088694674334747
249,249,3.722305945368284e-05,3.917563394919087e-05,-28.271184893401255,-28.044858250586874
250,250,3.547758312857489e-05,3.845608673720179e-05,-28.475787507653546,-28.125367694429386
251,251,3.6565773492857824e-05,3.695249085323763e-05,-28.349006597453762,-28.298581399434298
252,252,3.878437517827122e-05,3.88559265047661e-05,-28.10038193998865,-28.080445891040313
253,253,3.520726712634211e-05,3.854085245716545e-05,-28.518013833680193,-28.115805418398097
254,254,3.433788262236234e-05,3.782594003017661e-05,-28.618844929882755,-28.197121284249743
255,255,3.780207525684916e-05,3.56564722479609e-05,-28.196939961601956,-28.45363485031676
256,256,3.591821098677063e-05,4.0083230679125625e-05,-28.428414946857945,-27.94539140022126
257,257,3.685504190198304e-05,3.756650140100024e-05,-28.3108969234118,-28.227011073638018
258,258,3.792009338962764e-05,3.82215704169204e-05,-28.188013630794813,-28.15193331084755
259,259,3.464660174771423e-05,3.5710256126644947e-05,-28.581353148497723,-28.447088929918863
260,260,3.873375779446562e-05,3.8030584379923406e-05,-28.106731344854108,-28.173688592558797
261,261,3.9760044536396705e-05,3.6440097239009396e-05,-27.98254010193647,-28.35922330909405
262,262,3.455236354469533e-05,3.7093501209471325e-05,-28.60332005621955,-28.282040303305102
263,263,3.796369889745076e-05,3.616339558663496e-05,-28.180606946872825,-28.39232656016386
264,264,3.7246472294503564e-05,3.486010518827243e-05,-28.27426286477856,-28.55173164876719
265,265,3.800897448132842e-05,3.5793197256632416e-05,-28.182491137847446,-28.437013642774687
266,266,3.581351942669891e-05,3.57911977085965e-05,-28.450358760671477,-28.43725626344053
267,267,3.657509575729359e-05,3.853166244401731e-05,-28.359728322691048,-28.116841111089034
268,268,3.757115149541671e-05,3.330529192393633e-05,-28.230377812402082,-28.7498861346967
269,269,3.734363685767094e-05,3.478014533404923e-05,-28.248321234989163,-28.561704656751115
270,270,3.576552995751233e-05,3.6039354726151364e-05,-28.44544453566587,-28.407248516461124
271,271,3.475940944160366e-05,3.5917992327564495e-05,-28.573803719903562,-28.421898047649094
272,272,3.7696380364725407e-05,3.4506577321735676e-05,-28.21103391931239,-28.595999739853294
273,273,3.885161183377219e-05,3.4878073021996226e-05,-28.0833785619935,-28.54949375514538
274,274,3.7950266588952744e-05,3.493556577220596e-05,-28.186944070782516,-28.542340771791057
275,275,3.60791458679722e-05,3.442178857719562e-05,-28.409166078016778,-28.60668425325326
276,276,3.5486979512140735e-05,3.372398455930555e-05,-28.482566264321143,-28.69562976324555
277,277,3.6596537348046206e-05,3.4646135167062506e-05,-28.350680032873502,-28.57847062718855
278,278,3.572369452327977e-05,3.497435347143389e-05,-28.44742726393212,-28.537521631488467
279,279,3.6477046096385406e-05,3.593682509074968e-05,-28.35211601761232,-28.419621522396792
280,280,3.3057454744529114e-05,3.634275201061667e-05,-28.782044362487795,-28.37084047472444
281,281,3.3872952118735596e-05,3.613897618044192e-05,-28.675029699595083,-28.39526013302047
282,282,3.589447569726131e-05,3.5688980364954515e-05,-28.42682085662186,-28.449677177812806
283,283,3.35624587754977e-05,3.534107705299424e-05,-28.72189763730256,-28.492220771996294
284,284,3.4619193374777584e-05,3.6833539190028154e-05,-28.589767886204505,-28.31258407600283
285,285,3.3134506385564596e-05,3.3474343054924825e-05,-28.77964679026142,-28.727897955156134
286,286,3.362216644633271e-05,3.447626137418219e-05,-28.71681618301526,-28.599816935501558
287,287,3.3230111380971814e-05,3.503829702822259e-05,-28.76133265224668,-28.52958868183154
288,288,3.504344659660026e-05,3.4082748482576696e-05,-28.54245288129824,-28.649672484625
289,289,3.1439547127934255e-05,3.6561030882646596e-05,-28.994991366860752,-28.344834254156343
290,290,3.408262368934301e-05,3.3935907547282496e-05,-28.648907933353954,-28.668423900989204
291,291,3.328174673313078e-05,3.391132759134052e-05,-28.754903182176736,-28.671570658458762
292,292,3.528024676269684e-05,3.261538016599125e-05,-28.496720616192846,-28.840794130707657
293,293,3.480457261381143e-05,3.451200394154416e-05,-28.559667688360882,-28.595316807518284
294,294,3.235783331491024e-05,3.524484001996155e-05,-28.877663691200084,-28.504063145101664
295,295,3.4250034275959775e-05,3.404042667841024e-05,-28.63422283571203,-28.655068630161338
296,296,3.611469164940159e-05,3.468823629909342e-05,-28.408395652080927,-28.573196391284053
297,297,3.325301256070103e-05,3.167133203724485e-05,-28.74638528497759,-28.968355287370038
298,298,3.3492447804859434e-05,3.5719053860367766e-05,-28.730388959613503,-28.446019114956606
299,299,3.455586996556262e-05,3.35126187565038e-05,-28.601868014554782,-28.722934921351857
300,300,3.403168868560935e-05,3.313576235086657e-05,-28.65584097490239,-28.77204891302384
301,301,3.343703327718498e-05,3.530720230054086e-05,-28.735215586866573,-28.496385521464617
302,302,3.421777075777051e-05,3.264896756598702e-05,-28.63236955575916,-28.836324056532607
303,303,3.42733426374046e-05,3.259544557390894e-05,-28.628530398613478,-28.843449359655242
304,304,3.1613431441580836e-05,3.152854629948515e-05,-28.974814770793568,-28.987979111068363
305,305,3.32994589455469e-05,3.2393445173128334e-05,-28.755922248497182,-28.870447186794458
306,306,3.3680143526898695e-05,3.438812889630514e-05,-28.704680060533203,-28.610933121839675
307,307,3.247152863812367e-05,3.052192742440016e-05,-28.862396064047843,-29.128899027673427
308,308,3.202642548466869e-05,3.280896424640607e-05,-28.928247735969347,-28.815093378481897
309,309,3.253843811931408e-05,3.2699545140770314e-05,-28.846293291366432,-28.829601465577564
310,310,3.0639561542163405e-05,3.289295292281742e-05,-29.11054646624637,-28.80398994645188
311,311,2.8372334875796498e-05,3.130759853918693e-05,-29.451188771775534,-29.018521019329924
312,312,3.447249155121342e-05,3.2910703770252634e-05,-28.613077086001596,-28.801646886608513
313,313,3.412039950489998e-05,3.284500981910816e-05,-28.649204051314328,-28.810324620728153
314,314,3.174446254016618e-05,3.141417968627617e-05,-28.967624091913105,-29.0037613457628
315,315,3.290452643585051e-05,3.369724718619469e-05,-28.80695885124338,-28.69907434410257
316,316,3.372543247190986e-05,3.2541099100949634e-05,-28.704743183314033,-28.850696406274544
317,317,3.2333203016980746e-05,3.3255881661668687e-05,-28.877927544514197,-28.75633392010608
318,318,2.9663660947354055e-05,3.252232559852449e-05,-29.258302671242777,-28.85320264653877
319,319,2.8738294419134636e-05,3.13239544132222e-05,-29.39350101484552,-29.016252748572825
320,320,3.328370191233374e-05,3.3845796391879525e-05,-28.758190787497945,-28.679971206037788
321,321,2.9576695710930674e-05,2.9958762608753443e-05,-29.275307323825057,-29.2097798644216
322,322,3.1116243458059544e-05,3.0952621273172554e-05,-29.052941331017973,-29.068044242606817
323,323,3.069572821257998e-05,3.0265633205616676e-05,-29.11111459670567,-29.165520936290363
324,324,3.0431778148190507e-05,3.02170901226131e-05,-29.139695330848184,-29.17249218244121
325,325,2.9367368801310297e-05,3.161128839373736e-05,-29.30257861137646,-28.97659661198532
326,326,2.9526492991075448e-05,3.1469901602433404e-05,-29.27603401856193,-28.99606473112012
327,327,2.906878678201333e-05,3.1842600133371123e-05,-29.34343642028457,-28.94493334928012
328,328,2.9800427853974115e-05,3.0901878313957955e-05,-29.245243326299132,-29.075169800900262
329,329,3.038642852019264e-05,3.1974358200003685e-05,-29.151584550962166,-28.92700022175874
330,330,2.9561494463366414e-05,3.1719520704523586e-05,-29.272082806847525,-28.96175241789738
331,331,2.9998158949928973e-05,3.09982653657483e-05,-29.208887132999624,-29.06164466313362
332,332,3.0406516914096294e-05,3.040136102514991e-05,-29.151245926491598,-29.146088313276955
333,333,3.1666745036494194e-05,3.199275311329218e-05,-28.970489451269778,-28.924502435195464
334,334,3.144925900302304e-05,3.3705099380504656e-05,-29.014268495055266,-28.698062461030602
335,335,2.9176147193341882e-05,3.0063827293097827e-05,-29.332739549492803,-29.19457590226991
336,336,2.9688983858315772e-05,3.069918171891722e-05,-29.25694602226196,-29.103750585188166
337,337,3.118904679308564e-05,3.109826426034009e-05,-29.03507914597232,-29.047657084143005
338,338,3.09340464566011e-05,3.286119935134928e-05,-29.074333269387754,-28.808184480626338
339,339,3.0655389966022524e-05,3.40054950931134e-05,-29.115345027443876,-28.65952755897772
340,340,0.0022382348949305225,0.0001636320839201002,-10.484865043966039,-21.83633396774031
341,341,0.00015332579364299236,0.0001471084232386937,-22.118267675470644,-22.29864317528449
342,342,0.00013917912337532958,0.00013220962098689357,-22.55198480897615,-22.762387978963716
343,343,0.00012530376831640863,0.00012369675057829897,-23.001920956448572,-23.051435669244576
344,344,0.00012878661984415754,0.0001219322577143382,-22.88230260580887,-23.11383242778455
345,345,0.00012416264800458053,0.0001180923680198918,-23.03752396195483,-23.252800268298387
346,346,0.00012331197296926925,0.00012177549912226631,-23.07370134525212,-23.11941939816255
347,347,0.0001316847479644174,0.0001307800752999212,-22.79691337911128,-22.809602750273697
348,348,0.00013589370266964046,0.00013174727408975167,-22.64767515047677,-22.777602198804328
349,349,0.00013693993729323186,0.00012980360081296807,-22.614033945898232,-22.842151179454213
350,350,0.00013423023063427835,0.00012185164201869874,-22.696978166317592,-23.11670472190123
351,351,0.00012602932830989245,0.00011913324698597487,-22.976286181069696,-23.214688794352064
352,352,0.00011754066388713215,0.00011320139980709523,-23.2788333393423,-23.43650060898037
353,353,0.0001087215941035688,8.781546478674404e-05,-23.621559550289916,-24.539308538199464
354,354,7.870810111047288e-05,7.208864324064435e-05,-25.02557418329694,-25.396350062396284
355,355,6.724423929909724e-05,7.315022498675574e-05,-25.693580651139488,-25.332861918955082
356,356,6.848442942484944e-05,7.086030305608322e-05,-25.629299079297443,-25.470988527138694
357,357,6.320822343620898e-05,6.94692108051018e-05,-25.97159016229506,-25.55709492947291
358,358,6.200100523125639e-05,6.798180478845576e-05,-26.05785669807636,-25.651091680122477
359,359,6.380250038232261e-05,6.653035234194249e-05,-25.93201761448883,-25.74482034652755
360,360,5.940811709094596e-05,6.457532225268599e-05,-26.239030783967813,-25.874352759831414
361,361,6.401812888069208e-05,6.276820740343905e-05,-25.91719861888054,-25.997621322937974
362,362,5.6734071400457e-05,6.095874902568635e-05,-26.438717831477796,-26.124658121279694
363,363,5.7941089254040654e-05,6.113976173525628e-05,-26.346820741568568,-26.11178116184363
364,364,5.980989961469661e-05,5.987453187117353e-05,-26.205640317845905,-26.202597272042254
365,365,6.0617350398613254e-05,5.816262857574896e-05,-26.155169556964882,-26.32857832505634
366,366,6.0552516984411267e-05,5.68069298376366e-05,-26.163149667876617,-26.431005398873605
367,367,5.3561182511723167e-05,5.548120785342211e-05,-26.68849398641833,-26.533559507996564
368,368,5.4576778809147524e-05,5.5074694740285756e-05,-26.617598454708098,-26.565497594226684
369,369,5.593388192847697e-05,5.3409037718665786e-05,-26.504936078002167,-26.69887104841244
370,370,5.256044090687676e-05,5.5838126028998215e-05,-26.776492543266315,-26.505710235115764
371,371,5.505882527171538e-05,5.514207671359671e-05,-26.574463863913465,-26.560187400061398
372,372,5.293510231737302e-05,5.5529842843258704e-05,-26.747718035094167,-26.529754137462316
373,373,5.3290489153575256e-05,5.4042089974054285e-05,-26.71681545731548,-26.64769721930277
374,374,5.536787697208863e-05,5.506470954155942e-05,-26.556423314210008,-26.56628505385527
375,375,5.4403666919037296e-05,5.3687832022612716e-05,-26.626988866513926,-26.67625991111473
376,376,5.4600481084936786e-05,5.312681433248432e-05,-26.60969917344625,-26.721880832187402
377,377,5.3881772474437404e-05,5.3605693162688495e-05,-26.670857915096306,-26.682909419651644
378,378,5.016830911381007e-05,5.2576392064159004e-05,-26.972110322672968,-26.76711077792627
379,379,5.1270810742898525e-05,5.3609740031166244e-05,-26.88233340993869,-26.682581568968708
380,380,5.1705528526373695e-05,5.281936730745273e-05,-26.839447307526555,-26.747086633696643
381,381,5.256228164914328e-05,5.3504284694913384e-05,-26.774866486643315,-26.691132958114263
382,382,4.984634742680841e-05,5.164061698642878e-05,-27.001610029464494,-26.84510435666045
383,383,4.837676854165074e-05,5.056124437511531e-05,-27.135205507497965,-26.936841041769082
384,384,5.183896516343535e-05,5.215547121463858e-05,-26.830263617708834,-26.802019845864955
385,385,4.882978018284439e-05,5.238614377096957e-05,-27.090546677532128,-26.782854276070125
386,386,4.999071378986946e-05,4.890872476512174e-05,-27.00042015678087,-27.08115518836033
387,387,4.8251874685184264e-05,4.911476121617996e-05,-27.141546895096155,-27.062898211545914
388,388,4.728993724373928e-05,4.8061490049708244e-05,-27.232562701880955,-27.157046270077775
389,389,4.554617137812587e-05,4.554396544240023e-05,-27.396078406302834,-27.390710168381336
390,390,4.26004386737105e-05,4.405976534670979e-05,-27.68451411617289,-27.53459678252763
391,391,3.95351243869956e-05,4.2899464269315724e-05,-28.00246818058682,-27.65049989383085
392,392,3.932590503215588e-05,4.1902146844413914e-05,-28.032568830628442,-27.75265583621264
393,393,3.431438414839615e-05,4.0165981772588566e-05,-28.628705048401173,-27.936434712696858
394,394,3.800189641850986e-05,4.028210576890208e-05,-28.175170583196454,-27.923896926558413
395,395,3.4919787571404233e-05,4.029328345878687e-05,-28.551320549897344,-27.92269199063069
396,396,3.4585972664983985e-05,3.802892565305994e-05,-28.589109698653363,-28.173878016846068
397,397,3.748171726216504e-05,4.114835256156144e-05,-28.24675067729241,-27.83149405870399
398,398,3.503776599583156e-05,3.76931376242857e-05,-28.532104363783898,-28.2123956793577
399,399,3.5250163078278105e-05,3.9714337521888266e-05,-28.51385662628963,-27.985545356661035
400,400,3.7811419649197256e-05,3.875690924216638e-05,-28.1969722110472,-28.091527221512816
401,401,3.4757601112978213e-05,3.692825396827079e-05,-28.55761746797154,-28.301430841681437
402,402,3.340891036958093e-05,3.764006966153638e-05,-28.7372154365155,-28.21851439593185
403,403,3.61882415858155e-05,3.803590353575266e-05,-28.3910404578322,-28.17308120812655
404,404,3.7007235770249386e-05,3.726171756792801e-05,-28.303069727955076,-28.262389884119578
405,405,3.3484697437931585e-05,3.655751180830473e-05,-28.727353342534172,-28.34525229163713
406,406,3.086407319717613e-05,3.384595737244174e-05,-29.089592725785142,-28.679950549764026
407,407,3.1472677591475224e-05,3.229439693984061e-05,-28.99868877438268,-28.883746790976947
408,408,3.013006241332929e-05,3.388020415609629e-05,-29.196218490978218,-28.67555839462158
409,409,2.8993325059607593e-05,3.307439855186538e-05,-29.361153718717205,-28.780099026952563
410,410,2.7542356864492812e-05,3.325633712704171e-05,-29.578457465750454,-28.75627444047909
411,411,3.185707120473566e-05,3.2432039868006924e-05,-28.953411168055005,-28.86527592892071
412,412,2.7370217374238527e-05,3.265187756608755e-05,-29.60722337494522,-28.835936987426756
413,413,2.9680192279350374e-05,3.267259810519662e-05,-29.253603834736623,-28.83318187427615
414,414,2.8934962597070142e-05,3.0291306086981324e-05,-29.374013932883646,-29.161838586584633
415,415,2.7721266333267605e-05,3.1945113254263755e-05,-29.547691924834616,-28.930974259452007
416,416,2.875864878866927e-05,3.0077832745614853e-05,-29.38916951361326,-29.192553180964666
417,417,2.563496481034048e-05,3.0915156888735704e-05,-29.89386454342032,-29.073304033050576
418,418,2.8493488074316927e-05,2.8931358859776274e-05,-29.433222736873844,-29.36133025864081
419,419,2.818084434805961e-05,2.9788082237677084e-05,-29.481933597441746,-29.234593139553525
