,epoch,train_loss,test_loss,train_dbs,test_dbs
0,0,0.00022759431593249714,0.0002126581553296235,-9.33679592852074,-9.628980597157529
1,1,0.00019660758361047536,0.00018661419514836254,-9.975641847335798,-10.196354259854935
2,2,0.00017560441175970182,0.000170508983980031,-10.462216997635403,-10.588328354973239
3,3,0.000161543804219055,0.00015802224286170187,-10.824098756713163,-10.918618804639365
4,4,0.0001503067949520347,0.000147471681549704,-11.137583591968054,-11.218714697211084
5,5,0.00014080084379061519,0.0001396498976790003,-11.42241417155674,-11.455394802215338
6,6,0.00013365447345686617,0.00013306523301013696,-11.647662707811486,-11.665155032586878
7,7,0.00012767570604541406,0.00012748135410028656,-11.84340490376725,-11.851334341730968
8,8,0.00012257019134079942,0.00012289986663841104,-12.021895419861746,-12.010286904292357
9,9,0.00011814200910727599,0.00011860835289362033,-12.182840295610527,-12.164648271232751
10,10,0.00011463960659385361,0.00011488892893172114,-12.315733474582292,-12.303019213670751
11,11,0.00011124078108756275,0.0001119118119516459,-12.445471292308081,-12.417041746423035
12,12,0.00010829620164118169,0.00010929362370485538,-12.560188295813674,-12.519852765216843
13,13,0.00010595614010751363,0.00010645691241064157,-12.659323487244672,-12.634062359557305
14,14,0.00010342952587099305,0.00010422847730009572,-12.762119229169357,-12.725937089565754
15,15,0.00010128149621131033,0.00010203761370288895,-12.853594466228826,-12.81819808600401
16,16,9.94635862748369e-05,0.00010033924627350643,-12.931637494536341,-12.891092676738689
17,17,9.77226918246405e-05,9.831041557175156e-05,-13.005123286966231,-12.979805701237183
18,18,9.579811244902979e-05,9.67630571961452e-05,-13.092030148660603,-13.048705207583641
19,19,9.442830593901274e-05,9.511270878934546e-05,-13.15689489385524,-13.123415515891653
20,20,9.29417312607294e-05,9.370822341512202e-05,-13.224584137915329,-13.188023977485905
21,21,9.145571330571835e-05,9.275362811565988e-05,-13.29476598216788,-13.232491957353966
22,22,9.044652958352541e-05,9.147644825708612e-05,-13.344549645845085,-13.292708080799969
23,23,8.932269792211693e-05,8.999662800067056e-05,-13.397124951238013,-13.363538644814572
24,24,8.797484177606391e-05,8.895121917655495e-05,-13.464286074029383,-13.414281970972812
25,25,8.69179015934765e-05,8.770428432494794e-05,-13.516222114713539,-13.47559293028219
26,26,8.590125483904783e-05,8.698693464363092e-05,-13.56674611846056,-13.51126075161391
27,27,8.457434842526221e-05,8.574742739591257e-05,-13.630498458001634,-13.573590028948697
28,28,8.401003437892044e-05,8.487823613809029e-05,-13.66399784734606,-13.617837561764432
29,29,8.30721458151322e-05,8.382592243019884e-05,-13.715663957310873,-13.672017608984643
30,30,8.227416281480361e-05,8.264456693340387e-05,-13.755692561924693,-13.733657937930408
31,31,8.14234247711996e-05,8.19791296778835e-05,-13.800552489682312,-13.768767986856707
32,32,8.076179666701493e-05,8.114335880810885e-05,-13.833660923484823,-13.813271213409806
33,33,7.989142568945193e-05,8.069663722141597e-05,-13.88340897336548,-13.837246648102335
34,34,7.910591195524699e-05,7.927550330733586e-05,-13.924459469210237,-13.914410940793683
35,35,7.836491222968613e-05,7.860727131820137e-05,-13.964930587525048,-13.951173811110174
36,36,7.762173481751233e-05,7.807281278809042e-05,-14.00710268968312,-13.980802757513079
37,37,7.700866289147579e-05,7.734242344189337e-05,-14.042628925042568,-14.021623259505162
38,38,7.639930744207771e-05,7.65299375512098e-05,-14.076621947199389,-14.067487431093507
39,39,7.59236828184605e-05,7.635976783747442e-05,-14.104027048010092,-14.077155027481673
40,40,7.509895594827783e-05,7.563987425160839e-05,-14.152415171066021,-14.11829303876928
41,41,7.481231509747474e-05,7.55643735541717e-05,-14.168473319840816,-14.122630157531164
42,42,7.420856221044945e-05,7.477764493638748e-05,-14.202430533017145,-14.16808318785046
43,43,7.371340644126998e-05,7.445456982455461e-05,-14.229990362081944,-14.186887432998015
44,44,7.327813007802818e-05,7.413329991610034e-05,-14.255408150545337,-14.205667696300921
45,45,7.276647217444519e-05,7.335934902872203e-05,-14.288451531034113,-14.25124633186823
46,46,7.22556647702994e-05,7.304537039568746e-05,-14.31868464260818,-14.269874064273385
47,47,7.186913316002471e-05,7.294189210944368e-05,-14.341614987155413,-14.27603077349138
48,48,7.134091870237583e-05,7.233283356885965e-05,-14.375124309857355,-14.312446235555726
49,49,7.100306489875722e-05,7.200504861477959e-05,-14.396582115730581,-14.332171541119997
50,50,7.053090768149747e-05,7.104478534433598e-05,-14.424488365199249,-14.390478956412128
51,51,6.997116061123136e-05,7.108799610777121e-05,-14.456959471025337,-14.387838299344114
52,52,6.999380279124772e-05,7.034050749529055e-05,-14.45595288001613,-14.43374604696511
53,53,6.947652679824837e-05,7.006704752137394e-05,-14.488271754770532,-14.450662844333003
54,54,6.915046863459512e-05,6.998972017563095e-05,-14.510846417271988,-14.45545844878982
55,55,6.887189475801467e-05,6.957434283992227e-05,-14.527445295214205,-14.481309891283509
56,56,6.831181363128221e-05,6.907695205882192e-05,-14.563782161636842,-14.512469354796734
57,57,6.809128978236857e-05,6.852841761428863e-05,-14.576652391099959,-14.547093983880872
58,58,6.77811759422034e-05,6.851898108020817e-05,-14.59860089418549,-14.547692059397072
59,59,6.737249312903156e-05,6.847837166309259e-05,-14.624524796943954,-14.550266772839342
60,60,6.712067531140943e-05,6.80021349628652e-05,-14.638818847548842,-14.580575542281844
61,61,6.679980456799068e-05,6.743027858503506e-05,-14.660464665926751,-14.617251481049609
62,62,6.657448057481328e-05,6.736241572836757e-05,-14.674576538261777,-14.621624487586375
63,63,6.633448476312663e-05,6.747998658714718e-05,-14.689251604878484,-14.614051144592917
64,64,6.632738687894932e-05,6.67621666492012e-05,-14.690023395412371,-14.660496795498336
65,65,6.588043792943768e-05,6.618018309573496e-05,-14.720175914154265,-14.698521376972264
66,66,6.549135673360313e-05,6.629575861887516e-05,-14.74519041247856,-14.690943574689392
67,67,6.540105696143487e-05,6.647587437519657e-05,-14.751101029310941,-14.679160436183746
68,68,6.527099126803488e-05,6.621692380959805e-05,-14.758610043483811,-14.696111008638017
69,69,6.487783906140038e-05,6.597206390180968e-05,-14.785545487863134,-14.712200310819526
70,70,6.49290200600103e-05,6.544848005624342e-05,-14.784414266026593,-14.746805368931174
71,71,6.44533177636703e-05,6.511528600209491e-05,-14.81419726029306,-14.768971496275611
72,72,6.44372266458621e-05,6.499243413839538e-05,-14.817960519889105,-14.777172993049968
73,73,6.399157191668733e-05,6.500446340252988e-05,-14.845051505281647,-14.77636924416846
74,74,6.393407643700652e-05,6.466072686874356e-05,-14.85064601191308,-14.799395197277274
75,75,6.360581830880826e-05,6.494819650757371e-05,-14.873207394251615,-14.780130060382188
76,76,6.341278685326448e-05,6.38254371695343e-05,-14.884513224225774,-14.855863038851078
77,77,6.351586196934036e-05,6.438041141097385e-05,-14.881093390789497,-14.818263544165067
78,78,6.324887017961879e-05,6.418232863468707e-05,-14.898705880959326,-14.831646321281308
79,79,6.300171823858898e-05,6.376277968612205e-05,-14.912084167534863,-14.860128605398533
80,80,6.278845245743497e-05,6.335006554237273e-05,-14.92818172082281,-14.888330335091302
81,81,6.262664648658625e-05,6.354523314879963e-05,-14.938141172820455,-14.874971245790839
82,82,6.264957310403842e-05,6.366677744632685e-05,-14.94067808568797,-14.866672338551128
83,83,6.249727223418922e-05,6.366101910029293e-05,-14.949177966121884,-14.867065154256256
84,84,6.226434947841215e-05,6.324955029413104e-05,-14.965820227888113,-14.895226600382898
85,85,6.195068444586214e-05,6.280170591229475e-05,-14.986065916830816,-14.926086612097704
86,86,6.200824825953663e-05,6.273984074237218e-05,-14.980990951705165,-14.930366900943932
87,87,6.177401335606323e-05,6.239338223454787e-05,-14.998570516968444,-14.95441573450815
88,88,6.18135260064611e-05,6.240672921290082e-05,-14.996691851985144,-14.95348680599941
89,89,6.15191779662879e-05,6.21760120434613e-05,-15.016816649326488,-14.969572390102886
90,90,6.145367503271813e-05,6.237995273151778e-05,-15.020516916704787,-14.955350607185036
91,91,6.149560795165598e-05,6.223698150470706e-05,-15.018555650359001,-14.965315808543648
92,92,6.11148461382644e-05,6.160489838772551e-05,-15.043867252565185,-15.009648564761381
93,93,6.1001704097245386e-05,6.177386967465281e-05,-15.055456478496641,-14.997752945353785
94,94,6.0845702765365464e-05,6.185546226333827e-05,-15.0655768257629,-14.99202045200133
95,95,6.064296364466199e-05,6.168211908324768e-05,-15.078253262269186,-15.004208166083961
96,96,6.074427074054256e-05,6.158177979829673e-05,-15.071216444665245,-15.011278655950466
97,97,6.06148176152648e-05,6.147468095724961e-05,-15.081682857233732,-15.018838185477517
98,98,6.032643297245515e-05,6.126013383771734e-05,-15.101626198332953,-15.03402160758694
99,99,6.000951971239458e-05,6.13499919142525e-05,-15.123516632201143,-15.027655922283024
100,100,5.992064992843205e-05,6.107988673121374e-05,-15.133681088930507,-15.046818790391157
101,101,5.9806342271502254e-05,6.098175474203584e-05,-15.137010292368458,-15.05380185076389
102,102,6.000425566957553e-05,6.06487345449798e-05,-15.12809465399895,-15.077583584471391
103,103,5.984691586153409e-05,6.084817964859356e-05,-15.137665566719004,-15.063325117691182
104,104,5.972205304040228e-05,6.074897254094187e-05,-15.144314512204694,-15.07041165026248
105,105,5.9363788412943886e-05,6.045914644920757e-05,-15.173794235993332,-15.091180904548624
106,106,5.9434394268126983e-05,5.9678857053911903e-05,-15.166299632567892,-15.147596049461043
107,107,5.944993968911411e-05,6.038542912727663e-05,-15.164688564155181,-15.09647945104171
108,108,5.9137548511720636e-05,6.035656731814685e-05,-15.188859566903233,-15.098555700408218
109,109,5.899387674007718e-05,6.0149073856576396e-05,-15.19925663136884,-15.11351157360526
110,110,5.917672440529676e-05,5.970543191468e-05,-15.185407137985475,-15.145662576358465
111,111,5.8844951577016546e-05,5.95090396497031e-05,-15.211879419568106,-15.159971603275473
112,112,5.8736689040706174e-05,5.96245071823145e-05,-15.216641251081262,-15.15155299587423
113,113,5.8510957143843154e-05,5.93787712875239e-05,-15.235198448718613,-15.169488954643377
114,114,5.825185980563791e-05,5.917935184123436e-05,-15.2514966142769,-15.184098977896095
115,115,5.8334067775315803e-05,5.917976465609268e-05,-15.248972890614166,-15.184068683108446
116,116,5.8111724899493676e-05,5.922552296205571e-05,-15.267254598896416,-15.180711978155477
117,117,5.81238931134948e-05,5.9093882124503385e-05,-15.264026358586879,-15.190375805131282
118,118,5.7974772549716796e-05,5.87375547375383e-05,-15.27506532876937,-15.21664239302295
119,119,5.777544390287769e-05,5.89627423706636e-05,-15.290241695613371,-15.200024275959523
120,120,5.788293481263159e-05,5.873476613104638e-05,-15.283605774727413,-15.216848582260196
121,121,5.7495368516178244e-05,5.8420523457339425e-05,-15.310105371935386,-15.240146580488336
122,122,5.752564261315784e-05,5.825951647191112e-05,-15.308284140077035,-15.252132261971399
123,123,5.7324040942158086e-05,5.805596562200471e-05,-15.323218162502247,-15.267332491476783
124,124,5.7229722741110365e-05,5.841346194900229e-05,-15.329497594873713,-15.240671560287286
125,125,5.726774745817613e-05,5.7889355000378073e-05,-15.329705505069466,-15.27981391341164
126,126,5.728900330573244e-05,5.805102505531211e-05,-15.326655779685927,-15.267702092108205
127,127,5.706102512572825e-05,5.77614530476766e-05,-15.342636311981044,-15.289419922373746
128,128,5.714440414953266e-05,5.8133685869458864e-05,-15.337641203869229,-15.261522425054785
129,129,5.6801878806076386e-05,5.734814227540291e-05,-15.364107584841683,-15.320607480386613
130,130,5.656799787419042e-05,5.77119627498752e-05,-15.380062605306817,-15.293142573931329
131,131,5.6412664167679e-05,5.7600772522978094e-05,-15.393006919892496,-15.301517939728493
132,132,5.619451254348213e-05,5.756253372773675e-05,-15.412357974647469,-15.30440200044521
133,133,5.636948353452512e-05,5.714050635824127e-05,-15.396291443575397,-15.33636017430174
134,134,5.6245692116904466e-05,5.68991892673933e-05,-15.408028686788038,-15.354740236927816
135,135,5.623989932949549e-05,5.664203414007237e-05,-15.404339915745137,-15.374412606204302
136,136,5.5820934988135835e-05,5.69175985889926e-05,-15.438762497143756,-15.353335335769302
137,137,5.597708798997757e-05,5.667946606990881e-05,-15.427900973087924,-15.371543515848796
138,138,5.584225984477467e-05,5.6830509397274765e-05,-15.43976982891008,-15.359985532147327
139,139,5.598923302592815e-05,5.6096463116486315e-05,-15.42619168198092,-15.41644622212056
140,140,5.5596014548071475e-05,5.619512605909748e-05,-15.455944165630399,-15.408814522741242
141,141,5.552717011221492e-05,5.647576529698103e-05,-15.459598535601248,-15.387179773428219
142,142,5.5446498419731835e-05,5.604207456743001e-05,-15.468045352042967,-15.420658984133313
143,143,5.4952798217124565e-05,5.619867500316008e-05,-15.506580470173862,-15.40854025729085
144,144,5.511412757524462e-05,5.5695774024474975e-05,-15.492984185429453,-15.447578581800887
145,145,5.514985106443775e-05,5.567321702409046e-05,-15.490837361686312,-15.449337847254764
146,146,5.511687882484619e-05,5.5954866279774395e-05,-15.495131255950788,-15.42742239846824
147,147,5.5119137934675514e-05,5.594588181242886e-05,-15.493852010182469,-15.428119785155268
148,148,5.4818049844920864e-05,5.565488831244262e-05,-15.517462202391417,-15.45076786501657
149,149,5.474576695651757e-05,5.5327487260862986e-05,-15.524795337417432,-15.476391551986815
150,150,5.4497186902528824e-05,5.5137948182068374e-05,-15.541129417467268,-15.491295011422089
151,151,5.441515119302269e-05,5.5672677262919024e-05,-15.547123410854407,-15.449379953036894
152,152,5.418109852603406e-05,5.538100154617017e-05,-15.56902504859156,-15.47219296507221
153,153,5.417317677092422e-05,5.516797625061468e-05,-15.569072624244711,-15.488930492043625
154,154,5.426838095107874e-05,5.4896548566543255e-05,-15.560135088194972,-15.510350615300915
155,155,5.4129376668739855e-05,5.5162890164769795e-05,-15.572968182459366,-15.489330898401384
156,156,5.408889114029811e-05,5.4822452511871234e-05,-15.576661133741421,-15.516216420175283
157,157,5.3793023700151384e-05,5.44169522886238e-05,-15.600055168100033,-15.54845887308196
158,158,5.379961871814472e-05,5.439034870697038e-05,-15.599745649323712,-15.550582588831814
159,159,5.353123868321136e-05,5.418961116351726e-05,-15.620282187615846,-15.56664067300492
160,160,5.358242361983956e-05,5.448067799749735e-05,-15.61533346908985,-15.543375984353236
161,161,5.364160588402397e-05,5.458165584346525e-05,-15.61181419662173,-15.535333953289888
162,162,5.329839558791868e-05,5.3755730493178e-05,-15.640345651749348,-15.60155334136416
163,163,5.3439059838731824e-05,5.42485958201149e-05,-15.629222312657923,-15.561916007388188
164,164,5.362068026743051e-05,5.3908698502805475e-05,-15.614745023313732,-15.589212551038171
165,165,5.2943303765544244e-05,5.401505366439539e-05,-15.66679523060628,-15.580652901503182
166,166,5.3101600399516886e-05,5.3463515206730285e-05,-15.656374824168696,-15.625225919886713
167,167,5.295571392388851e-05,5.3876190098603014e-05,-15.669223565392539,-15.59183225425852
168,168,5.319026476894409e-05,5.3655349275734475e-05,-15.649150964379421,-15.609670757483245
169,169,5.2887876158023314e-05,5.35247150094763e-05,-15.677087743311917,-15.620257384661596
170,170,5.260869882702011e-05,5.254715736220149e-05,-15.695852089501258,-15.700308750337593
171,171,5.274868292581607e-05,5.366163512869542e-05,-15.68556118563497,-15.609162000873418
172,172,5.2331294991932903e-05,5.3361515280190166e-05,-15.718630944542715,-15.633519485263896
173,173,5.246919306617989e-05,5.368297417206984e-05,-15.71117683089805,-15.607435332162423
174,174,5.221893657904992e-05,5.30035697585462e-05,-15.728315238291657,-15.662749819946349
175,175,5.234453577209821e-05,5.287002376893437e-05,-15.72014810594316,-15.673705964003794
176,176,5.2004296654540104e-05,5.316232694129116e-05,-15.74415182296617,-15.64976120082031
177,177,5.1972244636062055e-05,5.2587787075409374e-05,-15.74980253425785,-15.696952062184039
178,178,5.202125597411536e-05,5.304094692722796e-05,-15.748190318754997,-15.659688332320737
179,179,5.184861321449904e-05,5.254876611472451e-05,-15.759836458122319,-15.7001757913568
180,180,5.186081319518109e-05,5.260631721619958e-05,-15.759235484262867,-15.695422026250656
181,181,5.1831639080474e-05,5.272921867129442e-05,-15.758284668923979,-15.685287659432003
182,182,5.179566235795195e-05,5.2566996026526845e-05,-15.765192290640137,-15.698669423516346
183,183,5.1356013406718573e-05,5.230621651495121e-05,-15.799494208106326,-15.720267948736604
184,184,5.1532856906709e-05,5.235798839988236e-05,-15.78566569457144,-15.715971494988084
185,185,5.122763723568252e-05,5.1933414253749344e-05,-15.812031012002167,-15.751332267361782
186,186,5.1296244940382055e-05,5.1971453151628866e-05,-15.805215865236914,-15.748152419372497
187,187,5.129665303159236e-05,5.190822010167482e-05,-15.807922850669042,-15.7534396458723
188,188,5.1063536112760816e-05,5.177909329895077e-05,-15.824407806709424,-15.764256607955804
189,189,5.108720911594741e-05,5.203514056598866e-05,-15.823580283827766,-15.74283369964685
190,190,5.09211215065773e-05,5.170474986171987e-05,-15.835603977934557,-15.770496606224803
191,191,5.064523380853418e-05,5.177497568135885e-05,-15.863848101442915,-15.764601984746365
192,192,5.070481159977528e-05,5.147360436814396e-05,-15.8568135721211,-15.789955218656061
193,193,5.0520182187553764e-05,5.105633987879724e-05,-15.873263856615017,-15.825304241228846
194,194,5.0569626745124606e-05,5.158050350330182e-05,-15.869111902602688,-15.7809452486258
195,195,5.067802523682854e-05,5.1254477033293564e-05,-15.858011257345513,-15.808482954285449
