,epoch,train_loss,test_loss,train_dbs,test_dbs
0,0,4.879746626739716e-05,4.585500037616217e-05,-16.024437318756398,-16.291934007081846
1,1,3.9276180050177406e-05,3.591251477605271e-05,-16.970352080417562,-17.35334284363928
2,2,3.0528651588667214e-05,3.0028706915848153e-05,-18.06049499881998,-18.130434708660363
3,3,2.7687267386672548e-05,2.8173627039282828e-05,-18.484200867253694,-18.40737340911807
4,4,2.6583664228232966e-05,2.7972667579122474e-05,-18.661221306349773,-18.438462177457502
5,5,2.60479021553411e-05,2.7334356625368328e-05,-18.75073922751033,-18.53871245787367
6,6,2.8680933835332944e-05,2.8753144426062998e-05,-18.331564824746334,-18.31894756254283
7,7,2.6549316410721787e-05,2.7745628214784358e-05,-18.663954151668506,-18.473855395225076
8,8,2.5946574206716025e-05,2.7156376266870402e-05,-18.764943811028672,-18.567082846141943
9,9,2.552459968167559e-05,2.7067545153457966e-05,-18.837294422004508,-18.581312321206966
10,10,2.5355235097261347e-05,2.6956222523279538e-05,-18.868403927502037,-18.599210692426265
11,11,2.511012088379897e-05,2.6926633692806046e-05,-18.909623553978278,-18.60398039767007
12,12,2.5046964793480435e-05,2.6199887686648015e-05,-18.918769487973087,-18.722806724570372
13,13,2.5220463997066337e-05,2.642105200242153e-05,-18.893054053525653,-18.686299962021483
14,14,2.4627727884997267e-05,2.6482224328853926e-05,-18.994321103966453,-18.676256419353642
15,15,2.439888921986663e-05,2.625775519654302e-05,-19.035194999251704,-18.713225070099554
16,16,2.454010994079374e-05,2.6837728383773202e-05,-19.009513595687352,-18.618343488322203
17,17,2.443579971216038e-05,2.6011055045895965e-05,-19.024811932569854,-18.754221338891
18,18,2.397064053156166e-05,2.5980888351209853e-05,-19.108803277495934,-18.759261054529084
19,19,2.4218480856942142e-05,2.5268271776057143e-05,-19.06644789976148,-18.880045626965373
20,20,2.3813941832898862e-05,2.495691995519385e-05,-19.13837883277467,-18.933891159541695
21,21,2.4845116668168968e-05,2.7054119671351817e-05,-18.9544639911802,-18.583466952973765
22,22,2.4524613829421422e-05,2.6537462441697962e-05,-19.012446947032387,-18.667207095323327
23,23,2.40189072372363e-05,2.5982199076679535e-05,-19.10121082365285,-18.75904196021923
24,24,2.3918304812224923e-05,2.5533544861613528e-05,-19.120567056398386,-18.834689892864873
25,25,2.3575222942397267e-05,2.5209133845668187e-05,-19.182756359410508,-18.890221779354178
26,26,2.384508286585393e-05,2.551891195348856e-05,-19.132752838424885,-18.837179485657604
27,27,2.312525679578179e-05,2.493501654642291e-05,-19.262019423101016,-18.93770441308214
28,28,2.3424786161637347e-05,2.537428238275951e-05,-19.21055312142751,-18.861863333624513
29,29,2.3118692372440117e-05,2.5337041351074157e-05,-19.27058558387187,-18.868242018414406
30,30,2.2908947545316158e-05,2.4207396276515763e-05,-19.308275901694614,-19.06632022381722
31,31,2.2674497025964792e-05,2.446668795049558e-05,-19.352669522064947,-19.02004919058696
32,32,2.303486704927168e-05,2.4526093942480848e-05,-19.281863542869704,-19.009517146412897
33,33,2.2805375976400383e-05,2.5032878080597393e-05,-19.32803832148314,-18.920693178592632
34,34,2.24346942146796e-05,2.32406226515243e-05,-19.397347340248242,-19.243323427706798
35,35,2.2353874630857015e-05,2.406435018393064e-05,-19.41261899352105,-19.0920596325067
36,36,2.293520626069236e-05,2.431238748326187e-05,-19.301909636255022,-19.047524932753245
37,37,2.2778444066172652e-05,2.4065467809314694e-05,-19.332784199893542,-19.091857936943555
38,38,2.2651515829454285e-05,2.4054350050343936e-05,-19.356543463276083,-19.093864753125665
39,39,2.2458707612666742e-05,2.4379731832213063e-05,-19.393952098380353,-19.035511778182535
40,40,2.1984723183046188e-05,2.3281375577330198e-05,-19.48754414796244,-19.235714650784114
41,41,2.2244467903330643e-05,2.399785693054774e-05,-19.43598404645863,-19.104076422074197
42,42,2.2270263432745326e-05,2.331179003752033e-05,-19.429717162334864,-19.23004479172541
43,43,2.227357568118191e-05,2.3563495520456374e-05,-19.42755575519225,-19.183403858594367
44,44,2.1973799064034746e-05,2.3460395344667823e-05,-19.486100446059968,-19.202447756643522
45,45,2.1969957639701478e-05,2.3078229308961645e-05,-19.489472537425748,-19.273776177962645
46,46,2.1781909915083927e-05,2.350880937516003e-05,-19.526444076986092,-19.193494676061743
47,47,2.1918309939042282e-05,2.350636187704942e-05,-19.498968415757183,-19.19394684283964
48,48,2.222823526064587e-05,2.3711618268862367e-05,-19.439461440583685,-19.156189073635687
49,49,2.2139199639231893e-05,2.3294615713989753e-05,-19.457733908148732,-19.23324551667173
50,50,2.1776130779471714e-05,2.355509604967665e-05,-19.528475933738843,-19.184952225694328
51,51,2.209711310007554e-05,2.3276655969981986e-05,-19.462794861697486,-19.236595143093165
52,52,2.186912049004717e-05,2.2766997924344124e-05,-19.508235601716837,-19.332743341009152
53,53,2.1571163884313063e-05,2.2647265675339823e-05,-19.567916966365143,-19.355643272178998
54,54,2.1538170051254504e-05,2.318541230220274e-05,-19.576709678648772,-19.25365278767967
55,55,2.196456112944792e-05,2.453941976311494e-05,-19.490640305775237,-19.007158124740265
56,56,2.199808853585693e-05,2.2919563554368277e-05,-19.484890862464564,-19.303737587282004
57,57,2.185275312963172e-05,2.2921128507541173e-05,-19.512506402012868,-19.30344106011493
58,58,2.153627559254318e-05,2.330033696221347e-05,-19.577985885011813,-19.23217900349683
59,59,2.1337684949085276e-05,2.3063350645794633e-05,-19.617877999935015,-19.276577001663014
60,60,2.121969273221768e-05,2.2739155371566182e-05,-19.639991112098755,-19.33805772935738
61,61,2.149909212057162e-05,2.241423312386216e-05,-19.584015378849276,-19.400562174620934
62,62,2.144046424497723e-05,2.2987993839993387e-05,-19.595312557208103,-19.29079029967191
63,63,2.1226375033573688e-05,2.3640236529325576e-05,-19.63788687500765,-19.169282845444403
64,64,2.154765220860934e-05,2.2140535388883253e-05,-19.572952699695456,-19.4539198353942
65,65,2.1128002436412737e-05,2.1751574661864554e-05,-19.659156305439843,-19.53089399741051
66,66,2.233501681141356e-05,2.3629737705433446e-05,-19.417167450130826,-19.17121201144528
67,67,2.224965021351758e-05,2.3144415105267207e-05,-19.43371682212187,-19.261338920802228
68,68,2.1904842807211044e-05,2.3854177159496192e-05,-19.500410717519745,-19.130156617174396
69,69,2.1738411230695212e-05,2.324568202694584e-05,-19.53423124685252,-19.24237809171964
70,70,2.181622022765895e-05,2.2995348875778482e-05,-19.521007659262697,-19.28940099159022
71,71,2.1542064638834773e-05,2.301805024647987e-05,-19.573776791042434,-19.285115682956107
72,72,2.1586990911113315e-05,2.2784145824660202e-05,-19.567407835946582,-19.329473504854725
73,73,2.1350479120470837e-05,2.3068101223830845e-05,-19.61220303667712,-19.275682536064966
74,74,2.1433236715611857e-05,2.289635363252417e-05,-19.59709236649633,-19.308137779382697
75,75,2.1160008436334128e-05,2.3423415864511443e-05,-19.653017472371328,-19.209298730185044
76,76,2.1167745132712746e-05,2.1896865195901083e-05,-19.64953564508717,-19.5019815732983
77,77,2.1514936258998994e-05,2.307044949128268e-05,-19.58251471561381,-19.27524045906799
78,78,2.1402006449037443e-05,2.2899863516182738e-05,-19.60468869583449,-19.307472081120732
79,79,2.1175882400561978e-05,2.329196918014388e-05,-19.64719294369359,-19.233738952732466
80,80,2.1345174581696972e-05,2.2590391572999867e-05,-19.613982400078612,-19.366563431765393
81,81,2.127042771275059e-05,2.2723461561805668e-05,-19.627970512049284,-19.341056120435375
82,82,2.1194951250904944e-05,2.255290660526187e-05,-19.647535026005855,-19.373775806156015
83,83,2.1295377121429373e-05,2.3173584084265474e-05,-19.624935236529968,-19.25586894000944
84,84,2.1197835624277395e-05,2.2698849390603993e-05,-19.645299576976356,-19.345762587791405
85,85,2.1092289814274857e-05,2.218745038063437e-05,-19.665289705756326,-19.444727028958333
86,86,2.10890017565221e-05,2.2190481008453245e-05,-19.664925348317357,-19.44413385802887
87,87,2.0962698239525277e-05,2.197030713240996e-05,-19.69215686690587,-19.48743973899568
88,88,2.105971242665114e-05,2.247896952069009e-05,-19.673002662615204,-19.38803703595778
89,89,2.094812993463981e-05,2.2311362858760587e-05,-19.69546929590442,-19.420540026803806
90,90,2.100852843702257e-05,2.1833743535113937e-05,-19.68203918318704,-19.514518973898106
91,91,2.122460344103321e-05,2.286519262078831e-05,-19.638600797159754,-19.314052377400944
92,92,2.0743072690089958e-05,2.1909026863316906e-05,-19.736603587302916,-19.499570141896335
93,93,2.0814227336251353e-05,2.2062553733504548e-05,-19.72527321466513,-19.469243215921548
94,94,2.0502929755915003e-05,2.260773788676536e-05,-19.78971670345247,-19.363229927122777
95,95,2.0685472365360127e-05,2.250956267265505e-05,-19.749403007820266,-19.382130446663727
96,96,2.063941906975011e-05,2.2185380562165702e-05,-19.759294978172115,-19.445132191631544
97,97,2.072100431684431e-05,2.2233800767648254e-05,-19.74336287266021,-19.43566392330542
98,98,2.0585974451342297e-05,2.191575654969232e-05,-19.77098837162197,-19.498236346060672
99,99,2.0626961880215904e-05,2.281851314029681e-05,-19.761365481293137,-19.32292759779438
100,100,2.04512460786458e-05,2.2677770845659422e-05,-19.802248498013448,-19.34979739530539
101,101,2.0266343442964388e-05,2.169703197739038e-05,-19.836728730737644,-19.541797729967406
102,102,2.078187994764861e-05,2.2167364668827138e-05,-19.733066865850418,-19.448660362640155
103,103,2.080503051645079e-05,2.2506686084517768e-05,-19.726399740049477,-19.382685484629313
104,104,2.0619211260129735e-05,2.2381761338788476e-05,-19.76294131750458,-19.406858415931904
105,105,2.0459836040450664e-05,2.24782534132828e-05,-19.79998883009698,-19.388175390364555
106,106,2.0573016552157944e-05,2.1300542979779973e-05,-19.77369828662107,-19.621894277163705
107,107,2.054699479296837e-05,2.1697447712205375e-05,-19.77871963916166,-19.541714516002227
108,108,2.033018540480287e-05,2.2087797141897393e-05,-19.826079347244146,-19.464276970377984
109,109,2.048930783183602e-05,2.236485775747018e-05,-19.79205312245128,-19.410139616875533
110,110,2.0581878471631106e-05,2.228400420503213e-05,-19.77206626368314,-19.425868703130295
111,111,2.0338884740377797e-05,2.195937026714857e-05,-19.825700165697082,-19.489602204377466
112,112,2.1231689295502255e-05,2.339348104310614e-05,-19.63589036908674,-19.214852506869743
113,113,2.16170380844767e-05,2.2609462145115494e-05,-19.559608597011856,-19.362898709848523
114,114,2.0865040064516918e-05,2.254796776182239e-05,-19.710402340862128,-19.37472696840793
115,115,2.070095159013494e-05,2.2509472249734436e-05,-19.74829241200646,-19.3821478926954
116,116,2.0354522489141506e-05,2.2587263102698335e-05,-19.82328308032887,-19.36716491380366
117,117,2.0724809886458614e-05,2.2608099434843386e-05,-19.742667759620456,-19.36316047431839
118,118,2.0700369241615018e-05,2.219054275835668e-05,-19.74767494110602,-19.44412177284469
119,119,2.0356197290818e-05,2.263384402268505e-05,-19.820708091431932,-19.358217833578028
120,120,2.0659428543891857e-05,2.1977716115591312e-05,-19.757928158960254,-19.485975427154166
121,121,2.0344459061533663e-05,2.269463091483646e-05,-19.821972522256253,-19.346569778930235
122,122,2.0296594821328907e-05,2.188695280461903e-05,-19.832667108016718,-19.503948006152445
123,123,2.0499977854905008e-05,2.2103381812293694e-05,-19.78905221854972,-19.46121376328726
124,124,2.0477724910492304e-05,2.2425528665113042e-05,-19.792896968248243,-19.398374120472823
125,125,2.0607526691032806e-05,2.265237469002482e-05,-19.768547806097708,-19.35466365429366
126,126,2.036324346506459e-05,2.1670889365946334e-05,-19.81889890816205,-19.54703367068867
127,127,2.05217327712705e-05,2.2349302861058324e-05,-19.783891728357407,-19.41316121265517
128,128,2.0411987599200263e-05,2.2914258136695837e-05,-19.80852533214204,-19.304743007971183
129,129,2.038700939610675e-05,2.2026092904668888e-05,-19.814199362850108,-19.476426353344092
130,130,2.0339888625627637e-05,2.2706539359780053e-05,-19.82228497902867,-19.344291523980253
131,131,2.001320195425429e-05,2.2398020423440213e-05,-19.893607244863862,-19.403704657348243
132,132,1.9961134929656407e-05,2.2205015739018563e-05,-19.90744475444344,-19.44129016712846
133,133,2.036024702694291e-05,2.195226395423034e-05,-19.818901572185066,-19.491007860335724
134,134,2.0617730499616674e-05,2.2106272760873636e-05,-19.76651275389025,-19.460645777389317
135,135,2.0756827634801254e-05,2.1063869721011113e-05,-19.733175472452306,-19.670419420361004
136,136,2.01559074956038e-05,2.1794984413166897e-05,-19.86270999744664,-19.522235392874748
137,137,2.036141619644639e-05,2.1686193193952357e-05,-19.819924182170126,-19.543967796354597
138,138,2.0231199836341627e-05,2.267854525646391e-05,-19.84918328141696,-19.34964909298807
139,139,2.0639378714438807e-05,2.159368695605448e-05,-19.76027066466875,-19.562533009428584
140,140,2.010380317234691e-05,2.1977546135818365e-05,-19.873598528420676,-19.48600901643274
141,141,2.040777215689118e-05,2.2438088068922395e-05,-19.80669797267556,-19.395942537684828
142,142,2.0397154696990218e-05,2.1273543002041007e-05,-19.811090701087853,-19.6274027655529
143,143,1.9915408761475773e-05,2.1836488246519463e-05,-19.914586340969354,-19.5139730583072
144,144,2.0273306206232967e-05,2.1416491539352328e-05,-19.8363677574412,-19.59831776074949
145,145,2.007321891892154e-05,2.110348750169291e-05,-19.880110590583758,-19.662258705660687
146,146,2.0179747414508757e-05,2.1558835789236535e-05,-19.858820158669864,-19.569547974841882
147,147,2.023001621806149e-05,2.1978828571216008e-05,-19.84691386651943,-19.48575560398894
148,148,2.0336451701407042e-05,2.167958839555994e-05,-19.82394622054962,-19.545290695383716
149,149,2.0177588996056768e-05,2.1482978761349314e-05,-19.859608066019437,-19.584856029615164
150,150,1.988698194199782e-05,2.0930801359722146e-05,-19.919181473134763,-19.69794245933553
151,151,2.0325558261433378e-05,2.213517090192334e-05,-19.823896985320616,-19.454972226103013
152,152,2.0127389342230072e-05,2.178471291508207e-05,-19.869628633740305,-19.52428260994839
153,153,2.006371355538746e-05,2.1545842556454437e-05,-19.88280247353132,-19.572166200838144
154,154,2.0282505454478148e-05,2.118413924204345e-05,-19.83438772359641,-19.64569279692713
155,155,2.007266396775748e-05,2.167202843625809e-05,-19.881248299847595,-19.546805401815188
156,156,2.0042209059480677e-05,2.2122242291133214e-05,-19.888286036428315,-19.457509574799854
157,157,1.9813165561141224e-05,2.104447331045154e-05,-19.93777604857124,-19.67442041116905
158,158,1.9930057570706697e-05,2.1521168252404193e-05,-19.912452095112098,-19.577142592310434
159,159,1.9877471234010336e-05,2.0854044219289025e-05,-19.922743779607757,-19.713898119609322
160,160,2.0174375404354748e-05,2.2440542747254338e-05,-19.857556025585158,-19.395467454895496
161,161,1.9994430189886845e-05,2.2060160182790194e-05,-19.897741587041736,-19.469714404466473
162,162,2.0242415649994018e-05,2.07073642166889e-05,-19.844863628221468,-19.74455279788683
163,163,1.994976017946082e-05,2.1050265068448714e-05,-19.908433608907377,-19.673225331379303
164,164,2.0677589230958285e-05,2.1648934833999528e-05,-19.75306918127748,-19.551435688965377
165,165,1.9578333588460455e-05,2.1300145865672293e-05,-19.987148376671772,-19.621975245087146
166,166,1.9919931547360412e-05,2.079072471947017e-05,-19.9145725096941,-19.727104738956797
167,167,1.990631872760468e-05,2.16361878349409e-05,-19.918442304625735,-19.55399358931112
168,168,2.053593684696849e-05,2.1685217114664785e-05,-19.78232728478646,-19.544163273442177
169,169,2.0164276675225748e-05,2.1662944403176783e-05,-19.864822537564685,-19.54862616931078
170,170,2.0106061457067646e-05,2.0618539230398663e-05,-19.873157637534533,-19.763222086438812
171,171,2.0032873696445958e-05,2.1537242853235894e-05,-19.890244859452086,-19.57389996882059
172,172,1.9827419912206133e-05,2.135301081963055e-05,-19.933583720606265,-19.611209819345895
173,173,1.9606561875558872e-05,2.1910319877573975e-05,-19.98620623955345,-19.499313840057624
174,174,1.9821328482366787e-05,2.162560887977873e-05,-19.935267883578526,-19.55611757966367
175,175,1.990381666079893e-05,2.1653776983791767e-05,-19.919498004948455,-19.550464424646904
176,176,1.9976303435411403e-05,2.149636738498597e-05,-19.89939283095462,-19.582150262275675
177,177,1.9790828886958554e-05,2.09059890039498e-05,-19.942877435822307,-19.70309384421219
178,178,1.9953636830305375e-05,2.198469280158047e-05,-19.909778017410154,-19.484597005758648
179,179,1.9813284048610775e-05,2.1691628430026438e-05,-19.937643249518167,-19.54287945537352
180,180,1.9742807229160518e-05,2.143246858491023e-05,-19.953539657546152,-19.595079062295966
181,181,1.9702506862588578e-05,2.1384023631598164e-05,-19.95901922268046,-19.60490676362715
182,182,1.987716940366039e-05,2.1282861014601383e-05,-19.92458081200523,-19.62550093122481
183,183,1.953932629832482e-05,2.1068734129489474e-05,-19.996311388861038,-19.669416593297782
184,184,1.9873290005579265e-05,2.1591639827085218e-05,-19.92381019111677,-19.56294474965703
185,185,1.9533351546341853e-05,2.0718620841140173e-05,-19.999306604046016,-19.742192593296622
186,186,1.9695973343314297e-05,2.078741181321675e-05,-19.962297131556625,-19.72779682235829
187,187,1.9773877893479122e-05,2.0568045903545634e-05,-19.947894665603133,-19.773870691629195
188,188,1.9314472382640964e-05,2.0706999078500206e-05,-20.046688178253117,-19.74462937880604
189,189,1.9712162264619747e-05,2.0772274231268584e-05,-19.95935940810848,-19.730960546258004
190,190,2.9369564040233356e-05,2.2844264956227945e-05,-18.22560858017371,-19.318029134227444
191,191,1.9868303724317378e-05,2.1757266183971968e-05,-19.927626001996703,-19.529757770100872
192,192,2.0029857258817072e-05,2.1337759359372094e-05,-19.89052676250865,-19.61431289070546
193,193,1.980180323445574e-05,2.1420434438225227e-05,-19.94086552992881,-19.59751827330311
194,194,1.9941701634472582e-05,2.1714753002973003e-05,-19.910387242705653,-19.53825208260222
195,195,1.9849284493004945e-05,2.100031552369106e-05,-19.92875952814667,-19.68354282120181
196,196,1.980224507073236e-05,2.103664011979402e-05,-19.940643747205186,-19.67603724648553
197,197,1.9897152080525256e-05,2.1755575337585087e-05,-19.919928515538338,-19.530095291269454
198,198,1.983499894720939e-05,2.1526555428863503e-05,-19.93572935305517,-19.576055602884995
199,199,1.957723581897918e-05,2.109372757044376e-05,-19.991527785885527,-19.664267693388243
200,200,2.0227681770191657e-05,2.1353842863678246e-05,-19.847856541855236,-19.611040594920542
201,201,1.960086214727273e-05,2.1024235234347687e-05,-19.98350023512367,-19.67859894945002
202,202,1.949462637771221e-05,2.1380659171355593e-05,-20.008503340758956,-19.605590115601338
203,203,1.9637026319465692e-05,2.173851249895769e-05,-19.976279064551697,-19.533502787511004
204,204,2.0118222554507137e-05,2.1454739094463692e-05,-19.870594402719007,-19.59056864494732
205,205,1.999108965335217e-05,2.0868927382061404e-05,-19.89964717551511,-19.71079974214895
206,206,1.9845152517931282e-05,1.981113932982369e-05,-19.928604208720177,-19.936706497130835
207,207,2.0121023193421504e-05,2.1278531819820944e-05,-19.870303471141177,-19.626384429289843
208,208,1.9515763803432603e-05,2.124230870417944e-05,-20.00449210960229,-19.63378386112239
209,209,1.9788477196194324e-05,2.1171348587239136e-05,-19.943796324468092,-19.64831579161093
210,210,1.9478064938628394e-05,2.0982711487847967e-05,-20.01182409853257,-19.68718492927175
211,211,1.9609115999216002e-05,2.1339104358431588e-05,-19.98327887057822,-19.614039147220577
212,212,2.025791474300876e-05,2.07873032004021e-05,-19.83862574278534,-19.727819514009237
213,213,1.9441686660131155e-05,2.0755456286056678e-05,-20.02176148343284,-19.734478167428627
214,214,1.969790733222833e-05,2.1422346961978627e-05,-19.965052136821186,-19.59713053073084
215,215,1.9676604762897807e-05,2.0671919006226264e-05,-19.970295062013015,-19.751993073251647
216,216,1.9289847513550975e-05,2.152495596276008e-05,-20.055762621257564,-19.57637830435613
217,217,1.967086283218226e-05,2.113110646237864e-05,-19.970372561286922,-19.656578639721506
218,218,1.9732521378528808e-05,2.1620101027732935e-05,-19.952538178360232,-19.557223830327
219,219,1.9568052416569528e-05,2.1169539889486162e-05,-19.993325660045763,-19.64868683127603
220,220,1.962904615041778e-05,2.2379762843851686e-05,-19.976704254406577,-19.407246220118463
221,221,1.9590771078526943e-05,2.1198678903027413e-05,-19.985651552086306,-19.642713054164307
222,222,1.95812803231655e-05,2.1627938478655107e-05,-19.989146478571502,-19.555649765114428
223,223,1.9510272518205384e-05,2.0661475422170234e-05,-20.00501358515767,-19.754187710825487
224,224,1.972799209491398e-05,2.1144481204254062e-05,-19.955040539393153,-19.65383068180642
225,225,1.9349126287312344e-05,2.1307310529855865e-05,-20.041524214317825,-19.620514667802244
226,226,1.9390239479613117e-05,2.1646729931633575e-05,-20.03150713266241,-19.55187803206678
227,227,1.9786070635708494e-05,2.095558686146672e-05,-19.94275224526425,-19.692802742901453
228,228,1.9598582081560325e-05,2.1383722923928872e-05,-19.988045325548917,-19.6049678356695
229,229,1.9834972449971995e-05,2.0738826031830332e-05,-19.93172641696991,-19.737959335255333
230,230,1.9646804934588365e-05,2.152297599279432e-05,-19.972580940289635,-19.57677780788255
231,231,1.9767019206408374e-05,2.091765906554524e-05,-19.949541799378004,-19.700670218478976
232,232,1.93773803684306e-05,2.1459367130055878e-05,-20.034432415764666,-19.58963192250132
233,233,1.9760793466704535e-05,2.1508462132739003e-05,-19.9501163527778,-19.579707428572327
234,234,1.97517287908584e-05,2.124306023401196e-05,-19.9513021509504,-19.633630215164995
235,235,1.984788413369877e-05,2.1239590320252127e-05,-19.930096453233187,-19.634339664496554
236,236,1.953934380375377e-05,2.1667377184616942e-05,-19.998899680195233,-19.54773758484839
237,237,1.9776872868908295e-05,2.0897599537611793e-05,-19.944737671544818,-19.70483699551223
238,238,1.9548801085959696e-05,2.1177970761767173e-05,-19.99814902346103,-19.646957576686404
239,239,1.9910010413480348e-05,2.100301590919691e-05,-19.918816190560975,-19.682984407149494
240,240,1.9813543179590907e-05,2.1040939157644873e-05,-19.939081408753516,-19.675149815005547
241,241,1.9536623964536236e-05,2.1555857720637793e-05,-19.997976439207704,-19.57014793678336
242,242,1.9859603329228005e-05,2.132976514028422e-05,-19.926687436171395,-19.615940285459818
243,243,1.9785796774664687e-05,2.110336993753567e-05,-19.94578737155316,-19.662282899579807
244,244,1.958212987560306e-05,2.1091315159681374e-05,-19.988070680079304,-19.66476440815515
245,245,1.9555263205211774e-05,2.2068627722068125e-05,-19.99574574627532,-19.4680477347919
246,246,1.9428934372383045e-05,2.0995995567462062e-05,-20.022995367043816,-19.68443629641913
247,247,1.916425413376779e-05,2.138072130420417e-05,-20.083716041964202,-19.605577494889385
248,248,1.9448709965742928e-05,2.0849286796108475e-05,-20.017970982580398,-19.71488898657081
249,249,1.9695420436169254e-05,2.142157020563517e-05,-19.964904502055745,-19.597288005124444
250,250,1.9025297679598732e-05,2.1453008038837363e-05,-20.11275770747444,-19.590919065538948
251,251,1.9877927172142945e-05,2.116291106128636e-05,-19.92431883370132,-19.650046952633303
252,252,1.9736865519026304e-05,2.0855128097632825e-05,-19.957583990882437,-19.713672403126484
253,253,1.958387493340121e-05,2.1402507771103717e-05,-19.989433000007505,-19.60115438640646
254,254,1.9489746629221474e-05,2.1145007275136824e-05,-20.009446906984742,-19.653722631465918
255,255,1.955296961896988e-05,2.1194015780086995e-05,-19.9963867669558,-19.643668486974022
256,256,1.9298440381988387e-05,2.108848442922432e-05,-20.051209495061237,-19.66534732729231
257,257,1.9367139579979678e-05,2.1785502547955777e-05,-20.03718729492953,-19.52412519360506
258,258,1.9335275292459554e-05,2.0882422608050738e-05,-20.043798739697678,-19.707992215022426
259,259,1.9426040088331218e-05,2.1253789160063636e-05,-20.023295051735175,-19.631437340377136
260,260,1.9502456480134326e-05,2.106626054324136e-05,-20.00776823084656,-19.669926509042476
261,261,2.0841246182921094e-05,2.233105882815404e-05,-19.71647529808774,-19.416707864006586
262,262,1.9825684390038003e-05,2.1671441907911732e-05,-19.93320153311579,-19.546922940176696
263,263,1.9854497041546657e-05,2.2012168780125457e-05,-19.929988026293344,-19.47917267911841
264,264,1.968414195176855e-05,2.1562035439465515e-05,-19.96589374446205,-19.568903465396026
265,265,1.987997106927238e-05,2.0919288162028687e-05,-19.925524280909116,-19.700331997045296
266,266,1.9605702009263867e-05,2.1490279849738153e-05,-19.98372703826719,-19.5833803107462
267,267,2.1120083400410765e-05,2.114370760720799e-05,-19.660377246464073,-19.65398957673089
268,268,2.0005386853806638e-05,2.1668210568972618e-05,-19.89759606969306,-19.547570546972235
269,269,2.0048071662328305e-05,2.1396441297838464e-05,-19.887171024374023,-19.60238555489946
270,270,2.0186170312973847e-05,2.168131102639324e-05,-19.85644763800382,-19.544945624559254
271,271,1.9743220674200464e-05,2.1237899186656394e-05,-19.951018455930043,-19.634685471180376
272,272,1.9932136338050524e-05,2.172372641277769e-05,-19.909482719295042,-19.53645777374524
273,273,2.0332037445431404e-05,2.2164656145737115e-05,-19.82468362418826,-19.44919103848662
274,274,2.0251568326484723e-05,2.1966758619160637e-05,-19.840730675365535,-19.488141242248176
275,275,1.9878770630028383e-05,2.1441429979811227e-05,-19.926632750173802,-19.593263559371053
276,276,2.001908753825155e-05,2.2023002250199697e-05,-19.892427811542145,-19.47703578887457
277,277,1.9949958233652425e-05,2.122247037493109e-05,-19.907127620966953,-19.63784166042636
278,278,2.008297583743865e-05,2.1443558819699222e-05,-19.878902841393796,-19.59283238592652
279,279,2.0215258063189205e-05,2.166210087077496e-05,-19.852057811631564,-19.548795282333124
280,280,1.998296963777357e-05,2.176280692143145e-05,-19.900537076545525,-19.528651930176615
281,281,2.012021049427183e-05,2.140228992318857e-05,-19.871636855333183,-19.6011985918005
282,282,2.001739397473074e-05,2.1017490613111906e-05,-19.88995074698639,-19.679992399291248
283,283,1.9796017844895424e-05,2.0799526234776222e-05,-19.94013969609085,-19.72526659203574
284,284,2.0171661078362825e-05,2.2032215240056086e-05,-19.85893089607565,-19.47521936351443
285,285,1.9991080586533854e-05,2.1654948700176502e-05,-19.899567942547865,-19.55022942814108
