,epoch,train_loss,test_loss,train_dbs,test_dbs
0,0,0.0015911111888984584,0.0015276778415825806,-17.98108241717493,-18.145051650356898
1,1,0.001484095943448393,0.0014018854922860076,-18.291087298004932,-18.518244030458302
2,2,0.0013464405837459203,0.0012765379291714023,-18.70225438657522,-18.92503221103304
3,3,0.001213826918398443,0.0011495087896228621,-19.157575781091968,-19.38024648008622
4,4,0.0010875388451842304,0.0010261583895618586,-19.631298446338487,-19.873225442674688
5,5,0.0009757293161417636,0.0009362569421921906,-20.106562821306714,-20.271418934810082
6,6,0.0009013737939518982,0.000860551605001092,-20.45688620413856,-20.63760025488467
7,7,0.0008274008347124783,0.0007968280390885315,-20.827309801489502,-20.97172336618899
8,8,0.000767476456455848,0.0007374449142892109,-21.151275076974887,-21.308073595202842
9,9,0.0007090400940421777,0.000686563496281834,-21.486999350265314,-21.618562356112434
10,10,0.0006637601775942927,0.0006371059693935278,-21.784666247134194,-21.943252701799437
11,11,0.0006152279657004497,0.0005957774027544809,-22.10471240145737,-22.23452917590277
12,12,0.0005731689173622613,0.0005562867108413851,-22.420307496502684,-22.532382592390086
13,13,0.0005399979643173247,0.0005217790772133556,-22.68631572604944,-22.810502840570347
14,14,0.000510844350408417,0.0004903283582902269,-22.915006795220727,-23.080499328966315
15,15,0.0004803213247664503,0.00046232413488293166,-23.183766692600166,-23.335903787529155
16,16,0.0004482462503539264,0.000436817272872615,-23.488058872756877,-23.58237141271836
17,17,0.0004294062520559762,0.00041219244533414513,-23.675048137592945,-23.83436916659056
18,18,0.00040402202464918577,0.00039100466069373255,-23.93183000118183,-24.063550102970037
19,19,0.000385068390595237,0.0003702276567070696,-24.149475094292498,-24.3006808617412
20,20,0.0003595203212246337,0.0003522448946329716,-24.43960250099687,-24.516922371733862
21,21,0.0003474517830421898,0.0003358852884143983,-24.59175435292442,-24.723459620174406
22,22,0.00032469088490092265,0.00031949682957737853,-24.87853072274242,-24.94070391486961
23,23,0.00031108011794036503,0.0003046499409002105,-25.076751225024644,-25.147358462124213
24,24,0.00029792511606464145,0.00029175397005593896,-25.254529640036182,-25.335201699827575
25,25,0.0002862671531194379,0.00027898643901081463,-25.434250658756664,-25.52953850848062
26,26,0.0002750397238882796,0.0002669033795092745,-25.614566233560634,-25.721828715986994
27,27,0.0002635095254086035,0.00025670348029387623,-25.80117583554727,-25.89105187702616
28,28,0.00025250705753539486,0.00024606311528355276,-25.979136016133285,-26.074904263292275
29,29,0.00024030047193404825,0.0002357532166091627,-26.191140336247386,-26.260793174735944
30,30,0.00023530573900981048,0.00022680320360354687,-26.28981502793884,-26.428877597334292
31,31,0.0002245212994820736,0.00021814101752457455,-26.48936481332088,-26.597996098406682
32,32,0.00021491810552218987,0.00021049986198225893,-26.677613740817122,-26.75285129003697
33,33,0.0002086265485184075,0.0002032610439192994,-26.803032354799736,-26.904827927010814
34,34,0.00020198933387141597,0.00019740463482632644,-26.94660837047146,-27.03179599251211
35,35,0.00019376552105670046,0.00019096941947569385,-27.128530602169967,-27.17573116527501
36,36,0.0001910702591238678,0.00018540677908611926,-27.189185808036292,-27.304113350791507
37,37,0.00018377183800318385,0.0001803612923188331,-27.355304879778473,-27.42393605984766
38,38,0.00017735366643521666,0.00017515394383257158,-27.50804583692502,-27.551170239201372
39,39,0.0001744302580752362,0.00017092152005429134,-27.588228471316768,-27.65740197954858
40,40,0.00017214801805165894,0.00016717117365547702,-27.64448795741992,-27.753755529090153
41,41,0.0001652504181844595,0.0001628838692436387,-27.814007859707466,-27.866588671455588
42,42,0.00016164569695451363,0.00015958108844260047,-27.920092488548725,-27.955555215165354
43,43,0.00015812554140455214,0.0001563831832946131,-28.013410650021406,-28.043468951559234
44,44,0.00015767713928878423,0.00015319533352004853,-28.027890309645656,-28.132914079604166
45,45,0.00015493097895703556,0.0001501922662627246,-28.104914928493866,-28.218893739779233
46,46,0.00015108747910060104,0.0001483029581753439,-28.20951049536786,-28.273871305058414
47,47,0.00014832805192275644,0.0001457710719765409,-28.287799416087154,-28.348655968983056
48,48,0.00014495163974136152,0.00014350632141270724,-28.394235333875333,-28.416659123830918
49,49,0.00014339989153536268,0.00014172241782561238,-28.42514995679221,-28.47098391508718
50,50,0.00014395347751974675,0.00013885650313520608,-28.4174558618735,-28.559707203324773
51,51,0.00013922616769199633,0.00013729464760552603,-28.56684967191155,-28.608833377084864
52,52,0.00013751486268617002,0.0001358696382866535,-28.621234844642633,-28.654145252014978
53,53,0.00013718343764116276,0.0001339208048241409,-28.63537115442362,-28.716888937855817
54,54,0.00013363819871489054,0.0001316738244464719,-28.735507962851106,-28.790374946571838
55,55,0.00013427926308761073,0.00013013869006260248,-28.71762710019859,-28.841305134824786
56,56,0.00013163927450449657,0.00012889018322120567,-28.80339413490468,-28.883171033707782
57,57,0.00012986637319176524,0.0001269727344103893,-28.861518726785214,-28.948264720214212
58,58,0.00012689806032174545,0.00012523502319757092,-28.9717047242617,-29.00811143868307
59,59,0.00012612469563651925,0.0001233931241011688,-28.990848606208395,-29.07245984467486
60,60,0.00012299049280814289,0.00012235415296776123,-29.104548932371934,-29.1091822957978
61,61,0.0001236588345959389,0.0001206311441676103,-29.08500235428514,-29.17077497365451
62,62,0.00012128715805130886,0.00011845444494515265,-29.15903391719739,-29.249855823703367
63,63,0.00012100357662816772,0.00011731752640212347,-29.17514618048992,-29.291740469610687
64,64,0.00011592595231930543,0.00011577245688960447,-29.355073319396894,-29.349316945622917
65,65,0.00011647006290659942,0.0001143002193298583,-29.342141449770494,-29.404898806624665
66,66,0.00011448037413671402,0.00011262447246975314,-29.41744153499616,-29.469041746558066
67,67,0.00011335456724033797,0.00011081444934365878,-29.448873862517186,-29.53940551710464
68,68,0.00011180633992273553,0.00010916047904174775,-29.51711385306398,-29.604715115555553
69,69,0.00011096405384152379,0.00010807473690396077,-29.55099348461598,-29.648127574581547
70,70,0.00010855105015768468,0.00010717417056807072,-29.638071597207116,-29.68446813277054
71,71,0.00010747536958360891,0.00010518466220482399,-29.68876140493288,-29.7658452785098
72,72,0.00010662621109789602,0.00010404393374062095,-29.72688657297459,-29.81320180584462
73,73,0.0001054323307921409,0.00010341694379396933,-29.76450189215445,-29.839452451876213
74,74,0.00010446014943995906,0.00010244735619237058,-29.80829365297305,-29.880361891614978
75,75,0.00010416656980091783,0.00010191289881109505,-29.827759183732034,-29.903077895828808
76,76,0.00010177911425455829,0.0001005412720444024,-29.917393926029867,-29.96192568818756
77,77,0.00010262966792389616,0.00010020363927316411,-29.888501781492916,-29.976534495629785
78,78,0.00010121191067791534,9.910821475051834e-05,-29.94788906411972,-30.024272912197063
79,79,9.995745059904479e-05,9.877671829216477e-05,-29.998624916414094,-30.038823511385292
80,80,0.00010025478140679043,9.787089948076755e-05,-29.977581237226843,-30.078833647101288
81,81,0.00010084260857277598,9.758600744565851e-05,-29.963436707770747,-30.091493944284082
82,82,9.859328888195865e-05,9.665465040598065e-05,-30.065257017315247,-30.133141900722652
83,83,9.865002049860478e-05,9.60382351063584e-05,-30.052195931198167,-30.160927739898927
84,84,9.834587234360425e-05,9.518799618634053e-05,-30.0758473198235,-30.199547598907817
85,85,9.608993655701946e-05,9.46350613192312e-05,-30.170800686519236,-30.224848765581662
86,86,9.610142979468459e-05,9.418977271324318e-05,-30.17296155606438,-30.245331955084875
87,87,9.54632337994816e-05,9.332928541545315e-05,-30.208325061681318,-30.2851900379896
88,88,9.49750159184218e-05,9.258917730460923e-05,-30.22436000247653,-30.319767192052865
89,89,9.312147284214644e-05,9.163013830977051e-05,-30.312294826482024,-30.364986023181118
90,90,9.359733532206876e-05,9.091907811939324e-05,-30.286368513326675,-30.398819209083005
91,91,9.210320429926854e-05,9.027233969199618e-05,-30.348110382234033,-30.429822457081407
92,92,9.159797297901062e-05,8.945000943066062e-05,-30.376996788386947,-30.469565537322655
93,93,9.041086936515957e-05,8.870458029712991e-05,-30.43499126880264,-30.50590899039912
94,94,8.899037620909608e-05,8.763844954572912e-05,-30.492498876417542,-30.558422587805246
95,95,8.848694362557618e-05,8.668454431340491e-05,-30.531504552405266,-30.605952739106787
96,96,8.909402275037923e-05,8.569670516360355e-05,-30.5053898873415,-30.655728197784356
97,97,8.79795625973877e-05,8.46154867567269e-05,-30.559305642777773,-30.710870873242868
98,98,8.467166218306563e-05,8.299952835506319e-05,-30.72520658904107,-30.794613199189847
99,99,8.468438558263665e-05,8.137268933320516e-05,-30.721147384257392,-30.88058274940043
100,100,8.346964675661887e-05,8.023392384577739e-05,-30.793949269786385,-30.941789124985387
101,101,8.11046653681617e-05,7.919624208864804e-05,-30.90952805684145,-30.998323698901842
102,102,8.005574104056895e-05,7.743344605459195e-05,-30.975438240573258,-31.09608357131752
103,103,7.920911995131167e-05,7.684572291940353e-05,-31.006690330709993,-31.12917243884549
104,104,7.798728500384856e-05,7.50205993091712e-05,-31.07272082355262,-31.23356415191854
105,105,7.647567338036547e-05,7.456832674123641e-05,-31.16119327083611,-31.259825464739038
106,106,7.770016356479358e-05,7.397515544557552e-05,-31.10033414685025,-31.294510579971572
107,107,7.472181441136348e-05,7.327224241300045e-05,-31.26157806869916,-31.335974615958104
108,108,7.53623991709601e-05,7.25173214098169e-05,-31.230302578679215,-31.38095190345706
109,109,7.31093820935168e-05,7.168097152699422e-05,-31.360861559393083,-31.431330615252286
110,110,7.413881068020703e-05,7.106252068249313e-05,-31.298463776271177,-31.468963359913772
111,111,7.343363319433621e-05,7.075643378285397e-05,-31.33847761056515,-31.48771008645776
112,112,7.115666733991076e-05,7.003213671085082e-05,-31.459158051974878,-31.532395673600156
113,113,6.99284684798709e-05,6.905739830567894e-05,-31.553145844966473,-31.593267318746044
114,114,7.000638862271294e-05,6.82503148135239e-05,-31.545720088439136,-31.64432285465423
115,115,7.025328012946608e-05,6.768478162580562e-05,-31.53266234918272,-31.680459123538633
116,116,6.834623157364778e-05,6.654623441710627e-05,-31.644848963499474,-31.75413458889465
117,117,6.769603384885525e-05,6.585983436180916e-05,-31.69447018844388,-31.799163103010898
118,118,6.787326481234109e-05,6.512245435212543e-05,-31.686692567378984,-31.848061844292317
119,119,6.727110393484574e-05,6.41210432437028e-05,-31.723118235149734,-31.915363647506645
120,120,6.472656676442526e-05,6.34697234521522e-05,-31.885019944969027,-31.959703383962676
121,121,6.29295184611242e-05,6.289509933834013e-05,-32.006749886841675,-31.99920137026001
122,122,6.380801998377662e-05,6.196163188800902e-05,-31.959822770097265,-32.06414097139891
123,123,6.277563642067162e-05,6.131708333238126e-05,-32.028651541117746,-32.10955455820282
124,124,6.149897649500173e-05,6.0430821146215554e-05,-32.11182128518494,-32.1727844885329
125,125,6.083383721619912e-05,5.980110903405339e-05,-32.15498700463584,-32.218277062055
126,126,6.081323312942332e-05,5.899245527536167e-05,-32.17017175486121,-32.277404724724164
127,127,5.877158648368048e-05,5.8070001327187605e-05,-32.315372973827806,-32.34585108463958
128,128,6.0239905634290085e-05,5.736203609941233e-05,-32.20202020710578,-32.399123859501174
129,129,5.872797788170013e-05,5.673231594540228e-05,-32.31212646491349,-32.44706431583223
130,130,5.7252922394497744e-05,5.562045426861579e-05,-32.420086577065604,-32.53302412869619
131,131,5.6037765913510924e-05,5.521872605497361e-05,-32.51743941878964,-32.56450561563453
132,132,5.592405822304481e-05,5.4510009488838383e-05,-32.52995457671251,-32.62060686795483
133,133,5.539326867647949e-05,5.401957720383316e-05,-32.569466626178134,-32.65985763660134
134,134,5.596368590108186e-05,5.406888924067301e-05,-32.51930610183011,-32.65589496645137
135,135,5.540897004299115e-05,5.3613756264032995e-05,-32.564409635287426,-32.692607087777965
136,136,5.483322224181299e-05,5.351763588566284e-05,-32.60847316250274,-32.70040023977356
137,137,5.2908930566567524e-05,5.330424851547976e-05,-32.769180721257015,-32.71775119387173
138,138,5.3947425221474646e-05,5.315289347077181e-05,-32.67819392595156,-32.73010033340118
139,139,5.349907174960892e-05,5.299628173816018e-05,-32.710978061008625,-32.74291544204287
140,140,5.3308568989375566e-05,5.3062752206307395e-05,-32.7276993105322,-32.737471726362664
141,141,5.3689120250055566e-05,5.301280084256034e-05,-32.69783784591113,-32.74156194368774
142,142,5.2873635308735416e-05,5.2902456349999594e-05,-32.763998762802615,-32.75061106896691
143,143,5.424908784934627e-05,5.271797655089023e-05,-32.650076403181714,-32.765782118364925
144,144,5.328489917410854e-05,5.258433731413741e-05,-32.73174500052675,-32.77680539261535
145,145,5.29367126855692e-05,5.246456298903611e-05,-32.76988806095875,-32.78670884726475
146,146,5.306755825661161e-05,5.277411975456696e-05,-32.75321438635577,-32.76115946193678
147,147,5.206304937469072e-05,5.233301463273452e-05,-32.832895932188755,-32.79761191516925
148,148,5.28496107342773e-05,5.2423781629553754e-05,-32.7765139074123,-32.790085985181186
149,149,5.3437764455741944e-05,5.241546004024138e-05,-32.723151562605274,-32.79077542556039
150,150,5.335985938988424e-05,5.2291508166634136e-05,-32.732193454848655,-32.80105776699329
151,151,5.349441419911245e-05,5.2487185473039156e-05,-32.71514714568883,-32.78483659258284
152,152,5.4521939972866824e-05,5.215863654340961e-05,-32.63800944280749,-32.81210714256965
153,153,5.41137706397759e-05,5.238122129843472e-05,-32.665920563580414,-32.79361324389072
154,154,5.250281312853367e-05,5.2600715494726934e-05,-32.78658833917317,-32.77545292792171
155,155,5.292466036182079e-05,5.213340103326022e-05,-32.76997597201977,-32.814208864479475
156,156,5.2794811559466585e-05,5.22471445468622e-05,-32.76789398790632,-32.80474384404149
157,157,5.303308668218735e-05,5.234066415333042e-05,-32.74939261966966,-32.79697715299629
158,158,5.264275267146547e-05,5.219719739551166e-05,-32.789551572307715,-32.808897592050904
159,159,5.2783339662110124e-05,5.204421004715474e-05,-32.782854332423824,-32.82164523437959
160,160,5.2438529667962995e-05,5.2070232509561864e-05,-32.800430443461686,-32.81947427484952
161,161,5.244564326670856e-05,5.2144654067600835e-05,-32.79977445624018,-32.813271537688514
162,162,5.3612602004222094e-05,5.2071000888980435e-05,-32.71269990840107,-32.819410188237406
163,163,5.1664468478567454e-05,5.211519371522101e-05,-32.86936513859024,-32.81572588019641
164,164,5.21180159340315e-05,5.2224285019818985e-05,-32.825730800900935,-32.80664441468619
165,165,5.2803880215524074e-05,5.2127426131751e-05,-32.771486850637395,-32.81470662894745
166,166,5.251371585097903e-05,5.205763744398657e-05,-32.79660784935378,-32.820524899914204
167,167,5.280405315078469e-05,5.2193119795686615e-05,-32.77688442564521,-32.80923687238877
168,168,5.260783036271849e-05,5.1947903557447717e-05,-32.79034062116554,-32.82968918839853
169,169,5.217686834230241e-05,5.2093077676162415e-05,-32.82902845687011,-32.8175692797156
170,170,5.2306288988305464e-05,5.180634578113983e-05,-32.8146629914564,-32.841539845052935
171,171,5.2761245429211e-05,5.1947601030789024e-05,-32.77103538015309,-32.829714480283684
172,172,5.371770141172203e-05,5.212602359518458e-05,-32.705178987399776,-32.81482348146276
173,173,5.351798916439593e-05,5.204668559599668e-05,-32.71086618390073,-32.82143866161541
174,174,5.324921844054263e-05,5.225508970110432e-05,-32.73379632783016,-32.80408346837073
175,175,5.2255054320131916e-05,5.2233617009876886e-05,-32.81676539941238,-32.80586844049576
176,176,5.232727873833975e-05,5.20478304104855e-05,-32.81160711392702,-32.821343135619536
177,177,5.213348750779933e-05,5.199558788598025e-05,-32.82344252861415,-32.82570451520348
178,178,5.269329271071648e-05,5.2074478988192584e-05,-32.783428231917256,-32.81912010953256
179,179,5.222305012044746e-05,5.203255645220021e-05,-32.821355233152,-32.82261780341194
180,180,5.235916734781097e-05,5.1844494009856135e-05,-32.804433962505854,-32.83834304201548
181,181,5.378376575668112e-05,5.216193446693452e-05,-32.70074101960895,-32.81183255243364
182,182,5.259410516879781e-05,5.1889569524638845e-05,-32.78967285497568,-32.83456876615966
183,183,5.250789594750122e-05,5.193669341296252e-05,-32.800275147016066,-32.830626479210096
184,184,5.285720687153144e-05,5.195304478739241e-05,-32.767330222728425,-32.829259392938035
185,185,5.174034246460765e-05,5.180541388414751e-05,-32.861879470382156,-32.84161796701955
186,186,5.229381563414378e-05,5.178670165294438e-05,-32.82048362681469,-32.84318693176206
187,187,5.355161166457056e-05,5.1779540387398905e-05,-32.71094960122643,-32.843787532508706
188,188,5.212484798322134e-05,5.1626620245913634e-05,-32.8295410824399,-32.856632496798156
189,189,5.204396056234549e-05,5.1565960204339046e-05,-32.836040164899174,-32.86173835310049
190,190,5.2909008914379154e-05,5.18948901643805e-05,-32.76279582214117,-32.83412347319597
191,191,5.0522767552822714e-05,5.171401177281759e-05,-32.95727001635023,-32.8492871445963
192,192,5.158387704664774e-05,5.175766924175581e-05,-32.86769250338453,-32.84562233528946
193,193,5.1860107389787575e-05,5.1714198075627027e-05,-32.8510727076923,-32.849271498906944
194,194,5.29149444080702e-05,5.172104187965344e-05,-32.77251152033193,-32.84869679606302
195,195,5.2638748756996305e-05,5.1756629737179826e-05,-32.79583445454573,-32.845709560166746
196,196,5.265457133946162e-05,5.157801972113942e-05,-32.789160781441,-32.86072280539165
197,197,5.306030120148525e-05,5.187715482622336e-05,-32.754207817892365,-32.83560794997814
198,198,5.231021050442989e-05,5.159186108166499e-05,-32.817144249449896,-32.8595574989112
199,199,5.285927729402698e-05,5.152390478638393e-05,-32.7631967773183,-32.865281754183975
200,200,5.1381193808299136e-05,5.1804588828848575e-05,-32.89081523964668,-32.84168713350043
201,201,5.2684631583295265e-05,5.173814650716897e-05,-32.78276158122007,-32.847260781431835
202,202,5.312747993061232e-05,5.177571916934348e-05,-32.751589539645735,-32.84410804426706
203,203,5.185531174611617e-05,5.186970041617506e-05,-32.848898968857675,-32.83623204776844
204,204,5.2496789385727845e-05,5.170934386306295e-05,-32.807449266048934,-32.84967917354129
205,205,5.38908559261922e-05,5.170789020332066e-05,-32.68964749573765,-32.84980126468217
206,206,5.273048268041823e-05,5.183629706918605e-05,-32.78620173589301,-32.83902974320127
207,207,5.3439149250499615e-05,5.1736391469603404e-05,-32.72382511298932,-32.84740810330352
208,208,5.199530244578089e-05,5.195752467108449e-05,-32.83278773100427,-32.828884919238504
209,209,5.157048587168845e-05,5.1759430406443576e-05,-32.87629684279074,-32.84547455987684
210,210,5.2294147065264586e-05,5.17247732970741e-05,-32.80406945498553,-32.84838348537115
211,211,5.229664553159646e-05,5.156713450560346e-05,-32.81746476787123,-32.861639453215695
212,212,5.2620825785591465e-05,5.16852929936967e-05,-32.789459624669256,-32.85169961877069
213,213,5.153107080913447e-05,5.153744725822961e-05,-32.87205633228374,-32.86414041056466
214,214,5.218793709910014e-05,5.1546848178412275e-05,-32.83008630221371,-32.86334828839819
215,215,5.1900009378927676e-05,5.145157659793959e-05,-32.84879128028686,-32.87138257311111
216,216,5.17032853748947e-05,5.179709976226533e-05,-32.85454153438454,-32.84231501135486
217,217,5.317800965600589e-05,5.1607741050630516e-05,-32.752898688305535,-32.858220946675246
218,218,5.3152771759358204e-05,5.190623051021248e-05,-32.74782927375241,-32.833174533607405
219,219,5.151891538431657e-05,5.1740599653720365e-05,-32.87882863259999,-32.84705486706772
220,220,5.1754901693298565e-05,5.159271007103502e-05,-32.85654001644644,-32.85948603252926
221,221,5.191456658235204e-05,5.1602883391560205e-05,-32.852741506590455,-32.85862975236597
222,222,5.165111424597028e-05,5.1885641847835164e-05,-32.87051777483506,-32.834897509091775
223,223,5.151113776067637e-05,5.1649110422371645e-05,-32.88342695998175,-32.85474098567082
224,224,5.211097940792973e-05,5.17544375677397e-05,-32.823752075562865,-32.84589351094924
225,225,5.197985693794368e-05,5.159666934081255e-05,-32.84164123996797,-32.85915276392596
226,226,5.218950064238353e-05,5.148951420683021e-05,-32.82075336857277,-32.868181500572454
227,227,5.249477233275646e-05,5.167109798333657e-05,-32.80175407494352,-32.85289254252711
228,228,5.354467505161871e-05,5.194629576228755e-05,-32.71418673515832,-32.82982360525158
229,229,5.2929084856644004e-05,5.179990100594679e-05,-32.766250271239834,-32.8420801465104
230,230,5.3866720862192166e-05,5.161997844544729e-05,-32.67987948346792,-32.85719125560145
231,231,5.250936512836524e-05,5.1763770706633006e-05,-32.80255877732782,-32.84511039640374
232,232,5.2495417567678085e-05,5.180997093128482e-05,-32.797890685414124,-32.84123595802922
233,233,5.2537513895622774e-05,5.167120903742647e-05,-32.78992551386836,-32.852883208464455
234,234,5.4233196932887275e-05,5.1602877072965435e-05,-32.65057402158539,-32.858630284144596
235,235,5.3533363600379125e-05,5.1800338329293914e-05,-32.71921839856177,-32.8420434811286
236,236,5.1833468346230054e-05,5.1422671133064125e-05,-32.85774556452453,-32.87382312251964
237,237,5.276242998511454e-05,5.1646881490198305e-05,-32.774733081683095,-32.85492841074428
238,238,5.453464908305719e-05,5.176057943332891e-05,-32.625828461461,-32.84537815029638
239,239,5.2701688940773634e-05,5.159106934259302e-05,-32.78187470900596,-32.85962414712688
240,240,5.201699616346681e-05,5.146723139516421e-05,-32.8355555381834,-32.8700613778437
241,241,5.1861456517350964e-05,5.153963942766974e-05,-32.855343070975934,-32.86395568530281
242,242,5.214028951553532e-05,5.154222392440332e-05,-32.821662875334574,-32.863737910296884
243,243,5.2514264585699926e-05,5.1285210486783305e-05,-32.79409006400481,-32.88544802118593
244,244,5.170231013403985e-05,5.159931530024072e-05,-32.86612369024314,-32.85893005650508
245,245,5.30643505344321e-05,5.16438535429954e-05,-32.74834709293194,-32.85518303585884
246,246,5.295477326258479e-05,5.167868297767678e-05,-32.757270083268615,-32.852255072149816
247,247,5.2788210465673586e-05,5.160220251510557e-05,-32.778023334337256,-32.85868705591541
248,248,5.281479325182688e-05,5.1785257375357964e-05,-32.78827719192423,-32.843308053693534
249,249,5.277751713328678e-05,5.17272988202565e-05,-32.779732703976336,-32.84817144113467
250,250,5.203566732084302e-05,5.168087438122664e-05,-32.836689470020524,-32.852070916084564
251,251,5.184133616924171e-05,5.152338685308534e-05,-32.84781436493808,-32.86532541094972
252,252,5.220813740773328e-05,5.141911567893418e-05,-32.8258937043371,-32.874123411761545
253,253,5.1943247169604256e-05,5.1610908006918375e-05,-32.84207955000565,-32.857954446066444
254,254,5.1348150759388104e-05,5.152177312227554e-05,-32.89618055542931,-32.86546143565698
255,255,5.296318982031734e-05,5.162228530695613e-05,-32.76059388311192,-32.85699717670632
256,256,5.348499415930812e-05,5.153460197585733e-05,-32.72483362148925,-32.86438018273242
257,257,5.2391941073775466e-05,5.124902063950063e-05,-32.80661534049186,-32.88851373913316
258,258,5.207820714465775e-05,5.145782300755136e-05,-32.828120841613924,-32.87085535572575
259,259,5.242952855829553e-05,5.1536088951826586e-05,-32.79958380942466,-32.86425487350001
