,epoch,train_loss,test_loss,train_dbs,test_dbs
0,0,0.0003526099068208684,0.0003309306630399078,-7.433911123617278,-7.718410768831339
1,1,0.0003122812618271054,0.0002986716771326763,-7.960381163713011,-8.163840456728277
2,2,0.00028479786064072524,0.00027418441574187264,-8.36312591104228,-8.535353198628851
3,3,0.0002621503795266689,0.0002540261392775727,-8.71948447277125,-8.866996785271219
4,4,0.0002453035392051985,0.000239378702979976,-9.008896212430018,-9.124925768059441
5,5,0.0002323486192629567,0.0002274540464369286,-9.248079772824674,-9.346844189381107
6,6,0.00022114246433178327,0.00021774915512651205,-9.459713823366782,-9.536216077209746
7,7,0.000212089041279168,0.00020901353778562655,-9.64294661567725,-9.714036700962936
8,8,0.00020406358862132525,0.00020161026316743933,-9.80901306427521,-9.870654498066846
9,9,0.00019717294787003936,0.00019499426171502195,-9.959532115887301,-10.015562551815984
10,10,0.00019087183040797172,0.0001889891940855274,-10.100218482555798,-10.15141113282606
11,11,0.00018515470995778967,0.0001835454390139172,-10.232846187679911,-10.278344892922593
12,12,0.00018009554715371049,0.00017844551276587146,-10.352988793123167,-10.400724547732112
13,13,0.00017495417758011135,0.00017403061562953028,-10.47963685412073,-10.509524298305678
14,14,0.00017041632318725214,0.00016962724590772078,-10.592910927254685,-10.62082475453005
15,15,0.00016670926463833443,0.0001658426274508728,-10.686730656919893,-10.718819166440312
16,16,0.00016285373004796655,0.00016204499422057874,-10.790689638731061,-10.819424666705753
17,17,0.00015918327421646027,0.00015888816147037832,-10.885980036608318,-10.904865465756298
18,18,0.00015598984576819331,0.00015569880136019108,-10.976112661033637,-10.992928171422609
19,19,0.00015288934195006133,0.0001526925143001503,-11.063399113825707,-11.077603398924351
20,20,0.00014995157355010588,0.00014952524323138947,-11.147033688213243,-11.168635687801515
21,21,0.0001471948293253741,0.00014713270693870358,-11.227375488228372,-11.23868861159201
22,22,0.00014467064383350908,0.00014492524190389209,-11.304283457002988,-11.30434052376044
23,23,0.00014239335843702758,0.0001422600854359763,-11.372855368784325,-11.384950211452638
24,24,0.00014008705059580083,0.000140339433289084,-11.442582390776991,-11.443983678754124
25,25,0.00013788515807203853,0.00013821320470398,-11.512858955469472,-11.510285493958978
26,26,0.00013589463204195839,0.00013586511532163344,-11.575248179823209,-11.584701245779563
27,27,0.00013393726375088402,0.0001343397789720544,-11.638585633115246,-11.633734569051303
28,28,0.00013204208651999223,0.00013238044898332047,-11.699083813996596,-11.697542366141409
29,29,0.00013043894597506822,0.00013069352395464912,-11.753718467328207,-11.753240181079981
30,30,0.00012872540537500754,0.00012927659477817972,-11.811086938185088,-11.800581823197124
31,31,0.00012723364241387617,0.00012736493877845963,-11.861153579182941,-11.865281951471573
32,32,0.00012558762067520858,0.00012632872906243918,-11.917522758858015,-11.900759594109672
33,33,0.00012419775705040461,0.00012483991189296111,-11.964276347843313,-11.952246328422088
34,34,0.00012313545606226287,0.00012347525013243094,-12.002732119113348,-11.999981717127437
35,35,0.0001216820752027339,0.00012244144531187455,-12.055917145879203,-12.036496389139392
36,36,0.00012048729965415274,0.00012137503194696222,-12.09892003269119,-12.074487291017054
37,37,0.00011917855560577945,0.00012014036512578299,-12.143721456704784,-12.11889138824133
38,38,0.00011825829436198434,0.00011883264041419974,-12.17938855070628,-12.166423392453336
39,39,0.0001170328780306628,0.00011813778990855146,-12.224468427547086,-12.191892443997892
40,40,0.00011624119638467746,0.00011687950494601147,-12.254752439861543,-12.238397228923006
41,41,0.00011512679331419874,0.00011606122586128645,-12.296139190597042,-12.268909329721666
42,42,0.00011435980154273398,0.00011530416400331121,-12.323811153870235,-12.297330949827996
43,43,0.00011336650243617075,0.00011478941144703545,-12.364243577187768,-12.316762571701735
44,44,0.0001126571550014784,0.0001136861874807724,-12.38955201614624,-12.358703838677307
45,45,0.00011193702009700949,0.00011288353179177073,-12.41801148354844,-12.389474975794212
46,46,0.00011128679349341612,0.00011266250964437954,-12.443796447443919,-12.397986650759092
47,47,0.00011043660887265002,0.00011134511748279788,-12.474724212476326,-12.449069084851418
48,48,0.0001098250735613527,0.00011064782148950096,-12.499629169790857,-12.476352186692132
49,49,0.00010911393879142292,0.00010964811601872115,-12.528505733236512,-12.515769123271097
50,50,0.000108549015064839,0.00010909293173187364,-12.552965676563229,-12.537814733131839
51,51,0.000107929269472958,0.00010890616058053351,-12.57665965185766,-12.545256387993039
52,52,0.00010750803330759566,0.00010826108987921064,-12.59257257974414,-12.57105691448814
53,53,0.00010682320224958923,0.00010761688195328277,-12.621867517598965,-12.596976815025428
54,54,0.00010612629287691365,0.00010710256403973817,-12.648420001407676,-12.617782183439934
55,55,0.00010566802868816387,0.0001065521960538861,-12.668927025082173,-12.64015681322629
56,56,0.00010507250040860789,0.00010623145652444739,-12.691801402627483,-12.653249502591633
57,57,0.00010477424757951179,0.00010552504720276614,-12.704694790051947,-12.682225312356357
58,58,0.00010422173888691384,0.00010517400560753518,-12.725630224321304,-12.696696717591195
59,59,0.00010360257477156299,0.00010515424525549047,-12.75102604644799,-12.697512757456835
60,60,0.00010336676653601786,0.00010419675910318467,-12.763922232494547,-12.737238752865455
61,61,0.00010292563932772591,0.00010392042397717504,-12.782632534043085,-12.748771764136587
62,62,0.00010230694012356365,0.00010337983219774048,-12.807276695687674,-12.771422634261018
63,63,0.00010195133189572328,0.00010321718544123302,-12.821658692583199,-12.778260739113751
64,64,0.00010176367647273793,0.00010260287863753834,-12.832876501573452,-12.80418540767846
65,65,0.00010093871954727688,0.00010241476066814932,-12.865991911970767,-12.812155318878052
66,66,0.00010085188586879329,0.00010191844692024843,-12.870473382083858,-12.833252892634405
67,67,0.0001005571834819833,0.00010209107360998659,-12.884149689538136,-12.825903153614309
68,68,0.00010002401706008913,0.0001011015847325325,-12.905578623288775,-12.868201232670254
69,69,9.981027830418526e-05,0.00010070146144196195,-12.914295317156622,-12.885423129780737
70,70,9.931341808567726e-05,0.00010047828867467807,-12.936665844788337,-12.895058566850695
71,71,9.903879779194165e-05,0.00010026848069269603,-12.95037113469959,-12.904136519367473
72,72,9.877511168729284e-05,9.984467033063993e-05,-12.959588443349695,-12.922531989716122
73,73,9.848125188637852e-05,9.929671872860606e-05,-12.973786319470165,-12.946431889060442
74,74,9.817026973193147e-05,9.91549355890847e-05,-12.986945458291462,-12.952637495741776
75,75,9.758385965245364e-05,9.8787125592169e-05,-13.014986215296084,-12.968777373738787
76,76,9.752907439197424e-05,9.846705774850164e-05,-13.015870252284605,-12.982871251797947
77,77,9.712024996016348e-05,9.830480236192478e-05,-13.03345330288596,-12.990033519307229
78,78,9.675927117548537e-05,9.803062283409465e-05,-13.049537454384732,-13.002163244065152
79,79,9.646668714247932e-05,9.756224914637737e-05,-13.063317797625855,-13.022962825848817
80,80,9.626857706852084e-05,9.722004898848306e-05,-13.073457098442603,-13.038222507514172
81,81,9.586439297244087e-05,9.672820497622812e-05,-13.088645017124382,-13.060249578551698
82,82,9.542208570883773e-05,9.675883063066162e-05,-13.108075529974325,-13.05887475229582
83,83,9.524097677245832e-05,9.64349011682268e-05,-13.119519915637527,-13.073438465992522
84,84,9.519172461520996e-05,9.627112855301483e-05,-13.121425732853586,-13.080820233994277
85,85,9.474275279946184e-05,9.60313003528618e-05,-13.140489308579497,-13.091652766742197
86,86,9.442976623120689e-05,9.562810852290376e-05,-13.154517833485412,-13.109925205985864
87,87,9.425182563682403e-05,9.521862107488375e-05,-13.16437522888914,-13.128561984553329
88,88,9.396853037634577e-05,9.514274624004764e-05,-13.180993044471784,-13.13202403405365
89,89,9.364861777153096e-05,9.464432323032892e-05,-13.190700054069717,-13.154835162444076
90,90,9.34880781173466e-05,9.4785565651316e-05,-13.199713842873354,-13.148358801635876
91,91,9.339275129605085e-05,9.434132593205983e-05,-13.206570775547085,-13.168761105287313
92,92,9.274804354381278e-05,9.415356984582583e-05,-13.235426638560693,-13.177412953267229
93,93,9.270457809817373e-05,9.370754789989932e-05,-13.237500827500078,-13.198035127372531
94,94,9.246774057716073e-05,9.36316393658911e-05,-13.246674280781999,-13.201554589556013
95,95,9.222257786043967e-05,9.318473741203841e-05,-13.259143552639864,-13.222333005890526
96,96,9.194575542687275e-05,9.280531843327673e-05,-13.269802120498168,-13.240052210999483
97,97,9.163449896132267e-05,9.271899953570315e-05,-13.285647908638909,-13.244093495076484
98,98,9.153879063981633e-05,9.260784128472503e-05,-13.292040779983918,-13.249303255367353
99,99,9.139435740545411e-05,9.220110644635402e-05,-13.29920847288645,-13.268419535533756
100,100,9.106655818765464e-05,9.224214552791397e-05,-13.315032894555461,-13.266486903489243
101,101,9.068611501620064e-05,9.219923843997286e-05,-13.331592120300053,-13.2685075250507
102,102,9.066868332195451e-05,9.182694798494738e-05,-13.332471827460822,-13.286079362406669
103,103,9.012173008552953e-05,9.134099558363424e-05,-13.3602231479997,-13.309123453791658
104,104,9.00136911161436e-05,9.161811191772453e-05,-13.3634737384399,-13.295967488131687
105,105,8.982863501026343e-05,9.112629203101326e-05,-13.372132922375194,-13.319343873287252
106,106,8.976751456598838e-05,9.064002944413867e-05,-13.377824429227875,-13.342580483932508
107,107,8.951783550485546e-05,9.042681210159667e-05,-13.387644354031165,-13.352808657939686
108,108,8.935830525852279e-05,9.029869091280393e-05,-13.397042986936324,-13.358966320660333
109,109,8.906512422194301e-05,8.98816020038028e-05,-13.409580328668625,-13.379072818685831
110,110,8.862245376053813e-05,9.029485763197667e-05,-13.433187289518942,-13.359150687457987
111,111,8.839724479499993e-05,8.940718314414353e-05,-13.442023450446337,-13.402056740806717
112,112,8.83565614655249e-05,8.947369458742047e-05,-13.447361943557523,-13.398827155342241
113,113,8.801365390926426e-05,8.904001534622359e-05,-13.462203458973427,-13.419928601496846
114,114,8.761475988442904e-05,8.853446342982352e-05,-13.48171683509558,-13.444657267724311
115,115,8.747925199976325e-05,8.844620376629264e-05,-13.487397448780033,-13.448988892034578
116,116,8.735981272994396e-05,8.829053082368581e-05,-13.493319260154053,-13.456639584189434
117,117,8.68072927108553e-05,8.821639111326811e-05,-13.52367376833219,-13.460287992837047
118,118,8.68622686464301e-05,8.840620476372638e-05,-13.518705105860207,-13.450953394134013
119,119,8.636313157825797e-05,8.79622522533234e-05,-13.540542033771994,-13.472817454859971
120,120,8.647938285349417e-05,8.72281265114189e-05,-13.538794802298462,-13.50921541543082
121,121,8.605776923845435e-05,8.669471150680788e-05,-13.559322153324851,-13.535854805870857
122,122,8.581059333177033e-05,8.735159683151563e-05,-13.57121396754977,-13.503072378128369
123,123,8.576382692668049e-05,8.649054737026362e-05,-13.57338698867672,-13.54609440704175
124,124,8.54968853185635e-05,8.680071952863057e-05,-13.588444452011277,-13.530547610820287
125,125,8.527735760075415e-05,8.647065490214645e-05,-13.598252701863034,-13.547093381269415
126,126,8.515595487251724e-05,8.600564079212123e-05,-13.607989694908635,-13.570511503801697
127,127,8.473457116273606e-05,8.580404123916339e-05,-13.625811019579137,-13.580703433913097
128,128,8.444928356503933e-05,8.52556473354956e-05,-13.640895646908966,-13.60854930036802
129,129,8.453754423133377e-05,8.606964662536292e-05,-13.638317322466445,-13.567280664337684
130,130,8.422621463115817e-05,8.516283024188229e-05,-13.65093884876522,-13.613280002829558
131,131,8.393955210250198e-05,8.496772237489687e-05,-13.666712196839455,-13.623241095161456
132,132,8.380862619588632e-05,8.481017414995126e-05,-13.674681701264133,-13.631301313336856
133,133,8.352752722446931e-05,8.460352469946404e-05,-13.688283984893259,-13.641896296051435
134,134,8.312273674858158e-05,8.453204684069773e-05,-13.711816021132577,-13.64556701312246
135,135,8.321913756122908e-05,8.424393730054267e-05,-13.704941990065898,-13.660394300979629
136,136,8.274463110977842e-05,8.435085979535391e-05,-13.728996640676712,-13.654885725802536
137,137,8.275575559891127e-05,8.358539918462109e-05,-13.730260979458116,-13.694476654360948
138,138,8.245727759017849e-05,8.372953781968375e-05,-13.74597700844915,-13.686993923835695
139,139,8.238902663243167e-05,8.359037593962919e-05,-13.747870191944706,-13.694218078949906
140,140,8.20939814505052e-05,8.316218200458312e-05,-13.765912406608054,-13.716522105251158
141,141,8.204152794691647e-05,8.304810839227254e-05,-13.76848977679257,-13.722483414628286
142,142,8.182141912762632e-05,8.27763647784626e-05,-13.776908317283231,-13.73671736397936
143,143,8.148460124784927e-05,8.237750367506554e-05,-13.797576644089432,-13.757694591416747
144,144,8.136744602864186e-05,8.27331256770872e-05,-13.803838788041157,-13.73898653942124
145,145,8.114732490773265e-05,8.24658579260454e-05,-13.812411891489889,-13.753039048487379
146,146,8.121045306624998e-05,8.205976069132846e-05,-13.81152531007288,-13.774478402164283
147,147,8.086544283324871e-05,8.185455915640647e-05,-13.831455478903475,-13.785352124598422
148,148,8.05585298143548e-05,8.15148309093753e-05,-13.848047595366442,-13.803414543225136
149,149,8.026066868681192e-05,8.180840163013751e-05,-13.862256038048484,-13.787801788149913
150,150,8.029159465708683e-05,8.136808441792566e-05,-13.86201802461227,-13.811239944506822
151,151,8.016216917294702e-05,8.156196686047081e-05,-13.86622349367826,-13.800903961179124
152,152,7.99018127565301e-05,8.08463829391832e-05,-13.882916840588722,-13.839174919517754
153,153,7.956197310404699e-05,8.101825560994544e-05,-13.899929088823056,-13.829951980990337
154,154,7.956375950166101e-05,8.063140290017288e-05,-13.901247890387285,-13.850738702032759
155,155,7.909646273660233e-05,8.026181335720282e-05,-13.926329859923143,-13.870691187928548
156,156,7.905566614222011e-05,8.024690377121595e-05,-13.929143086851393,-13.87149801649911
157,157,7.895792722846046e-05,8.016615098121722e-05,-13.933505188599273,-13.875870540183215
158,158,7.865323157640193e-05,7.94588708422931e-05,-13.950175634120502,-13.914356971469708
159,159,7.843947579325705e-05,7.97168962124392e-05,-13.960474459978673,-13.900277052814944
