,epoch,train_loss,test_loss,train_dbs,test_dbs
0,0,5.099804782486861e-05,3.120705332548823e-05,-32.92935356710575,-35.05534543214944
1,1,3.21757675713521e-05,3.0981905997338655e-05,-34.9320338117671,-35.086791743682625
2,2,3.081028042982222e-05,3.069027872314971e-05,-35.109165100745955,-35.12786473648562
3,3,3.111877647581385e-05,2.9730138186622706e-05,-35.080274443016926,-35.26590378452298
4,4,2.311527364748979e-05,1.3587126025078377e-05,-36.3542572924854,-38.66659702630455
5,5,1.3041770301045749e-05,1.3244513770347877e-05,-38.84107166920273,-38.77751287073213
6,6,1.2702275825242546e-05,1.2920412317678137e-05,-38.960467904001696,-38.88510933140945
7,7,1.2684367415129168e-05,1.2568294167929133e-05,-38.961970855398945,-39.005109692211654
8,8,1.2382673011200392e-05,1.2302674612759515e-05,-39.07231377182142,-39.097877685532474
9,9,1.2398711425197052e-05,1.2179317644423512e-05,-39.060875832607174,-39.141643489781515
10,10,1.183852943831505e-05,1.195139640530167e-05,-39.269478400961724,-39.22368654909695
11,11,1.1952462120893166e-05,1.184942237542648e-05,-39.22383273412267,-39.26090125996042
12,12,1.1856414811021395e-05,1.1702740266628098e-05,-39.2532050962937,-39.31499739971951
13,13,1.1573400546901034e-05,1.16183359032699e-05,-39.359234003195176,-39.346433778590736
14,14,1.1573657727624486e-05,1.141469563567386e-05,-39.36679730583654,-39.42322970433484
15,15,1.1649909275856958e-05,1.134867101140308e-05,-39.343529076824005,-39.448422999197675
16,16,1.1306420214937462e-05,1.1231664278679282e-05,-39.464844376500736,-39.49343192624597
17,17,1.1230073000989091e-05,1.1034989160850129e-05,-39.49697550096102,-39.570153953655385
18,18,1.0924234404753697e-05,1.097491512107234e-05,-39.61558857499759,-39.59386136140614
19,19,1.0881401723644999e-05,1.0812182872062917e-05,-39.630517602283206,-39.65873923739539
20,20,1.0592487679909046e-05,1.0747319193844879e-05,-39.736737049771044,-39.68487158723797
21,21,1.0680584337117665e-05,1.0711404971324986e-05,-39.71088688199173,-39.69940867071537
22,22,1.0503246850236896e-05,1.0586387840081252e-05,-39.781236113191454,-39.75039505632909
23,23,1.0738003062946631e-05,1.0463342876296098e-05,-39.68909181357001,-39.801168492029326
24,24,1.0344305459530569e-05,1.0291935818953024e-05,-39.850411360447275,-39.872902370126376
25,25,1.0122731763067818e-05,1.0147674497841907e-05,-39.93604902488512,-39.93420778162111
26,26,1.0104966556176918e-05,1.0048615063408905e-05,-39.95256873813568,-39.97681096436905
27,27,1.0106074611386933e-05,1.010031232190637e-05,-39.96041717529271,-39.95452503030074
28,28,9.937033947730033e-06,9.778609206765204e-06,-40.02696024545227,-40.095102159856644
29,29,9.82551196993319e-06,9.714782543979758e-06,-40.07255668079688,-40.12354222494153
30,30,9.566364093826479e-06,9.624584651503124e-06,-40.19400832839029,-40.164053096493774
31,31,9.456667959460264e-06,9.386612059882426e-06,-40.23771645805964,-40.27278437034604
32,32,9.164431625341075e-06,9.29539060292116e-06,-40.37044499434885,-40.315196622353035
33,33,9.337771526710658e-06,9.234471259620286e-06,-40.29836628121604,-40.34375272293671
34,34,9.145720093901096e-06,9.043075902139352e-06,-40.38502862310146,-40.4347113021329
35,35,8.948259019422208e-06,8.978825079745883e-06,-40.47665320137847,-40.46567795306952
36,36,8.893812569159805e-06,8.847192810591017e-06,-40.50338631082874,-40.5298181413966
37,37,8.91091483879922e-06,8.897813466702295e-06,-40.50218197690997,-40.505040092958396
38,38,8.808588475956864e-06,8.785102373191253e-06,-40.55518490003416,-40.56040479562575
39,39,8.697265119613785e-06,8.694625600918171e-06,-40.614631522749384,-40.60536420680188
40,40,8.676897060777452e-06,8.703035578755111e-06,-40.62150948200605,-40.6011654731741
41,41,8.749574355777477e-06,8.624949403287916e-06,-40.57961264851357,-40.64030750233982
42,42,8.648232220910303e-06,8.61709290084515e-06,-40.633576138002915,-40.64426531178479
43,43,8.708936880775019e-06,8.578102599705361e-06,-40.599942256509394,-40.66396069896864
44,44,8.61552189704038e-06,8.531782154214421e-06,-40.646282806876705,-40.687475483914795
45,45,8.667763338343856e-06,8.517330762084671e-06,-40.62019184552133,-40.69483793308349
46,46,8.566355874566012e-06,8.512241397272047e-06,-40.673499547108975,-40.6974337506409
47,47,8.532454829918671e-06,8.473747871711998e-06,-40.687794409699606,-40.717117684374074
48,48,8.44361306214345e-06,8.430354084435079e-06,-40.74331228113641,-40.739414904076845
49,49,8.394828933681488e-06,8.41121908180005e-06,-40.7604358990999,-40.74928361354888
50,50,8.295497982263188e-06,8.376145854670444e-06,-40.81270380598287,-40.76743075126282
51,51,8.341996869331552e-06,8.349768952604408e-06,-40.781640296284166,-40.78112848037995
52,52,8.31464197843386e-06,8.36234209457057e-06,-40.80689872463154,-40.774593761706875
53,53,8.442837938251688e-06,8.333842216463955e-06,-40.73377869573971,-40.78942032517495
54,54,8.468882537947383e-06,8.379083019941677e-06,-40.72170397201377,-40.76590812845374
55,55,8.387597058431639e-06,8.4110285665941e-06,-40.76520259770996,-40.74938198292781
56,56,8.40079509234596e-06,8.268771652135337e-06,-40.75453570392827,-40.82346307524513
57,57,8.242415478702073e-06,8.265109571718648e-06,-40.836158352679945,-40.82538690827832
58,58,8.265888547762142e-06,8.30167932451188e-06,-40.830731523066206,-40.80621352744003
59,59,8.274562961306992e-06,8.306513264917731e-06,-40.826900018427196,-40.803685433317696
60,60,8.305209622946123e-06,8.25534669657875e-06,-40.801972169938196,-40.83051989398462
61,61,8.236876782547435e-06,8.21902277062978e-06,-40.83924286207609,-40.84967122623546
62,62,8.345640502007769e-06,8.281536146999938e-06,-40.7852849043169,-40.81676404480966
63,63,8.235896009714498e-06,8.209323990932285e-06,-40.84278844622263,-40.85479910313544
64,64,8.382296195141516e-06,8.180332219796438e-06,-40.77349082850417,-40.87016364671774
65,65,8.263956134055426e-06,8.221734644489756e-06,-40.824531238489925,-40.84823850408775
66,66,8.345834604116726e-06,8.149938869457018e-06,-40.77973925749215,-40.88632955052644
67,67,8.175724107467872e-06,8.141655359251768e-06,-40.87163446018505,-40.89074591768173
68,68,8.232735037437902e-06,8.144149624537309e-06,-40.84418572437929,-40.88941562340463
69,69,8.260768561402861e-06,8.166246875350081e-06,-40.835525103048084,-40.87764801252554
70,70,8.206024546977e-06,8.209344813574143e-06,-40.86487703555139,-40.85478808743305
71,71,8.081994101021993e-06,8.164717416404624e-06,-40.91050136758285,-40.87846148020618
72,72,8.13743378513237e-06,8.153004345283415e-06,-40.89550045112772,-40.884696324876366
73,73,8.222043861584922e-06,8.124512413288406e-06,-40.85633734776063,-40.899899997113344
74,74,8.082542301297545e-06,8.170469013030493e-06,-40.9363999361569,-40.87540319031061
75,75,8.044593109796964e-06,8.105900968458676e-06,-40.94627560023458,-40.909860127077344
76,76,8.067017522089654e-06,8.058052500066543e-06,-40.93728188170453,-40.935572136863414
77,77,8.102711513650498e-06,8.066468198146476e-06,-40.91396193098858,-40.93103880326826
78,78,8.142267027502272e-06,8.082460441839526e-06,-40.89707272132151,-40.92243718564472
79,79,8.08269664348606e-06,8.07204332886613e-06,-40.9147588933044,-40.92803821848732
80,80,8.104903119282867e-06,8.154151983992625e-06,-40.910771047317255,-40.88408504336365
81,81,8.048283403301875e-06,8.088254210298673e-06,-40.94415618437498,-40.91932513793004
82,82,8.187214400995518e-06,8.047141004920521e-06,-40.8632540573911,-40.94145695017514
83,83,8.092422592302138e-06,8.149852156317425e-06,-40.92623953350446,-40.88637575852748
84,84,7.935961506162354e-06,7.98159884365496e-06,-40.99635047600877,-40.97697409985155
85,85,8.082786495936854e-06,8.02710543499224e-06,-40.9278328689996,-40.952283388603014
86,86,8.144484483411885e-06,7.962022496748863e-06,-40.88760163893593,-40.98763905924584
87,87,7.977200457202175e-06,7.963386116515673e-06,-40.971653895597335,-40.98689532631443
88,88,8.04978967185964e-06,7.949862217509163e-06,-40.94029140170396,-40.99427704499696
89,89,7.99364680770128e-06,7.991249108990336e-06,-40.9773291421817,-40.97172637257535
90,90,7.947523120014217e-06,7.934606736326763e-06,-41.00286040313975,-41.002618996311256
91,91,7.949320112772708e-06,7.928568624935762e-06,-40.99688002479549,-41.00592516739638
92,92,7.977227709226409e-06,7.907230897935255e-06,-40.98691371031841,-41.01762885521782
93,93,7.890420143554628e-06,7.908908532714887e-06,-41.03338590590465,-41.01670753363568
94,94,7.864557860041705e-06,7.85795933360963e-06,-41.03850385679537,-41.044775293489415
95,95,7.935357695442718e-06,7.88361105725543e-06,-41.00830704884107,-41.03062116322798
96,96,7.975712594191829e-06,7.91283850718939e-06,-40.987736152191225,-41.01455003957501
97,97,7.973598876935622e-06,7.892707177042643e-06,-40.984132398785924,-41.02561315691194
98,98,7.846405855367997e-06,7.86185613546159e-06,-41.053320109387556,-41.04262213898277
99,99,7.840328152335283e-06,7.819553478552016e-06,-41.06019674350449,-41.06605352108843
100,100,7.844669297126005e-06,7.8343004085917e-06,-41.054158268956655,-41.05787085593509
101,101,7.876409255782774e-06,7.854521132494005e-06,-41.03163881682829,-41.046675937756554
102,102,7.821993207959241e-06,7.950115392113252e-06,-41.06472737526926,-40.994138739980166
103,103,7.709720568865245e-06,7.82117537088006e-06,-41.12652536399403,-41.065152822792825
104,104,7.790823990044655e-06,7.768647456511022e-06,-41.08788694690682,-41.094418927914646
105,105,7.81692327662538e-06,7.717334650997623e-06,-41.07541925371204,-41.12319973069301
106,106,7.875488256441835e-06,7.841343368023732e-06,-41.04645335247881,-41.05396834492247
107,107,7.755907246092582e-06,7.733780804349072e-06,-41.10554315321758,-41.11395447410678
108,108,7.722363032784059e-06,7.744775901205445e-06,-41.118009455710876,-41.10778450517917
109,109,7.617263658100933e-06,7.738592318530305e-06,-41.17029360119794,-41.111253383447604
110,110,7.787053848530668e-06,7.713175531726416e-06,-41.08400335674834,-41.12554091393506
111,111,7.696187268950395e-06,7.712893731973294e-06,-41.132042077463915,-41.125699585694804
112,112,7.900799569002048e-06,7.71231581989253e-06,-41.01587621578815,-41.126025006269444
113,113,7.740539814156214e-06,7.713023765781576e-06,-41.11698302698963,-41.125626367404344
114,114,7.769963810188556e-06,7.699408199282756e-06,-41.100378739016904,-41.13329961060189
115,115,7.64518293265413e-06,7.640384195072233e-06,-41.16541919523087,-41.166721087472354
116,116,7.660345090698684e-06,7.68530114663391e-06,-41.1578109215079,-41.141264163848426
117,117,7.777755366912539e-06,7.715050478988192e-06,-41.09788781790413,-41.124485343122075
118,118,7.716267688367e-06,7.70546560153506e-06,-41.12754626168417,-41.129884202540204
119,119,7.5992693288669415e-06,7.697828311249491e-06,-41.19507645852454,-41.13419085710162
120,120,7.77349567815503e-06,7.638560921469961e-06,-41.093408243238834,-41.16775759576817
121,121,7.491335134208262e-06,7.643342087249039e-06,-41.24129965821358,-41.165040088686126
122,122,7.68689189555385e-06,7.901871173855493e-06,-41.143051251314006,-41.020573612827675
123,123,7.718778465694169e-06,7.651667362408357e-06,-41.12864267602522,-41.16031224405027
124,124,7.613935981071242e-06,7.592551499232956e-06,-41.18386188461557,-41.193995599163614
125,125,7.634017755353665e-06,7.674770227152438e-06,-41.171073927548164,-41.1472192415632
126,126,7.696315282673728e-06,7.5775885881356724e-06,-41.13991238617629,-41.20256283953538
127,127,7.645617830517555e-06,7.568934267366881e-06,-41.164714493658536,-41.20752572666053
128,128,7.550454577624608e-06,7.65020518213676e-06,-41.224235729076014,-41.16114222982304
129,129,7.619786169785003e-06,7.583667626788251e-06,-41.1762367825489,-41.19908015571796
130,130,7.55480453138721e-06,7.642731529095295e-06,-41.22131182050059,-41.1653870215138
131,131,7.634067763497911e-06,7.591688460563187e-06,-41.170396497796055,-41.194489285951164
132,132,7.484100924276137e-06,7.581091339441053e-06,-41.25991040860468,-41.20055577084899
133,133,7.5436185997927e-06,7.561516045634083e-06,-41.230142966143404,-41.21178428203144
134,134,7.592445226035443e-06,7.576759846989789e-06,-41.1945325788544,-41.203037842084626
135,135,7.643171383532126e-06,7.548337036592114e-06,-41.176371344183444,-41.2193602290961
136,136,7.518966070812294e-06,7.59891413269399e-06,-41.234292478980166,-41.190357692419106
137,137,7.638978936437028e-06,7.563988267640142e-06,-41.16581748430606,-41.21036459728891
138,138,7.546143408654109e-06,7.519703654236908e-06,-41.21876039641697,-41.23586580560523
139,139,7.536283337498221e-06,7.496341200557684e-06,-41.22626610173033,-41.249379607676815
140,140,7.514117512364089e-06,7.633338602892381e-06,-41.24302221478489,-41.17072778847507
141,141,7.534153483743232e-06,7.56386651502046e-06,-41.22108324207571,-41.2104345034212
142,142,7.592118347076262e-06,7.516281345344492e-06,-41.19593864483926,-41.237842782694585
143,143,7.497975908223714e-06,7.474856446558413e-06,-41.24496209807667,-41.26184449757032
144,144,7.594656423308836e-06,7.5329430489402606e-06,-41.19237921791837,-41.22822622213603
145,145,7.593912620726881e-06,7.531155054158789e-06,-41.194504888340035,-41.229257171703125
146,146,7.497057792074743e-06,7.502831259013251e-06,-41.25279022255406,-41.24562127133128
147,147,7.48891113861524e-06,7.494011146933956e-06,-41.26748752563501,-41.250729715287385
148,148,7.5520865205353124e-06,7.485357304846586e-06,-41.22584272757717,-41.255747705593215
149,149,7.71065912520442e-06,7.522902083828261e-06,-41.128316258709184,-41.23401897086475
150,150,7.607134957839831e-06,7.461343030675045e-06,-41.18943161120817,-41.26970299405074
151,151,7.424835872633284e-06,7.4719732286834375e-06,-41.29263171731765,-41.26351999084343
152,152,7.421990363750926e-06,7.4254410145314115e-06,-41.29373101176892,-41.29065053743113
153,153,7.614620985289539e-06,7.420747830397695e-06,-41.189780319262994,-41.293396325001275
154,154,7.5814076358396636e-06,7.4018079143761975e-06,-41.19945989590973,-41.3044949582385
155,155,7.495154116525358e-06,7.497399445511339e-06,-41.25281466987812,-41.24876656526734
156,156,7.416482796693297e-06,7.423060316413237e-06,-41.29860257326417,-41.292043168298875
157,157,7.407801941675662e-06,7.387832475184328e-06,-41.306725762584136,-41.31270267359852
158,158,7.416332617552696e-06,7.442107289534761e-06,-41.29922107817676,-41.280913795163194
159,159,7.392700480682158e-06,7.385004353541023e-06,-41.313197431651744,-41.314365506070146
160,160,7.3637402378734964e-06,7.397074018387541e-06,-41.3241958263924,-41.30727341810491
161,161,7.443421720344088e-06,7.416500777349268e-06,-41.27331607989689,-41.29588259695428
162,162,7.330040866644097e-06,7.426271981545908e-06,-41.34592199635396,-41.290164553909214
163,163,7.402351053952798e-06,7.455913299437318e-06,-41.29930501682277,-41.27286457063925
164,164,7.43986272693254e-06,7.382575021390374e-06,-41.28810139472324,-41.31579437336177
165,165,7.483811672144154e-06,7.397799436148489e-06,-41.256810936555425,-41.30684753419064
166,166,7.315343216610065e-06,7.561779703361313e-06,-41.35199755767616,-41.21163285327151
167,167,7.473833291667163e-06,7.3166902678310995e-06,-41.27002233241701,-41.35472635528789
168,168,7.415098616078954e-06,7.368509494354887e-06,-41.29882466775154,-41.32407658830179
169,169,7.465408525041715e-06,7.412115457172101e-06,-41.26835163255806,-41.298451306508454
170,170,7.3750234572723935e-06,7.4150063578838995e-06,-41.325292441432644,-41.29675778532689
171,171,7.415928951924854e-06,7.3556346155543765e-06,-41.291464327740606,-41.33167158357154
172,172,7.433417166109778e-06,7.360939291270609e-06,-41.28687002559875,-41.32854070337319
173,173,7.350413946453758e-06,7.412649665639037e-06,-41.33539948106156,-41.298138311614366
174,174,7.470776278385472e-06,7.4225668916034535e-06,-41.26933582104796,-41.29233186162142
175,175,7.4161870843360616e-06,7.355046340020827e-06,-41.29349804857607,-41.332018929583555
176,176,7.3733357398335096e-06,7.38537485296164e-06,-41.32017844838737,-41.31414762966806
177,177,7.443565725234575e-06,7.376380333306243e-06,-41.28815162452759,-41.31944005009886
178,178,7.380970366528382e-06,7.399114613355395e-06,-41.32310878947794,-41.306075516182986
179,179,7.368464889388877e-06,7.362933142997606e-06,-41.32677861801248,-41.3273644926828
180,180,7.392662877295545e-06,7.356560074281572e-06,-41.314093629060594,-41.331125204696804
181,181,7.456006876720457e-06,7.3198494455458495e-06,-41.26701127028163,-41.35285157682653
182,182,7.37217119281341e-06,7.315574078491313e-06,-41.32293700008981,-41.35538893882314
183,183,7.447368571052889e-06,7.320182990760689e-06,-41.281140182383496,-41.35265368539845
184,184,7.449248745071656e-06,7.323678370372172e-06,-41.282287487826785,-41.3505804288047
185,185,7.32154907869774e-06,7.318963190827114e-06,-41.35422265952241,-41.353377433047164
186,186,7.296980124779439e-06,7.346540219020282e-06,-41.35791719190968,-41.33704445769282
187,187,7.286539913206745e-06,7.3131452968243e-06,-41.37501505410082,-41.35683104248015
188,188,7.304415459619816e-06,7.317402832995867e-06,-41.35561562687434,-41.3543034208195
189,189,7.445877004430099e-06,7.306355488062284e-06,-41.280599224007595,-41.360865074467874
190,190,7.446703631975436e-06,7.333400078909778e-06,-41.28341056953066,-41.34481927387015
191,191,7.4392712272081965e-06,7.287350806444393e-06,-41.293844622065414,-41.372176297067654
192,192,7.246950794932175e-06,7.3392053596571235e-06,-41.395201951676974,-41.3413826633287
193,193,7.244131764534743e-06,7.252282174656437e-06,-41.40108561377013,-41.393126128231415
194,194,7.415129712359144e-06,7.27711511372993e-06,-41.29890137489853,-41.37828061372516
195,195,7.426089911119168e-06,7.26869685470439e-06,-41.29144058742857,-41.38330749549448
196,196,7.29454063027155e-06,7.311555332547103e-06,-41.36377907835695,-41.35777535270192
197,197,7.290473309019701e-06,7.3303591833744004e-06,-41.3711739001966,-41.3466205093465
198,198,7.263316237907761e-06,7.3914281864218584e-06,-41.383063088408136,-41.31058944531797
199,199,7.277822594014933e-06,7.3279287263224095e-06,-41.37805856182878,-41.34806069677133
200,200,7.319018067457514e-06,7.237902369333345e-06,-41.356895297177736,-41.40174585579086
201,201,7.2837142819405495e-06,7.28713932499216e-06,-41.37979522441182,-41.37230233266397
202,202,7.281033133752776e-06,7.272648872458376e-06,-41.37010847342842,-41.38094686178505
203,203,7.278767207401298e-06,7.257444490517771e-06,-41.37704504469753,-41.39003583516284
204,204,7.15948154842427e-06,7.265657251608852e-06,-41.448210158196346,-41.385123995713414
205,205,7.317597432045227e-06,7.278317298187176e-06,-41.358969316456104,-41.37756321548864
206,206,7.319830307171719e-06,7.2897549838863166e-06,-41.35724558356273,-41.37074374794436
207,207,7.351937185995132e-06,7.273864699336148e-06,-41.33982251261457,-41.3802208776479
208,208,7.318383296413081e-06,7.259852162334075e-06,-41.355392193611024,-41.38859529341647
209,209,7.254366528755294e-06,7.271514684697123e-06,-41.40388723677977,-41.381624207698025
210,210,7.34781259939389e-06,7.393116902676411e-06,-41.340342162239,-41.309597328009495
211,211,7.311510863783229e-06,7.291110705409665e-06,-41.35983442041554,-41.369936138312895
212,212,7.289663244591793e-06,7.197215334025187e-06,-41.37133867879788,-41.42622809705375
213,213,7.1805508651806055e-06,7.306954270653047e-06,-41.43157941829112,-41.36050916881821
214,214,7.2729915644362634e-06,7.358592411994898e-06,-41.3854235933092,-41.329925579941715
215,215,7.236824949734337e-06,7.269188604129197e-06,-41.40986656419217,-41.38301369202167
216,216,7.355110230173054e-06,7.2600308541089025e-06,-41.33517939974688,-41.38848839882002
217,217,7.284686780246947e-06,7.236803508261035e-06,-41.370688160525866,-41.402405253370375
218,218,7.225241690846196e-06,7.349077422029375e-06,-41.413920987724765,-41.335544836099245
219,219,7.389498084203578e-06,7.2284869690376675e-06,-41.30929743338851,-41.4073990383163
220,220,7.353668887347892e-06,7.302352347132431e-06,-41.332828476380364,-41.36324521935029
221,221,7.2472758127089e-06,7.197859902493962e-06,-41.39113781277247,-41.4258391688616
222,222,7.323717778190351e-06,7.207338919550621e-06,-41.347990278474725,-41.4201236137393
223,223,7.186615038307602e-06,7.23824082103276e-06,-41.43218168413492,-41.401542780008114
224,224,7.265343604736587e-06,7.235553575331946e-06,-41.381125690339545,-41.40315542692133
225,225,7.305933181247458e-06,7.221015709403314e-06,-41.36975046359871,-41.411890164680216
226,226,7.218410973081584e-06,7.18949774493108e-06,-41.4113582379656,-41.43088754450402
227,227,7.1917923228330935e-06,7.219922975453205e-06,-41.43371298431583,-41.41254741880473
228,228,7.1915463420212e-06,7.206520398253097e-06,-41.42822179273607,-41.420616860239605
229,229,7.336851772426186e-06,7.185691485670089e-06,-41.337635092576654,-41.4331873923959
230,230,7.207347785766877e-06,7.206144465798341e-06,-41.42260900247359,-41.420843418467726
231,231,7.201963792785764e-06,7.209493081685842e-06,-41.42595083677902,-41.41882576864361
232,232,7.236410177957276e-06,7.178535724960966e-06,-41.404245618982436,-41.43751440226744
233,233,7.223317725126351e-06,7.180324820709709e-06,-41.41193792256843,-41.4364321514679
234,234,7.2561374133901035e-06,7.231810430216444e-06,-41.39414219311122,-41.40540272961486
235,235,7.258151128422169e-06,7.243082013462156e-06,-41.396054921479326,-41.39863903528773
236,236,7.109537115688111e-06,7.177863751980783e-06,-41.476527133272434,-41.43792095846276
237,237,7.2761230203281064e-06,7.168302497455825e-06,-41.3857923123627,-41.44370982305957
238,238,7.1878165511303995e-06,7.211931365179082e-06,-41.43555169853424,-41.4173572131893
239,239,7.219746626996659e-06,7.170852600929241e-06,-41.412690989384004,-41.44216510738997
240,240,7.159558311652347e-06,7.190550580784666e-06,-41.44983533593833,-41.430251606721306
241,241,7.181299369943931e-06,7.140941258847689e-06,-41.44603029832351,-41.46031845679345
242,242,7.069661178414292e-06,7.1722730880489845e-06,-41.502054687185144,-41.441304890819175
243,243,7.221305838459923e-06,7.128328482059787e-06,-41.414062225598094,-41.46799601967717
244,244,7.216970699147103e-06,7.135769871973408e-06,-41.416016205053495,-41.46346470645969
245,245,7.240029001118226e-06,7.220137065719188e-06,-41.401421187239634,-41.41241864064053
246,246,7.387394015092196e-06,7.231294387709472e-06,-41.321967373981636,-41.40571264151292
247,247,7.198062355866531e-06,7.175394689272109e-06,-41.43258649341539,-41.43941511440626
248,248,7.1729984680582536e-06,7.191487671470416e-06,-41.44262627857315,-41.42968566007688
249,249,7.1945060065529815e-06,7.168551579333756e-06,-41.4281483693323,-41.443558918426575
250,250,7.176377770632563e-06,7.149924314083029e-06,-41.43770372371871,-41.454858616991224
251,251,7.134703687323466e-06,7.185164433490411e-06,-41.46464330957299,-41.43350594802641
252,252,7.2341308201505376e-06,7.166631803556811e-06,-41.403531259868885,-41.44472213763226
253,253,7.310313856240887e-06,7.160438168571809e-06,-41.370222037822714,-41.44847707380513
254,254,7.216990164208967e-06,7.145920455131043e-06,-41.42251748688074,-41.45729128735482
255,255,7.16546412956266e-06,7.143147932334901e-06,-41.44169900192296,-41.45897661957352
256,256,7.1572930697659535e-06,7.158449103659031e-06,-41.46272577985606,-41.449683647898354
257,257,7.159799398070072e-06,7.193072250581616e-06,-41.462587891979005,-41.428728836968425
258,258,7.272477934335613e-06,7.118173327494572e-06,-41.38120425860077,-41.47418747410786
259,259,7.186230603335773e-06,7.185533592603047e-06,-41.435620675734,-41.43328282209987
260,260,7.225600824050471e-06,7.1590873056648935e-06,-41.41920874107151,-41.44929647568975
261,261,7.134834532669479e-06,7.151622077416457e-06,-41.47010862843799,-41.45382749877427
262,262,7.313328746791158e-06,7.093244652136682e-06,-41.36246873106867,-41.48942366977642
263,263,7.153124682087398e-06,7.154738293473584e-06,-41.458009633524824,-41.45193553544558
264,264,7.175451342452116e-06,7.106651537469588e-06,-41.44137199679389,-41.4812228520071
265,265,7.125679887169624e-06,7.0891065469799e-06,-41.47377141259396,-41.49195802569653
266,266,7.141097163166143e-06,7.181808110832016e-06,-41.46137578306962,-41.43553509151094
267,267,7.092127043037668e-06,7.079363345646446e-06,-41.494090445833876,-41.497931033754924
268,268,7.1760114271043126e-06,7.188250372947598e-06,-41.44555700454354,-41.431641107254215
269,269,7.269845551941076e-06,7.122032361382337e-06,-41.38480303164332,-41.471833635686444
270,270,7.1962935574437956e-06,7.148764875876766e-06,-41.43307640906514,-41.45556292996635
271,271,7.054075120828839e-06,7.1931053035338045e-06,-41.51514714462117,-41.428708880708754
272,272,7.219185642225994e-06,7.116574818753993e-06,-41.417516425565225,-41.475162866887686
273,273,7.241071582085947e-06,7.195541887707996e-06,-41.399290144107084,-41.42723800570905
274,274,7.200369682979408e-06,7.1238043682043146e-06,-41.431886188147416,-41.4707532178728
275,275,7.200498667142963e-06,7.107934858427861e-06,-41.428685300004545,-41.48043867271875
276,276,7.0105531833797075e-06,7.073228971421486e-06,-41.533118381156896,-41.501695891786554
277,277,7.128069964236011e-06,7.0774442639575635e-06,-41.47637233446542,-41.49910848366579
278,278,7.202071586660393e-06,7.105590037482264e-06,-41.427407982350424,-41.48187159356621
279,279,7.1623464707992055e-06,7.092838419147914e-06,-41.45042180854334,-41.48967239910438
280,280,7.13424330954404e-06,7.143905134542269e-06,-41.46825062050583,-41.458516274477695
281,281,7.2006784283019575e-06,7.084824837396522e-06,-41.425446405738306,-41.494581888972434
282,282,7.155652013155764e-06,7.08413505746744e-06,-41.454813406551445,-41.49500473951247
283,283,7.218997700302802e-06,7.233801601327478e-06,-41.42095601985285,-41.40420712913888
284,284,7.152042997535618e-06,7.108684138457695e-06,-41.45180325055647,-41.479980887104986
285,285,7.086582683637671e-06,7.089264942662435e-06,-41.493432845885096,-41.49186099005186
286,286,7.0686658161611915e-06,7.206461759778904e-06,-41.51180254265506,-41.42065219833341
287,287,7.129836798337715e-06,7.0910384094627505e-06,-41.472359281913505,-41.49077468487192
288,288,7.130961491675032e-06,7.0770403047055495e-06,-41.465886729577036,-41.49935637298067
289,289,7.104606271409982e-06,7.191730626226145e-06,-41.48888497473144,-41.429538941995304
290,290,7.247060543751601e-06,7.141146684979934e-06,-41.401294251592574,-41.46019352346993
291,291,7.121979753307089e-06,7.102264087160093e-06,-41.46640460612858,-41.48390489414168
292,292,7.020339937073529e-06,7.0612517160234825e-06,-41.52993147269622,-41.50905612989892
293,293,7.081184007474053e-06,7.052988214701672e-06,-41.4898801677451,-41.51414148122203
294,294,7.103817692622374e-06,7.062317691682103e-06,-41.494348010960486,-41.50840056283384
295,295,7.1474687501904555e-06,7.104077499925073e-06,-41.450346532198424,-41.4827961566716
296,296,7.089044652978551e-06,7.099008191864031e-06,-41.49261722195447,-41.48589628950081
297,297,7.09115298827642e-06,7.036237763570266e-06,-41.49522367818633,-41.52446799871051
298,298,7.031502404642356e-06,7.049247127916284e-06,-41.51848864608236,-41.51644570228466
299,299,7.125392890021928e-06,7.057738361924605e-06,-41.47034602090558,-41.511217517251964
300,300,7.091548496580649e-06,7.061389169393806e-06,-41.48748291974371,-41.5089715915456
301,301,7.0153428356375634e-06,7.138993360537202e-06,-41.53445010298757,-41.461503282236066
302,302,7.139705865990164e-06,7.0638314259428485e-06,-41.46419620619462,-41.5074697975792
303,303,7.102725703589385e-06,7.0360990416941745e-06,-41.48824617696476,-41.524553622222996
304,304,7.153206986669792e-06,7.074387859144113e-06,-41.46114916837927,-41.50098439592088
305,305,7.129504335831164e-06,7.021033261959306e-06,-41.47300009345798,-41.533862757782515
306,306,7.135285276368431e-06,7.015781073660994e-06,-41.46408061932252,-41.537112777976255
307,307,7.030627133194825e-06,7.036166775115386e-06,-41.52380696188837,-41.52451181481052
308,308,7.0312015681732185e-06,7.047173336391815e-06,-41.521249815709396,-41.51772352487015
309,309,6.970820969709353e-06,7.020636099983485e-06,-41.56444328933971,-41.53410843406234
310,310,7.134029156358591e-06,7.0576435351349095e-06,-41.469744520685424,-41.511275868845715
311,311,7.0168940913662456e-06,7.039472955894828e-06,-41.532417780392485,-41.52247161468814
312,312,7.195230836325359e-06,7.047442451087256e-06,-41.442100425556205,-41.51755768136081
313,313,7.058261754658834e-06,7.027680758734564e-06,-41.51215913452027,-41.529752813798794
314,314,6.972565577448269e-06,7.039030702129055e-06,-41.55304203731657,-41.52274446807485
315,315,7.075394154826333e-06,6.977663767764553e-06,-41.4992615652033,-41.56077267980412
316,316,7.081843639603041e-06,7.025438255942917e-06,-41.49486825110829,-41.53113885001653
317,317,7.019080019688904e-06,7.027710245510159e-06,-41.54287975044592,-41.529734591688964
318,318,6.977457660374882e-06,6.985738572869818e-06,-41.55743629815282,-41.5557497726286
319,319,7.04911229890452e-06,7.032616849755868e-06,-41.51680510413694,-41.526703494018385
320,320,6.99689533894812e-06,7.0209849390697564e-06,-41.549257947709286,-41.53389264859163
321,321,7.081111852665007e-06,6.956465265255629e-06,-41.495241245275224,-41.573986853069
322,322,7.120234953355375e-06,6.927674061635595e-06,-41.47893909118849,-41.59199859796428
323,323,7.0178456150370974e-06,7.055977149368693e-06,-41.534430958141215,-41.51230140603781
324,324,7.017411007836927e-06,6.998502397580428e-06,-41.5467620229392,-41.5478219055519
325,325,7.058262335985344e-06,7.005182971241945e-06,-41.519601762631936,-41.54367822991105
326,326,6.984145962520677e-06,6.93779307575345e-06,-41.551325487346105,-41.585659636960884
327,327,6.979107535333185e-06,7.008656570848727e-06,-41.55952199191235,-41.54152526509662
328,328,7.115332922244447e-06,7.1266172199102584e-06,-41.47926480227402,-41.469038733872985
329,329,7.024999883197807e-06,6.9769302363535025e-06,-41.53620539481678,-41.561229258683184
330,330,6.952825984138979e-06,6.967163483894087e-06,-41.577370492112074,-41.56731304939484
331,331,6.968974643895467e-06,6.982125413694455e-06,-41.5681813755518,-41.55799660883578
332,332,7.006613941484829e-06,7.022381539986543e-06,-41.54752219715241,-41.533028844211834
333,333,6.961197953190554e-06,6.899526732396273e-06,-41.571480332667775,-41.609680046055296
334,334,7.092254897365022e-06,6.943039448072484e-06,-41.497164927065135,-41.58237673494078
335,335,7.04024078285582e-06,6.939923878235277e-06,-41.52864452044729,-41.58432599430161
336,336,7.01747462558488e-06,6.99825142491088e-06,-41.530946771746564,-41.54797765030084
337,337,7.007369103374322e-06,7.021608948171458e-06,-41.5505247440739,-41.53350667472971
338,338,6.974220759355039e-06,6.924445211839875e-06,-41.56185353713339,-41.59402322920934
339,339,7.016015097553801e-06,6.962431406894834e-06,-41.539327909819434,-41.5702637669482
340,340,6.950333556101823e-06,6.959555847922609e-06,-41.57478756825944,-41.57205782032424
341,341,6.984426471314419e-06,6.9266994423263605e-06,-41.56900417116087,-41.592609627814944
342,342,6.9335358124796405e-06,7.072013766829562e-06,-41.589210870915565,-41.502442088454536
343,343,6.9397873415152025e-06,6.900895258647659e-06,-41.58658879118526,-41.608818705146085
344,344,7.0807012111190395e-06,6.991141952695264e-06,-41.50758140242903,-41.55239185860132
345,345,6.991643124248307e-06,6.949066717329276e-06,-41.55193259232191,-41.578608249568944
346,346,6.982023337842133e-06,6.9185939776760185e-06,-41.571407240584136,-41.59769461787803
347,347,6.981343443671388e-06,6.913427281879673e-06,-41.56173617752177,-41.600939071506716
348,348,6.898160608188002e-06,6.9697199777644865e-06,-41.61031040485008,-41.56571976464586
349,349,6.998582076570547e-06,6.974022390319365e-06,-41.54459307808864,-41.56303968918056
350,350,7.050960218678192e-06,7.051628879133587e-06,-41.5187589423525,-41.51497858574486
351,351,6.9994469872794655e-06,6.957759548018466e-06,-41.55054707366463,-41.57317890311694
352,352,6.932983360081952e-06,6.919523768470083e-06,-41.58764133577252,-41.59711100814265
353,353,6.996323894988386e-06,6.9574477110061135e-06,-41.559101916743096,-41.57337355216703
354,354,6.9261523422778505e-06,6.868574042815262e-06,-41.59583919076689,-41.62920721999398
355,355,7.244678005177381e-06,6.977615492743146e-06,-41.40840554026173,-41.560802726605786
356,356,6.954250524752742e-06,6.9620074148253095e-06,-41.578289200455245,-41.570528247863486
357,357,6.975637386427273e-06,6.968152343975625e-06,-41.56061760536787,-41.566696692388206
358,358,6.97452877801945e-06,6.912711222340524e-06,-41.564237457810115,-41.601388916135065
359,359,6.980587845787013e-06,6.931780478082242e-06,-41.557126371366564,-41.58942505648724
360,360,6.964433860329589e-06,6.892245748627159e-06,-41.57210624333244,-41.614265521014175
361,361,6.918754845229937e-06,6.866679110604118e-06,-41.59701244154003,-41.630405535887995
362,362,6.969375782628236e-06,6.888858718555543e-06,-41.56504203243654,-41.61640028242356
363,363,6.992083727550146e-06,6.897199909872143e-06,-41.55479960564561,-41.611144924237465
364,364,6.923562710822414e-06,6.8899710305758116e-06,-41.59629780752256,-41.61569910390202
365,365,6.98203432210031e-06,6.889661754509066e-06,-41.563170091625075,-41.615894053783904
366,366,7.036509266737957e-06,6.903701863561046e-06,-41.51805763047988,-41.607052781761624
367,367,6.975422942578569e-06,6.9452415022839746e-06,-41.5666162246153,-41.580999545057686
368,368,6.977828949866589e-06,6.862327106653921e-06,-41.55984970935647,-41.6331589054097
369,369,6.977230853961598e-06,6.846972346944599e-06,-41.568233323018944,-41.64288732402617
370,370,6.952982492237556e-06,6.868601997810306e-06,-41.57739967266602,-41.62918954430859
371,371,6.909796734971772e-06,6.951878037254669e-06,-41.610879267887256,-41.57685161968707
372,372,6.93633730931942e-06,6.898935584774192e-06,-41.58704365210673,-41.61005216309924
373,373,6.969445133943305e-06,6.873276944181845e-06,-41.562772858200134,-41.62623463035651
374,374,6.8540627496273825e-06,6.923051363341265e-06,-41.640432217695924,-41.59489752545533
375,375,6.947138548095665e-06,6.861791605747146e-06,-41.58064375932967,-41.633497819833075
376,376,6.935043299947829e-06,6.943426581672515e-06,-41.58787291437386,-41.582134585518546
377,377,6.938038753564938e-06,6.882333070136251e-06,-41.58760380959761,-41.6205161982498
378,378,7.012415959796215e-06,6.907188291829937e-06,-41.54692134702037,-41.604860111232995
379,379,6.894340135049694e-06,6.8802005204672335e-06,-41.612949739382415,-41.62186210531692
380,380,6.988288565555626e-06,6.909245090163925e-06,-41.56210326854767,-41.603567076845984
381,381,6.8441236508828975e-06,6.863589533168124e-06,-41.639779329317406,-41.63236002999051
382,382,6.936703470011107e-06,6.884864792243063e-06,-41.587968559405425,-41.61891890450262
383,383,6.839198948038063e-06,6.834608077616921e-06,-41.648243193540495,-41.65073690753475
384,384,6.885109054489954e-06,6.89634833562243e-06,-41.620617493006705,-41.61168116624202
385,385,6.894829504144769e-06,6.91171896362089e-06,-41.61515709242756,-41.602012352300605
386,386,6.896512960085283e-06,6.847946104627274e-06,-41.61233297220754,-41.64226972620621
387,387,6.900911360849163e-06,6.860225551606977e-06,-41.605140918303334,-41.63448911530602
388,388,6.900829300048854e-06,6.868702425172639e-06,-41.605569963078665,-41.629126045607606
389,389,6.832931563790741e-06,6.869500793982297e-06,-41.648923834410255,-41.628621282119376
390,390,6.852885540003214e-06,6.8292352855343395e-06,-41.63842598614309,-41.65415230686585
391,391,6.858642735227777e-06,6.848778340147539e-06,-41.633101348737725,-41.64174195725532
392,392,6.916375879000887e-06,6.8671633686646695e-06,-41.605293379563676,-41.630099269664356
393,393,6.964744377760373e-06,6.855201502874383e-06,-41.578831767553446,-41.63767081242752
394,394,6.954819169906616e-06,6.978674958334427e-06,-41.57327929064303,-41.56014335359753
395,395,6.842304211420117e-06,6.893119820903705e-06,-41.63756464547543,-41.6137147851413
396,396,6.985936002801629e-06,6.893329315828037e-06,-41.56169450456859,-41.61358279685522
397,397,6.843790517975612e-06,6.895890285369732e-06,-41.64364269760412,-41.61196963093977
398,398,6.915868066853457e-06,6.8564082826732805e-06,-41.60104572702256,-41.636906353961905
399,399,7.164437375677997e-06,7.462510343190699e-06,-41.44322377731743,-41.26902360197613
400,400,7.1542598346137855e-06,6.860794153334082e-06,-41.455721267711084,-41.63412917034867
401,401,6.832568089390106e-06,6.834086506339525e-06,-41.6438012351544,-41.651068344493
402,402,1.5048885378530837e-05,1.194864264681727e-05,-38.230317354222436,-39.224687335846255
403,403,1.1132105297742642e-05,1.0360355286377998e-05,-39.53948983806537,-39.84412657405065
404,404,1.0014114326922842e-05,9.795077953879771e-06,-39.99432595199394,-40.087794096102755
405,405,9.58383949069947e-06,9.390282876235065e-06,-40.1870958222898,-40.27108630971167
406,406,9.274669096579526e-06,9.347903534561689e-06,-40.324754369708515,-40.29073084223292
407,407,9.028118200280305e-06,9.106223459591428e-06,-40.43988030983242,-40.404490029270505
408,408,9.016206126240654e-06,9.074062386628756e-06,-40.457866717199096,-40.41985545444339
409,409,9.414071400053367e-06,9.109564608048745e-06,-40.26213623903565,-40.40289685926971
410,410,8.994921999962486e-06,9.014190876960607e-06,-40.45810628917415,-40.44860556187672
411,411,9.014386161708767e-06,8.922977892660511e-06,-40.445705148061094,-40.49277489285875
412,412,8.881707715060197e-06,8.898992506912787e-06,-40.5208724018776,-40.50446465188333
413,413,8.826546355081031e-06,8.759996968652367e-06,-40.5414481398998,-40.5728335039347
414,414,8.775459100059042e-06,8.724459372675292e-06,-40.56447114507342,-40.590487816753864
415,415,8.764646816079099e-06,8.616910810432224e-06,-40.58035372060398,-40.64435708484329
416,416,8.464620317606682e-06,8.540238516281151e-06,-40.71285121295397,-40.68317306212912
417,417,8.499429548971148e-06,8.501382557082443e-06,-40.70794016562787,-40.70297746669718
418,418,8.558050589290923e-06,8.407508869966382e-06,-40.67913749079679,-40.751199721065234
419,419,8.291693054920916e-06,8.356042934266091e-06,-40.81430438639579,-40.7778664350968
