,epoch,train_loss,test_loss,train_dbs,test_dbs
0,0,0.000194755411039577,0.00018155606889386515,-10.013514715474114,-10.315693313535952
1,1,0.000166179794552928,0.000156717283014012,-10.705862325806441,-10.954632083043748
2,2,0.00014623549603917107,0.0001417207255910494,-11.257043197745189,-11.391467348564476
3,3,0.00013364756309736963,0.0001311997169212095,-11.647391372753315,-11.726472040532743
4,4,0.00012469684641229796,0.00012325441371343148,-11.948815031783385,-11.997776218350449
5,5,0.00011748317257049926,0.0001169724415185077,-12.20871008707155,-12.224965471971093
6,6,0.00011163413165780457,0.0001117217708317759,-12.429527715054093,-12.424422912394082
7,7,0.00010672886878403249,0.00010715704334679206,-12.621668521782714,-12.605593799074681
8,8,0.00010243546661438381,0.00010289749135201993,-12.801240559707436,-12.781753152907086
9,9,9.844152635796302e-05,9.922188703632473e-05,-12.975100427833492,-12.939726197105285
10,10,9.532448841371698e-05,9.587083370302265e-05,-13.11703551305799,-13.088935979936348
11,11,9.23634364993369e-05,9.327430981150093e-05,-13.253110758477288,-13.208180579142786
12,12,8.981212181190374e-05,9.098921835079397e-05,-13.372970973979466,-13.315901678431903
13,13,8.78750844966601e-05,8.870659343971822e-05,-13.47192722031723,-13.426242005065124
14,14,8.576792524107396e-05,8.64567716091283e-05,-13.575315523107388,-13.537810875854579
15,15,8.385273072563745e-05,8.478113771783875e-05,-13.673723447986461,-13.62280861780012
16,16,8.23549633367424e-05,8.325672618076696e-05,-13.751380854382289,-13.701607724845633
17,17,8.081541762425631e-05,8.165907447140566e-05,-13.830135284933771,-13.78575648756086
18,18,7.920569953863921e-05,8.03777879091764e-05,-13.918035329625784,-13.854440523246993
19,19,7.823577838392986e-05,7.901767055859397e-05,-13.973862800127783,-13.928558795224145
20,20,7.699290928058806e-05,7.784019161542681e-05,-14.04218441437199,-13.993762057093138
21,21,7.589010168623045e-05,7.734512320511337e-05,-14.105023048284075,-14.021471664590843
22,22,7.516927241537356e-05,7.654958952978057e-05,-14.148065256942976,-14.066372357633144
23,23,7.432722940365304e-05,7.505522769765536e-05,-14.195263827536191,-14.15199155224463
24,24,7.323718556417777e-05,7.420565088978037e-05,-14.260554554025441,-14.201431232317523
25,25,7.247722011747213e-05,7.331759652037075e-05,-14.305299168254315,-14.253718824652214
26,26,7.170901123581924e-05,7.273517104821574e-05,-14.351003856182418,-14.288356375682877
27,27,7.046566754501534e-05,7.16815545609662e-05,-14.42310935894672,-14.351726867332353
28,28,7.01178381034682e-05,7.117208703053428e-05,-14.449024298509306,-14.382704009080536
29,29,6.947484507691115e-05,7.041057458417e-05,-14.491942374796022,-14.429422136679317
30,30,6.877531699707837e-05,6.923687530951084e-05,-14.534001271912405,-14.502426423070503
31,31,6.81731372170952e-05,6.882283732442087e-05,-14.571913343801977,-14.528475289589329
32,32,6.764027117223469e-05,6.80556061668444e-05,-14.603667242270589,-14.577161954810576
33,33,6.691458062406812e-05,6.815133287761312e-05,-14.653203082580255,-14.571057480340464
34,34,6.628201276960437e-05,6.657662034788365e-05,-14.692592004305638,-14.672583569141178
35,35,6.573487714667488e-05,6.628898278761066e-05,-14.728188546555556,-14.691387472848385
36,36,6.512584146436246e-05,6.571463439429767e-05,-14.769402661191116,-14.729180060247973
37,37,6.465529662181296e-05,6.518623597098907e-05,-14.801983667854595,-14.764241976226945
38,38,6.419580268371159e-05,6.437786942115054e-05,-14.832449829375829,-14.818435023955931
39,39,6.383832580993221e-05,6.443038326228576e-05,-14.856984820718246,-14.814893873103092
40,40,6.3139479419819e-05,6.40006443350821e-05,-14.905744195941264,-14.843957557286823
41,41,6.289234900662253e-05,6.39526572884183e-05,-14.92222610580285,-14.84721507550348
42,42,6.236214119912192e-05,6.322104251778096e-05,-14.957760522853722,-14.897184489548213
43,43,6.210688489144813e-05,6.293766196712998e-05,-14.974057706836506,-14.91669496516929
44,44,6.172493912223199e-05,6.275298265360394e-05,-15.000545231956622,-14.929457293622011
45,45,6.124766645671022e-05,6.197954261503917e-05,-15.036869266192646,-14.983317350621723
46,46,6.084239760536182e-05,6.167361770119322e-05,-15.06534045385537,-15.004806776803964
47,47,6.0508918490011205e-05,6.167697995950125e-05,-15.08884514806985,-15.004570019097399
48,48,6.00048346707799e-05,6.0870724011788536e-05,-15.126648852224392,-15.061716346604502
49,49,5.9691806434540885e-05,6.068673974368721e-05,-15.15020585323678,-15.07486295413326
50,50,5.9288716882517676e-05,5.988449476334561e-05,-15.17856257943797,-15.132657122242906
51,51,5.875202420902122e-05,5.9896552173947717e-05,-15.215921905763937,-15.131782782430037
52,52,5.8776099340133275e-05,5.900274290501042e-05,-15.214541166909916,-15.197079005660296
53,53,5.8346678210019144e-05,5.8959643578610234e-05,-15.246491391201026,-15.200252525800098
54,54,5.79872541174595e-05,5.886798029869648e-05,-15.27547225410026,-15.207009661924964
55,55,5.7781873036538416e-05,5.847605509763142e-05,-15.289949450226137,-15.23602035420145
56,56,5.73297912364744e-05,5.8018370749012226e-05,-15.32493671552655,-15.27014573115919
57,57,5.708672939625703e-05,5.765333901906974e-05,-15.342216375645776,-15.297556373331748
58,58,5.684623911949211e-05,5.768629068226897e-05,-15.362674510418039,-15.29507488003697
59,59,5.654291029732684e-05,5.774164214687373e-05,-15.385569403508306,-15.290909711884597
60,60,5.628986558072826e-05,5.714836592424514e-05,-15.403079905275332,-15.33576285173081
61,61,5.6069345219773674e-05,5.655692381735303e-05,-15.420961740634231,-15.380943222941779
62,62,5.5834797712657406e-05,5.6503724695894085e-05,-15.438604934678828,-15.385030248250878
63,63,5.5645323150248754e-05,5.690300282654598e-05,-15.45235851856123,-15.354449169125592
64,64,5.564753511637334e-05,5.614337561909404e-05,-15.452492949299794,-15.412815810239941
65,65,5.522164702625494e-05,5.554649492535789e-05,-15.486647131753909,-15.459234426029418
66,66,5.49754449352382e-05,5.573390099973614e-05,-15.50534275769441,-15.444606602279244
67,67,5.490976857884365e-05,5.5906694270609146e-05,-15.510452566964933,-15.43116288607685
68,68,5.48220830882501e-05,5.577215166627675e-05,-15.516256791961965,-15.44162702338426
69,69,5.447091476976171e-05,5.5420856561364705e-05,-15.544862560750872,-15.469068682823291
70,70,5.458300824777569e-05,5.5042816950988614e-05,-15.538228075635685,-15.498794501724442
71,71,5.421064825267675e-05,5.489424400270524e-05,-15.565804031798827,-15.510532936483731
72,72,5.4089549014383214e-05,5.479272888470931e-05,-15.578195318517391,-15.518571715748488
73,73,5.374696962631394e-05,5.467262426942685e-05,-15.602739462369186,-15.528101816569666
74,74,5.371063034357407e-05,5.4397126070015424e-05,-15.607367478761402,-15.55004146562215
75,75,5.3397867642283036e-05,5.488290135920244e-05,-15.632936692250352,-15.511430399700643
76,76,5.323176240559293e-05,5.366362165659666e-05,-15.644573172203458,-15.609001230122601
77,77,5.3374102301943624e-05,5.424928014307577e-05,-15.636609516203448,-15.561861223332166
78,78,5.306224875780994e-05,5.391880978621837e-05,-15.661377089004489,-15.588398051162635
79,79,5.287032144758658e-05,5.350430882045705e-05,-15.673488599408644,-15.621913439267718
80,80,5.270244061470406e-05,5.3309132980709697e-05,-15.688672236823928,-15.637784828319985
81,81,5.2513995037723776e-05,5.347633218901281e-05,-15.702982153410417,-15.624184896387588
82,82,5.253693294416172e-05,5.3474762688366405e-05,-15.705212091200833,-15.624312361276264
83,83,5.2496230974733426e-05,5.3606793938486496e-05,-15.706507352143277,-15.613602679006018
84,84,5.226663651950561e-05,5.322781075129138e-05,-15.725969247221839,-15.644414979536027
85,85,5.197553794450587e-05,5.276081413428887e-05,-15.748537076548217,-15.682686136752174
86,86,5.2055908584866444e-05,5.272953804753917e-05,-15.740785267554758,-15.685261354676465
87,87,5.1900389041396376e-05,5.2428300190704726e-05,-15.754922560501495,-15.710143246319198
88,88,5.194390838162868e-05,5.2513251016774265e-05,-15.752180789397341,-15.703111964118882
89,89,5.1670119272288143e-05,5.225352958261379e-05,-15.774527245730168,-15.72464470877537
90,90,5.161598941056807e-05,5.2566638164295765e-05,-15.778152945972296,-15.698698989238762
91,91,5.173686268162126e-05,5.245470483235917e-05,-15.768995747774916,-15.707956544973847
92,92,5.13381166512641e-05,5.190293813939206e-05,-15.800935155317834,-15.753881588167111
93,93,5.1247582135700436e-05,5.1981417001163786e-05,-15.812142349815959,-15.747319879611272
94,94,5.108236899142173e-05,5.202585261462158e-05,-15.825165642677067,-15.743608957678571
95,95,5.094018136511182e-05,5.189091193881866e-05,-15.835452566330698,-15.75488798932994
96,96,5.11003367062154e-05,5.190849773689957e-05,-15.822032052526993,-15.753416417350227
97,97,5.09876086821866e-05,5.1722335468328217e-05,-15.83282444426493,-15.769019752853149
98,98,5.0713622259376954e-05,5.164710168365242e-05,-15.855456351397335,-15.775341471188247
99,99,5.0486193264152895e-05,5.18330165696649e-05,-15.873991886492401,-15.759736174762939
100,100,5.0326970483286824e-05,5.1527685412254774e-05,-15.891438360820981,-15.785394673590796
101,101,5.023898034009689e-05,5.1411432842111314e-05,-15.89407454914423,-15.795203941834108
102,102,5.0527264357162835e-05,5.120129648467379e-05,-15.874657329147881,-15.812991440257749
103,103,5.0487008321425424e-05,5.1192092589764415e-05,-15.876286944212998,-15.813772193940785
104,104,5.0317231914059726e-05,5.1221825599082205e-05,-15.888494387028816,-15.811250489377919
105,105,4.997604883476353e-05,5.1014715274121904e-05,-15.921391147673557,-15.828846349634977
106,106,5.0136799904272996e-05,5.018367703183015e-05,-15.905111934937391,-15.900176225126692
107,107,5.00988859392837e-05,5.0874664769875575e-05,-15.907922063205483,-15.840785415210028
108,108,4.983618261398191e-05,5.1074269370139136e-05,-15.932045054683686,-15.823779393920017
109,109,4.97218872961761e-05,5.074501582145642e-05,-15.941849947726062,-15.851867098030837
110,110,4.9895018632595727e-05,5.04814904017717e-05,-15.92634446749458,-15.87447933635259
111,111,4.964250056031064e-05,5.037925132599316e-05,-15.950435023833885,-15.883283927889952
112,112,4.957385865110933e-05,5.0336006480440696e-05,-15.953208628674979,-15.887013451967523
113,113,4.935896774356676e-05,5.0104102946964924e-05,-15.973909787791206,-15.907068110303369
114,114,4.910112051989345e-05,5.0051316257419164e-05,-15.993680539338817,-15.911645989422137
115,115,4.92435961466081e-05,5.0168554719819346e-05,-15.984697900047358,-15.901485122117817
116,116,4.905732034269922e-05,4.999767713199713e-05,-16.002854043953626,-15.916302743603794
117,117,4.903359937069928e-05,5.0079742657927505e-05,-16.002635569891698,-15.90918013530124
118,118,4.9022070165800375e-05,4.97516542198259e-05,-16.003539391004303,-15.937725766372173
119,119,4.870174965729995e-05,5.000846680272125e-05,-16.032228965733278,-15.915365622284872
120,120,4.8942555875647047e-05,4.9797070172835924e-05,-16.012244750052606,-15.933763104013337
121,121,4.8554169496259716e-05,4.943665618683506e-05,-16.04416869068275,-15.965310139345668
122,122,4.859503457465535e-05,4.9418028203562194e-05,-16.040979973796084,-15.966946891410585
123,123,4.8472148188649075e-05,4.915146622040897e-05,-16.051663465525067,-15.99043624402552
124,124,4.8349931978346955e-05,4.9563426728127524e-05,-16.06175533961857,-15.95418776954114
125,125,4.8436279630362893e-05,4.901399063926778e-05,-16.05709873846346,-16.002600385512395
126,126,4.841475389728601e-05,4.921271599749545e-05,-16.057591159970514,-15.985027681061919
127,127,4.834837166048807e-05,4.891756313889729e-05,-16.06221348946017,-16.01115287819383
128,128,4.841559967110126e-05,4.941459892985509e-05,-16.057525136760404,-15.967248272582315
129,129,4.80891831102781e-05,4.861660770410182e-05,-16.08726059577275,-16.037954500296046
130,130,4.791147275869831e-05,4.909421190141553e-05,-16.101375475325888,-15.995498092667459
131,131,4.773464512329587e-05,4.891211880787619e-05,-16.118436041589135,-16.011636257649943
132,132,4.756277102734606e-05,4.883378929470813e-05,-16.13662556900499,-16.018596770530998
133,133,4.7749638321603047e-05,4.846520440830653e-05,-16.117031137462874,-16.051500532819194
134,134,4.76420844035564e-05,4.832639866722993e-05,-16.12901379745914,-16.063956697778835
135,135,4.76745503640148e-05,4.8011357744383675e-05,-16.121919204429805,-16.092361142139108
136,136,4.7295753059179055e-05,4.8354436378423615e-05,-16.158512114189094,-16.061437765543253
137,137,4.74945985674306e-05,4.81839220140644e-05,-16.141561780987832,-16.07677954797451
138,138,4.73734324578359e-05,4.833044467408112e-05,-16.154051152285586,-16.063593110806718
139,139,4.756492328561228e-05,4.756498616954655e-05,-16.1343688586985,-16.132927272494587
140,140,4.714599112348784e-05,4.77592797036969e-05,-16.171933063614,-16.115223338280373
141,141,4.714537572374294e-05,4.806068241841307e-05,-16.170262930195097,-16.08790168950366
142,142,4.7124715323305504e-05,4.762525713886134e-05,-16.174299201271932,-16.127427685146035
143,143,4.660438222795024e-05,4.7872396144636075e-05,-16.222211032911712,-16.104949363974836
144,144,4.680228857509552e-05,4.738289843723913e-05,-16.202942656502838,-16.149584788275614
145,145,4.688304176580487e-05,4.743759659743917e-05,-16.19612299212435,-16.144574244559003
146,146,4.688155432003694e-05,4.764256759938833e-05,-16.19795739901501,-16.12584943192372
147,147,4.689384660036687e-05,4.771795015825008e-05,-16.1957175915649,-16.118983228397454
148,148,4.6584947057519606e-05,4.7457999531424754e-05,-16.22424195406038,-16.142706743401398
149,149,4.651971520962837e-05,4.715749061065971e-05,-16.231930307584797,-16.170294151066283
150,150,4.640157278549147e-05,4.7041038526099566e-05,-16.23954325442896,-16.181032009493222
151,151,4.629803290824675e-05,4.750488369609229e-05,-16.248696420018845,-16.13841842885868
152,152,4.60593554325709e-05,4.720597433716696e-05,-16.274324549673697,-16.16583136099203
153,153,4.608774644421106e-05,4.702566576796878e-05,-16.271060933187165,-16.18245149243086
154,154,4.620129706400456e-05,4.689742107936916e-05,-16.259062056091114,-16.194311408256578
155,155,4.608328706979723e-05,4.70572878456503e-05,-16.271863949480775,-16.17953209123584
156,156,4.61247732299356e-05,4.6817036682592804e-05,-16.2683994758404,-16.20176180798072
157,157,4.5813064173568454e-05,4.633995635422731e-05,-16.297421332057247,-16.24624481643253
158,158,4.5874516330251336e-05,4.636350537399075e-05,-16.29182264354549,-16.244038381124327
159,159,4.5580814500128104e-05,4.625495536234475e-05,-16.318534301155175,-16.254218358696594
160,160,4.5661487130234596e-05,4.6558549289138206e-05,-16.31005648725254,-16.225806623166456
161,161,4.578633729345045e-05,4.663203454631577e-05,-16.29947287374052,-16.218957380035913
162,162,4.552047288335725e-05,4.5787726106171155e-05,-16.3254193605132,-16.298310257680424
163,163,4.5649180035454883e-05,4.6314205208450165e-05,-16.313480591836075,-16.248658864676674
164,164,4.582337546192311e-05,4.6176069429891774e-05,-16.297197445347958,-16.26163139637724
165,165,4.513142885491444e-05,4.616002173095598e-05,-16.360114782531564,-16.263140974501592
166,166,4.5371756810315686e-05,4.573278152077508e-05,-16.33959497028702,-16.303524855748883
167,167,4.519990592992135e-05,4.61718214194805e-05,-16.35697652946663,-16.262030947999914
168,168,4.5469800451681616e-05,4.585886716468897e-05,-16.330242003134664,-16.291567797485435
169,169,4.52519552615656e-05,4.5729581822677956e-05,-16.354275524562176,-16.30382872089671
170,170,4.498551620084063e-05,4.480948815685942e-05,-16.375700611617678,-16.392101189054834
171,171,4.5176950658697964e-05,4.600970197842751e-05,-16.35850825147952,-16.277306818619977
172,172,4.478727804752518e-05,4.562579813768695e-05,-16.394699074475536,-16.31369627354943
173,173,4.492957563830789e-05,4.5999073719078874e-05,-16.384897515579365,-16.278310156480497
174,174,4.469144204046371e-05,4.545371905949555e-05,-16.40435179057482,-16.330106787204045
175,175,4.4803445187838957e-05,4.538680418351616e-05,-16.395747525079123,-16.336504981669208
176,176,4.453841865677194e-05,4.567501654444066e-05,-16.41719616040111,-16.30901388717506
177,177,4.451977934108654e-05,4.512880523658456e-05,-16.421987243344983,-16.36126266117808
178,178,4.457792465004364e-05,4.554584532008065e-05,-16.418800194468922,-16.321313351641532
179,179,4.4433445715916716e-05,4.509285070908893e-05,-16.430107975685278,-16.364724103678498
180,180,4.4425554246042815e-05,4.5215689935598913e-05,-16.431300160991434,-16.352909400272747
181,181,4.4504018566756e-05,4.5312777441914044e-05,-16.420241815977995,-16.34359419023084
182,182,4.4404587130237505e-05,4.503342930356188e-05,-16.433847838347816,-16.370450822292202
183,183,4.403705987119183e-05,4.486778753313334e-05,-16.467224087202943,-16.3864544740345
184,184,4.4195091532790536e-05,4.4952494231677664e-05,-16.452767515340593,-16.378263080745306
185,185,4.398855453098466e-05,4.4514350233121626e-05,-16.473677353977024,-16.420800636020218
186,186,4.4015912450405954e-05,4.4644114065082054e-05,-16.46997451750163,-16.408158929726383
187,187,4.406018890278443e-05,4.468570439616757e-05,-16.468349597539156,-16.404114937942403
188,188,4.382563787020417e-05,4.4553148702681555e-05,-16.488234209082048,-16.417016997206222
189,189,4.388798849513759e-05,4.473711248321802e-05,-16.48324529878211,-16.399121525350424
190,190,4.3766267218725446e-05,4.440423033788408e-05,-16.493188503014792,-16.431557552514416
191,191,4.346734053844144e-05,4.44841640082335e-05,-16.52760321008228,-16.423746687763412
192,192,4.358781801990339e-05,4.4253745153056166e-05,-16.513654015505757,-16.446300715276905
193,193,4.3415563080079386e-05,4.381930499987089e-05,-16.531458557179054,-16.48914616940982
194,194,4.3514522273194273e-05,4.4508292041044974e-05,-16.521667184167484,-16.421391730448793
195,195,4.3594805752083215e-05,4.4222366437009585e-05,-16.511860622937064,-16.44938123126132
196,196,4.3364460673063187e-05,4.375301470741091e-05,-16.53644856309243,-16.49572119535736
197,197,4.3472786780240344e-05,4.4342341425362974e-05,-16.52566289863531,-16.43761480453486
198,198,4.3432432856619566e-05,4.38175844273677e-05,-16.53190960126526,-16.489316699228674
199,199,4.332862811951572e-05,4.38751653985635e-05,-16.5412921224383,-16.4836133539244
200,200,4.3057598192070745e-05,4.3547538217880123e-05,-16.566819660478412,-16.516164930788257
201,201,4.292660852706362e-05,4.3974950944845515e-05,-16.57898619975634,-16.473747383891574
202,202,4.286457298109884e-05,4.4023474114701934e-05,-16.58666748630588,-16.468957901117392
203,203,4.307572295878457e-05,4.3765627196989954e-05,-16.56471053526079,-16.494469454117784
204,204,4.3038463061129355e-05,4.3584983167851244e-05,-16.567922944992237,-16.512432194517096
205,205,4.296552891826219e-05,4.3456309006279825e-05,-16.576810219291676,-16.525272656244358
206,206,4.279468757698682e-05,4.29398148155183e-05,-16.591250017013103,-16.577199349093334
207,207,4.290576320853848e-05,4.3338089821382277e-05,-16.581647771691987,-16.53710336700441
208,208,4.263934650075545e-05,4.331734453444369e-05,-16.610242242422288,-16.53918276661322
209,209,4.2506107983519034e-05,4.34158010696257e-05,-16.623406660339903,-16.52932283405674
210,210,4.2602792052196857e-05,4.344140248385405e-05,-16.612901569418,-16.526762642663186
211,211,4.252802661830708e-05,4.311169227309476e-05,-16.62110671600277,-16.559850314037174
212,212,4.2744612561439204e-05,4.318178961464008e-05,-16.595759283421756,-16.55279464896046
213,213,4.252044557678974e-05,4.281014308186346e-05,-16.623122808114456,-16.590334226985554
