,epoch,train_loss,test_loss,train_dbs,test_dbs
0,0,0.0003752695959416631,0.0003464256051780754,-7.164976247691975,-7.509701177356529
1,1,0.0003204638172617931,0.000300373682923811,-7.853854487385662,-8.129182225275365
2,2,0.0002824543115980539,0.0002706030316307749,-8.398089138495983,-8.582474442583234
3,3,0.0002562036351048743,0.00024639338631746605,-8.821148942311993,-8.989510557208387
4,4,0.00023573843735875082,0.00022931084477979886,-9.183065730790805,-9.301555077820971
5,5,0.0002199785046389845,0.00021226386046404704,-9.484664291159762,-9.637040435299406
6,6,0.00020616670551988267,0.00020381943383989366,-9.765312389979862,-9.813345111601873
7,7,0.00019813741460687374,0.00019505026054838183,-9.934822667468342,-10.004335672732918
8,8,0.00018966501532482541,0.00018760075296373352,-10.125871755956126,-10.173455249000762
9,9,0.00018416565993546326,0.0001817933608483719,-10.254797281020869,-10.310020834502957
10,10,0.00017973068233257755,0.00017878331173529945,-10.362858114155047,-10.382531242790598
11,11,0.00017587602115716285,0.00017256822550399718,-10.456045268573144,-10.536192687187844
12,12,0.00017099087720631249,0.000170129358210895,-10.576591138115115,-10.598008383587754
13,13,0.00016982892687797315,0.00016952539245769578,-10.610468122824606,-10.613453435942375
14,14,0.00016735422697407914,0.00016598455764132698,-10.672197706765012,-10.705124166819457
15,15,0.00016376391349038705,0.0001626948796911165,-10.76671346911446,-10.792062169515486
16,16,0.00016131299261613413,0.00016048191862769032,-10.831585154883802,-10.851539941751254
17,17,0.00015897356791628198,0.00015756177431045982,-10.891828286277672,-10.931292392776246
18,18,0.00015693724595883994,0.0001566560286415839,-10.948339398937826,-10.956329894266805
19,19,0.00015795118755723358,0.0001577585790073499,-10.922687923196728,-10.925871162965281
20,20,0.00015651123744037156,0.00015596375420787618,-10.961236466157711,-10.975564214962496
21,21,0.00015279602981892597,0.0001516004688853986,-11.065753696924451,-11.098795575242026
22,22,0.0001511422126792784,0.00015063541880073515,-11.114610964249657,-11.126530028229034
23,23,0.00015138428183884562,0.00015103774402584684,-11.105935423396494,-11.114946118864983
24,24,0.00014994327078234962,0.0001465459292950599,-11.148601217453283,-11.246063428008119
25,25,0.00014574826018735957,0.0001439661198099585,-11.271280650943185,-11.32319802393451
26,26,0.0001416671796120972,0.0001393084454129597,-11.394048720471792,-11.466026562311818
27,27,0.00013407248847328184,0.00013012634735787287,-11.629488361515786,-11.762148627266313
28,28,0.00012818674755537133,0.0001271724736158687,-11.828878187164904,-11.861869832749461
29,29,0.0001254715936794906,0.0001245034965043152,-11.924764102634223,-11.953985539043222
30,30,0.00012300582647626048,0.00012073595893238427,-12.009070446317223,-12.087434662543501
31,31,0.0001203078238327133,0.0001206506050565574,-12.105107431612431,-12.09050597837923
32,32,0.00011977877177732527,0.00012007592043741362,-12.121922087831798,-12.111241776609635
33,33,0.00011837652072216835,0.00011721571431017334,-12.175754974912872,-12.215942635726758
34,34,0.00011629048402159541,0.00011568508987118931,-12.251107103585163,-12.273027137485673
35,35,0.00011525951870765115,0.00011497047288637412,-12.289379085096426,-12.29993784386435
36,36,0.00011507926255851005,0.0001157000810244905,-12.296965435873936,-12.272464389653564
37,37,0.0001168171362861386,0.00011600532123243044,-12.232959197441907,-12.261021910250136
38,38,0.00011520692778597634,0.00011444537583309667,-12.292730209615637,-12.319818523617482
39,39,0.00011512178603017262,0.00011382473396799086,-12.296224522456054,-12.34343458107459
40,40,0.00011272627149814183,0.00011470842429461252,-12.38850273801108,-12.309847879846863
41,41,0.0001133136773336746,0.00011381427075799653,-12.365380925543118,-12.343833819717565
42,42,0.00011358710692069714,0.00011362569823272919,-12.353680323798109,-12.351035370640325
43,43,0.00011402858367499405,0.00011485597190729,-12.335317873965202,-12.304265209024408
44,44,0.00011257210910829149,0.00011325255534182743,-12.39084390524261,-12.36532092177136
45,45,0.00011286501733396567,0.00011184595266393827,-12.382171206851869,-12.419598290202295
46,46,0.00011176520773418459,0.00011166288191146266,-12.424337356054625,-12.426712696711462
47,47,0.00011197395908367849,0.0001131217171572835,-12.415868715096693,-12.370341130761506
48,48,0.00011290772405474629,0.00011351228673256149,-12.381274755398872,-12.355372293221356
49,49,0.0001117489873743664,0.00011297437212258381,-12.426917109178222,-12.376001657201288
50,50,0.00011188582548410776,0.00011287281354031477,-12.420532390474943,-12.37990751369561
51,51,0.00011202897139904137,0.00011380536192231567,-12.412846762256153,-12.344173777930552
52,52,0.00011361612523989944,0.00011320570774842054,-12.352149035176307,-12.367117778403543
53,53,0.00011175857911176845,0.00011290807436269365,-12.423844034135689,-12.378551014405236
54,54,0.00011043997944126232,0.00011111386112660464,-12.477534522859486,-12.448118627759557
55,55,0.00011011054433315762,0.00011165698570517921,-12.48957651109373,-12.426942026047987
56,56,0.00011077192632995124,0.00011178195142603822,-12.464443236862184,-12.42208415039286
57,57,0.00011175287911157153,0.0001120203711539752,-12.424980789912867,-12.412830947816866
58,58,0.0001120906212629952,0.00011204207418670289,-12.413999123511035,-12.411989619198021
59,59,0.00011061415424001567,0.00011159414172748496,-12.471243954218203,-12.429387056786975
60,60,0.00010933194500898232,0.00011025156288125895,-12.519911278537013,-12.481953474873666
61,61,0.0001114443710827528,0.00011109252687004443,-12.437635207884215,-12.44895256867472
62,62,0.00010967554070581154,0.00011006342499872277,-12.506556563370639,-12.489370788136807
63,63,0.00010913256351768817,0.00010992973310701353,-12.527101638239737,-12.494649284840255
64,64,0.00010925803530646834,0.0001082794988178648,-12.522418404358785,-12.56033865123503
65,65,0.00010942778752315022,0.00011146450484183763,-12.516464503405704,-12.434435109511453
66,66,0.00010977389110005028,0.00011060626696378581,-12.502039700137829,-12.46800367211563
67,67,0.00010801828961420958,0.00010848581319135662,-12.571975737609737,-12.55207153320117
68,68,0.00010774719328427514,0.00010865014031112783,-12.58175246701514,-12.54549810546456
69,69,0.00010730066926569016,0.00010848379047513988,-12.60048494036906,-12.552152508091343
70,70,0.00010737224961162938,0.00010822456840143882,-12.599882226100608,-12.562542395262637
71,71,0.00010685339927392503,0.00010808274045733637,-12.618766610852099,-12.568237542842734
72,72,0.00010748041834809443,0.00010870868687848805,-12.596035440890681,-12.543158522381361
73,73,0.00010871195578503605,0.00010929853574213523,-12.543506200276903,-12.519657582490137
74,74,0.00010871098433217975,0.00010989432025541503,-12.545235690118927,-12.496048549928446
75,75,0.0001093796088321845,0.00010896920292380903,-12.518812178504472,-12.532763278743996
76,76,0.0001076152899240134,0.00010771032056685439,-12.587541822746871,-12.583227836154133
77,77,0.00010566533283335301,0.00010624733113218099,-12.670590099718604,-12.642620724043622
78,78,0.00010632349585648626,0.00010521084033442955,-12.642941126441505,-12.685196126637901
79,79,0.00010539240123687273,0.0001074664879093976,-12.677515113392104,-12.593070460340009
80,80,0.00010540950041235491,0.00010593110269646307,-12.678181962460117,-12.655566089306404
81,81,0.00010463627066988901,0.0001060001109420371,-12.708910215186986,-12.652737822454789
82,82,0.00010477763592546383,0.00010530901751113369,-12.707173292816758,-12.681145410508899
83,83,0.00010488469954148012,0.00010525926642769359,-12.70066720646389,-12.683197630435341
84,84,0.00010409374564127593,0.00010416701766907384,-12.733968416658774,-12.728498716859127
85,85,0.00010376576654980266,0.00010562448350308267,-12.745986019214733,-12.668155037616884
86,86,0.00010545713775707216,0.00010577412620860789,-12.674725779772425,-12.662006557055898
87,87,0.00010538639017073533,0.00010542902907074772,-12.678783405923804,-12.676198950713456
88,88,0.00010590527688822776,0.00010595359497911934,-12.658351027826605,-12.654644052520654
89,89,0.00010466573552286118,0.00010597957857259501,-12.708876588881248,-12.653579138412692
90,90,0.00010522341412088844,0.0001049471948614442,-12.684871622252947,-12.696092672568787
91,91,0.00010373822382480847,0.00010574767427322896,-12.7476085652132,-12.663092774136544
92,92,0.0001034536431201484,0.00010422571779743426,-12.75787659030728,-12.726052072790552
93,93,0.00010329110805334082,0.0001028049461494543,-12.76824678815598,-12.785660921235046
94,94,0.0001031616679422759,0.0001040354335074019,-12.772692388298756,-12.733988208707627
95,95,0.00010370790843489416,0.00010447477038006152,-12.747938679395519,-12.715686767502834
96,96,0.00010493618939323926,0.00010583000518013968,-12.697016776456888,-12.659712846683089
97,97,0.00010611372512282765,0.00010739117064268182,-12.649755277573076,-12.59611525519507
98,98,0.00010651587487616067,0.00010781324281675839,-12.632559277825111,-12.579079930663482
99,99,0.00010516755869456077,0.00010584193698473667,-12.686900215658772,-12.65922322894272
100,100,0.00010541371739236638,0.00010565668727442818,-12.680474952738074,-12.666831122168226
101,101,0.00010407987166527352,0.00010644798940599063,-12.730815231585295,-12.63442639172858
102,102,0.00010554164650456346,0.00010648147297998596,-12.675676531410431,-12.633060518600692
103,103,0.00010472296467999035,0.0001062473985305252,-12.707664026688803,-12.642617969083156
104,104,0.000104757095897119,0.00010556660019670074,-12.703827297945958,-12.670535668536054
105,105,0.00010460490371657478,0.00010698396593062698,-12.71348988018125,-12.612614087566252
106,106,0.00010601912094664174,0.00010729069656104242,-12.6528360519387,-12.600180371917276
107,107,0.0001060455495500025,0.00010567856799369972,-12.651278277372256,-12.665931823500657
108,108,0.00010599484115109309,0.00010611438330287408,-12.654645456686204,-12.648058475979822
109,109,0.00010501795060411768,0.00010605127777365085,-12.69469060693962,-12.650641965106983
110,110,0.00010583227045459615,0.00010574502965410877,-12.660735226033568,-12.663201387196887
111,111,0.00010670701015714229,0.00010772764653665945,-12.627042002642083,-12.58252929882598
112,112,0.0001068776186115166,0.00010919509536746006,-12.616868184831695,-12.523769701187193
113,113,0.00010660682854689082,0.00010639992251526564,-12.629720237010151,-12.636387903642936
114,114,0.00010617652766348929,0.00010701571246547821,-12.644309387371948,-12.611325548713303
115,115,0.00010752115050899633,0.00010910249042545299,-12.59325648132039,-12.527454379382517
116,116,0.00010824452583994909,0.00010932922496546158,-12.565832840839564,-12.518438326491818
117,117,0.00010681779283763764,0.00010658810252176696,-12.62113731362884,-12.62871371072254
118,118,0.00010625709539228935,0.00010765657574857439,-12.643876463286329,-12.585395400333566
119,119,0.00010593311440202014,0.0001065830752180007,-12.657357199172106,-12.628918553638744
120,120,0.00010577309299104357,0.0001072607912264127,-12.665359162449274,-12.601391057709035
121,121,0.00010520472203575785,0.00010673450895793442,-12.686081658798173,-12.622752456368413
122,122,0.00010556637073360557,0.00010572188942827971,-12.671643016344348,-12.664151859494995
123,123,0.0001035024687712628,0.00010349572556534488,-12.757079049285675,-12.756576885081468
124,124,0.0001030817190449224,0.00010388956089675623,-12.773897489268782,-12.740081913838123
125,125,0.00010271064438149045,0.0001032845531498376,-12.79265197742098,-12.765447271294082
126,126,0.00010125195154783403,0.00010281435396264944,-12.853334419434987,-12.785263510937659
127,127,0.00010123429114848721,0.00010202353625668605,-12.852755546362978,-12.818797294350734
128,128,0.00010044284255817514,0.00010173723460052555,-12.888188341696798,-12.83100173495367
129,129,0.00010102931092032376,0.00010283765004714951,-12.86326068510498,-12.784279580726007
130,130,0.00010065295706207854,0.00010087689856606487,-12.877505299875072,-12.867883805528951
131,131,9.953106373078045e-05,0.00010091650773048107,-12.92718656784869,-12.86617888938968
132,132,9.980816497604276e-05,0.00010163835969778072,-12.917636348295709,-12.835224545285671
133,133,0.00010087962384448511,0.0001017267702416958,-12.868697459363856,-12.831448459012204
134,134,0.00010260245869279427,0.00010327585838048865,-12.797343658979297,-12.765812887369684
135,135,0.00010176022481845365,0.0001018564741427422,-12.82900468401035,-12.825914634625274
136,136,9.967239710715955e-05,0.00010081267713471071,-12.920984531551651,-12.87064954234036
137,137,0.00010005199364218476,9.971207864031098e-05,-12.905746525551303,-12.918323322153233
138,138,9.975414489127081e-05,0.00010080177047424705,-12.920090179146534,-12.871119419625064
139,139,9.880441271870387e-05,9.923814535508619e-05,-12.95947345395913,-12.939014628327046
140,140,9.839699284675214e-05,9.995920768951212e-05,-12.976562504859128,-12.907572969494947
141,141,9.78973847165819e-05,9.960985526528308e-05,-12.996943042225908,-12.922777929904473
142,142,9.882967214318491e-05,9.973921796221188e-05,-12.957913051681647,-12.917141433840882
143,143,9.897298180466979e-05,0.00010040279755086981,-12.951312041258223,-12.888342882079527
144,144,9.899862745498336e-05,0.00010026359622746608,-12.949321822590356,-12.894368243395562
145,145,9.854395166351508e-05,9.937538293582436e-05,-12.969981063856785,-12.9330128686259
146,146,9.812299881044045e-05,9.82855383067784e-05,-12.990269292966854,-12.980904814290856
147,147,9.819411552035893e-05,0.00010007742323643087,-12.986021549919828,-12.902439873077443
148,148,9.805425391268446e-05,9.877246032517992e-05,-12.992033621471332,-12.959442302993704
149,149,9.707199078360477e-05,9.799387235513055e-05,-13.03736141736896,-12.993811823351656
150,150,9.623451373532665e-05,9.77521876369505e-05,-13.071561704956395,-13.004536166187137
151,151,9.675132110414873e-05,9.773422291465594e-05,-13.047752774219,-13.00533437817143
152,152,9.663435580993801e-05,9.802831061135389e-05,-13.056187551225378,-12.992285838427735
153,153,9.653612603157394e-05,9.744308542729796e-05,-13.060016995213175,-13.018290750926695
154,154,9.685543120644277e-05,9.811435034192216e-05,-13.04436394830261,-12.98847569509376
155,155,9.68148395390317e-05,9.742149536338586e-05,-13.047879142181225,-13.019253105975652
156,156,9.637902640514364e-05,9.819618073953806e-05,-13.067916567080655,-12.98485505467278
157,157,9.84201765980466e-05,9.814644076150696e-05,-12.976473334593155,-12.987055473337445
158,158,9.831237623506447e-05,9.878807338138454e-05,-12.9814556949607,-12.958755863851007
159,159,9.84805743972118e-05,9.98494613572563e-05,-12.972849386009788,-12.912343756621269
160,160,9.836752326815801e-05,9.982531590044106e-05,-12.977039637599471,-12.913394088451158
161,161,9.793671689322698e-05,9.808525799981955e-05,-12.997376494472233,-12.989763632805786
162,162,9.585514500528363e-05,9.757154322486665e-05,-13.091332725649282,-13.012569280584094
163,163,9.626531638937148e-05,9.913779879417761e-05,-13.073111976578442,-12.94340830232663
164,164,9.741097584861264e-05,9.81352805913622e-05,-13.02198927695617,-12.987549334944404
165,165,9.638862316820713e-05,9.951581542784544e-05,-13.064647849174744,-12.926879961086328
166,166,9.626897417078486e-05,9.848125658831315e-05,-13.07258748598393,-12.97226520639813
167,167,9.777466961561903e-05,9.865832773931815e-05,-13.006088267761415,-12.96446352164482
168,168,9.758139745339501e-05,9.66595992059937e-05,-13.0138021527382,-13.05335112025512
169,169,9.647637879303129e-05,9.698656810398556e-05,-13.0664390753232,-13.03868510077515
170,170,9.531532460763647e-05,9.633604464684858e-05,-13.114800382059052,-13.067912909161157
171,171,9.637355308478084e-05,9.667895401913771e-05,-13.068098680541906,-13.052481589741463
172,172,9.648105963409311e-05,9.723133935997459e-05,-13.061825117920199,-13.027738338607417
173,173,9.482558087575413e-05,9.736371621808135e-05,-13.140965564880476,-13.021829601850989
174,174,9.504141023180918e-05,9.645369534968937e-05,-13.127466753660727,-13.062612309930152
175,175,9.530550934081494e-05,9.671451200694336e-05,-13.117681564307077,-13.050884572181054
176,176,9.35490198881058e-05,9.599399651817389e-05,-13.194151675591199,-13.083360290188393
177,177,9.396038212892647e-05,9.478797054678005e-05,-13.178069531067234,-13.138268771264215
