,epoch,train_loss,test_loss,train_dbs,test_dbs
0,0,5.494905443689258e-05,4.9791272574925404e-05,-32.604050691357855,-33.035559907151686
1,1,3.548518552915337e-05,2.2164090918714035e-05,-34.496673451797605,-36.5505929391532
2,2,2.161862959706623e-05,2.116800504537471e-05,-36.65468083103483,-36.7502928655728
3,3,2.0743653125858136e-05,2.069327686178057e-05,-36.836231261864626,-36.84879948563576
4,4,1.991005905738254e-05,1.9734667148441076e-05,-37.01138912452608,-37.05479411078464
5,5,1.9050936897815753e-05,1.912681268310591e-05,-37.206749197901246,-37.19066612253978
6,6,1.9042362753717715e-05,1.860823048398168e-05,-37.200702934054036,-37.31004140268351
7,7,1.8220332497820863e-05,1.7889179760363493e-05,-37.39731981428982,-37.48118788796147
8,8,1.7521107645396903e-05,1.741856153545852e-05,-37.55573491913974,-37.59696929790836
9,9,1.705143071395122e-05,1.7522426309082412e-05,-37.676689677277665,-37.57114974689201
10,10,1.668349137879577e-05,1.6545087945767017e-05,-37.77470989644891,-37.82040136910845
11,11,1.63222179740917e-05,1.6323162335059972e-05,-37.87797487731544,-37.879049171765374
12,12,1.600222008305208e-05,1.5970253690810703e-05,-37.95603483641805,-37.9739740186271
13,13,1.6126109491694677e-05,1.616458973187132e-05,-37.92752092992027,-37.921445305121814
14,14,1.561418562185694e-05,1.570099826303225e-05,-38.06638546880653,-38.04781951362252
15,15,1.534452677173924e-05,1.544594459502198e-05,-38.14048104746965,-38.11894744234109
16,16,1.5084088932105925e-05,1.537376317030162e-05,-38.209716582670396,-38.13929030347898
17,17,1.4814357219273512e-05,1.5016187334319847e-05,-38.293153898514085,-38.24149539230139
18,18,1.5035103913141564e-05,1.5071263461370682e-05,-38.22906575289523,-38.225595550907755
19,19,1.472442620501376e-05,1.5047743641173982e-05,-38.317156436610944,-38.23237833107596
20,20,1.4731929911352746e-05,1.4796299422558054e-05,-38.32470006380795,-38.30556105662718
21,21,1.4364514792066178e-05,1.4480597297063613e-05,-38.4325472576522,-38.399227408634516
22,22,1.4206079708621718e-05,1.42091894782712e-05,-38.47705034713515,-38.48139911341175
23,23,1.4479713059962396e-05,1.4160448651972202e-05,-38.3991645019838,-38.49632203391942
24,24,1.4100542862298922e-05,1.4008875041326974e-05,-38.50822065064717,-38.54305955501597
25,25,1.3820603871676044e-05,1.3991242667543702e-05,-38.5942610365136,-38.54852927748554
26,26,1.3699384176903813e-05,1.3935263843067284e-05,-38.62900864449039,-38.565940210804854
27,27,1.375845940200043e-05,1.37756906999704e-05,-38.610321901810075,-38.61595833734282
28,28,1.3517730481326748e-05,1.385004744454483e-05,-38.68780175438807,-38.59257955797791
29,29,1.3438661843577289e-05,1.3781177250692914e-05,-38.70711937231731,-38.61422898352858
30,30,1.3914959483897582e-05,1.3843514735574564e-05,-38.57070922107508,-38.59462849591652
31,31,1.3702631541800843e-05,1.3481059987067343e-05,-38.63665180762255,-38.70985175721363
32,32,1.344921939871898e-05,1.3354521989209675e-05,-38.715003464871856,-38.75080869383965
33,33,1.3195328186335133e-05,1.3238112076482808e-05,-38.79655828300312,-38.7888316332343
34,34,1.3365255251029367e-05,1.3196917040515568e-05,-38.74128353008929,-38.80236730304994
35,35,1.299575342272874e-05,1.317570298086043e-05,-38.85718185024659,-38.809354209187184
36,36,1.2908748187290952e-05,1.3114981763800116e-05,-38.88254767533216,-38.82941525868062
37,37,1.3129668275855083e-05,1.333178849898487e-05,-38.82119175484811,-38.75820801698826
38,38,1.2962887387740133e-05,1.2948353335224583e-05,-38.87635238518912,-38.88494674975614
39,39,1.3003287648709525e-05,1.2943938887282888e-05,-38.86808952553518,-38.886427630926356
40,40,1.2926849579053316e-05,1.2741148757892293e-05,-38.881269969684304,-38.95500630616627
41,41,1.2889962930522725e-05,1.3083304206941792e-05,-38.896226895636076,-38.839917773893795
42,42,1.2459232859384297e-05,1.2657876284624523e-05,-39.04406409753379,-38.98348370256518
43,43,1.2412216362003933e-05,1.2590287568807406e-05,-39.060165060689215,-39.00673567178278
44,44,1.2297893365555246e-05,1.2248509990872422e-05,-39.10174737192075,-39.12625956140386
45,45,1.2148553351019558e-05,1.249101904632928e-05,-39.152017620059425,-39.041113463429724
46,46,1.200064945674667e-05,1.2065705863948862e-05,-39.20679961845205,-39.19156482973722
47,47,1.1756112828677323e-05,1.1963576980633661e-05,-39.29386554861687,-39.22848168474931
48,48,1.2116399675412055e-05,1.2230531530421055e-05,-39.17202890148649,-39.13263885330893
49,49,1.1750807033488095e-05,1.2056964088084274e-05,-39.29157644012086,-39.19471249555843
50,50,1.1604596449577697e-05,1.1653478826414548e-05,-39.34527764253089,-39.342536254936874
51,51,1.1452039524153134e-05,1.1505418067252704e-05,-39.41286183070129,-39.39806812857845
52,52,1.1407520546105008e-05,1.1671412099339681e-05,-39.42470182873681,-39.33585813323995
53,53,1.155370153862078e-05,1.1450995771156158e-05,-39.373927590471446,-39.41865962630236
54,54,1.142412159977764e-05,1.1381786048571629e-05,-39.421992158621386,-39.44498799303857
55,55,1.1477584980029766e-05,1.1679923198627015e-05,-39.402696304791334,-39.332692298334216
56,56,1.1282366555401354e-05,1.1249800033845914e-05,-39.47908088795864,-39.49564414019841
57,57,1.1021075103421139e-05,1.1318072881151334e-05,-39.58213392203199,-39.469367307273714
58,58,1.1099550891268551e-05,1.1329525190567916e-05,-39.54103125729563,-39.464975075309106
59,59,1.1343823522092299e-05,1.1168968835830273e-05,-39.45557224035148,-39.526961377630734
60,60,1.1156593601983856e-05,1.1007010758284627e-05,-39.53076444859042,-39.59039825957893
61,61,1.0959884159242346e-05,1.091433769991119e-05,-39.604172933646964,-39.62711829778168
62,62,1.086533373700618e-05,1.1120417375901812e-05,-39.642976550517595,-39.545881292502656
63,63,1.083060786036232e-05,1.1061561101661554e-05,-39.645876691379065,-39.568927942862345
64,64,1.078947780021651e-05,1.0845756964715148e-05,-39.67500923573612,-39.654493485193555
65,65,1.063675730638914e-05,1.0846399881733018e-05,-39.73750157810111,-39.65423605084506
66,66,1.0790138515300531e-05,1.0965580115321485e-05,-39.66998629986122,-39.60677604683942
67,67,1.0775474338422015e-05,1.0943446365050285e-05,-39.67161731764064,-39.61555103178499
68,68,1.0745155619944629e-05,1.0960860986654696e-05,-39.690105802523085,-39.60864547157779
69,69,1.0818023519718313e-05,1.0677675929496458e-05,-39.65442530205118,-39.72232481153638
70,70,1.0430062699465311e-05,1.0420522669033074e-05,-39.822906466958294,-39.82819714209627
71,71,1.0040802567580369e-05,1.0142477405775266e-05,-39.98190070582565,-39.94565168007415
72,72,9.964271401296388e-06,9.989160054446026e-06,-40.01773097393405,-40.011802451103826
73,73,9.95855699920398e-06,1.0107356789184882e-05,-40.018191203163255,-39.96071620369732
74,74,9.977708266644149e-06,9.839161592887985e-06,-40.00991460165382,-40.07751123675679
75,75,9.758589830826823e-06,9.84060673210096e-06,-40.100576438753194,-40.076873408123305
76,76,9.917800694499429e-06,9.733814007823208e-06,-40.031057240547725,-40.124261733578365
77,77,9.777042643840968e-06,9.753736585001829e-06,-40.09889406837529,-40.115381943060775
78,78,9.740301495710191e-06,9.777796836523952e-06,-40.11851483435293,-40.104682076819536
79,79,9.972455465929707e-06,9.885725854761212e-06,-40.02003675650081,-40.0570065422636
80,80,9.80700214941609e-06,9.72799865083193e-06,-40.08086801528117,-40.126857152176896
81,81,9.574926667651713e-06,9.927804632369722e-06,-40.1795726415061,-40.038559947491436
82,82,9.69018494344578e-06,9.734393020871243e-06,-40.13629087177199,-40.12400340247328
83,83,9.684127764989376e-06,9.660196203759896e-06,-40.140111627750684,-40.1572326965576
84,84,9.686994548546769e-06,9.69595542923535e-06,-40.133524501714845,-40.141186064702566
85,85,9.662363359875036e-06,9.621023070250981e-06,-40.15474995913099,-40.174879608703336
86,86,9.553839976733703e-06,9.552434819756614e-06,-40.193915516158505,-40.20595133916081
87,87,9.439484819802264e-06,9.523993197179056e-06,-40.252943259193785,-40.21890140390374
88,88,9.562851512773423e-06,9.523761706843384e-06,-40.19639468424213,-40.219006964875
89,89,9.422331927875274e-06,9.67395839037827e-06,-40.258604457058325,-40.151050018450206
90,90,9.62015532347801e-06,9.76525394722366e-06,-40.16860375332545,-40.11025675235865
91,91,9.585541999147553e-06,9.435453696488893e-06,-40.1879109777112,-40.259464291973195
92,92,9.455845898140904e-06,9.57742567583122e-06,-40.24365760187014,-40.19460426523104
93,93,9.520331332169008e-06,9.828836243143183e-06,-40.21271899900015,-40.08207117505578
94,94,9.446010659940867e-06,9.651301967862405e-06,-40.24732183232072,-40.161233129677626
95,95,9.359573136721665e-06,9.437716136361766e-06,-40.289235796797335,-40.25842306236966
96,96,9.416133262047223e-06,9.5249464433628e-06,-40.259869714939434,-40.2184667450034
97,97,9.435560659579837e-06,9.431544305315535e-06,-40.25107219569476,-40.26126407701406
98,98,9.250264962791279e-06,9.382614734931849e-06,-40.33808101935957,-40.28385333043988
99,99,9.429157413701291e-06,9.524827921842715e-06,-40.25876016808927,-40.21852078579273
100,100,9.247584053697473e-06,9.450776958960647e-06,-40.3343049932553,-40.252417031015845
101,101,9.274587157670259e-06,9.370884311609093e-06,-40.31847930250018,-40.28928640591154
102,102,9.417443440734414e-06,9.485909255377728e-06,-40.25972923226394,-40.23630251150237
103,103,9.260732149789301e-06,9.47674533036709e-06,-40.33597097750199,-40.240500069767776
104,104,9.513009899819735e-06,9.615214223327042e-06,-40.21343563266424,-40.177502523157415
105,105,9.239311524295996e-06,9.3892825277994e-06,-40.34677446624514,-40.280768095388666
106,106,9.273187089027338e-06,9.269785072032583e-06,-40.324029273587726,-40.336395521455735
107,107,9.16805108608594e-06,9.317421149477779e-06,-40.38278137764841,-40.31413490776068
108,108,9.263482789935655e-06,9.29391051996438e-06,-40.338358725833174,-40.32510730057638
109,109,9.268670941516397e-06,9.331528704742117e-06,-40.33162526389769,-40.30756420579509
110,110,9.184333413434887e-06,9.215966441077303e-06,-40.361136651228264,-40.36168332267728
111,111,9.29322384801014e-06,9.88479395776889e-06,-40.31867865104321,-40.057415957621025
112,112,9.228192885933185e-06,9.375041133209475e-06,-40.34894272999147,-40.28736035033407
113,113,9.159119294916722e-06,9.228863937575002e-06,-40.38393740236926,-40.35560973744256
114,114,9.237514728438422e-06,9.174767192713548e-06,-40.34005035200791,-40.38114163957873
115,115,9.08823209645505e-06,9.599222960930906e-06,-40.412573272047474,-40.18473137774645
116,116,9.1952119639489e-06,9.30521515616228e-06,-40.365181094863026,-40.31982797528901
117,117,9.173992093002602e-06,9.181033467604338e-06,-40.37559928422108,-40.37817646386863
118,118,9.078726554772524e-06,9.315756630569108e-06,-40.42381285163327,-40.314910826272836
119,119,9.237080430653973e-06,9.209483275634212e-06,-40.33913656046127,-40.364739533664455
120,120,9.053426184277433e-06,9.206825875720059e-06,-40.43892108986902,-40.36599287288401
121,121,9.10806957295959e-06,9.178510289960909e-06,-40.406024045883896,-40.37937017777435
122,122,9.159464696626246e-06,9.109382661240248e-06,-40.3931507335981,-40.41220270885581
123,123,9.067685420360277e-06,9.167237007396148e-06,-40.42401468687595,-40.38470757280948
124,124,9.210795377436353e-06,9.120823290830135e-06,-40.35040892328797,-40.40675175238749
125,125,9.007255179425293e-06,9.03040434327283e-06,-40.45619277761796,-40.45002020297393
126,126,9.082154993501314e-06,9.072604562358097e-06,-40.41634975294172,-40.42977234740803
127,127,9.04343831036348e-06,9.243569413803543e-06,-40.439018911780394,-40.348695100472476
128,128,9.157493924746078e-06,9.068562002013144e-06,-40.387221874918,-40.431707902845886
129,129,8.986549182361732e-06,9.112298884199271e-06,-40.46943397809886,-40.410812607128086
130,130,9.0354275466639e-06,9.050473827779856e-06,-40.43402534369012,-40.44037900095579
131,131,8.99374441060084e-06,9.151190409427631e-06,-40.46072185392909,-40.39231625075438
132,132,8.88884231657001e-06,9.034131117483699e-06,-40.511000737733774,-40.44822827480445
133,133,8.803955209906544e-06,9.086284894453312e-06,-40.54946235189392,-40.42322867206081
134,134,8.87092969652755e-06,9.082581192686981e-06,-40.514133481324535,-40.42499928036878
135,135,8.917532580095757e-06,9.116406258008761e-06,-40.50550146496711,-40.4088554633849
136,136,8.968781650164788e-06,9.08147577367919e-06,-40.476722072264224,-40.4255278818555
137,137,8.945526498848135e-06,8.988898116513155e-06,-40.4762022935764,-40.4700275891281
138,138,8.745085614998633e-06,8.944917106801816e-06,-40.58079559129518,-40.49132896630961
139,139,8.986231637443535e-06,8.95041035906424e-06,-40.45857087291512,-40.48866269577083
140,140,8.980264658358587e-06,9.013230594159962e-06,-40.4674400491841,-40.45828734731751
141,141,8.922200566340722e-06,9.096952501414834e-06,-40.49955159937256,-40.41813289811345
142,142,8.853048758779906e-06,9.07945703051825e-06,-40.52474837389091,-40.42649339285457
143,143,8.897812494041383e-06,8.953444864202634e-06,-40.51417546870315,-40.48719053367713
144,144,8.935383392003432e-06,9.052707833976264e-06,-40.48775476606803,-40.43930712686571
145,145,8.789354097578175e-06,9.022069925298351e-06,-40.56151186360129,-40.4540302815255
146,146,8.975766419454661e-06,8.933049493383518e-06,-40.47136838669512,-40.49709476718979
147,147,8.904931305973076e-06,8.963348830691661e-06,-40.503835918679286,-40.48238918528134
148,148,8.881742641531992e-06,8.94024201682585e-06,-40.512593071484105,-40.49359941390381
149,149,8.847794664145168e-06,9.129609679803252e-06,-40.528716690095585,-40.40257006470058
150,150,8.852759473831105e-06,8.928478277276123e-06,-40.5300998309727,-40.49931770578706
151,151,8.77366990832727e-06,8.859758102181858e-06,-40.57036920465218,-40.532873524000195
152,152,8.858202602720302e-06,8.887378833988854e-06,-40.524959983605626,-40.51935524086716
153,153,8.778302039853274e-06,8.900867502042706e-06,-40.56195806246312,-40.51276880720061
154,154,8.686556818069334e-06,8.898901509574467e-06,-40.612912558301446,-40.513728167609536
155,155,8.724495301910642e-06,8.829613761918154e-06,-40.59156583909879,-40.54767510475732
156,156,8.811388069421135e-06,8.86718948765376e-06,-40.54880209205727,-40.52923227682433
157,157,8.911299700389699e-06,9.149835549530843e-06,-40.49905594509957,-40.3929592837508
158,158,8.917744126688141e-06,8.914597138324385e-06,-40.492034816678675,-40.50607495264617
159,159,8.77463840766985e-06,8.955834202520476e-06,-40.57158214196594,-40.48603171935621
160,160,8.725229104738995e-06,8.840673791909418e-06,-40.5939957149572,-40.54223850888131
161,161,8.710965082088674e-06,8.836681301641205e-06,-40.59527422778058,-40.544200246384285
162,162,8.922575221900448e-06,9.022189739258274e-06,-40.497861300122366,-40.45397260718184
163,163,8.723556731507115e-06,8.901557186235501e-06,-40.58856596302139,-40.51243230692654
164,164,8.79301766412796e-06,8.83592220864222e-06,-40.5524763028448,-40.54457333221821
165,165,8.66901156825275e-06,8.826670684931359e-06,-40.61361164939789,-40.549122931575994
166,166,8.734572184414329e-06,8.794432257050894e-06,-40.591395195385886,-40.56501409003662
167,167,8.670921975938176e-06,8.849894057723423e-06,-40.61103978277742,-40.537711451342716
168,168,8.706341656395979e-06,8.72717392715123e-06,-40.60502711502437,-40.59835585642392
169,169,8.639625147478319e-06,8.767975822066595e-06,-40.63956228736576,-40.578098733513926
170,170,8.802786349818788e-06,8.769743544689845e-06,-40.54551042413607,-40.57722323520384
171,171,8.671045948504638e-06,9.13546964990306e-06,-40.61345751490373,-40.39978337790899
172,172,8.678789358266831e-06,8.789469335935887e-06,-40.60795978326557,-40.567465615712194
173,173,8.806856047945966e-06,8.761514484496346e-06,-40.5484408057505,-40.58130033644759
174,174,8.756779654091944e-06,8.723025769684586e-06,-40.57427202115783,-40.60042061437863
175,175,8.74754545124627e-06,8.723726655022657e-06,-40.58322439580144,-40.60007167765101
176,176,8.562909410027283e-06,8.774871132214015e-06,-40.66822183961537,-40.57468469779891
177,177,8.652508036790358e-06,8.814177051949388e-06,-40.62953940063407,-40.55527446902034
178,178,8.760405678200636e-06,8.691633650558192e-06,-40.57944182888434,-40.61607804246834
179,179,8.769745208971386e-06,8.791229782601525e-06,-40.5659960950144,-40.56659585249064
180,180,8.71484974961333e-06,8.838554190572867e-06,-40.59261070775361,-40.54327987920543
181,181,8.665968905297258e-06,8.696526636317445e-06,-40.61370799360331,-40.61363385431237
182,182,8.647554366070461e-06,8.71660823146445e-06,-40.6343081020756,-40.603616898844265
183,183,8.697592720542986e-06,8.766597075966848e-06,-40.6040630053345,-40.578781706321735
184,184,8.656133798364498e-06,8.722178551435814e-06,-40.61097760351369,-40.600842440576734
185,185,8.648256589742569e-06,8.764571583397859e-06,-40.62692468605795,-40.57978524495268
186,186,8.638926355507869e-06,8.69644028218892e-06,-40.63128046959372,-40.613676978779495
187,187,8.670504485053243e-06,8.671616485930586e-06,-40.62311438532224,-40.626091545613306
188,188,8.5659683313726e-06,8.691762128651853e-06,-40.66973410204528,-40.61601384634943
189,189,8.63332271486816e-06,8.827887876051185e-06,-40.636918180041576,-40.54852408410465
190,190,8.624577173211891e-06,8.627683248625162e-06,-40.643231083221416,-40.648150246076185
191,191,8.683796445392049e-06,8.687520580439779e-06,-40.61130583574908,-40.61813370486217
192,192,8.553858057809717e-06,8.729462694502313e-06,-40.6758516180426,-40.597217035632525
193,193,8.555870830530262e-06,8.67488717248259e-06,-40.676465991570474,-40.62445381945665
194,194,8.68639066182593e-06,8.685817767017349e-06,-40.613479513334994,-40.618985035171455
195,195,8.698096524350364e-06,9.198766268749942e-06,-40.60754968667099,-40.36979632895288
196,196,8.603790085788242e-06,8.68220180755567e-06,-40.643465788563304,-40.62079340630663
197,197,8.673562196864369e-06,8.7615126176388e-06,-40.61319359340311,-40.58130126181958
198,198,8.734629951392243e-06,8.635897804771575e-06,-40.583102412893055,-40.64401722562825
199,199,8.543416463242502e-06,8.665463131987244e-06,-40.67914493402441,-40.62917438059348
200,200,8.614697951097978e-06,8.640497215214724e-06,-40.647001296167986,-40.64170482350923
201,201,8.657502812920283e-06,8.64234707956999e-06,-40.62772583259759,-40.64077513176275
202,202,8.677156144876416e-06,8.871955574968046e-06,-40.610122834722844,-40.52689858434551
203,203,8.58187668293879e-06,8.739277099697287e-06,-40.66420974215476,-40.59233707002765
204,204,8.65147435386874e-06,8.763308726070376e-06,-40.63541378285333,-40.58041105019555
205,205,8.590443626089086e-06,8.62860399234035e-06,-40.660618458100814,-40.647686793063905
206,206,8.60783084416906e-06,8.658794429624992e-06,-40.651165604303195,-40.63251787831063
207,207,8.567875818361122e-06,8.713973042368276e-06,-40.66132985682947,-40.604930048502304
208,208,8.677974526023914e-06,8.810354876531116e-06,-40.61294460223039,-40.557158149932576
209,209,8.675699800076791e-06,8.63266014723769e-06,-40.613038537471866,-40.645645730824384
210,210,8.536790906854895e-06,8.627302170345119e-06,-40.68513160368568,-40.64834207491893
211,211,8.594303676311273e-06,8.643423442615466e-06,-40.661543024076295,-40.640234272411206
212,212,8.541629099876371e-06,8.613530888779727e-06,-40.682277492021626,-40.65528001445355
213,213,8.580865507666981e-06,8.728197252295152e-06,-40.6674770880669,-40.59784664414864
214,214,8.546555251349364e-06,8.69378494060488e-06,-40.694005965177936,-40.61500324131113
215,215,8.646922857955473e-06,8.593679156451559e-06,-40.62729772206342,-40.6653008157441
216,216,8.545406493907386e-06,8.587341701633322e-06,-40.680511245168134,-40.66850472522589
217,217,8.541282807424612e-06,8.656049191669904e-06,-40.675917511844574,-40.63389501082361
218,218,8.600597721880084e-06,8.595481200532767e-06,-40.65601268479837,-40.664390221174926
219,219,8.611376274858071e-06,9.0832060155471e-06,-40.65079509402732,-40.424700524121874
220,220,8.762687108155097e-06,8.611799593812688e-06,-40.570366001893454,-40.65615302162635
221,221,8.624962020738017e-06,8.66207263147532e-06,-40.64505808274633,-40.63087395946276
222,222,8.661312287736063e-06,8.61940971892756e-06,-40.626081479234884,-40.65231691761429
223,223,8.470201605304442e-06,8.624501501081364e-06,-40.71654989722265,-40.649752148022856
224,224,8.55454300577061e-06,8.630612731059572e-06,-40.67690254639133,-40.646675873322565
225,225,8.481024789156454e-06,8.680747046846113e-06,-40.717748949690524,-40.62152115659309
226,226,8.506746133807423e-06,8.606196292691349e-06,-40.696712047169726,-40.65897969536863
227,227,8.597931247498581e-06,8.580964276916347e-06,-40.66345069491625,-40.67173122933664
228,228,8.562439013741786e-06,8.52665274770085e-06,-40.67681345345751,-40.6993064043612
229,229,8.586757903498269e-06,8.594184787637604e-06,-40.661685990010895,-40.66504529494785
230,230,8.50151510470842e-06,8.597629666359066e-06,-40.705769088019935,-40.66330482497758
231,231,8.77423794871405e-06,8.590884805782575e-06,-40.56600897763151,-40.666713212461765
232,232,8.525939538043362e-06,8.696292369629527e-06,-40.690223226581935,-40.61375084596258
233,233,8.49023519512014e-06,8.605813586894472e-06,-40.703401158403224,-40.65917282448831
234,234,8.455167062493274e-06,8.519065838634943e-06,-40.727547945888574,-40.703172422614315
235,235,8.37832696805018e-06,8.596515391744967e-06,-40.76667377490131,-40.66386771811971
236,236,8.600388631861016e-06,8.595370242179151e-06,-40.656547878531484,-40.664446284251106
237,237,8.616088938858233e-06,8.855993416402366e-06,-40.64670162744654,-40.534719319006996
238,238,8.608123424864126e-06,8.771072316449136e-06,-40.64685974239076,-40.5765652518484
239,239,8.480701665379006e-06,8.530809473564946e-06,-40.71339311344624,-40.697189743491165
240,240,8.413639187489662e-06,8.468614492142623e-06,-40.748957249995044,-40.72896853530161
241,241,8.45181024412819e-06,8.522379654383066e-06,-40.72364026713964,-40.70148339698303
242,242,8.459129313666484e-06,8.564421094840663e-06,-40.73100518206091,-40.68011204407181
243,243,8.547368152088069e-06,8.498990083401287e-06,-40.68115627329046,-40.713418944076466
244,244,8.532141879355155e-06,8.503492800197196e-06,-40.688479559315205,-40.711118685794034
245,245,8.551708738992865e-06,8.486212879544933e-06,-40.68136466506129,-40.719952949219405
246,246,8.443005880667678e-06,8.54863370286215e-06,-40.737958923873975,-40.68812508352742
247,247,8.344518865322749e-06,8.510101810986126e-06,-40.7867179997335,-40.70774461097159
248,248,8.432499571333125e-06,8.6491111352715e-06,-40.744589068781906,-40.63737739378161
249,249,8.39432972422879e-06,8.515101638438768e-06,-40.758304578511684,-40.70519380734446
250,250,8.584481147596476e-06,8.637245723787745e-06,-40.664410555637296,-40.64333941757206
251,251,8.52552916840818e-06,8.588515476348172e-06,-40.691820627872055,-40.66791114334271
252,252,8.50538458742205e-06,8.739363693166524e-06,-40.69783063124344,-40.5922940380021
253,253,8.396199893805837e-06,8.523937714543487e-06,-40.75515166188664,-40.70068949303605
254,254,8.484184387814765e-06,8.49101539451543e-06,-40.719032157772816,-40.71749588641397
255,255,8.451224571733301e-06,8.506175378754147e-06,-40.73632473080337,-40.70974884240619
256,256,8.438250667317447e-06,8.614555410627203e-06,-40.73144881956513,-40.65476348095385
257,257,8.373199002515734e-06,8.603889191841804e-06,-40.774602033387346,-40.66014408374434
258,258,8.47762435255062e-06,8.564510177453294e-06,-40.71498815713227,-40.68006687127442
259,259,8.488493208038637e-06,8.56577853961713e-06,-40.717233741635475,-40.67942374995998
260,260,8.483302229523333e-06,8.702053396279408e-06,-40.70893739238606,-40.61087473094653
261,261,8.50168525991564e-06,8.429546620678402e-06,-40.708298474987,-40.74904999992229
262,262,8.472139082177537e-06,8.724159813841412e-06,-40.7195542196278,-40.59985604295491
263,263,8.425405029783243e-06,8.58406168079359e-06,-40.744255370248446,-40.67016387321375
264,264,8.451883894446565e-06,8.515241126205134e-06,-40.73544545267109,-40.70512266518594
265,265,8.380818327196656e-06,8.50676353461734e-06,-40.762009071594136,-40.70944856172302
266,266,8.42915886133812e-06,8.492155278585606e-06,-40.740968603068666,-40.71691290297471
267,267,8.494522768797679e-06,8.51123666890137e-06,-40.71375916833454,-40.70716549960306
268,268,8.443335474046612e-06,8.48314400508044e-06,-40.73660501713487,-40.72152377511361
269,269,8.507261268793636e-06,8.412565923783022e-06,-40.70453112613238,-40.75780736386924
270,270,8.39244093345094e-06,8.482584617970707e-06,-40.76333801976016,-40.721810162737135
271,271,8.349871822969194e-06,8.524636828760298e-06,-40.78414794933672,-40.70033330906774
272,272,8.462502202896711e-06,8.619005185257839e-06,-40.712408214845595,-40.652520749279226
273,273,8.488196614315402e-06,8.65409722456733e-06,-40.70862376812133,-40.63487446937319
274,274,8.421162705811175e-06,8.442514291872564e-06,-40.743678666126726,-40.742374124128695
275,275,8.363148040611048e-06,8.419918135347726e-06,-40.775931170199925,-40.75401347925401
276,276,8.370438325110841e-06,8.49768486276796e-06,-40.77309920796655,-40.714085957032395
277,277,8.473394447400537e-06,8.629181330003408e-06,-40.71676037500585,-40.64739621746956
278,278,8.459592133954878e-06,8.530151908895564e-06,-40.72511308600653,-40.69752451560763
279,279,8.419187780259328e-06,8.429655520701904e-06,-40.75138425270954,-40.74899389444483
280,280,8.434926464182467e-06,8.390853317426886e-06,-40.74159691911771,-40.76903087765649
281,281,8.40230199379952e-06,8.440258697144026e-06,-40.74767408973811,-40.74353458793459
282,282,1.0829099271186632e-05,7.097244356133927e-05,-39.65507622560874,-31.496194587908263
283,283,3.4839163303912917e-05,2.104402177026618e-05,-34.58246543021509,-36.7758047450676
284,284,1.347804185776844e-05,1.1229492979749156e-05,-38.71040277209338,-39.50349068940407
285,285,1.0194090576725412e-05,9.55666966642878e-06,-39.916153872913696,-40.204026423660075
286,286,9.326511213451518e-06,9.203965945696263e-06,-40.30631165726028,-40.36734213786946
287,287,9.073075976705217e-06,9.087736065052204e-06,-40.41769465050207,-40.42253511570788
288,288,8.901096698161954e-06,8.959905675223318e-06,-40.50820279017424,-40.48405779232827
289,289,8.8590285036075e-06,8.91352647158783e-06,-40.517121666158886,-40.5065965831513
290,290,8.842896950790015e-06,8.903295709292012e-06,-40.53490370097188,-40.51158418874557
291,291,8.798500252898108e-06,8.83936814046281e-06,-40.54860425664427,-40.54287995217851
292,292,8.704680815931966e-06,8.811160784573172e-06,-40.603148433431414,-40.55676090667319
293,293,8.665945783504117e-06,8.734569411516483e-06,-40.62491514634357,-40.594677165034895
294,294,8.70223390951107e-06,8.69111284517107e-06,-40.60641633572662,-40.61633828086726
295,295,8.721383929912112e-06,8.784693004839172e-06,-40.58790621560582,-40.5698262793386
296,296,8.703731439418708e-06,8.812093830400906e-06,-40.60038212737049,-40.55630104081574
297,297,8.654577212246764e-06,8.69036428316337e-06,-40.62481812910664,-40.616712353044335
298,298,8.766697712567247e-06,8.663467269798275e-06,-40.57143200392399,-40.63017477925519
299,299,8.660257963035207e-06,8.686048012781325e-06,-40.621076857705404,-40.61886991286272
300,300,8.56073192031526e-06,8.674800914090347e-06,-40.675519938304475,-40.624497003568756
301,301,8.660533980612845e-06,8.743920309490549e-06,-40.62668663796637,-40.59003026036149
302,302,8.658014741234455e-06,8.779381699385244e-06,-40.62170298180056,-40.57245285746412
303,303,8.669464759148787e-06,8.735857926168186e-06,-40.61717333737149,-40.59403654555457
304,304,8.598806608020336e-06,8.642450809834132e-06,-40.65486778503514,-40.64072300563247
305,305,8.684216810092713e-06,8.636130826887797e-06,-40.609514917544146,-40.6439000416872
306,306,8.744615893801987e-06,9.311771129049654e-06,-40.57512206516545,-40.31676923858204
307,307,8.693544864353002e-06,8.621479106582946e-06,-40.60491933043403,-40.651274368528725
308,308,8.564101471606169e-06,8.631090646591283e-06,-40.67005353248584,-40.646435391750444
309,309,8.69562984345188e-06,8.626498320633178e-06,-40.61124619302368,-40.6487467480744
310,310,8.565690316657114e-06,8.666788457240296e-06,-40.67092063323627,-40.62851020670668
311,311,8.63196503149121e-06,8.591967487422822e-06,-40.64016826047853,-40.66616591955065
312,312,8.639812198659278e-06,8.641522024271054e-06,-40.63720916265886,-40.641189757633505
313,313,8.70483811632232e-06,8.715916153864542e-06,-40.61455179102061,-40.603961731842865
314,314,8.56247365892656e-06,8.616417624963154e-06,-40.670745887790716,-40.65382476505928
315,315,8.557137025303577e-06,8.697201720726872e-06,-40.678369756126465,-40.613296738050735
316,316,8.580058481138903e-06,8.566070870361536e-06,-40.65736146231038,-40.6792755375561
317,317,8.498744207208427e-06,8.707201758577293e-06,-40.69815756756061,-40.60830609101093
318,318,8.760103585316137e-06,8.752341033725411e-06,-40.579306985125505,-40.58584985372551
319,319,8.631480369265623e-06,8.541954708849325e-06,-40.63769950271329,-40.69151952533624
320,320,8.579887341427107e-06,8.627945278835556e-06,-40.672842992936545,-40.648018349084666
321,321,8.596989911106012e-06,8.658871018652511e-06,-40.650142226099106,-40.63247946413509
322,322,8.563652335931355e-06,8.649638115648964e-06,-40.669259128709676,-40.63711279121786
323,323,8.551409538676566e-06,8.820111217669604e-06,-40.68057543496023,-40.55235155488299
324,324,8.68818388065022e-06,8.590005707351098e-06,-40.614853738945705,-40.6671576453017
325,325,8.579120374858961e-06,8.58994912720702e-06,-40.66833405111364,-40.66718625124927
326,326,8.523385456579284e-06,8.537059377551104e-06,-40.69054858112199,-40.69400914846948
327,327,8.585451648765023e-06,8.614159636827504e-06,-40.66400883430706,-40.65496301107185
328,328,8.493090511543301e-06,8.582878619659153e-06,-40.70497440581825,-40.67076246202954
329,329,8.518353156760736e-06,8.605859779651693e-06,-40.69247914199475,-40.659149513263266
330,330,8.549220834988633e-06,8.701623971175745e-06,-40.68213978699451,-40.61108904996545
331,331,8.581625948376239e-06,8.6091654099475e-06,-40.656886476017476,-40.65748164812974
332,332,8.461458974968841e-06,8.531319173543076e-06,-40.73535134772936,-40.696930268378104
333,333,8.634220634609011e-06,9.111500347851114e-06,-40.638844031412276,-40.41119320825896
334,334,8.510784426238688e-06,8.512384211874297e-06,-40.70126176455358,-40.70657999363446
335,335,8.555307933007854e-06,8.598824215847631e-06,-40.67955745217002,-40.66270146075419
336,336,8.494773568993869e-06,8.566317487030143e-06,-40.70557842242516,-40.67915050623402
337,337,8.557549134230171e-06,8.618270361406949e-06,-40.67626220232696,-40.65289102814718
338,338,8.48173401687539e-06,8.581314671717241e-06,-40.72145618134401,-40.67155389329754
339,339,8.43981563578841e-06,8.778270248991535e-06,-40.7271229391922,-40.573002699521545
