,epoch,train_loss,test_loss,train_dbs,test_dbs
0,0,0.00012927195948390195,0.00012115421122871339,-11.793366725727628,-12.07241587569121
1,1,0.00011136614928770926,0.00010661578907226947,-12.444112469973161,-12.627585765441253
2,2,9.993076928742422e-05,9.790575782780682e-05,-12.910578916636492,-12.99771868683447
3,3,9.351825353883917e-05,9.310168810004957e-05,-13.19803793858397,-13.216225464644928
4,4,8.982109899342195e-05,9.011754216197388e-05,-13.373586089645483,-13.357707636529199
5,5,8.706127028773088e-05,8.756852070004435e-05,-13.510216750650905,-13.48232088844117
6,6,8.483540295856073e-05,8.532514421906518e-05,-13.621726430566634,-13.595030710440135
7,7,8.340976209999014e-05,8.409403802177526e-05,-13.69231876046374,-13.658148951491798
8,8,8.194818063615101e-05,8.264045448557131e-05,-13.770350899784006,-13.73387405108886
9,9,8.089944728369316e-05,8.170714557452716e-05,-13.827428272378091,-13.783200632939096
10,10,7.991023692776468e-05,8.021992528627284e-05,-13.883056161730254,-13.862978488918216
11,11,7.911746490077049e-05,7.98206651540424e-05,-13.92538795820358,-13.884647595676807
12,12,7.84164860174924e-05,7.943278959780735e-05,-13.96224677227602,-13.905802872602191
13,13,7.795109221538932e-05,7.872769875623482e-05,-13.99236272952484,-13.944525450355185
14,14,7.733663781990115e-05,7.839097356497262e-05,-14.024711694011664,-13.963140439167518
15,15,7.685829195063129e-05,7.734879871254394e-05,-14.051988263355273,-14.021265288984639
16,16,7.648589013752854e-05,7.720906432950869e-05,-14.072465382809721,-14.029118126339455
17,17,7.591286898271382e-05,7.677020422354537e-05,-14.101923449691778,-14.053874061371578
18,18,7.544790614983211e-05,7.613871696919791e-05,-14.129127753159679,-14.08974547907485
19,19,7.535293971346787e-05,7.657956570926074e-05,-14.136914878851208,-14.064672029634501
20,20,7.479803948111102e-05,7.571287125373554e-05,-14.167789569833712,-14.114103858378595
21,21,7.459728853457808e-05,7.571141682810297e-05,-14.17964397567385,-14.114187286081584
22,22,7.44485646605098e-05,7.573766005838192e-05,-14.189905431622243,-14.112682187411345
23,23,7.418211346693798e-05,7.449832781659145e-05,-14.203751249188187,-14.184335773335343
24,24,7.392126663597588e-05,7.411510580966838e-05,-14.220177019436013,-14.206733690910111
25,25,7.363432608322797e-05,7.453719138682477e-05,-14.236511279167274,-14.1820707784439
26,26,7.346688964633395e-05,7.401828847114782e-05,-14.24582466273549,-14.212410633919927
27,27,7.281657978178232e-05,7.384371182476905e-05,-14.280582302714935,-14.222665832587523
28,28,7.305491836285506e-05,7.389410549015003e-05,-14.27081487390307,-14.219703058120647
29,29,7.276453463193845e-05,7.341295943325876e-05,-14.29102068344287,-14.248073702897234
30,30,7.268192070883161e-05,7.350374270524633e-05,-14.294063324427732,-14.242706487527228
31,31,7.216667864602492e-05,7.2925296416016e-05,-14.324678963047521,-14.277018989989273
32,32,7.21149758787432e-05,7.305616944856745e-05,-14.325466016728916,-14.269232049262577
33,33,7.191612845773991e-05,7.269218277590546e-05,-14.340147692073344,-14.290923921540484
34,34,7.185848284579967e-05,7.254364180354107e-05,-14.341768448225336,-14.299807480030902
35,35,7.152993559204858e-05,7.240362825350051e-05,-14.361268762720297,-14.308197721677129
36,36,7.133624277446063e-05,7.200889721341235e-05,-14.373833821590082,-14.331939421217992
37,37,7.121824076880471e-05,7.224557071152192e-05,-14.382112337262921,-14.317688758767611
38,38,7.130581997040918e-05,7.125894702958728e-05,-14.376266380947381,-14.377407014192842
39,39,7.113421193447645e-05,7.178184061654304e-05,-14.387014464767663,-14.345655118146555
40,40,7.074991929388038e-05,7.12404369934168e-05,-14.411494676537423,-14.37853527262975
41,41,7.067746414530532e-05,7.140040121923543e-05,-14.41539467402318,-14.368794498449084
42,42,7.046130677107866e-05,7.138035767926148e-05,-14.427463772056493,-14.37001382224773
43,43,7.021923862414474e-05,7.061823118036907e-05,-14.440894013025689,-14.416632667386601
44,44,6.997736726561081e-05,7.108886960563005e-05,-14.455575943235095,-14.387784935486616
45,45,7.005084217339994e-05,7.038102270790229e-05,-14.45363112421322,-14.431245287666775
46,46,6.982404539888466e-05,7.035863382043317e-05,-14.467353583216607,-14.43262704041588
47,47,6.978585404738755e-05,7.048934639897197e-05,-14.469365076062719,-14.424566183911786
48,48,6.960778469855887e-05,6.97476789355278e-05,-14.481933163616723,-14.470503423258156
49,49,6.937965811152232e-05,6.984986937727387e-05,-14.497031519340942,-14.464145037538996
50,50,6.926284917539043e-05,6.94124809294743e-05,-14.503279568687455,-14.491425348909079
51,51,6.88895394052883e-05,6.961355833673703e-05,-14.524617436407777,-14.478862685142975
52,52,6.895129405803374e-05,6.882380502678356e-05,-14.521124562464557,-14.528414224852977
53,53,6.867832345641986e-05,6.933237857179177e-05,-14.538455901534029,-14.496440023459062
54,54,6.856113444526498e-05,6.872621490497534e-05,-14.548017743894995,-14.534576762455236
55,55,6.835445659367138e-05,6.913782961323465e-05,-14.560197256091955,-14.508643600800946
56,56,6.81865279795002e-05,6.903471359309103e-05,-14.571754548974024,-14.515125746358777
57,57,6.785180958854419e-05,6.78412813469645e-05,-14.591953650931604,-14.590860600229767
58,58,6.788568809741301e-05,6.845471331249236e-05,-14.591909641815292,-14.551767460744047
59,59,6.780821872639863e-05,6.773934939318631e-05,-14.596527625555147,-14.597390809324452
60,60,6.749196649083781e-05,6.765844572280337e-05,-14.614861198822071,-14.602580852746437
61,61,6.747965009483393e-05,6.834102590035304e-05,-14.61648836525032,-14.558986081353918
62,62,6.740443709578855e-05,6.761533567393934e-05,-14.620769543215317,-14.6053489363731
63,63,6.723883615046998e-05,6.756622142826305e-05,-14.630443331510135,-14.608504699226527
64,64,6.702048083696485e-05,6.741210496616794e-05,-14.64487687792877,-14.61842213707483
65,65,6.69302387473884e-05,6.71468488259339e-05,-14.651516946427135,-14.635544658314911
66,66,6.663410337197777e-05,6.748391694456682e-05,-14.670064704796351,-14.613798198064982
67,67,6.65538979783659e-05,6.713259388465973e-05,-14.675213734055648,-14.636466741730437
68,68,6.634197547400524e-05,6.720449279160483e-05,-14.687928132863195,-14.631817943353873
69,69,6.625222158618271e-05,6.694259316550175e-05,-14.694504791081664,-14.648775703730157
70,70,6.615725623746163e-05,6.5871817289582e-05,-14.703027896694973,-14.71880457011717
71,71,6.608179821866833e-05,6.656645047386471e-05,-14.705831512992606,-14.673247023896941
72,72,6.582626328682382e-05,6.597323705423868e-05,-14.725336897637504,-14.712123082813275
73,73,6.560299576430571e-05,6.592905820549564e-05,-14.737042571168292,-14.715032301474803
74,74,6.564242695398225e-05,6.59903516383278e-05,-14.736123675659671,-14.710996594886524
75,75,6.520187023327417e-05,6.612544836427428e-05,-14.765575306510904,-14.702114722612297
76,76,6.523117591529729e-05,6.591642771749513e-05,-14.7617295474906,-14.715864389311676
77,77,6.528838425718689e-05,6.574436338269152e-05,-14.761556144123102,-14.72721577692763
78,78,6.518189885477132e-05,6.541397114664218e-05,-14.767963521525198,-14.749095870022352
79,79,6.468029793732338e-05,6.512056490081657e-05,-14.797887990990812,-14.76861942784427
80,80,6.450849438815848e-05,6.53375481258416e-05,-14.810810455573753,-14.75417269057301
81,81,6.47182599461359e-05,6.502836147678624e-05,-14.795464420717606,-14.774772908488739
82,82,6.463878559873958e-05,6.522736829969003e-05,-14.804927360790895,-14.761502454675508
83,83,6.44875928122291e-05,6.493690709344504e-05,-14.81302693154608,-14.780885024598472
84,84,6.443038777077388e-05,6.461433421416012e-05,-14.817307327200492,-14.802512283369918
85,85,6.39343116679661e-05,6.4407626556012e-05,-14.849187067900434,-14.816428065082263
86,86,6.388331073055466e-05,6.425815943083235e-05,-14.851611426079911,-14.826518203092613
87,87,6.367327907505522e-05,6.404689740616289e-05,-14.867056534178696,-14.840820057864034
88,88,6.369646140116209e-05,6.424967106891257e-05,-14.866373966274388,-14.827091934472747
89,89,6.338587694905804e-05,6.370832182399586e-05,-14.886996854124746,-14.863839368101035
90,90,6.339321553991561e-05,6.348791583533104e-05,-14.88556769843365,-14.87889031649722
91,91,6.338035408467458e-05,6.438769502749078e-05,-14.88745003262909,-14.817772237031264
92,92,6.312921416877347e-05,6.357850801769498e-05,-14.903030647106343,-14.872697698435367
93,93,6.324776940974262e-05,6.335964491498951e-05,-14.898424015100936,-14.887673673709871
94,94,6.304869609650887e-05,6.363358433621837e-05,-14.911114847253593,-14.868937152991899
95,95,6.291826409239744e-05,6.376089712782567e-05,-14.918290115236012,-14.860256830164392
96,96,6.269836286292892e-05,6.300326908546452e-05,-14.933707660388036,-14.912170175364178
97,97,6.274288546020339e-05,6.326183517414488e-05,-14.931826010340142,-14.894383157621148
98,98,6.275724850057326e-05,6.264521959421568e-05,-14.930063722836966,-14.936921661169137
99,99,6.230928639271632e-05,6.285405738469165e-05,-14.960190366592725,-14.922467843439522
100,100,6.230782703814558e-05,6.303322516032495e-05,-14.964020185152096,-14.910105732309935
101,101,6.189344242453987e-05,6.287850938908952e-05,-14.988036330085162,-14.920778643737671
102,102,6.20751474268696e-05,6.269765320834459e-05,-14.980737585887443,-14.933288166882377
103,103,6.229258469454752e-05,6.264500035812441e-05,-14.963719798022606,-14.936936859965137
104,104,6.165429418690542e-05,6.211854250930053e-05,-15.006028497409474,-14.973588447512952
105,105,6.170241354506213e-05,6.20028611018298e-05,-15.005988798998047,-14.981683717145469
106,106,6.155723711288505e-05,6.218570438489366e-05,-15.013886851022473,-14.96889544055117
107,107,6.138493152264477e-05,6.20754766905999e-05,-15.025584990804944,-14.976600387748158
108,108,6.128406087170624e-05,6.180952531346855e-05,-15.034017387319146,-14.995246937549489
109,109,6.125820028060356e-05,6.142874477327016e-05,-15.035683661765969,-15.022084609575518
110,110,6.154787381804913e-05,6.144569737156608e-05,-15.014785811441445,-15.020886244836353
111,111,6.115729062453142e-05,6.123105681342024e-05,-15.044489146075753,-15.036083468749766
112,112,6.10872726967275e-05,6.126822336227633e-05,-15.046228509639546,-15.033448150803126
113,113,6.063282441020194e-05,6.160147830470171e-05,-15.080492482926935,-15.00988967617544
114,114,6.0718466856903346e-05,6.105364216062681e-05,-15.071386599786475,-15.048685251217218
115,115,6.077401234243862e-05,6.143843826353795e-05,-15.0710164123293,-15.021399344521278
116,116,6.0591069564700954e-05,6.136183832208381e-05,-15.085806076421447,-15.026817400103447
117,117,6.056323452623436e-05,6.086098724872021e-05,-15.085482696573376,-15.06241109120924
118,118,6.045613119249069e-05,6.105712236603722e-05,-15.093052346897462,-15.048437699903964
119,119,6.021256551096101e-05,6.109483461171437e-05,-15.110803286832073,-15.045756085769675
120,120,6.022469757020368e-05,6.1018805832932945e-05,-15.111364925340894,-15.051163980127235
121,121,6.0120634199060096e-05,6.0858202088734526e-05,-15.116198459061259,-15.062609840415472
122,122,5.9943952382849435e-05,6.0662364136844283e-05,-15.129445182318925,-15.076607704007596
123,123,5.96123454013969e-05,6.028425655370627e-05,-15.153224046200304,-15.103761926415583
124,124,5.9624972263262274e-05,6.003312630223503e-05,-15.151432113689172,-15.121891416643118
125,125,5.961988933177991e-05,6.0312047265286216e-05,-15.15489486080584,-15.101760314008107
126,126,5.944462317688938e-05,6.0134178248087044e-05,-15.16624266199473,-15.114587214725931
127,127,5.9393110634643853e-05,6.003900144653591e-05,-15.168671294107563,-15.121466414971183
128,128,5.932529282140469e-05,6.007344161748494e-05,-15.174979385176712,-15.118975885892375
129,129,5.925349884734911e-05,5.94052387321809e-05,-15.180594593619755,-15.167553565300496
130,130,5.91743851849238e-05,5.964761390044403e-05,-15.184433140912487,-15.149870268978287
131,131,5.877778289921236e-05,5.9874117907479796e-05,-15.21464101931911,-15.133409738051123
132,132,5.885319692471554e-05,5.94252169800089e-05,-15.211596469290606,-15.166093259048273
133,133,5.880175890477816e-05,5.891271326905362e-05,-15.212828830430356,-15.203710770989467
134,134,5.875593004808233e-05,5.90621451632806e-05,-15.218404288156503,-15.192708853690768
135,135,5.846822506972569e-05,5.912957203690894e-05,-15.235586161086678,-15.187753663425452
136,136,5.859134987461112e-05,5.896060228176219e-05,-15.228398525149194,-15.200181908666348
137,137,5.8351281040813774e-05,5.952664114853465e-05,-15.24750004428949,-15.15868724318777
138,138,5.836687146772429e-05,5.8902233592418364e-05,-15.247735528038817,-15.204483383610883
139,139,5.847149535013872e-05,5.852685468485824e-05,-15.23779485880457,-15.232249169050094
140,140,5.7973586643635554e-05,5.8735368312275236e-05,-15.274079068208684,-15.216804056221974
141,141,5.805828816649869e-05,5.8331015392660014e-05,-15.266011675794234,-15.246805656090244
142,142,5.7964754493705464e-05,5.8497397204566946e-05,-15.275146590342732,-15.234435591301027
143,143,5.774982116808011e-05,5.779098347901661e-05,-15.290972150768683,-15.28720016759507
144,144,5.76823026817364e-05,5.8068424742056156e-05,-15.295187665917247,-15.26640057233533
145,145,5.799841554895447e-05,5.7794803165291486e-05,-15.272119508160152,-15.28691313080265
146,146,5.771710737500359e-05,5.785467051043126e-05,-15.294931845282651,-15.282416774851086
147,147,5.745526242517559e-05,5.7981713517189125e-05,-15.313578049733284,-15.272890562619143
148,148,5.7382827341741375e-05,5.802832483344613e-05,-15.31887858861606,-15.269400685566819
149,149,5.73514847291307e-05,5.8313626428379826e-05,-15.322854125996695,-15.248100517332208
150,150,5.7110778198903904e-05,5.773492739535868e-05,-15.337689487395838,-15.291414780496384
151,151,5.7092128944410415e-05,5.738658211684149e-05,-15.338559432972174,-15.317697426480079
152,152,5.6791637708209744e-05,5.7751626292500937e-05,-15.364659183270476,-15.29015883533191
153,153,5.6922471765236754e-05,5.775248026015776e-05,-15.354078158852108,-15.290094617105883
154,154,5.681193935518038e-05,5.75043032815876e-05,-15.361207590211322,-15.308797561191891
155,155,5.678680152170235e-05,5.757799724386515e-05,-15.364824361836785,-15.303235474685932
156,156,5.673158139148823e-05,5.681896819671812e-05,-15.369493018881911,-15.360867591588272
157,157,5.6323630337125726e-05,5.6824930461037805e-05,-15.400408339566605,-15.360411891189633
158,158,5.6582014106415676e-05,5.683095610277776e-05,-15.380753600901256,-15.359951395382655
159,159,5.62819078208797e-05,5.6826935944723356e-05,-15.402667010477263,-15.360258621291687
160,160,5.627352051699736e-05,5.675522123438943e-05,-15.402516146502876,-15.365742811393645
161,161,5.622346001586003e-05,5.6669545301701874e-05,-15.407656218712244,-15.372303740370807
162,162,5.6002823202078685e-05,5.659358660188062e-05,-15.425387799554999,-15.378128839602319
163,163,5.595192896621062e-05,5.667563259760898e-05,-15.429659765867425,-15.371837257530741
164,164,5.594915896414097e-05,5.6932669394882396e-05,-15.43013259224455,-15.352185550531217
165,165,5.540119628235938e-05,5.65523945337382e-05,-15.469714191109844,-15.381291035643795
166,166,5.5759059644505846e-05,5.61549995358004e-05,-15.44429651715541,-15.41191674061498
167,167,5.5438684341293696e-05,5.5643559646437336e-05,-15.47022268760394,-15.451651970274213
168,168,5.5721674236581785e-05,5.577936405499809e-05,-15.447230916418098,-15.44106543520554
169,169,5.550978537414885e-05,5.5791684548909726e-05,-15.466953533867,-15.440106275529466
170,170,5.511789007043975e-05,5.574624006648695e-05,-15.493501851647345,-15.443645213358785
171,171,5.5440419432155055e-05,5.585669886817126e-05,-15.469412315801517,-15.435048367402677
172,172,5.506998704075477e-05,5.5591762678599675e-05,-15.497096021105985,-15.455696573816851
173,173,5.518225382907873e-05,5.556679771919e-05,-15.492226336864743,-15.457647326733415
174,174,5.505548249426077e-05,5.5502277782101085e-05,-15.498589740936573,-15.46269295364186
175,175,5.506402731887497e-05,5.555440618895533e-05,-15.500181911133131,-15.458615921931502
176,176,5.485871685974866e-05,5.535166526801492e-05,-15.512087640411734,-15.474494107885263
177,177,5.468892695060595e-05,5.50173208466731e-05,-15.528523252723868,-15.500806641239055
178,178,5.479775873683729e-05,5.484679518543233e-05,-15.522370693144929,-15.514288461481677
179,179,5.467011147423542e-05,5.494409541777139e-05,-15.52970831262672,-15.506590743606615
180,180,5.4725208325724397e-05,5.448415130989528e-05,-15.525754473002246,-15.543099116960622
181,181,5.4518124933256146e-05,5.542946938045421e-05,-15.538824991838993,-15.468393808883148
182,182,5.446337661513886e-05,5.492670204962211e-05,-15.547080570349648,-15.507965784845265
183,183,5.404691179024929e-05,5.4309908783149074e-05,-15.577698407120302,-15.557010286838048
184,184,5.425891830566694e-05,5.478322724995547e-05,-15.561796577318399,-15.519324893306514
185,185,5.41787964355479e-05,5.476446255526849e-05,-15.568780735491154,-15.520812720836489
186,186,5.4194943023156664e-05,5.410215702508331e-05,-15.566483969291895,-15.573655215039574
187,187,5.3945099877928064e-05,5.440642685004461e-05,-15.5892931303935,-15.549298975630695
188,188,5.398466120973306e-05,5.4534072803921606e-05,-15.5828128653226,-15.539121684549546
189,189,5.393650220885882e-05,5.407493192347159e-05,-15.587874273314263,-15.57584120687274
190,190,5.3670341416007654e-05,5.44837658756143e-05,-15.607239999544309,-15.543129840128628
191,191,5.357747566862243e-05,5.41017061071838e-05,-15.619411428421975,-15.573691411742702
192,192,5.3690009567101684e-05,5.378244532039389e-05,-15.608370492396071,-15.599395576980346
193,193,5.329618155902261e-05,5.386131804123962e-05,-15.640951988955143,-15.59303125219341
194,194,5.366570539334453e-05,5.4000792595999024e-05,-15.611040961809003,-15.581799678306956
195,195,5.341934326876521e-05,5.391666452755759e-05,-15.629222646343454,-15.5885708466188
196,196,5.3214076052830296e-05,5.3703813089094566e-05,-15.647522797477338,-15.605749793928698
197,197,5.331434988771978e-05,5.3437483553639855e-05,-15.639396531551178,-15.6273410364238
198,198,5.3216777008312475e-05,5.340952377178167e-05,-15.649565484253804,-15.629613964708335
199,199,5.3233738090619734e-05,5.383203480098593e-05,-15.647171872240989,-15.59539305998047
200,200,5.287042308596356e-05,5.351069921744056e-05,-15.675189809271949,-15.62139476171
201,201,5.2888272022624436e-05,5.292317904317506e-05,-15.67265819921044,-15.669341781123274
202,202,5.2837771438566255e-05,5.3338312634303675e-05,-15.678207583493109,-15.635408294539383
203,203,5.284534571044262e-05,5.280209600306606e-05,-15.676968852930038,-15.679289396608652
204,204,5.259085022790367e-05,5.2788422181038186e-05,-15.697388563817952,-15.68041420697772
205,205,5.25148246094066e-05,5.2969636224014194e-05,-15.705192650296748,-15.66553111681583
206,206,5.257666398580282e-05,5.2395221198247255e-05,-15.697218354005045,-15.712884238832656
207,207,5.241625499881602e-05,5.295300338490817e-05,-15.712144202440065,-15.666895046251154
208,208,5.2438308988918655e-05,5.249903188087046e-05,-15.711860859497634,-15.704288072689765
209,209,5.225590384444078e-05,5.264874007001421e-05,-15.726566432958535,-15.691921194501388
210,210,5.230275017254957e-05,5.302484906247915e-05,-15.72203693811864,-15.661006611002243
211,211,5.206713943799823e-05,5.3188744794552854e-05,-15.742221844404282,-15.647603605613416
212,212,5.220389143640617e-05,5.255209754594896e-05,-15.727544354810817,-15.699900470651011
213,213,5.202283466939296e-05,5.262816174715561e-05,-15.747160749570408,-15.693619012735754
214,214,5.195848051201763e-05,5.2006430211660794e-05,-15.752688617239423,-15.745230577871844
215,215,5.1867365701329296e-05,5.215457196371924e-05,-15.760854772763471,-15.732877165847306
216,216,5.1724568113490226e-05,5.1953122525255345e-05,-15.772081835722663,-15.749684470846281
217,217,5.1670063389933275e-05,5.193799159697894e-05,-15.776216717784735,-15.750949502751752
218,218,5.1725653281312954e-05,5.202824161786243e-05,-15.767304154384687,-15.743409536227146
219,219,5.164851252854917e-05,5.1818662637072665e-05,-15.77822350632027,-15.760939017554483
220,220,5.1436348567409535e-05,5.1891433510096054e-05,-15.79299490811702,-15.754844337295154
221,221,5.144734100166219e-05,5.2340878411134904e-05,-15.792537514018658,-15.717390951375897
222,222,5.112360159943922e-05,5.197189621915306e-05,-15.821342908437458,-15.74811539501605
223,223,5.107675525257796e-05,5.149687173175871e-05,-15.825413940596434,-15.787992541939195
224,224,5.137784060447227e-05,5.174535640674692e-05,-15.79811092122875,-15.767087194678266
225,225,5.133739014314584e-05,5.207954650119829e-05,-15.803799940810894,-15.73912908229882
226,226,5.127039687592805e-05,5.1169125838082675e-05,-15.808672068849647,-15.815721044070392
227,227,5.1113701477699634e-05,5.107170516949784e-05,-15.820974474892633,-15.823997438379283
228,228,5.0965539990148995e-05,5.157381287733044e-05,-15.837525546959888,-15.78150861854494
229,229,5.0717496069222595e-05,5.1504235575281965e-05,-15.854464390730467,-15.787371562864926
230,230,5.0808546802727506e-05,5.128750643435571e-05,-15.846132536162681,-15.805685175925234
231,231,5.0668087928944755e-05,5.125284932498624e-05,-15.861608486344087,-15.808620877058617
232,232,5.071961281031428e-05,5.14648035229919e-05,-15.855623763945568,-15.790697829421712
233,233,5.080539263759682e-05,5.124931454989373e-05,-15.84906202303368,-15.808920408943607
234,234,5.030447029695875e-05,5.0893940313376095e-05,-15.891287485375152,-15.839140259069541
235,235,5.0426945553854895e-05,5.134604189630696e-05,-15.880611983093216,-15.800731312146585
236,236,5.033055726785606e-05,5.0994373611358336e-05,-15.889682035912806,-15.830578405494817
237,237,5.0115938833674665e-05,5.035410810562194e-05,-15.90655518427496,-15.885451940979735
238,238,5.0353482085071296e-05,5.134975876181239e-05,-15.88905521309191,-15.80041694404792
239,239,5.021920833783464e-05,5.0565428912370025e-05,-15.90083244075588,-15.867264066336556
240,240,5.0281743468301485e-05,5.114385567139834e-05,-15.894599585734825,-15.817866362095344
241,241,4.99103843299288e-05,5.05500140302741e-05,-15.924562472053367,-15.868588215861196
242,242,5.009648086024285e-05,5.06767003236363e-05,-15.908320944253473,-15.85771772831919
243,243,5.007288909274797e-05,4.985183822052357e-05,-15.913296312283316,-15.928989250757176
244,244,4.988853552933187e-05,5.014263890763303e-05,-15.926662391681074,-15.903729157717429
245,245,4.98379588102533e-05,5.059354570173462e-05,-15.932779935457429,-15.864849853098255
246,246,4.9641463698845686e-05,5.008470696721863e-05,-15.949039396442453,-15.90874964880799
247,247,4.9804505007281496e-05,5.0504994234008913e-05,-15.935948973951737,-15.872457761908183
248,248,4.95751167916976e-05,5.0077422393338854e-05,-15.954241520799377,-15.909381354676224
249,249,4.941245942129321e-05,5.009288476063184e-05,-15.970192355924954,-15.908040593918544
