,epoch,train_loss,test_loss,train_dbs,test_dbs
0,0,0.00027832887633511623,0.0002557035523319715,-8.462827381196213,-8.828433405985896
1,1,0.00023204050031034565,0.00021477907246566916,-9.256006571046287,-9.585881395290683
2,2,0.00019817114564633361,0.00018836711119786886,-9.937167022902466,-10.155750245731777
3,3,0.00017553560565389002,0.00016846918687837102,-10.463349595434677,-10.640596223194535
4,4,0.00015855296610940977,0.00015368000573576674,-10.905626025250129,-11.039627339898814
5,5,0.0001450430064914585,0.00014166530883429865,-11.293498812508316,-11.393165893238166
6,6,0.000134344192383182,0.00013186035855477187,-11.625308731969792,-11.70465849709477
7,7,0.00012598006482615338,0.00012411189221127547,-11.901469310643474,-11.967667051284982
8,8,0.00011846896956468328,0.00011656268141354973,-12.169697950412743,-12.24020572644529
9,9,0.00011188031428375944,0.00011047309128212204,-12.419347040189304,-12.473235953512232
10,10,0.00010640270635665673,0.0001054338446058529,-12.63955360096264,-12.676000588594276
11,11,0.00010240010771067506,0.00010110332598407312,-12.805107454155545,-12.85814659292752
12,12,9.794463733566406e-05,9.740068535871902e-05,-12.996513916258085,-13.020180892554784
13,13,9.524729612917093e-05,9.415365256197554e-05,-13.122058218436884,-13.167429295136035
14,14,9.118231139733868e-05,9.023476549804113e-05,-13.309458597488558,-13.35206208024729
15,15,8.839477719523052e-05,8.757978541421165e-05,-13.444629496043747,-13.481762252926117
16,16,8.614803424354682e-05,8.635621864079057e-05,-13.55582491611527,-13.542864848261768
17,17,8.447587298956633e-05,8.478270358050634e-05,-13.637750614892335,-13.622728406652415
18,18,8.251544062021793e-05,8.222009445920488e-05,-13.740247438601656,-13.756021306653379
19,19,8.061390296470844e-05,8.089983901682947e-05,-13.843817395608827,-13.826324446451768
20,20,7.915788618325659e-05,7.9804028485485e-05,-13.921749834029445,-13.88555287082104
21,21,7.84412412631167e-05,7.824097280574374e-05,-13.961429821972448,-13.971458604578721
22,22,7.71612755023543e-05,7.773540901804441e-05,-14.034474742337839,-13.999612140337337
23,23,7.57409632325979e-05,7.537396021162797e-05,-14.113435033037007,-14.133587679819
24,24,7.447270850066489e-05,7.43395698679562e-05,-14.18789952823876,-14.193600581327317
25,25,7.38689607893208e-05,7.473821996858245e-05,-14.222694550573909,-14.170373519565377
26,26,7.35816551260194e-05,7.445620806385322e-05,-14.239045673560533,-14.186791875336233
27,27,7.310533816128077e-05,7.36921402245858e-05,-14.26339416041541,-14.231589322277326
28,28,7.30732896682667e-05,7.403863319747248e-05,-14.269722879863703,-14.211217092633959
29,29,7.261762363396912e-05,7.35306239221245e-05,-14.299797916939363,-14.241118509892491
30,30,7.229484381429015e-05,7.22071293383028e-05,-14.317254041832994,-14.32000022496439
31,31,7.107640227594547e-05,7.180755882903835e-05,-14.390791776639706,-14.344099393568877
32,32,7.047385130960917e-05,7.145712228712479e-05,-14.42544058451148,-14.365345796906198
33,33,7.02484652082575e-05,7.139123006613533e-05,-14.442042285012098,-14.36935237164567
34,34,6.976255133043562e-05,7.051646619067087e-05,-14.47032533418561,-14.422895617881338
35,35,6.835586089099584e-05,6.934005662180043e-05,-14.558389529762392,-14.49595910095283
36,36,6.800884114351536e-05,6.831049827987475e-05,-14.581282391825923,-14.560926488154273
37,37,6.73474838999796e-05,6.801855890539867e-05,-14.62481100132642,-14.579526756623544
38,38,6.743785373136862e-05,6.703343598545823e-05,-14.618478764090298,-14.64288621115095
39,39,6.673945109966e-05,6.633271301612503e-05,-14.663973405198707,-14.68852341693214
40,40,6.650779897361495e-05,6.658657864471407e-05,-14.68002841022772,-14.67193401529997
41,41,6.657665117299329e-05,6.737090217556167e-05,-14.674984801368499,-14.621077389474404
42,42,6.580343320707733e-05,6.617613153617927e-05,-14.724485175792736,-14.698787260766863
43,43,6.514157992325599e-05,6.607458310195637e-05,-14.766872298750958,-14.705456704242758
44,44,6.527880650912604e-05,6.633896899936525e-05,-14.75742987843369,-14.688113843621416
45,45,6.562536370822891e-05,6.52800573382257e-05,-14.737047499370624,-14.757995748474812
46,46,6.496231094153944e-05,6.530683228782819e-05,-14.7807889935327,-14.756214832632214
47,47,6.496174855502178e-05,6.423815973807665e-05,-14.780461992599673,-14.827870110498193
48,48,6.414130069801497e-05,6.417568013268082e-05,-14.837133661293628,-14.83209622039778
49,49,6.362282297185132e-05,6.42366691241286e-05,-14.873223723021587,-14.827970887501447
50,50,6.317593234251541e-05,6.283701651754152e-05,-14.902766495517454,-14.923645453652517
51,51,6.284006993849186e-05,6.263722006176402e-05,-14.923783649938027,-14.937476272464355
52,52,6.178739369209597e-05,6.183303699608107e-05,-14.997550013017104,-14.993595241895303
53,53,6.125978081362303e-05,6.0816328378247197e-05,-15.034898363993367,-15.065599048107439
54,54,6.018307144164357e-05,6.0222434848056815e-05,-15.114054212295613,-15.108217915982385
55,55,5.959149340699312e-05,6.033548944335627e-05,-15.15602291390852,-15.100072619590888
56,56,5.945993407951073e-05,5.9553243389880086e-05,-15.166496084819878,-15.156746830353217
57,57,5.8755272736571265e-05,5.9067639660114714e-05,-15.21709953190937,-15.192304852335617
58,58,5.837136793451998e-05,5.91735722417453e-05,-15.247693174705523,-15.184523141166608
59,59,5.8491548189362894e-05,5.8412391234397597e-05,-15.238419817935487,-15.240751166886657
60,60,5.805422255640955e-05,5.778965523380688e-05,-15.269043885990094,-15.287299985275896
61,61,5.823294160324725e-05,5.8914784236357697e-05,-15.256529296860496,-15.203558105492618
62,62,5.836937334700535e-05,5.783904692323535e-05,-15.245804097584097,-15.283589740488026
63,63,5.7555136569960466e-05,5.83962104620265e-05,-15.3058043192668,-15.24195436940712
64,64,5.7513883277970686e-05,5.773344348295053e-05,-15.309225354371392,-15.29152640499851
65,65,5.735436192030788e-05,5.748961503789025e-05,-15.322076163187624,-15.309907015207289
66,66,5.725115321164941e-05,5.7139875073181956e-05,-15.329187896050813,-15.336408155173755
67,67,5.731610966079446e-05,5.714121825325205e-05,-15.324181651193946,-15.336306067299779
68,68,5.7050472736891514e-05,5.720202860079313e-05,-15.343219652478872,-15.33168671257684
69,69,5.673312269434448e-05,5.7231229699314814e-05,-15.368142362517164,-15.329470245717967
70,70,5.6746643148818695e-05,5.66481022887226e-05,-15.3694009903565,-15.373947364734963
71,71,5.660128069215829e-05,5.7284066363201036e-05,-15.378387459102106,-15.325462628572435
72,72,5.6384415562281425e-05,5.5997485201499475e-05,-15.397738090377809,-15.424115783970356
73,73,5.607568389152839e-05,5.681966745453936e-05,-15.4185335014141,-15.360814144305762
74,74,5.618431866433011e-05,5.6585565241556124e-05,-15.41181878494082,-15.3787444357568
75,75,5.596759522810204e-05,5.639712751297722e-05,-15.428809368685394,-15.393231175201901
76,76,5.584301238131863e-05,5.677341419198599e-05,-15.436593246028323,-15.36435089804392
77,77,5.58296471972801e-05,5.603092416238628e-05,-15.441266518896628,-15.421523163632806
78,78,5.5853340190597665e-05,5.595894732610568e-05,-15.438742098818102,-15.427105659033536
79,79,5.517153581844393e-05,5.5402385202653116e-05,-15.488457371842221,-15.470516395254059
80,80,5.5034259538533475e-05,5.5345252277268296e-05,-15.50064823635047,-15.474997306449168
81,81,5.520979760421114e-05,5.571451248742003e-05,-15.485571190859524,-15.446117673407612
82,82,5.536565195424626e-05,5.5143763012510085e-05,-15.477455063293402,-15.49083702999452
83,83,5.5678974154174866e-05,5.522311460625037e-05,-15.450876339776713,-15.484592046721756
84,84,5.580031803716694e-05,5.540509166741302e-05,-15.441848036205474,-15.470304243015939
85,85,5.478454443515691e-05,5.533717960229536e-05,-15.519946460172871,-15.475630815876386
86,86,5.4770127387678963e-05,5.555520731018317e-05,-15.520048067811047,-15.45855329503224
87,87,5.4800600485849796e-05,5.5579904207996534e-05,-15.518775519916767,-15.456623081174438
88,88,5.451132000013514e-05,5.572275882801286e-05,-15.54266004135165,-15.445474918936037
89,89,5.4464636668478875e-05,5.50186044787743e-05,-15.545775778036198,-15.500705315360854
90,90,5.4701968167005974e-05,5.501689979849432e-05,-15.525965987549995,-15.500839877972064
91,91,5.493397051414484e-05,5.575791721256744e-05,-15.508586743151644,-15.442735593439776
92,92,5.42447294757255e-05,5.523436342819447e-05,-15.56175900315386,-15.483707488898773
93,93,5.45269969884383e-05,5.575586462662997e-05,-15.542760350734726,-15.442895470852536
94,94,5.43754871727025e-05,5.511652891168763e-05,-15.553844331227701,-15.492982429710212
95,95,5.441228514081155e-05,5.54402372233055e-05,-15.549087782467382,-15.467550221416333
96,96,5.435022988600282e-05,5.453973905164994e-05,-15.554255816467528,-15.538670463476063
97,97,5.4485368459562284e-05,5.49088788255559e-05,-15.544671962917214,-15.509375260329977
98,98,5.416048153756023e-05,5.483773661820267e-05,-15.56987749631842,-15.515005807073809
99,99,5.385788346157102e-05,5.4151143367083644e-05,-15.593225318603013,-15.569724711416235
100,100,5.38184626607618e-05,5.486549209882995e-05,-15.6001333631541,-15.51280823231194
101,101,5.376901806568602e-05,5.463624352399309e-05,-15.599161657822677,-15.530992699604457
102,102,5.3964117468399544e-05,5.463061633666879e-05,-15.58886439271473,-15.531440018472933
103,103,5.425599404579489e-05,5.4642968997971987e-05,-15.563606063765278,-15.530458135678986
104,104,5.367195825380533e-05,5.402743428069363e-05,-15.608187390199637,-15.579657583185975
105,105,5.388051540273981e-05,5.4201676615967266e-05,-15.594692906976162,-15.565673813112452
106,106,5.384768613196487e-05,5.445893475553021e-05,-15.595007580284332,-15.545109599865864
107,107,5.370934909994512e-05,5.4361407819669694e-05,-15.605703855653292,-15.552894067442223
108,108,5.346730739399119e-05,5.489411801375498e-05,-15.626609603650037,-15.510542904080456
109,109,5.3789627628182495e-05,5.3932704184645495e-05,-15.600340618097908,-15.587279057023844
110,110,5.413545891924608e-05,5.423369293566793e-05,-15.572098131434926,-15.563109241895813
111,111,5.405515946325433e-05,5.396152482717298e-05,-15.580599989063167,-15.584958887274835
112,112,5.389191495307443e-05,5.4664650011354275e-05,-15.590499712609805,-15.528735301592429
113,113,5.3288107983931206e-05,5.429784409658934e-05,-15.641267466787516,-15.557975158439092
114,114,5.326701153235357e-05,5.3932578004222655e-05,-15.640011250432833,-15.587289217746601
115,115,5.358169107342657e-05,5.340692127662662e-05,-15.61803134841531,-15.629825589291935
116,116,5.333206605690666e-05,5.4137033370544053e-05,-15.640008180979637,-15.570856486621267
117,117,5.259973023413229e-05,5.386372887235331e-05,-15.697738145045987,-15.592836866453112
118,118,5.300983290917711e-05,5.280380010892833e-05,-15.663891510378063,-15.679149237053199
119,119,5.251772527867381e-05,5.3534884117604966e-05,-15.704615534626122,-15.619432351204448
120,120,5.2473355138964817e-05,5.293080960798665e-05,-15.709722865030624,-15.668715652199943
121,121,5.2449580797440725e-05,5.2675123266740944e-05,-15.70901377669333,-15.689745414648646
122,122,5.213914944048606e-05,5.287427637468729e-05,-15.735259507041944,-15.673356652842683
123,123,5.2350318620699105e-05,5.274801629926323e-05,-15.717392844871627,-15.683739703384722
124,124,5.197292587572238e-05,5.227753105205729e-05,-15.747942347700226,-15.722650333925106
125,125,5.1854550883476384e-05,5.2609548698743116e-05,-15.760937744733454,-15.695155257541343
126,126,5.1899698087957583e-05,5.274228112141014e-05,-15.755720131101391,-15.68421192806466
127,127,5.197342911695572e-05,5.251534649256715e-05,-15.748218291085188,-15.702938667779502
128,128,5.194394266114032e-05,5.271723057376221e-05,-15.752029185650771,-15.686275149227338
129,129,5.192971223822469e-05,5.2235262142187965e-05,-15.753575433494046,-15.726163235025947
130,130,5.2201580269725455e-05,5.254351727719615e-05,-15.728934180867194,-15.700609608398983
131,131,5.14203250334963e-05,5.181705713958332e-05,-15.795424848303659,-15.761073577087025
132,132,5.1618356647128333e-05,5.25256224423892e-05,-15.781255317970778,-15.702088944407084
133,133,5.1810688748127616e-05,5.227060357451831e-05,-15.762538344840912,-15.723225870788358
134,134,5.193969860256496e-05,5.1851203783084397e-05,-15.753927087624744,-15.758212585834281
135,135,5.141434352124859e-05,5.2351982671289556e-05,-15.7939423125992,-15.716469681505345
136,136,5.1594649326925156e-05,5.2435562362293955e-05,-15.78068691230416,-15.70954171954418
137,137,5.137104579768403e-05,5.238013794664048e-05,-15.80081992329685,-15.714134642179529
138,138,5.150620934953097e-05,5.226667130237298e-05,-15.790803793236424,-15.723552599048086
139,139,5.1329493141293855e-05,5.2108028045806444e-05,-15.80356710714238,-15.736754638317123
140,140,5.0723824089575445e-05,5.163113612644864e-05,-15.854260887134641,-15.776684203906457
141,141,5.094979121739803e-05,5.143475879633211e-05,-15.83322985514698,-15.79323394504268
142,142,5.1540377696546407e-05,5.160593125191027e-05,-15.785310630007283,-15.778804825583254
143,143,5.103231784776597e-05,5.104910585367562e-05,-15.828025646838668,-15.82591962411562
144,144,5.113150450831865e-05,5.2351376469136756e-05,-15.818727839944046,-15.716519970293028
145,145,5.131592168010646e-05,5.207351588117155e-05,-15.803759464771938,-15.739632008462118
146,146,5.124822714559244e-05,5.152589246312058e-05,-15.81118895601582,-15.785545792636139
147,147,5.0890871262737096e-05,5.118961301999853e-05,-15.840477314368965,-15.813982556419239
148,148,5.082406447006188e-05,5.177234484826362e-05,-15.84600408439971,-15.764822667674803
149,149,5.1417552181051506e-05,5.240786968466924e-05,-15.797186806226701,-15.711835955268139
150,150,5.044389632230471e-05,5.154279202351494e-05,-15.876784022876295,-15.784121618857618
151,151,5.112658678608006e-05,5.121699302291841e-05,-15.817853811174258,-15.811660248332796
152,152,5.0594495349418436e-05,5.155728285899386e-05,-15.866470425680156,-15.78290080695515
153,153,5.0822404951646863e-05,5.213365550030415e-05,-15.846363539161034,-15.734619242586895
154,154,5.0927106356764327e-05,5.127895412059795e-05,-15.836113732395457,-15.806409432697091
155,155,5.061478325082997e-05,5.23433051344718e-05,-15.864524628156722,-15.717189600509165
156,156,5.109950957235342e-05,5.145542960044144e-05,-15.823574595574794,-15.79148893583979
157,157,5.060020028151447e-05,5.1588978270669226e-05,-15.865792375930983,-15.780231753772851
158,158,5.08318836116664e-05,5.184882014107547e-05,-15.84617559640372,-15.758412239128914
159,159,5.070986186445825e-05,5.208974069223347e-05,-15.855430840798032,-15.738279065744523
