,epoch,train_loss,test_loss,train_dbs,test_dbs
0,0,0.00044446091615287685,0.0004167857022318793,-18.085882728621385,-18.348523616566684
1,1,0.00043587641461665945,0.00041439561449040313,-18.163646655729085,-18.373500231355465
2,2,0.0004095388072322017,0.0004206791958207951,-18.43308804003524,-18.308141387582218
3,3,0.0004383566703517758,0.0004438261293168915,-18.146133485330576,-18.07552306989483
4,4,0.0004475244939610477,0.00044813319752728075,-18.05762662724701,-18.03358056334069
5,5,0.00042984853576647945,0.0004156670122603445,-18.231729033634323,-18.36019613959664
6,6,0.00041213971784712805,0.0003878506540786475,-18.41274186599157,-18.661006456163992
7,7,0.0003784622690405159,0.00035062646585222527,-18.777192806247665,-19.099204795553078
8,8,0.00035095114660564544,0.000337019853759557,-19.101169871576264,-19.271096879898646
9,9,0.00033883356576852656,0.0003314574883245912,-19.2572489072072,-19.343373387057966
10,10,0.0003361410113920448,0.0003276215253495856,-19.300424134494783,-19.393927458106305
11,11,0.00032888422510106614,0.0003213272169599996,-19.387621959445063,-19.478176612112662
12,12,0.0003245866373805425,0.0003161046019828829,-19.440427489843287,-19.549343552734687
13,13,0.0003182499776906382,0.00031567572334193086,-19.529060073773493,-19.555239895128288
14,14,0.00031438230545279217,0.0003120367488774814,-19.58435890760152,-19.60559429477112
15,15,0.00031094339294551114,0.00030547169980740075,-19.639690097624367,-19.697941922383652
16,16,0.0003077763828242524,0.0003090068838853193,-19.680638007167637,-19.64797019293526
17,17,0.0003046168403858415,0.0003072640806510064,-19.7243953212153,-19.672533798524636
18,18,0.0003061901583557123,0.0003063710188909777,-19.695127283888525,-19.685174929010913
19,19,0.00030190808027646666,0.0003025032592153079,-19.753689057653226,-19.74035115632289
20,20,0.0003051644919641777,0.00030330648204605833,-19.71229540407674,-19.728834819632237
21,21,0.0003029375445678561,0.0003044360813586728,-19.739162196031334,-19.712690506473848
22,22,0.0003024945383622628,0.0003045268194431341,-19.74798351059198,-19.71139627164871
23,23,0.00030292653911939064,0.0003018946552306022,-19.73675351162116,-19.749097494959727
24,24,0.00030410988616382645,0.00029773700302221666,-19.731453320522657,-19.80932361290239
25,25,0.00030478725771506115,0.00030593674685070783,-19.71721817055427,-19.69133529453001
26,26,0.0003020765707520864,0.0003024833475999338,-19.752090963539132,-19.74063703057493
27,27,0.00030199157556557316,0.0003023339882738104,-19.757748378323647,-19.742782006541304
28,28,0.0003024799519424932,0.0002987155672407856,-19.756853558001925,-19.795073178154944
29,29,0.0003035876104252931,0.0003046594547892087,-19.7378602511,-19.709505132525845
30,30,0.0002990341607298817,0.0003039589516303845,-19.791363659264327,-19.719502358622314
31,31,0.0003037002893553605,0.000299150569940378,-19.73396510179394,-19.788753392047834
32,32,0.00030144256660858765,0.0002999585428226151,-19.767613782868533,-19.777039386383617
33,33,0.00030161836334580995,0.0002997797579921194,-19.757023460593054,-19.779628691336356
34,34,0.00030070565462102824,0.000298929141871141,-19.774515422425402,-19.791969183893062
35,35,0.00030246537362378976,0.0002998125120556276,-19.75731045953173,-19.77915420526419
36,36,0.00030033635401608636,0.00030008711895023127,-19.78653296187075,-19.775178197906133
37,37,0.00030057057264241743,0.00029771672531129107,-19.773164214558033,-19.8096194040796
38,38,0.00030211856847955394,0.00030007664463482797,-19.75964667894101,-19.77532978777736
39,39,0.0003007024288964794,0.000302102951345181,-19.778901398768422,-19.746102057369747
40,40,0.0003001977132690936,0.00029707843235595837,-19.787108332798958,-19.818940502652005
41,41,0.0003026806408558617,0.0003003480118135677,-19.753616406036386,-19.771404123664297
42,42,0.0003016209211824558,0.00029861565685438877,-19.758160779322708,-19.79652599120577
43,43,0.0003024024451415525,0.0002991859387532857,-19.757874485518617,-19.788239952534386
44,44,0.00030003065998262737,0.0002984285130974297,-19.779764007722893,-19.79924858721197
45,45,0.0003017857730791894,0.0002975777836246906,-19.76255444755507,-19.81164669000235
46,46,0.00030015132746409584,0.0002981471265421102,-19.781709655783107,-19.803345457053762
47,47,0.00029958197012898923,0.00029789933193425993,-19.79165474934475,-19.8069564452747
48,48,0.0003008029628281011,0.0003002452569106888,-19.771271752787847,-19.77289018386737
49,49,0.00030184883957959174,0.0002977198149126611,-19.766863110731236,-19.8095743347318
50,50,0.00030137626988304414,0.0002958982352682046,-19.766530304630802,-19.836227987557983
51,51,0.00029913695365881796,0.00030114753998963063,-19.794459967799646,-19.759858539380172
52,52,0.00029675519698750725,0.0002980499718289234,-19.837262571482007,-19.804760886827463
53,53,0.00029731568695554874,0.00030236679748141845,-19.825443540835323,-19.74231073684332
54,54,0.0002987456934636977,0.0003024915518165615,-19.80162983496922,-19.74051923904297
55,55,0.0003013159724470881,0.00029762381669378986,-19.76990046383268,-19.81097492070858
56,56,0.00029933226046382843,0.0002983721160011268,-19.799492162616986,-19.80006939558912
57,57,0.00029535580860911724,0.00029829362143860444,-19.86391158959416,-19.801212070739393
58,58,0.0003001741004613295,0.00030031279771049554,-19.78336754527553,-19.771913339195738
59,59,0.00029726653898701303,0.0002988722913677951,-19.827411740986754,-19.792795206000008
60,60,0.00030109508847577746,0.0002994091421561806,-19.77475109329582,-19.785001168461363
61,61,0.0003003886611004043,0.00029516831426391085,-19.79239049463257,-19.846954388021235
62,62,0.00029711397250720595,0.00029712065435504834,-19.832130864871655,-19.818323309470102
63,63,0.0002985759191191035,0.00029455735286893815,-19.802450173029623,-19.85595305544274
64,64,0.0003020924416409095,0.0002994613758729477,-19.75989467484806,-19.784243581826665
65,65,0.00029529370073488306,0.00029743193973493024,-19.85286028161982,-19.813775703876374
66,66,0.0002977284719836274,0.0002949034525571685,-19.822780096541383,-19.850853167522263
67,67,0.0002979805261573572,0.00029398600331899757,-19.80725765224458,-19.86438519666454
68,68,0.00029947516657220026,0.00029823864583465224,-19.79585342577345,-19.8020125505395
69,69,0.00029734098088457105,0.0002965516775331803,-19.8254554312997,-19.826647887067985
70,70,0.0002965387704028489,0.0002952016013870506,-19.834128233746934,-19.846464647147585
71,71,0.00029605021160191943,0.00029320008041778286,-19.844759938019248,-19.876010887138985
72,72,0.0002985426663425895,0.00029698785970379645,-19.817529331083236,-19.820264772481007
73,73,0.0002950928431993216,0.0002925567050145841,-19.859217474940582,-19.885551177809553
74,74,0.00029420332632690055,0.0002958240005873928,-19.872005386616795,-19.837317678310097
75,75,0.0002921320796228907,0.0002905138903052399,-19.90012904670485,-19.915982717076876
76,76,0.0002920406863943088,0.0002912691515551782,-19.90432209448316,-19.904706830572675
77,77,0.00029213101658298027,0.00028994593824456006,-19.9079422728766,-19.9244814455856
78,78,0.0002915095906949496,0.0002944160706216567,-19.908840366989327,-19.85803661640203
79,79,0.0002926901938782563,0.00029178433990302056,-19.888966569847724,-19.8970319424838
80,80,0.00029282717270651815,0.0002909902832470834,-19.88885374954201,-19.908866865409543
81,81,0.00029625456309733317,0.000293712707628545,-19.843866160032448,-19.868424369003566
82,82,0.000295623527544541,0.0002955095811845048,-19.853948432370167,-19.84193607404324
83,83,0.00029801003174069,0.00029779633347827355,-19.81314284465907,-19.80845827461886
84,84,0.0003028335454801731,0.00029824194069461604,-19.755842213577562,-19.8019645711238
85,85,0.00029906722268128056,0.0002964001032523811,-19.804014806035507,-19.828868232037557
86,86,0.00029970790480369147,0.00030083126100515455,-19.79629007011615,-19.76442209643939
87,87,0.0003018488203770644,0.0003015885135698083,-19.755735853013313,-19.7535037701383
88,88,0.0003017129207908454,0.0002982448847768338,-19.757794169962096,-19.801921700146373
89,89,0.0003008718494945158,0.0003000500605833766,-19.772582566681443,-19.775714550087024
90,90,0.000298341587377885,0.0003000173877042375,-19.8208370779493,-19.77618748529364
91,91,0.00029450221756501985,0.00029136109208737155,-19.8651286983287,-19.90333617511625
92,92,0.00029218916933666724,0.00029205466087564434,-19.90119236050265,-19.893010322996723
93,93,0.00029447345397934393,0.0002880057221964786,-19.870180473629993,-19.953640572429276
94,94,0.0002968512579304233,0.00029868679733848885,-19.83211080540038,-19.79549147612505
95,95,0.00030143856408180114,0.0003044061549620605,-19.768022780003708,-19.713117443639078
96,96,0.0003085378170392678,0.00031183285816376537,-19.664208699569663,-19.60843298458807
97,97,0.00030764099990603387,0.00030234677864140585,-19.678788654958,-19.74259828030515
98,98,0.0002995751058255543,0.00029996994692881246,-19.797691966270712,-19.776874275358626
99,99,0.00029528656369555244,0.00028950078903060213,-19.858076627257468,-19.93115422070634
100,100,0.000294222548356779,0.0002893891053788952,-19.868248618871743,-19.932829965773763
101,101,0.0002991618692380443,0.0002921427290666064,-19.799189460405454,-19.891700918664753
102,102,0.0002967491145869813,0.00030020884495522633,-19.82936517263967,-19.773416902272754
103,103,0.00030033661024981016,0.00029362919801650077,-19.77728339016145,-19.8696593486157
104,104,0.0003008338872981786,0.00029793604718227133,-19.781258118730214,-19.806421222621193
105,105,0.00029904404883128926,0.00029690972204614237,-19.809092283781155,-19.821407553821984
106,106,0.0002919654487920253,0.0002945978408924451,-19.903052355075058,-19.85535614225565
107,107,0.0002957050674762961,0.00029488814394234826,-19.84773078437596,-19.85107861824021
108,108,0.00029443234226848814,0.0002901873974080541,-19.86589889040092,-19.920866263284523
109,109,0.0002927127547475711,0.0002875495196540693,-19.895889419697234,-19.960525273458266
110,110,0.0002960481920361173,0.00028886016930061345,-19.854795151120182,-19.940775123483572
111,111,0.00029693297518551656,0.00029115262134980996,-19.830861194143097,-19.906444692314665
112,112,0.00029121572241791975,0.0002895262058652741,-19.911301453588667,-19.930772946909094
113,113,0.0002912477606345813,0.0002910375876940395,-19.922793572855404,-19.908160917761553
114,114,0.00029574722302453494,0.0002923839952257511,-19.85786378485009,-19.888115776594006
115,115,0.00031091395907161624,0.00029346600824378823,-19.635114739079683,-19.872073690237354
116,116,0.0002972868729632386,0.000295477721680838,-19.82786903210503,-19.84240432121488
117,117,0.00029294038660699484,0.0002920850912280577,-19.88456242774607,-19.89255783764198
118,118,0.00030684342713469697,0.0002893046751667402,-19.68785129783392,-19.93409721891308
119,119,0.00028891708208584065,0.00028927180009256855,-19.949177264981095,-19.93459075655005
120,120,0.0002891881218583313,0.00029483244533797627,-19.949300903891558,-19.851898993076702
121,121,0.0002853257123131267,0.000288991540927734,-20.001650510812997,-19.938800430921095
122,122,0.0002878117660113332,0.0002874012800595282,-19.971310343172647,-19.962764756884233
123,123,0.00028745414444351013,0.0002883514695751824,-19.967417164393638,-19.94843004677404
124,124,0.0002863652453296962,0.00028991169682213744,-19.989967530408368,-19.92499435978828
125,125,0.00028721472793306733,0.0002877175330037349,-19.96896760361093,-19.957988459559974
126,126,0.00028788151529127946,0.00028378147889222756,-19.97019452593402,-20.017811261502644
127,127,0.0002868238295855711,0.00028696099271703705,-19.986664399819503,-19.9694230772445
128,128,0.0002843682172938644,0.00028315829848380466,-20.01846944998401,-20.027358798380792
129,129,0.0002858362235032867,0.00028469223271761283,-19.99890965089662,-20.003895553842945
130,130,0.0002869632420341302,0.0002844340220020202,-19.994934414515917,-20.00783631376096
131,131,0.0002835480380472103,0.0002812524203603205,-20.036646495104552,-20.056689052771432
132,132,0.00028134442322176985,0.0002761085465623948,-20.064205664799818,-20.13685323960637
133,133,0.0002784333350832968,0.0002757540802887984,-20.114002095511747,-20.142432264542066
134,134,0.00028308148744285645,0.00027427985945618465,-20.04151755077265,-20.165712555431703
135,135,0.0002758375708957097,0.00027707345495735735,-20.152636138432033,-20.121702536390423
136,136,0.0002768356128014893,0.00028068259493202756,-20.13351466286627,-20.065496908386216
137,137,0.0002768081945928831,0.00027192550968672887,-20.138199117873803,-20.203152225691912
138,138,0.00027516992872499276,0.0002750065484035172,-20.158488333783858,-20.154221385087958
139,139,0.00027686826819938023,0.00027369932075472256,-20.14082141472616,-20.17491454185771
140,140,0.0002731420126738814,0.0002795925354707594,-20.19090246460793,-20.08239601315146
141,141,0.000273789202652814,0.0002722616129750876,-20.186232685544752,-20.19778760694349
142,142,0.000271753472823304,0.0002744034082800346,-20.21029386136401,-20.16375672493693
143,143,0.000278189076835616,0.0002733755406408914,-20.117363145846696,-20.180055188709808
144,144,0.00027467138385976254,0.000275379552285334,-20.16688214186088,-20.14833484281519
145,145,0.00027595893461881304,0.0002744008563336377,-20.147845885648582,-20.163797114427673
146,146,0.0002748002748235523,0.0002704085491131991,-20.167548156308513,-20.227447558569565
147,147,0.00027568899509112935,0.0002709804470405767,-20.160756189051867,-20.218272188984248
148,148,0.0002722754953285084,0.00027167461169148356,-20.209447596856172,-20.20716118810041
149,149,0.00027586185984246277,0.0002719343266155767,-20.151282436723275,-20.203011412074478
150,150,0.00028516022688301147,0.0002707410220816535,-20.010815701000055,-20.22211109702787
151,151,0.00027354866279452345,0.00027318992560092166,-20.18461777122694,-20.18300493931408
152,152,0.00027219500118439306,0.0002736522659879962,-20.209182827226858,-20.175661251142266
153,153,0.000274364994034728,0.00027320991993244544,-20.1823554123752,-20.18268709779473
154,154,0.000274177053499218,0.00027265330151605765,-20.174170947344603,-20.191544129411803
155,155,0.00027267118560668735,0.0002718210529756585,-20.203560201597867,-20.20482083297658
156,156,0.0002742611467670265,0.00027456977037026693,-20.176011483407244,-20.161124532953522
157,157,0.00027182701310219683,0.00028084521335059484,-20.2111048724979,-20.062981475213636
158,158,0.00027398423102117844,0.00026974956180263117,-20.18265597095325,-20.238044259381
159,159,0.000479813946588637,0.0004927400824319767,-17.738145828343093,-17.621472819712423
160,160,0.0004679440873550232,0.0004140525676408096,-17.85575075848917,-18.37709691647208
161,161,0.00034075187694415757,0.00031411467046525915,-19.233825597830382,-19.57676953563722
162,162,0.0003137965296567946,0.0003015776915402201,-19.597608354822256,-19.753659612680334
163,163,0.0003041033732066334,0.00030094008175901284,-19.73271318238021,-19.76285139175228
164,164,0.00029783908004114,0.0002907276793848723,-19.821737420518897,-19.912787920744186
165,165,0.0002940230794039737,0.0003029154031537473,-19.866339795148875,-19.734438161663498
166,166,0.00029643996409860625,0.00028575628714047765,-19.841178029485466,-19.987693793853882
167,167,0.0002862676310823443,0.0002824858989027378,-19.99304737232967,-20.037684001630115
168,168,0.00028587353671420863,0.0002817873901221901,-20.000867182181832,-20.048436191032174
169,169,0.00028242563232347444,0.00027802430773398985,-20.050166380515297,-20.10682405747589
170,170,0.000280504417665706,0.00028082673701359644,-20.086195407583986,-20.06326719969042
171,171,0.00027861898871781976,0.00028098250224598145,-20.09811322864075,-20.060858980746936
172,172,0.0002767970034199738,0.0002775317422530957,-20.134541383711948,-20.11452511757186
173,173,0.0002844764034326198,0.0002781967157620545,-20.02637229798605,-20.10413175155938
174,174,0.0002790229954905616,0.0002749540067988595,-20.10672795180468,-20.15505120929359
175,175,0.00027772009201088596,0.0002761849027592689,-20.119729826433765,-20.135652389760565
176,176,0.000274673322714942,0.0002740052985149975,-20.15818997642151,-20.170062128274857
177,177,0.0002752009640596615,0.00027134890459772006,-20.159142222827576,-20.21237101074191
178,178,0.0002752239329826816,0.0002732014537813436,-20.173546508217616,-20.182821677815703
179,179,0.000273630594877891,0.0002686941680669981,-20.193800125657603,-20.255069335064086
180,180,0.0002746613830935268,0.0002740287500752234,-20.165703703961565,-20.169690440302897
181,181,0.0002747285977898876,0.0002721162531279812,-20.172986883958917,-20.200106914355487
182,182,0.0002724918619052689,0.0002709551343669821,-20.202262588692314,-20.218677888659617
183,183,0.0002737670261340849,0.00027118221317466934,-20.183396429231802,-20.21503973019847
184,184,0.00026976829274682346,0.00027129571964523117,-20.24421417456037,-20.213222320436252
185,185,0.00027248836014439,0.0002713241540875874,-20.197176748745044,-20.21276716123474
186,186,0.00027164638452903975,0.00027137580879130647,-20.223392447944693,-20.211940429913877
187,187,0.00027261077385568586,0.00026789704784996023,-20.19972522302012,-20.2679724596795
188,188,0.0002712112861642249,0.00027670893867157007,-20.231109805265458,-20.12741985193406
189,189,0.00027090836059513317,0.0002702374691388717,-20.239501563113343,-20.230196088616438
190,190,0.0002688756679153531,0.00026641313084646275,-20.26613557175621,-20.29209547469428
191,191,0.00026886359987703644,0.0002706156580978514,-20.263299884927136,-20.224122520895392
192,192,0.00026898536010232476,0.00026790036109129066,-20.266906255630957,-20.267918748242934
193,193,0.00026825565446321806,0.0002635440446044269,-20.264947714918247,-20.33911967039788
194,194,0.00026760909126677846,0.0002630885191090209,-20.293027839002967,-20.34663277429577
195,195,0.00026654709969436003,0.0002660329275960593,-20.300794973048404,-20.29829780069889
196,196,0.00026595495586024273,0.00026346863351615245,-20.313070290808586,-20.34036254826762
197,197,0.0002656880977381136,0.0002684987098052117,-20.31248168845795,-20.258229706386146
198,198,0.0002651636191096503,0.00026537305951167484,-20.318642642820418,-20.309083423069648
199,199,0.00026456532821649703,0.00026269610450407,-20.330451806725435,-20.353115410779914
200,200,0.00026760349042963277,0.0002637202422575731,-20.27850821611277,-20.336217077780066
201,201,0.00026691519099014053,0.0002640722477257154,-20.304994844045154,-20.330424117175973
202,202,0.0002651308950027163,0.0002644900324460315,-20.32390514038077,-20.323558639133022
203,203,0.00026756200922014597,0.0002653517432535361,-20.290106535718554,-20.309432286858986
204,204,0.0002629340238648361,0.0002601658695647003,-20.36538084139486,-20.395148517198763
205,205,0.0002632511557036646,0.0002639711739519905,-20.3556761345893,-20.332086699491285
206,206,0.00026390119350740935,0.0002626915497546035,-20.347222753010268,-20.353190711466702
207,207,0.00026414988708883987,0.0002615682207856719,-20.335012645912748,-20.37180195522753
208,208,0.0002637331289378446,0.0002636467811259392,-20.348202031171073,-20.337427004184057
209,209,0.00026372985895747105,0.0002612833892558946,-20.348952658556392,-20.376533728890095
210,210,0.000261148098212926,0.0002676875018024523,-20.38538336389465,-20.271370791346826
211,211,0.0002595228495582765,0.00025893000450818553,-20.4156020787541,-20.415827949085372
212,212,0.00026105937863623284,0.0002593654774644069,-20.388588357202554,-20.40853004458933
213,213,0.00026013998173119633,0.0002594794687435129,-20.412264054672626,-20.406621737120627
214,214,0.00026127367749085326,0.0002619562698160543,-20.38580525249287,-20.36536376230658
215,215,0.00026088193633243175,0.00026126920649977893,-20.392752017951693,-20.37676947521576
216,216,0.000262584674685771,0.00025969712633492525,-20.367581050964368,-20.402980298067757
217,217,0.0002616746777178931,0.00025956142895953044,-20.381326027843887,-20.405250173916055
218,218,0.0002612265423372311,0.0002582789724999058,-20.389106011760525,-20.42676123797378
219,219,0.0002612997051664465,0.00025701294285490324,-20.390476960979438,-20.44810179382995
220,220,0.0002602894363514407,0.00025909628005281677,-20.405086603461015,-20.413039961056928
221,221,0.0002594217347502036,0.00025924206420313567,-20.427575472185776,-20.410597029546903
222,222,0.00025974626046216555,0.0002581752855085621,-20.403125971851658,-20.428505078327206
223,223,0.00025882275871687673,0.0002583505349895476,-20.426035802280346,-20.425558085845957
224,224,0.00026098175722020725,0.0002595749637724734,-20.39747832076746,-20.40502371726003
225,225,0.0002599648441807319,0.00025819746109558955,-20.40460441735691,-20.428132063478984
226,226,0.0002585167326897229,0.00025962240990913034,-20.425540631194114,-20.404229969200443
227,227,0.00025934586211434114,0.0002602099074896327,-20.420924402550988,-20.394413455011723
228,228,0.0002597093320518886,0.00025784453809089765,-20.427985497423542,-20.434072375996667
229,229,0.0002587926317517617,0.0002571797085693106,-20.428017734867442,-20.445284739487505
230,230,0.00025893268643484746,0.0002589391140071185,-20.426482809896015,-20.415675161248505
231,231,0.0002586757806225766,0.00025811181924501926,-20.430005326651358,-20.429572819432057
232,232,0.0002586573601481937,0.0002584429764139809,-20.42909706428925,-20.424004397571128
233,233,0.0002588047719495755,0.0002580890968123353,-20.43575143563443,-20.429955159983166
234,234,0.0002590280412348256,0.0002609104152437986,-20.428328127684324,-20.382737578169632
235,235,0.00025783104509398457,0.00025802710641935274,-20.44514419403075,-20.43099841673675
236,236,0.00025849136360080855,0.0002566203972827153,-20.42916394163673,-20.45474000812665
237,237,0.000258953015760461,0.00026047776765680234,-20.43169130253861,-20.389945125595137
238,238,0.0002596626939136804,0.00025843041351579716,-20.417449577966764,-20.424215512999595
239,239,0.00025874478445441184,0.00025930811764402807,-20.42900729561709,-20.40949061222994
240,240,0.00025838054581569294,0.00025615943856169716,-20.435697650217747,-20.46254811089724
241,241,0.00025942167834277965,0.00025454536310127497,-20.413517154720644,-20.489999836337653
242,242,0.0002599363675828274,0.00025533935006119703,-20.415394679197917,-20.476474252015926
243,243,0.0002577379705941247,0.0002599341563549579,-20.445332224342792,-20.399018225717054
244,244,0.0002595718436065543,0.0002589664348450146,-20.41514724851238,-20.415216958428452
245,245,0.00025769722988209734,0.00025683007353157,-20.44857246957198,-20.451192976889878
246,246,0.00025844194139617964,0.00025846608179180245,-20.435958882179023,-20.423616145984603
247,247,0.000258303822267839,0.00025744057079703594,-20.435670165874274,-20.440881841262005
248,248,0.0002587016246740025,0.0002582081406695866,-20.431752620210432,-20.427952434131793
249,249,0.00026135235879637457,0.0002576437576575891,-20.399962598846173,-20.437455492136788
250,250,0.000259295143589099,0.0002566824964321169,-20.415444555569824,-20.453689193164266
251,251,0.0002592466551073606,0.000257163583515457,-20.423828791034428,-20.44555704874162
252,252,0.00025957402639383855,0.00025960863537253127,-20.42090561242038,-20.40446039476114
253,253,0.00025736028613575456,0.0002557773887498402,-20.451392101311274,-20.4690302449049
254,254,0.00025745265404261724,0.000257700137904306,-20.466536406494455,-20.436505228425666
255,255,0.0002593519632673352,0.0002565294631303435,-20.418544831207136,-20.456279215444106
256,256,0.0002583971552517188,0.00025754053326397156,-20.436500784123403,-20.439195831892324
257,257,0.0002587043713855068,0.00026311806485816643,-20.437513605694587,-20.346145073981027
258,258,0.0002580837578543932,0.000256224998003362,-20.438919374766627,-20.46143675380381
259,259,0.00025993006495331634,0.0002592669403192734,-20.410713654100814,-20.410180313158804
260,260,0.000257201323264096,0.000257136257316329,-20.445268100476945,-20.446018554523334
261,261,0.00025912673187384515,0.00025584081442119847,-20.42732360247559,-20.4679534490031
262,262,0.0002589428961785875,0.0002586934156409514,-20.423973930545408,-20.419797987637534
263,263,0.0002577822199679393,0.0002588699786237588,-20.44371171137368,-20.41683485952739
264,264,0.00025955742565895784,0.00025827734881252244,-20.41754192318446,-20.42678854026171
265,265,0.00025954602820889966,0.00025953207621473427,-20.420484744400532,-20.405741327628448
266,266,0.0002591555680690775,0.00025759617825602427,-20.42087231887288,-20.438257583363434
267,267,0.00025766649998762865,0.0002578334204276632,-20.4463202804508,-20.43425963782221
268,268,0.0002600677293718111,0.00025754156874762356,-20.40703101681273,-20.439178370410573
269,269,0.0002596296154601096,0.00025899537171139136,-20.415778438489284,-20.41473170560691
270,270,0.00025763824781926216,0.00025670651628292705,-20.452621557453554,-20.453282807814666
271,271,0.0002581274212510853,0.0002585717968605949,-20.44371892564657,-20.421840203696195
272,272,0.0002600389407328378,0.00025734761239666685,-20.40564775178161,-20.44245030464495
273,273,0.00025799329654846496,0.0002548321108885207,-20.441338961566522,-20.48511022102435
274,274,0.0002564831329905668,0.0002566340523404314,-20.466139171240236,-20.454508921334437
275,275,0.00025793033776223926,0.0002593348709572303,-20.436844950232683,-20.409042565440068
276,276,0.0002580422584925173,0.0002580792413362743,-20.437526314315022,-20.43012100428449
277,277,0.00025791002058822506,0.0002610754783841242,-20.436902136052588,-20.379990913392916
278,278,0.0002603906290197611,0.00025819472456963633,-20.407604711718154,-20.428178092762703
279,279,0.00026011118829159124,0.000259693476867764,-20.406945866500163,-20.403041328954345
280,280,0.0002597028768522972,0.0002571425843358922,-20.408633977867545,-20.44591169460763
281,281,0.0002594145767081087,0.00025790348483592664,-20.4169024004222,-20.4330796336083
282,282,0.0002566855054255095,0.00025820939596374765,-20.459310304245463,-20.427931320699784
283,283,0.00026213701501771923,0.0002593907196760962,-20.379812771803735,-20.408107396982736
284,284,0.0002568638581991407,0.00025877161763338864,-20.45430915504714,-20.41848533105732
285,285,0.0002590295973896366,0.0002595687853356235,-20.423372494969627,-20.405127089824386
286,286,0.00025957985046036426,0.0002577265978815328,-20.409011832224863,-20.43605932908389
287,287,0.0002637797855284814,0.0002589314964624416,-20.353591213694525,-20.41580292511663
288,288,0.00025850431525542106,0.0002606334049855114,-20.428208391822746,-20.387350959950844
289,289,0.0002595830106262847,0.0002596331530520202,-20.419467343241173,-20.404050262404446
290,290,0.00026240976801569354,0.0002601406824971108,-20.369377285508577,-20.395568984880157
291,291,0.00026011534638885293,0.0002571712171438297,-20.405109793455665,-20.445428134941693
292,292,0.00026105233190878844,0.0002582031470649925,-20.389219691429076,-20.428036425127793
293,293,0.00026226593763567507,0.0002607184394850935,-20.372753945184392,-20.385934257788605
294,294,0.0002609352483990189,0.0002609612895053272,-20.400271924556677,-20.38189084089985
295,295,0.0002624531093199939,0.0002606614013386302,-20.37761260639547,-20.38688448065594
296,296,0.00026277587034969984,0.0002596785243919217,-20.364262517841404,-20.403291391635246
297,297,0.0002615244224422717,0.00026237610941997876,-20.377375495895244,-20.358408858529643
298,298,0.0002639902630801668,0.00025873111658974697,-20.349336734022504,-20.41916511025992
299,299,0.00026240036732843626,0.00026045294515298387,-20.36688656455858,-20.390359010827027
300,300,0.0002611287929220893,0.00026603905931360235,-20.38429066868317,-20.298197702548293
301,301,0.0002654003052607409,0.0002647264949413703,-20.325428230967283,-20.319677643040784
302,302,0.00026320934415070016,0.0002607135492756865,-20.352112144643097,-20.386015717729947
303,303,0.000263911267183241,0.00026724833878688514,-20.350180596478506,-20.278501594807494
304,304,0.000264941440767983,0.000263135704077094,-20.320397938369638,-20.34585393628661
305,305,0.0002671255831805912,0.0002661430335137993,-20.297310872346742,-20.29650071113919
306,306,0.0002642560554620301,0.00026481324580105906,-20.332521768184606,-20.318254693369532
307,307,0.0002645060521149624,0.00026597854938652173,-20.33256329520121,-20.299185606975332
308,308,0.00026506843923269435,0.000266455208858181,-20.320853773998678,-20.29140959238621
309,309,0.0002664677213971052,0.0002634071907347166,-20.3009774828997,-20.341375472369396
310,310,0.000267172289727803,0.00026406061615010624,-20.29718723418947,-20.33061541483795
311,311,0.00026552228736523157,0.00026418275420406933,-20.315892453934797,-20.32860710250357
312,312,0.0002679118948698178,0.0002645004753599335,-20.277309932496618,-20.323387169141924
313,313,0.00026857288216466333,0.00026333805841491804,-20.27354019713096,-20.342515446018158
314,314,0.00026630241434046634,0.00026478946031267315,-20.30437389116318,-20.31864479358024
315,315,0.0002680421856678446,0.0002639071393978635,-20.280737034264252,-20.33314034586931
316,316,0.0002647000798516302,0.0002655465903348829,-20.322468596020578,-20.306244444265044
317,317,0.0002686311973897337,0.0002649122555004923,-20.269547447337416,-20.316631234936295
318,318,0.0002675780154267787,0.00026605523338443354,-20.285434173537254,-20.297933677550827
319,319,0.0002677336169560392,0.0002680924157366941,-20.284937889285786,-20.264806457186108
320,320,0.00026794151986886736,0.00027241285945484907,-20.273258420076033,-20.195375688758194
321,321,0.00026690193239513056,0.000266818302119837,-20.301178279676538,-20.285495575617137
322,322,0.00026647313846006376,0.0002645726306486483,-20.299990044840758,-20.322202582604927
323,323,0.000267476965127196,0.00026461013476364315,-20.281636615007635,-20.321586998300873
324,324,0.0002649510039266237,0.00026666081669789394,-20.32482394239593,-20.288059689161763
325,325,0.0002694671362105603,0.0002670327031457993,-20.252363011384944,-20.28200721700855
326,326,0.00026786076259012,0.00026641219799210757,-20.28053097067085,-20.292110681685273
327,327,0.0002678832721526821,0.00026867051584352,-20.281165346301847,-20.25545164638656
328,328,0.0002673257104200359,0.0002678215601726582,-20.28372221640026,-20.269196381396235
329,329,0.0002667202676355973,0.0002640852456495754,-20.290313156405723,-20.33021035795905
330,330,0.00026637394735517616,0.00026687552025051495,-20.299169182783675,-20.284564348105334
331,331,0.00026984069947652594,0.0002663801378251887,-20.250362370404677,-20.29263334511951
332,332,0.0002663257809658295,0.0002651714251107095,-20.30770957940974,-20.31238451145923
333,333,0.00027037130581147813,0.00026647740589013616,-20.238866534430713,-20.29104781874986
334,334,0.0002666836400149083,0.00026581417401566317,-20.30029474598556,-20.301870386802378
335,335,0.0002678539696960835,0.00026418175088780885,-20.27740953526024,-20.328623596219984
336,336,0.00026844706525546065,0.0002656868401620733,-20.269189918118155,-20.303951300650386
337,337,0.000268105626917569,0.00026801439602614234,-20.27705908213449,-20.266070516111235
338,338,0.0002669924124535269,0.0002703088577714209,-20.289916916814725,-20.229048964389577
339,339,0.00026706362652625964,0.0002678003296942303,-20.290169409970037,-20.269540664548536
340,340,0.0002676644191486742,0.00026775327033216233,-20.284127942618394,-20.27030389800713
341,341,0.00026726601771367043,0.0002660492716945316,-20.28930326503839,-20.298030994111866
342,342,0.00026892214733267145,0.00026755470102407823,-20.26647059373812,-20.27352587725445
343,343,0.0002698924418865252,0.000268570493637143,-20.250897180839416,-20.257068763919758
344,344,0.000266709453612326,0.0002696463213253178,-20.296735283617483,-20.239706740373396
345,345,0.00026895677248980925,0.0002704563268803452,-20.26737877634575,-20.226680282985434
346,346,0.00026764325646337926,0.00026825198284840504,-20.28261782752164,-20.262222329586876
347,347,0.00026661318039147125,0.0002716967351979723,-20.297809893151722,-20.206807539832106
348,348,0.00030045473339640987,0.0002877962925642925,-19.78477838163031,-19.95679978810705
349,349,0.0002826374241981425,0.0002804452011141142,-20.053635109685622,-20.06917160894588
350,350,0.0002848741006749423,0.0002804881752174544,-20.014469460293768,-20.06850616749528
351,351,0.00028073542466934423,0.0002762262838108367,-20.07287057859749,-20.13500173087379
352,352,0.00028143945622939576,0.0002781926718614015,-20.063338194916728,-20.104194881582277
353,353,0.00027749861306126814,0.0002792258164845407,-20.1335399661829,-20.088096042666564
354,354,0.00027784491323904354,0.0002746294684536559,-20.121199418789423,-20.16018037475135
355,355,0.0002757111809110826,0.0002764320662735324,-20.144923157190263,-20.131767537736643
356,356,0.0002786137263252179,0.00027356834432698394,-20.113275569115903,-20.176993317730712
357,357,0.00027677860619865127,0.0002787221930798535,-20.136752080464994,-20.095936232837136
358,358,0.00027604697235576693,0.00027448429548377663,-20.149115559723704,-20.16247672298917
359,359,0.0002793981024596994,0.000279041540220772,-20.10040877726571,-20.09096313372772
360,360,0.00027869085597652057,0.0002757978218141943,-20.10459811798611,-20.141743419010865
361,361,0.00027486499064102694,0.0002730382946442421,-20.16849730428058,-20.185416110579958
362,362,0.0002757257412274166,0.00027480861937970315,-20.155257741837925,-20.157348235404243
363,363,0.0002767024669777026,0.0002731685235630721,-20.128079772943902,-20.18334518432937
364,364,0.0002764853289994152,0.00027590689684362397,-20.143035530337944,-20.140026171272723
365,365,0.00027654082820385926,0.00027266679037558407,-20.145188043419417,-20.191329278085114
366,366,0.00027695177458994785,0.00027771049797976097,-20.131288356727616,-20.111728765898434
367,367,0.000275445660665036,0.00027761484134795244,-20.154201183187055,-20.113224939215975
368,368,0.0002772803073292886,0.00027504790954193786,-20.131394237554563,-20.15356825287693
369,369,0.00027660797494127577,0.00027424210259739895,-20.141144539743006,-20.166310438345604
370,370,0.00027605129697494515,0.0002777201773010586,-20.149292112505073,-20.111577399543798
371,371,0.0002773387580221884,0.0002779470876128854,-20.138209056835773,-20.108030460286678
372,372,0.00027616040753536696,0.00027664840883134226,-20.153483108286466,-20.128369971267432
373,373,0.00027732557623728763,0.0002770277956427124,-20.13407504289526,-20.12241827519885
374,374,0.0002780394021364063,0.00027606178589753414,-20.112316053175974,-20.137588806063814
375,375,0.0002786770682618713,0.00027542678627038474,-20.10883229240038,-20.14758999085252
376,376,0.00027583354271554683,0.00027382710035645256,-20.150985116805916,-20.172887462440208
377,377,0.0002778957621314438,0.0002740823440131192,-20.119686807339022,-20.168841139793678
378,378,0.0002772174298537645,0.00027762161947688773,-20.129580264494564,-20.113118904969234
379,379,0.00027875244298220143,0.0002764399595387084,-20.105771371905178,-20.131643530684368
380,380,0.00027842452622393204,0.0002792841742599481,-20.107785050849788,-20.087188468573068
381,381,0.0002758381924275117,0.0002722708970970033,-20.14359552573201,-20.197639515035547
382,382,0.00027551127930133384,0.00027234859666542004,-20.157237695062765,-20.19640031980199
383,383,0.0002754768182657966,0.00027423853354871665,-20.15444598526186,-20.16636695877846
384,384,0.0002779757058531161,0.0002712575369514525,-20.11658608764586,-20.213833598058795
385,385,0.00027567015051092837,0.000281348652941616,-20.158507771042167,-20.055203336464555
386,386,0.000275397218389379,0.00027396892332226823,-20.159887340295818,-20.170638708153042
387,387,0.00027560136045722927,0.0002737676458261711,-20.159943227724778,-20.173830523881424
388,388,0.00027498141346384106,0.0002715668723746938,-20.159154948675134,-20.20888383236642
389,389,0.0002759318914595684,0.00027572448935212667,-20.152855453211167,-20.14289832727707
390,390,0.00027621736703200515,0.0002746196374860837,-20.140993063927297,-20.160335842823038
391,391,0.00027640337231280953,0.00027792854847288445,-20.146389828694772,-20.1083201454494
392,392,0.00027487109944502794,0.00027933564208644003,-20.169651551314875,-20.08638820361826
393,393,0.000273916802846721,0.0002739102484682869,-20.18545294395379,-20.171568919291552
394,394,0.0002779530900765748,0.0002785765023681482,-20.11595294088721,-20.09820692444709
395,395,0.0002776009796340902,0.00027185802096746077,-20.12329705710929,-20.204230227391747
396,396,0.0002779379698865538,0.00027429258242543593,-20.12422933017252,-20.165511104723706
397,397,0.0002789061752654439,0.0002756459136052351,-20.107316178167682,-20.144136152642176
398,398,0.00027587526530680276,0.00027524280410848166,-20.15446155542481,-20.150492001134268
399,399,0.000276696289764698,0.0002709853211662879,-20.136987794394088,-20.218194073131745
400,400,0.00027776073776041493,0.00027136130129771407,-20.123975854256642,-20.212172605834695
401,401,0.0002745779359607583,0.0002763129565497174,-20.165713954654322,-20.133639239677272
402,402,0.0002723297817733369,0.00027687112206446106,-20.204503687451528,-20.1248751304168
403,403,0.00027433933375748933,0.00027441694309297756,-20.178676595865355,-20.163542516605872
404,404,0.0002769002086031683,0.0002766671991833535,-20.13426335868555,-20.128075002317473
405,405,0.00027456911599993243,0.0002760713151043379,-20.16704522664015,-20.137438897213045
406,406,0.00027551607123201655,0.0002712593015626465,-20.15709900274857,-20.213805345999138
407,407,0.00027441471747900406,0.00027368960160713057,-20.174562525113984,-20.17506876391066
408,408,0.0002732306737428742,0.0002718528266996145,-20.19183457490727,-20.20431320686044
409,409,0.0002765622654252868,0.0002735384899240575,-20.140974566516086,-20.177467287407293
410,410,0.00027373140754619827,0.0002755671586400192,-20.185172662943536,-20.14537715539667
411,411,0.0002752656978795055,0.0002744031371548772,-20.158889887461193,-20.163761015999448
412,412,0.00027329444623619474,0.0002787898962483986,-20.185198416470453,-20.094881435525515
413,413,0.00027705006542634797,0.00027706765716797426,-20.137757113337948,-20.12179341389008
414,414,0.0002764256793487164,0.00027348243594659785,-20.14409533604413,-20.17835734232232
415,415,0.0002744716180178826,0.0002782444950609811,-20.171515603818477,-20.103385930239163
416,416,0.0002737103831791079,0.0002726100042070213,-20.18285280946143,-20.19223384325236
417,417,0.0002763641304480507,0.0002735520323959032,-20.143905143089633,-20.177252280180696
418,418,0.0002757527471817646,0.0002768407728964169,-20.157631139870112,-20.12535120746499
419,419,0.00027379582962501297,0.0002715317762187241,-20.17790601836021,-20.20944513248876
