,epoch,train_loss,test_loss,train_dbs,test_dbs
0,0,5.5554067339752945e-05,4.522812875955807e-05,-15.459771019534474,-16.36169466439767
1,1,3.521133104870912e-05,2.7775811759056523e-05,-17.441328552433323,-18.47911326101913
2,2,1.9077947137102644e-05,1.561158837591249e-05,-20.103117620964706,-20.981309944249343
3,3,1.412681237909674e-05,1.5679245208095955e-05,-21.406142373975072,-20.962529342198046
4,4,1.444851187846597e-05,1.3930901092719164e-05,-21.310228002554762,-21.475988775177637
5,5,1.3383951621098904e-05,1.386520967858623e-05,-21.641169718875407,-21.496516446848474
6,6,1.361896470511637e-05,1.4673749894044655e-05,-21.566157762790617,-21.25036973835389
7,7,1.6836321522992105e-05,1.7492922253088755e-05,-20.644328549518033,-20.487157203952115
8,8,1.629344250872724e-05,1.680775374935413e-05,-20.787907911275873,-20.66068409738156
9,9,1.5438540648358765e-05,1.5929874615195378e-05,-21.02219864582782,-20.89365728865904
10,10,1.4863523687118996e-05,1.5263803346131584e-05,-21.18458225148645,-21.07915324240381
11,11,1.4252353945810627e-05,1.4489462381262505e-05,-21.365702166656494,-21.305258146719122
12,12,1.3827236483679766e-05,1.383558035166444e-05,-21.497379938843018,-21.505807054140114
13,13,1.3549189743665096e-05,1.4709009950533264e-05,-21.586666394448773,-21.239946445650087
14,14,1.3290355624478028e-05,1.3825681267725917e-05,-21.67140665150957,-21.508915457345346
15,15,1.3227429331591433e-05,1.3521697694254966e-05,-21.693476628937255,-21.605468641778817
16,16,1.3638570124516564e-05,1.4243357183754837e-05,-21.55977554687118,-21.379657210060493
17,17,1.3619832283363872e-05,1.3944646046806347e-05,-21.564474863821648,-21.471705911657164
18,18,1.3286909145874946e-05,1.426631120251075e-05,-21.67223935317495,-21.372663929253306
19,19,1.3898905655372163e-05,1.4483137611501948e-05,-21.47622070954963,-21.307154291801464
20,20,1.3709679399081446e-05,1.3897846465146071e-05,-21.536572715462338,-21.486305767760637
21,21,1.3631275390993718e-05,1.3906280736065176e-05,-21.56137091510885,-21.483670937755086
22,22,1.3586712457160417e-05,1.3564941965389727e-05,-21.577975096103145,-21.59160146259358
23,23,1.3232951169277267e-05,1.4008965416379445e-05,-21.68949214575258,-21.451720231725872
24,24,1.3411984713757098e-05,1.358857221739048e-05,-21.633953344722862,-21.584042595206085
25,25,1.319588737555698e-05,1.3548300845095104e-05,-21.70235151009031,-21.59693254576549
26,26,1.3896433442495595e-05,1.4097145187980986e-05,-21.480250504979836,-21.424469137176658
27,27,1.3210591921811148e-05,1.3499437284879509e-05,-21.69883100690167,-21.61262420733975
28,28,1.3080211847971947e-05,1.3460952160178414e-05,-21.740668196308114,-21.625023055419867
29,29,1.2882290400401749e-05,1.3654357261609556e-05,-21.806406709742205,-21.56306824496265
30,30,1.273311508410507e-05,1.3342126246578501e-05,-21.85942168695902,-21.663530405874457
31,31,1.2776479486757998e-05,1.3025435787552086e-05,-21.843084528758986,-21.767858240712222
32,32,1.2833763171376218e-05,1.3268453633492372e-05,-21.824092297694115,-21.687577751871743
33,33,1.2874537206539336e-05,1.285157412367928e-05,-21.80829453807116,-21.826217608894446
34,34,1.2370068966400553e-05,1.3194609269512033e-05,-21.983497254959477,-21.711815522952737
35,35,1.299183579305332e-05,1.3742170506846282e-05,-21.76838561469529,-21.53522753553397
36,36,1.2854769432958642e-05,1.2716412512466041e-05,-21.81846887858901,-21.872134786153307
37,37,1.27304122861929e-05,1.2932406733805118e-05,-21.860164593721624,-21.79898731289256
38,38,1.2599911877766045e-05,1.2651046146952707e-05,-21.902359827831358,-21.89451646423674
39,39,1.2898841427177667e-05,1.2704461704216604e-05,-21.80409207200475,-21.876218178734646
40,40,1.4047470658530898e-05,1.3052415564935041e-05,-21.430321045765123,-21.758871938533733
41,41,1.2730712513206827e-05,1.2495439358118395e-05,-21.858079948455348,-21.948265551609683
42,42,1.2400107602702847e-05,1.224868236405248e-05,-21.97371997732158,-22.034887137741784
43,43,1.2636355499238299e-05,1.2708681639962474e-05,-21.894024756328335,-21.8747758582783
44,44,1.322060756344221e-05,1.347852910265302e-05,-21.69384247385729,-21.619355856312215
45,45,1.3157908930206196e-05,1.3043966311287428e-05,-21.71542827917112,-21.76168417846874
46,46,1.2830845226397792e-05,1.3271201360590854e-05,-21.824406011220205,-21.68667847663913
47,47,1.2774501893667566e-05,1.2525585301964862e-05,-21.841707066051214,-21.937800573794384
48,48,1.2454315662214812e-05,1.241889920397386e-05,-21.95419253252409,-21.974949841126595
49,49,1.2420083420852514e-05,1.279965229179269e-05,-21.96490183545751,-21.8437991432115
50,50,1.2262536590251611e-05,1.2833017727213078e-05,-22.02066442531539,-21.83249292137613
51,51,1.2662742387733816e-05,1.2436585501219318e-05,-21.882530932555973,-21.96876926353056
52,52,1.2395071533638216e-05,1.2738653726716476e-05,-21.971212804935885,-21.86454553929213
53,53,1.262727823110985e-05,1.2377126471332495e-05,-21.89466503017861,-21.98958257677555
54,54,1.2463327048234786e-05,1.2360563184637086e-05,-21.950945768996807,-21.9953982735435
55,55,1.2277956763504448e-05,1.2652299191311039e-05,-22.016046080983827,-21.894086331190245
56,56,1.2432548448918375e-05,1.2739647517216662e-05,-21.959954979589433,-21.86420674297562
57,57,1.2294813042955734e-05,1.2266030544675519e-05,-22.00780553419055,-22.0287404450178
58,58,1.2365941295018311e-05,1.2363814580327781e-05,-21.985091947328044,-21.99425602986116
59,59,1.2285327116354818e-05,1.2485842322157145e-05,-22.01281068736796,-21.95160240199149
60,60,1.2415609002271163e-05,1.276411043555096e-05,-21.96761569687758,-21.85587533258369
61,61,1.2507472566193024e-05,1.2248346569034957e-05,-21.93729383296732,-22.03500620028081
62,62,1.210886238340274e-05,1.2306272334459017e-05,-22.076422922188193,-22.014515646507647
63,63,1.2343941649568169e-05,1.2158802459644472e-05,-21.993452294307943,-22.066872836591898
64,64,1.229020984179986e-05,1.21491435780435e-05,-22.009869207761664,-22.07032421762996
65,65,1.2210839748749817e-05,1.2795463542141461e-05,-22.0399661294785,-21.84522062603474
66,66,1.3084699285454261e-05,1.3699596198229732e-05,-21.74080021541503,-21.54870320008324
67,67,1.3456733643945027e-05,1.33732480543059e-05,-21.61612884286771,-21.653411861155767
68,68,1.2777074572891861e-05,1.3059675343117161e-05,-21.843255049696033,-21.756457055944146
69,69,1.29030673521164e-05,1.2535772743591989e-05,-21.798859328827362,-21.93426975960704
70,70,1.2547497923132488e-05,1.2672980406741293e-05,-21.921911125485074,-21.886993229057097
71,71,1.2348073868423918e-05,1.2650079162612152e-05,-21.99041077063462,-21.894848430470066
72,72,1.2254284149431564e-05,1.2567282833754833e-05,-22.02321022791411,-21.923366970958842
73,73,1.215533508733755e-05,1.2092684707903046e-05,-22.060592805116833,-22.09055356650628
74,74,1.2373577168752312e-05,1.2580349520201134e-05,-21.979264494159644,-21.91885379035304
75,75,1.2392770821458453e-05,1.2219790733070113e-05,-21.9772027103066,-22.04514317757748
76,76,1.2211782125904364e-05,1.2116029258897087e-05,-22.038982918840794,-22.08217772891686
77,77,1.2218804784555987e-05,1.2173684210306659e-05,-22.03734407346303,-22.061560545179056
78,78,1.2212500551708892e-05,1.1982745634572653e-05,-22.039605885295458,-22.130217459604197
79,79,1.2189923316177602e-05,1.2227887102773438e-05,-22.04717576452241,-22.042266659948474
80,80,1.2130861485031309e-05,1.2042272637221399e-05,-22.066618802902912,-22.108696309122642
81,81,1.2302959602652898e-05,1.2082264890379615e-05,-22.00820037491768,-22.094297334008
82,82,1.2026687741548738e-05,1.1981209354416933e-05,-22.107559921810417,-22.130774294229788
83,83,1.210577669290924e-05,1.200413927156325e-05,-22.075683811115194,-22.122470608778997
84,84,1.2290376166815476e-05,1.2207056778080235e-05,-22.011775916209494,-22.049671217377423
85,85,1.1992642935792995e-05,1.2225149164710034e-05,-22.115872692327137,-22.043239194716506
86,86,1.2048364371048123e-05,1.2107118173413542e-05,-22.09851771105125,-22.085373048962424
87,87,1.214677761887175e-05,1.2089129636718243e-05,-22.06583833814208,-22.091830516025
88,88,1.1930666019419658e-05,1.1839586956117082e-05,-22.141069342358513,-22.182415347693485
89,89,1.1911473665321929e-05,1.2132493673944785e-05,-22.145682953482975,-22.076280127878135
90,90,1.46540742770009e-05,1.9269067036619065e-05,-21.24635294649992,-20.067173986914497
91,91,1.7073886935117887e-05,1.6919635862378574e-05,-20.58420385434049,-20.631870742360473
92,92,1.6013209901335432e-05,1.6308738132034994e-05,-20.86260225449257,-20.79157726973348
93,93,1.5511438767734755e-05,1.6330418714603996e-05,-21.001422391502416,-20.785807660669594
94,94,1.5125835367124983e-05,1.58044776502433e-05,-21.109521351062014,-20.927979396711326
95,95,1.4785216272994335e-05,1.5690214145012616e-05,-21.21146220680099,-20.95949215311819
96,96,1.470164249074458e-05,1.5409827124370312e-05,-21.232268224417172,-21.037803197284003
97,97,1.4328666692722671e-05,1.5161064191871495e-05,-21.346380408133683,-21.108483997787523
98,98,1.457384490367048e-05,1.5450731744318834e-05,-21.26786305066307,-21.026290339589544
99,99,1.4264346036631565e-05,1.4642755176234795e-05,-21.36444687252521,-21.25955285202727
100,100,1.4236291880263603e-05,1.5386199792326232e-05,-21.371205566791616,-21.044467188044848
101,101,1.4042739260815128e-05,1.4771159696561211e-05,-21.43294963055371,-21.221634928408456
102,102,1.3967505962223045e-05,1.4828122498568663e-05,-21.45557038403851,-21.204919211477915
103,103,1.4159680429975665e-05,1.5045767596395882e-05,-21.393016595255332,-21.141637370982043
104,104,1.3878887991089982e-05,1.4569114969880933e-05,-21.48419780112107,-21.281449158462202
105,105,1.3805717370224116e-05,1.4694701588412404e-05,-21.506072487316192,-21.244173152333982
106,106,1.3903284787975094e-05,1.4532448355901961e-05,-21.47360227098902,-21.292392980530657
107,107,1.3719134318476396e-05,1.4354231911726712e-05,-21.5315648475709,-21.345981277693376
108,108,1.3722487761397227e-05,1.4381255440591639e-05,-21.534253611724104,-21.337812860165943
109,109,1.3742339377262697e-05,1.3964232637494875e-05,-21.528419841552072,-21.465610109852946
110,110,1.3293893558867925e-05,1.441094776198856e-05,-21.66946569762984,-21.328855424141878
111,111,1.3450034826352758e-05,1.4143457998503245e-05,-21.62082562277902,-21.410224812471967
112,112,1.3389160700434022e-05,1.3948118736918427e-05,-21.64004426309191,-21.470624505656343
113,113,1.329272790076409e-05,1.4190715486811792e-05,-21.670223418418843,-21.395737934679442
114,114,1.3259901991369053e-05,1.4047738515824007e-05,-21.682142241449426,-21.43971671634828
115,115,1.3197295235850388e-05,1.4013035500906163e-05,-21.70225151840913,-21.4504586406864
116,116,1.3020132559477039e-05,1.3722834888827301e-05,-21.761978675260846,-21.541342483247384
117,117,1.3262049725602355e-05,1.4044537956100325e-05,-21.681452378460758,-21.44070630181986
118,118,1.3340909803089968e-05,1.4084384115688553e-05,-21.655083804367848,-21.428402254928244
119,119,1.3196676737260128e-05,1.3602258724476038e-05,-21.703416976665476,-21.579670551542918
120,120,1.2969169858348023e-05,1.3293488145312662e-05,-21.778592835201074,-21.679391337150612
121,121,1.30342250392375e-05,1.3255336517958264e-05,-21.757011160222405,-21.69187328529803
122,122,1.2909450087482986e-05,1.3511644570634848e-05,-21.798226117325935,-21.608698739095374
123,123,1.2725592831575154e-05,1.3433193041572322e-05,-21.85998686430596,-21.633988305085833
124,124,1.3069388968847542e-05,1.3583597951525773e-05,-21.746827674557704,-21.585632675223444
125,125,1.3014346011951817e-05,1.3910901017018324e-05,-21.763102958362637,-21.482228259227078
126,126,1.285740602997038e-05,1.3277245910246979e-05,-21.817618790120758,-21.684700873519954
127,127,1.2873175074139336e-05,1.3361440611142347e-05,-21.809009840046375,-21.657248006628716
128,128,1.2520951849623576e-05,1.3348934388838979e-05,-21.930669528345547,-21.661314878570955
129,129,1.271028256653772e-05,1.3443593592168518e-05,-21.8642023144532,-21.630627113125126
130,130,1.263242196746995e-05,1.3203380388547789e-05,-21.892955089348106,-21.7089295086866
131,131,1.2732598589564922e-05,1.3509683795794109e-05,-21.85760498674184,-21.60932902172511
132,132,1.262311422213259e-05,1.3200357323895381e-05,-21.8968912518128,-21.70992398932946
133,133,1.2836160252489432e-05,1.3146297605041917e-05,-21.823710075160093,-21.72774626741603
134,134,1.2453658289758227e-05,1.3395303252955751e-05,-21.95317103119299,-21.646255363870278
135,135,1.2597681876455287e-05,1.2924742589491775e-05,-21.904521015972186,-21.80156183929503
136,136,1.2531531785835918e-05,1.3419103149652456e-05,-21.928175753043746,-21.638545950979076
137,137,1.2454179453662928e-05,1.3377298273553606e-05,-21.955085229767775,-21.652096756887126
138,138,1.2400188153929476e-05,1.3678854166324814e-05,-21.971790880719894,-21.555283668738888
139,139,1.2378894407635185e-05,1.3187569924124737e-05,-21.981173600270367,-21.714133109311334
140,140,1.2490486993162458e-05,1.3091831581397473e-05,-21.94148164084051,-21.745776765953607
141,141,1.224931508762349e-05,1.2754184784793515e-05,-22.026492675002906,-21.8592538149889
142,142,1.2380727189479002e-05,1.2794521688575563e-05,-21.978093443884916,-21.845540315009103
143,143,1.2431625729038491e-05,1.279611689441433e-05,-21.962285942677173,-21.8449988755355
144,144,1.2578911288805215e-05,1.2769077042512914e-05,-21.911944368676934,-21.85418579027612
145,145,1.2282504330775652e-05,1.281515812335879e-05,-22.014018758485033,-21.838541171124337
146,146,1.2050285711422438e-05,1.2946859346572493e-05,-22.096691215141067,-21.79413656433811
147,147,1.2333244697955021e-05,1.3008284392861625e-05,-21.998918830647224,-21.773580632362027
148,148,1.218518034350091e-05,1.2859230417617303e-05,-22.049490864373528,-21.82363108049386
149,149,1.1905714688612899e-05,1.3020315930732881e-05,-22.15009323145371,-21.76956564053497
150,150,1.2186878079445865e-05,1.282880154911637e-05,-22.04903217183591,-21.833919993150644
151,151,1.2246163913511464e-05,1.3111362070623344e-05,-22.02623904207391,-21.73930275718734
152,152,1.2053784954782573e-05,1.3272976550644288e-05,-22.095934215491265,-21.686097592011052
153,153,1.2030570519762233e-05,1.3046998064007647e-05,-22.103823926582233,-21.760674883860943
154,154,1.1995426106783345e-05,1.268614433731847e-05,-22.116112407925655,-21.88248438028488
155,155,1.2221611250799807e-05,1.2549534547265226e-05,-22.034858102746902,-21.92950467865618
156,156,1.1901694614204371e-05,1.2550023903282923e-05,-22.152073855532773,-21.929335333351865
157,157,1.180187513755206e-05,1.2558797248187292e-05,-22.186706491621955,-21.926300371724736
158,158,1.1703986700988175e-05,1.2891722546651421e-05,-22.222444874998487,-21.812671361952045
159,159,1.212508887058987e-05,1.3153269097337647e-05,-22.070158044140783,-21.72544381069509
160,160,1.1827844835202132e-05,1.2634348350777719e-05,-22.178138663384285,-21.900252393564273
161,161,1.1780721097144948e-05,1.2736638477929918e-05,-22.1965492493353,-21.86523264538886
162,162,1.1709692819177812e-05,1.267585060448159e-05,-22.221930997668707,-21.88600974303728
163,163,1.1921456490133855e-05,1.2668502772851897e-05,-22.143349621463383,-21.888527955100244
164,164,1.176893890738732e-05,1.2629975835328591e-05,-22.199307949322918,-21.901755666983792
165,165,1.1753529479298692e-05,1.2392094600057279e-05,-22.205342543384646,-21.98433366201787
166,166,1.1682297301058029e-05,1.2599325289461136e-05,-22.231965143219952,-21.912307976316985
167,167,1.171305980606871e-05,1.216132539794719e-05,-22.219626187800344,-22.065971773741076
168,168,1.1386774446888462e-05,1.223447981445995e-05,-22.34397477084635,-22.039925775777096
169,169,1.1437390508645061e-05,1.2017175801079966e-05,-22.32277414133026,-22.117756717494522
170,170,1.1331062097204117e-05,1.1831833059037117e-05,-22.363657693706635,-22.18526052963302
171,171,1.135079857291559e-05,1.1808556863750136e-05,-22.353622567493076,-22.19381261060327
172,172,1.123764015630382e-05,1.1734545942569016e-05,-22.398993912531186,-22.221117966925092
173,173,1.1184867940455755e-05,1.1942534384663878e-05,-22.421274410903912,-22.14481585960219
174,174,1.131308796906636e-05,1.1313486634447289e-05,-22.37160009963145,-22.379816182063973
175,175,1.1495247085851175e-05,1.1917158213978646e-05,-22.306187968966455,-22.154053811860173
176,176,1.1265400166145632e-05,1.125777192244545e-05,-22.389275732535516,-22.40125640531547
177,177,1.1202468514741282e-05,1.126368047870959e-05,-22.4133410037918,-22.3989776415886
178,178,1.0978498140343383e-05,1.15234402313179e-05,-22.50236728276417,-22.29995932723847
179,179,1.098322221522037e-05,1.0902968704996104e-05,-22.498658715929928,-22.540333208041726
180,180,1.0919095009589956e-05,1.1138904124221116e-05,-22.525400708288963,-22.447356204645338
181,181,1.064883280818809e-05,1.1273406088500787e-05,-22.6347586787135,-22.395229349709744
182,182,1.0644654603592498e-05,1.1004695232642056e-05,-22.634302451046047,-22.500000667546765
183,183,1.0647772290484654e-05,1.1180943075535316e-05,-22.63765823921526,-22.430996499306328
184,184,1.02843028967588e-05,1.0805679578066032e-05,-22.787428624917293,-22.57926001112931
185,185,1.0519102582377658e-05,1.0990099613799861e-05,-22.690322046353234,-22.505764574596434
186,186,1.0274248559409861e-05,1.06341208505144e-05,-22.789722004575058,-22.648764948208957
187,187,1.0138629111623363e-05,1.0410606615838142e-05,-22.84774095923824,-22.741020501664586
188,188,1.00901293643398e-05,1.0525367064187058e-05,-22.868642931155154,-22.693408358656466
189,189,1.0182892531036524e-05,1.0556809779939757e-05,-22.831390351702858,-22.680453901274422
190,190,1.0211166911701475e-05,1.039290239197343e-05,-22.819046198847207,-22.74841237827936
191,191,9.955463399857068e-06,1.0659763144136186e-05,-22.92725997724765,-22.638305313875374
192,192,9.962534735227705e-06,1.0228540280590287e-05,-22.924175160428675,-22.817644265470896
193,193,9.912085415729137e-06,1.0400362594066936e-05,-22.94370326961427,-22.745296056966392
194,194,9.76982474855607e-06,1.0405753384570984e-05,-23.00829989122211,-22.743045573864407
195,195,9.848732916748069e-06,1.0288902797727037e-05,-22.972472640170267,-22.792090219929374
196,196,9.692557608845558e-06,1.0205893144494008e-05,-23.040493857756314,-22.82727069362761
197,197,9.724426336012499e-06,1.0326754579038702e-05,-23.030568947276787,-22.776142304298013
198,198,9.689744677688367e-06,1.0223077807543296e-05,-23.044053303684578,-22.81996420118262
199,199,9.712691941607886e-06,1.0493180525372736e-05,-23.035003142749137,-22.70670941770021
200,200,9.547344107727205e-06,1.0690252326496288e-05,-23.107525009803894,-22.625901301638258
201,201,9.389023175244051e-06,1.057932487176578e-05,-23.182600375684252,-22.671201326005303
202,202,9.426825830270956e-06,1.0356988073717252e-05,-23.16405246715314,-22.763446101798067
203,203,9.500717774197669e-06,1.0525000561756315e-05,-23.128689588687706,-22.69355958640329
204,204,9.682353242375761e-06,1.0658955847918006e-05,-23.04805538691305,-22.638634230723632
205,205,9.381669221427015e-06,1.0257666656941997e-05,-23.185414586962896,-22.805295046223915
206,206,9.46885319132617e-06,1.0267009632738528e-05,-23.144576586094164,-22.80134116840778
207,207,9.349228464285711e-06,1.0386663114714841e-05,-23.1977493140967,-22.751020405636844
208,208,9.401914676627056e-06,1.0052731603967627e-05,-23.174372790240838,-22.892939987666452
209,209,9.000114769338493e-06,9.978616138763946e-06,-23.366135824289085,-22.925077699874812
210,210,9.47052644592405e-06,1.0341944480866292e-05,-23.141162619057212,-22.769758843284876
211,211,9.40872922038795e-06,1.0212664069273925e-05,-23.173180605079835,-22.8243903967033
212,212,9.259519512064817e-06,9.900528407582132e-06,-23.244889965256398,-22.959197120966714
213,213,9.26746095257803e-06,9.934168031721033e-06,-23.236927698593675,-22.944465847222034
214,214,9.510066620256936e-06,1.0155841473054974e-05,-23.12554501381523,-22.848621731646542
215,215,9.349179656299421e-06,9.974125628344299e-06,-23.199038218121668,-22.92703252287796
216,216,9.373822621521108e-06,9.955655442402195e-06,-23.188018924787393,-22.935082287300798
217,217,9.351654030397935e-06,9.869020806562682e-06,-23.19858576125136,-22.973040217436008
218,218,9.32317034874865e-06,9.998018772182005e-06,-23.211702703529298,-22.916641384834623
219,219,9.429165191287426e-06,9.958242284674748e-06,-23.162742554036537,-22.93395397847222
220,220,9.06537560854538e-06,9.894467582757658e-06,-23.33447345411453,-22.961856563646663
221,221,9.138722202571688e-06,9.77573776445321e-06,-23.297396706429126,-23.014285432839678
222,222,9.165317102819358e-06,1.0460775995038843e-05,-23.286961828992855,-22.720141840276664
223,223,9.05972305209269e-06,1.0299821329489963e-05,-23.33653963580987,-22.78748395243038
224,224,9.28956559309694e-06,1.061246561412669e-05,-23.22622435812695,-22.657617902484517
225,225,9.197495053496786e-06,1.0076971887572558e-05,-23.26969814499032,-22.882480393462835
226,226,9.260053526098268e-06,1.0278212285859473e-05,-23.2410657576054,-22.79660502982086
227,227,9.108076591070767e-06,1.0274000727038487e-05,-23.315820535884622,-22.79838494206741
228,228,9.179725346013546e-06,9.98543162878425e-06,-23.280415064185206,-22.92211243966633
229,229,9.002961321326888e-06,1.0113582112880018e-05,-23.362016450724617,-22.866730814469626
230,230,9.236621065507824e-06,9.58229178362863e-06,-23.251427840721675,-23.10108695208523
231,231,9.217125263659778e-06,1.0298323966133849e-05,-23.261061925585366,-22.788115365244277
232,232,9.127117833092607e-06,9.767291382894128e-06,-23.303881252527937,-23.01803942317956
233,233,9.05040398495273e-06,9.962348677187324e-06,-23.339806840430178,-22.932163485773067
234,234,9.380897097930147e-06,9.694963098713503e-06,-23.184466828010745,-23.050319259358897
235,235,9.12506638809477e-06,9.853957587773421e-06,-23.30403269109253,-22.979673976233524
236,236,9.061931656837373e-06,9.90048683410063e-06,-23.336003455657142,-22.95921535754033
237,237,9.00086259432485e-06,9.863088052952662e-06,-23.365710643065132,-22.97565176012646
238,238,9.313054972116118e-06,1.0091786957912662e-05,-23.217049421887417,-22.876100125341992
239,239,9.239615951862771e-06,9.76062756308238e-06,-23.250796013595156,-23.021003446425436
240,240,9.111405177595161e-06,9.691194511680423e-06,-23.310583697368212,-23.052007759583176
241,241,8.999932889150606e-06,9.643056369225777e-06,-23.365650221172235,-23.07363380857295
242,242,9.021366852336832e-06,1.0015431718401438e-05,-23.35344927287966,-22.909084118916297
243,243,9.113498013978164e-06,9.948612052156883e-06,-23.311453358174276,-22.938155905203033
244,244,8.778034261641297e-06,9.953887049624954e-06,-23.473283771833316,-22.935853779892675
245,245,9.321870019795318e-06,1.0157117709528202e-05,-23.211380021353317,-22.848076008639197
246,246,8.987543564798375e-06,1.0026226774291564e-05,-23.371057047441735,-22.904405630197395
247,247,9.109060179117974e-06,9.946122669421847e-06,-23.310989636568067,-22.939242750748793
248,248,9.33259392339321e-06,1.0034705801923624e-05,-23.20889484985655,-22.900734419880727
249,249,9.209577528869801e-06,1.0013276790375944e-05,-23.264999639791462,-22.910018650819413
250,250,9.063604742663038e-06,9.665867357972801e-06,-23.33409420057009,-23.063372551872924
251,251,9.15749252299909e-06,9.920602750705592e-06,-23.290117394286447,-22.95040026738907
252,252,9.15762409500324e-06,9.89610316537437e-06,-23.290207180391498,-22.961138722291
253,253,9.072367541278058e-06,9.927645758005766e-06,-23.32966206952708,-22.947318142199528
254,254,9.026223450905726e-06,9.709819311721826e-06,-23.351368674252846,-23.043669380524282
255,255,9.136012911617446e-06,9.803605974555371e-06,-23.302130360339692,-23.001922385127283
256,256,9.000704461793726e-06,1.0004196299537158e-05,-23.362871447020446,-22.913958815811313
257,257,8.862326368901064e-06,9.906474588206038e-06,-23.43090310742001,-22.956589564930606
258,258,9.23762027201688e-06,9.595500494852834e-06,-23.252664954946972,-23.095104541574663
259,259,9.167827345701186e-06,9.76254224090218e-06,-23.28531929200848,-23.02015160318197
260,260,9.101639473546757e-06,9.672538286203666e-06,-23.31733099515948,-23.060376288904752
261,261,9.049329576358564e-06,9.5634519359584e-06,-23.342839908957398,-23.109634067980863
262,262,9.152282201312963e-06,1.0010781615595701e-05,-23.29300949160227,-22.9111009894963
263,263,9.202038152992472e-06,9.887105486421588e-06,-23.269229378624342,-22.965089186199407
264,264,9.23830848056316e-06,9.867965385829417e-06,-23.250425902062773,-22.973504688958165
265,265,8.980232554133237e-06,9.878095696828831e-06,-23.375347373011554,-22.96904857132075
266,266,9.020154814691327e-06,9.70966110751186e-06,-23.35543183990196,-23.04374014165066
267,267,8.997036200094748e-06,9.51520814851392e-06,-23.36558139889617,-23.13159793256869
268,268,9.080672521825541e-06,9.484724375253886e-06,-23.32537198082246,-23.145533714559
269,269,8.910039468901232e-06,9.39439101593483e-06,-23.410451263475785,-23.187094537796803
270,270,8.959379837759434e-06,1.0061631272899257e-05,-23.385530745254183,-22.889096885716217
271,271,8.968180982827613e-06,9.832574912587389e-06,-23.38043238188107,-22.989108224233558
272,272,8.83791716725832e-06,9.878793805814654e-06,-23.445444636410826,-22.968741655720102
273,273,9.157964517932491e-06,9.720160864832761e-06,-23.28868438723613,-23.039046339395384
274,274,8.857967156107351e-06,9.807745659360845e-06,-23.434166557615153,-23.000088914055937
275,275,8.976644930391052e-06,9.550004147297985e-06,-23.37589961353718,-23.11574526142204
276,276,9.11473529713382e-06,9.579283629902516e-06,-23.31028337937799,-23.10245053993905
277,277,8.967790990093058e-06,9.565269106372542e-06,-23.38118906647245,-23.108808934837704
278,278,8.873591825024574e-06,9.386059685455525e-06,-23.426709383737702,-23.19094774787036
279,279,8.888450926776582e-06,9.793293429538608e-06,-23.420141279233402,-23.006493191678075
280,280,8.866729096796954e-06,9.595504204633854e-06,-23.428674526904018,-23.095102862519866
281,281,8.726531355820306e-06,9.985349798195162e-06,-23.498247985125467,-22.9221480302349
282,282,8.989739042815403e-06,9.504989520792151e-06,-23.369432777598522,-23.136264439338312
283,283,8.999738224467609e-06,9.279928044155608e-06,-23.364170411390823,-23.240334775817686
284,284,8.978071913513782e-06,9.310084806202212e-06,-23.374781147676018,-23.226244493102225
285,285,8.653309660263572e-06,9.53335668447452e-06,-23.535821224983692,-23.123322441500168
