,epoch,train_loss,test_loss,train_dbs,test_dbs
0,0,0.0001659725296740737,0.00014095604465661667,-10.704654492605219,-11.414963974765865
1,1,0.00010798113999981913,7.724641105405201e-05,-12.575270915565355,-14.027017912454237
2,2,5.528057013133051e-05,3.834235308443711e-05,-15.482442431852144,-17.069013398791622
3,3,6.081948895277408e-05,3.597284002784076e-05,-15.067124275373803,-17.346053756677822
4,4,3.325234100669046e-05,3.528493164738297e-05,-17.69130621643923,-17.429908215802563
5,5,3.3153352315943285e-05,3.6167732775395146e-05,-17.69925727845009,-17.322588167910183
6,6,3.3167329786817025e-05,3.516771625742733e-05,-17.69951035117096,-17.444359352995
7,7,3.2763608332877e-05,3.532888130346117e-05,-17.753814661346798,-17.424502164271477
8,8,6.141872815823797e-05,0.00013800030482295704,-15.02510533629167,-11.50700056355843
9,9,3.9973983878075364e-05,3.7132473248914865e-05,-16.891566137451054,-17.20826225205007
10,10,3.555081112261684e-05,3.7485298219651574e-05,-17.39906438255848,-17.167191317648573
11,11,3.530183857947122e-05,3.7135993663564715e-05,-17.429525512612788,-17.20785053043492
12,12,3.534979908547086e-05,3.702566726516172e-05,-17.425011692977673,-17.220772080675538
13,13,3.5408175893646386e-05,3.7349522436239856e-05,-17.415544648330002,-17.182950489033722
14,14,3.53617363065702e-05,3.747805787593519e-05,-17.42112411216105,-17.168030245225104
15,15,3.5406774521706935e-05,3.6752180676558055e-05,-17.416050173144914,-17.25296989171195
16,16,3.531364190794849e-05,3.705301395185463e-05,-17.430771461793125,-17.217565620875376
17,17,3.520766387230923e-05,3.7246750588038645e-05,-17.438396161724576,-17.19491711229744
18,18,3.532418469552157e-05,3.67448897840835e-05,-17.427218674391703,-17.253831529967837
19,19,3.519116340687537e-05,3.685845704718591e-05,-17.44220740923559,-17.240429510371108
20,20,3.50968813605861e-05,3.6514192336318574e-05,-17.456055146410453,-17.28118403203007
21,21,3.481936984882719e-05,3.6688328212843966e-05,-17.489539779698756,-17.260521794620537
22,22,3.4437378361093876e-05,3.676227003636182e-05,-17.537517430256983,-17.251777812257167
23,23,3.4095916282577615e-05,3.5762350116304954e-05,-17.5794426199965,-17.371540514084003
24,24,3.401922997712523e-05,3.545859008705807e-05,-17.588022663392543,-17.40858638965481
25,25,3.385511184571498e-05,3.516560891033518e-05,-17.610856869430027,-17.444619602090764
26,26,3.3819873557880894e-05,3.466906491667032e-05,-17.618608306599548,-17.50637973895102
27,27,3.341513041322259e-05,3.47471819910233e-05,-17.667561964940145,-17.496605131372412
28,28,3.318293767227532e-05,3.5186932923112946e-05,-17.697061762092453,-17.441986889434283
29,29,3.297273555684105e-05,3.465710707180398e-05,-17.727089216189054,-17.50787793968631
30,30,3.250362261524904e-05,3.397622650051122e-05,-17.7870650782855,-17.594049588617636
31,31,3.232770678110195e-05,3.400982830881778e-05,-17.811531557600347,-17.589756625550812
32,32,3.2188653498563976e-05,3.3756380569110134e-05,-17.832273720501583,-17.622242275803597
33,33,3.196061026624802e-05,3.3396783309351454e-05,-17.86103377073607,-17.66875463333065
34,34,3.210497917964474e-05,3.429458545150211e-05,-17.841441409351905,-17.553545445216976
35,35,3.187392250071856e-05,3.347547547156481e-05,-17.872492190656992,-17.658533477887065
36,36,3.365856381484245e-05,3.3769158969670044e-05,-17.63790253442816,-17.620598575077956
37,37,3.1786735863280815e-05,3.321589381237956e-05,-17.885608187597807,-17.692341586105297
38,38,3.2185494176504565e-05,3.332574095494285e-05,-17.82866405764161,-17.678002878807128
39,39,3.1785566684401107e-05,3.4509007347974386e-05,-17.885531034003,-17.526476350676184
40,40,3.313991480363538e-05,3.533948543726614e-05,-17.703074773293658,-17.423198804071202
41,41,3.360678305604601e-05,3.5275572946901725e-05,-17.641301956503817,-17.43106025745079
42,42,3.2990469315842984e-05,3.4688570610198534e-05,-17.723899527802192,-17.503936975375247
43,43,3.278584774738398e-05,3.427743860428516e-05,-17.7508738583724,-17.55571740422974
44,44,3.242074186327392e-05,3.409060981970182e-05,-17.798871639310768,-17.579453320069696
45,45,3.198179882994886e-05,3.357960629632304e-05,-17.857028929008443,-17.645045021009807
46,46,3.155536616815749e-05,3.305924933795866e-05,-17.914887867699115,-17.712871140417207
47,47,3.117614378237535e-05,3.287112399687574e-05,-17.96784293819816,-17.73765547429605
48,48,3.097215507220904e-05,3.256217381644283e-05,-17.995999563328375,-17.77866711825231
49,49,3.07704910680054e-05,3.2134711306609555e-05,-18.02667917290319,-17.83605699424655
50,50,3.054970909136866e-05,3.191427832031255e-05,-18.05542707937828,-17.865950739055975
51,51,3.1034771344605255e-05,3.2275357769226264e-05,-17.989315072002196,-17.81709036975039
52,52,3.0194618900458944e-05,3.14739549809785e-05,-18.106472710862537,-17.926287827652786
53,53,3.098118461999435e-05,3.2407929546408064e-05,-17.99662261302254,-17.799288160155374
54,54,3.054092432892541e-05,3.18842044898223e-05,-18.056614847436908,-17.870045162316124
55,55,3.0209426674361764e-05,3.159177820060378e-05,-18.104773381163042,-17.910060304059066
56,56,3.0224351782457345e-05,3.199360894780655e-05,-18.106130443227947,-17.855168698548795
57,57,3.0274947947845313e-05,3.112107792970308e-05,-18.098111291518755,-17.975254709709894
58,58,3.0081108110907642e-05,3.132151581858603e-05,-18.12350983278258,-17.94737330284908
59,59,3.0163388633884527e-05,3.1061657864484005e-05,-18.113202595376404,-17.983554702935976
60,60,2.98270424536895e-05,3.070368658977953e-05,-18.162699017123625,-18.033895777325966
61,61,3.021556351330256e-05,3.163325843496224e-05,-18.105336490995555,-17.90436172626987
62,62,2.954248205795236e-05,3.070708800422788e-05,-18.202650495821224,-18.033414684053046
63,63,2.9435634095318972e-05,3.09231429702394e-05,-18.217436275464244,-18.002964736865636
64,64,2.932653405503178e-05,3.0231520883573564e-05,-18.23582735045221,-18.101201058926844
65,65,2.9153464489242005e-05,3.078064247873906e-05,-18.25988554699304,-18.02302421512987
66,66,2.9506920552578486e-05,3.0978015083268185e-05,-18.209226498639968,-17.995265151626818
67,67,2.931441356606191e-05,3.0855916759863154e-05,-18.233668424787677,-18.012416477910918
68,68,2.914676597637734e-05,3.0254444170982186e-05,-18.261689493745155,-18.097909234882604
69,69,2.9540126429169832e-05,3.0537441202077865e-05,-18.205503919733946,-18.05747458277009
70,70,2.907007980219223e-05,2.972213233557628e-05,-18.27438921948579,-18.175001385402872
71,71,2.8868884665947935e-05,3.053312598479495e-05,-18.302426080105512,-18.058088323609137
72,72,2.8652145196359662e-05,2.9616640715271626e-05,-18.33658781940595,-18.19044305178583
73,73,2.8333511734897385e-05,2.957267765611361e-05,-18.386206886176865,-18.19689452581403
74,74,2.8572491669130858e-05,2.970261869593646e-05,-18.346954698682477,-18.177853619926342
75,75,2.8345819654785692e-05,2.959606248814931e-05,-18.38235176018489,-18.193461664469556
76,76,2.8281666673887904e-05,2.982545217826938e-05,-18.393352825150828,-18.15993065400462
77,77,2.9619675505151444e-05,3.165138858955623e-05,-18.19015192990657,-17.90187334190436
78,78,2.9161775001767572e-05,3.006909144843169e-05,-18.26092567149127,-18.12459796163383
79,79,2.8136122562069224e-05,2.9410848678947476e-05,-18.414645891419593,-18.220725453705597
80,80,2.7746847221932673e-05,2.926364006845305e-05,-18.477556476034135,-18.242517555429362
81,81,2.7926964574681294e-05,2.9808857633677116e-05,-18.44769205918648,-18.162347691899367
82,82,2.7479692304491297e-05,2.905612544916374e-05,-18.52009449850907,-18.2734240015097
83,83,2.7856583252174723e-05,3.0556885241438926e-05,-18.45802573922211,-18.054710188831372
84,84,2.8422216994081236e-05,2.9105999649465575e-05,-18.370975304334827,-18.265975822732646
85,85,2.75219961660002e-05,2.8470446570856056e-05,-18.51234754659693,-18.36185822761722
86,86,2.7280590309357612e-05,2.8352215323186675e-05,-18.547326622751143,-18.379931035486386
87,87,2.716187781956738e-05,2.8341787344145002e-05,-18.566704322106602,-18.381528669660447
88,88,2.7463208163080897e-05,2.867699243468355e-05,-18.523120419075312,-18.33046500297851
89,89,2.72703159727413e-05,2.8791256849408935e-05,-18.550420896005768,-18.31319478131496
90,90,2.7337704654500974e-05,2.8443818767922685e-05,-18.537670173192684,-18.365921992177515
91,91,2.6800540253293783e-05,2.9171766264449904e-05,-18.62527204153008,-18.25617376884193
92,92,2.702024201275937e-05,2.8564408766167043e-05,-18.589502728673242,-18.34754862707267
93,93,2.7268291784455813e-05,2.9169648003421333e-05,-18.550365446652947,-18.256489136265873
94,94,2.705862815551863e-05,2.949116022041141e-05,-18.586882499362773,-18.208882434577124
95,95,2.6822860865987543e-05,2.9059778650040052e-05,-18.622362429786804,-18.272878001233682
96,96,2.6954696989274997e-05,2.8265828261378612e-05,-18.603153836479354,-18.393183861260532
97,97,2.6688009927159693e-05,2.862027825980668e-05,-18.645852518572635,-18.339062501930954
98,98,2.6939922754161334e-05,2.799200085160249e-05,-18.603983032108268,-18.435461593651812
99,99,2.6613694008682212e-05,2.853255404931444e-05,-18.654941474191368,-18.352394534282038
100,100,2.7050283860421822e-05,2.8584797531182533e-05,-18.586067205518425,-18.344449816402
101,101,2.7006647982976648e-05,2.998887564325215e-05,-18.59227432240083,-18.136199187567282
102,102,2.7532547410936384e-05,2.8885171655259145e-05,-18.51137298909308,-18.29905149295463
103,103,3.0622730217559006e-05,3.130577428428775e-05,-18.04694130487806,-17.949556524130145
104,104,2.8686099390189654e-05,2.9457807517916846e-05,-18.331301786654276,-18.21379681959566
105,105,2.773682987851513e-05,2.8936893661586127e-05,-18.47579050726263,-18.291281937229243
106,106,2.6960437757337523e-05,2.799535746146974e-05,-18.603009503917843,-18.43494084854473
107,107,2.6580090907935808e-05,2.8252004995010793e-05,-18.662682405370617,-18.395308276893346
108,108,2.67929280733032e-05,2.7951783953252935e-05,-18.62648827022974,-18.441705711779374
109,109,2.649046068326402e-05,2.758092494715177e-05,-18.67467508336221,-18.499712755750494
110,110,2.66394621313648e-05,2.7912563669623953e-05,-18.648585257592988,-18.44780375329674
111,111,2.7111289080156773e-05,2.9493646587453488e-05,-18.575966378159688,-18.208516301145334
112,112,2.7571542399452962e-05,2.846436348734546e-05,-18.501708717695845,-18.36278625376114
113,113,2.6652840610903197e-05,2.876253902765089e-05,-18.64834181648311,-18.317528810849172
114,114,2.705049754479557e-05,2.830475779391188e-05,-18.582833070595036,-18.38720659108887
115,115,2.6379872315842897e-05,2.7823361099428056e-05,-18.69545889552158,-18.46170509870193
116,116,2.7029351952375326e-05,2.927948777429073e-05,-18.588466109156748,-18.240166273009763
117,117,2.7035284830097077e-05,2.7964657802888388e-05,-18.589393619354002,-18.439705927179094
118,118,2.651434731456696e-05,2.8470640532568243e-05,-18.671330323930377,-18.361828640369914
119,119,2.7633959464380787e-05,2.9432326252725416e-05,-18.49357491581482,-18.217555131165565
120,120,2.735440048314727e-05,2.867208145050283e-05,-18.534783367165858,-18.33120880342414
121,121,2.674568269267371e-05,2.8112782609624493e-05,-18.63556060328224,-18.416762677508945
122,122,2.6662890189813363e-05,2.870777155438095e-05,-18.647154878268694,-18.325806204302673
123,123,2.6292320033406343e-05,2.843074004263862e-05,-18.70734865058656,-18.367919376751605
124,124,2.6821412219076066e-05,2.788474347126842e-05,-18.622755540742855,-18.452134485459837
125,125,2.650101076554718e-05,2.7919795588547314e-05,-18.677120092079093,-18.44667867725078
126,126,2.7139467035630867e-05,2.8776154067600146e-05,-18.571137800840518,-18.3154735202219
127,127,2.6704141625308805e-05,2.8134084315847997e-05,-18.64257486816504,-18.413473173785103
128,128,3.349672792443091e-05,3.0125766084223104e-05,-17.65581798467234,-18.116420024225242
129,129,2.780745606137363e-05,2.799005443720441e-05,-18.466935176676923,-18.435763589364033
130,130,2.6637589078595784e-05,2.8117162161690528e-05,-18.653791362974665,-18.41608616420022
131,131,2.671348474248908e-05,2.8341005370174044e-05,-18.641926842797247,-18.38164849684762
132,132,3.0574734016236385e-05,3.4371108420983597e-05,-18.05537404420771,-17.54386564289691
133,133,3.583107560920438e-05,3.582958724061762e-05,-17.365370959586876,-17.363382969608598
134,134,3.259373966336836e-05,3.21377181918299e-05,-17.774516237157577,-17.835650638466923
135,135,2.995600893366818e-05,3.022392315630752e-05,-18.14112896405624,-18.102292656580758
136,136,2.8426001570307525e-05,2.974166062286761e-05,-18.372273955849774,-18.172148883974828
137,137,2.766442616796001e-05,2.9662984257141178e-05,-18.48849164210747,-18.18365260781271
138,138,2.738877181625342e-05,2.8554561331953953e-05,-18.53254032628157,-18.34904609328212
139,139,2.7126291185886283e-05,2.8564481142798048e-05,-18.574077187097757,-18.34753762291295
140,140,2.6732379363651134e-05,2.8500026689327667e-05,-18.637862256030086,-18.35734835341554
141,141,2.6513251420332492e-05,2.748196426469612e-05,-18.673082114595964,-18.51532331495097
142,142,2.6305700116280766e-05,2.767404925850171e-05,-18.707758514957597,-18.485073924251996
143,143,2.628238739488711e-05,2.846439374001133e-05,-18.710483950968502,-18.36278163796888
144,144,2.610673601742109e-05,2.7283522668815413e-05,-18.74112331843499,-18.546796592037857
145,145,2.611106409642968e-05,2.788972089643051e-05,-18.738353243378835,-18.451359339230383
146,146,2.5865723390657858e-05,2.7781337370183074e-05,-18.780003916911614,-18.468269535771874
147,147,2.617707342164742e-05,2.7568203701153643e-05,-18.727804179695436,-18.501716329396466
148,148,2.6150150334455922e-05,2.7802713559235837e-05,-18.73251586167673,-18.464929166996235
149,149,2.6188422565347846e-05,2.7996954821374904e-05,-18.72712495477256,-18.434693055744493
150,150,2.617963208340183e-05,2.7406705492850098e-05,-18.73099587236671,-18.527232690767065
151,151,2.622452272599102e-05,2.75805486078178e-05,-18.720906358046207,-18.499772015260994
152,152,2.605787817769523e-05,2.7756309703507116e-05,-18.745518925262893,-18.472183773713443
153,153,2.6257906563504428e-05,2.916393857862874e-05,-18.714821653733573,-18.257339271440294
154,154,2.6656842678254253e-05,2.787040188865687e-05,-18.648334394405232,-18.454368708072696
155,155,2.6050496052983025e-05,2.8133632344849358e-05,-18.75038006369717,-18.41354294328077
156,156,2.7639378365081227e-05,3.0074518738394162e-05,-18.49319776395571,-18.123814156976454
157,157,2.844641725103654e-05,2.9285687560332008e-05,-18.368849362743585,-18.239246773371494
158,158,2.7719211034637577e-05,2.8294623055109313e-05,-18.48016325145891,-18.388761894740075
159,159,2.7194724623899974e-05,2.7981910438699598e-05,-18.563276831325798,-18.437027398359863
160,160,2.6755358769300937e-05,2.7742272083598534e-05,-18.63377939103583,-18.474380752734906
161,161,2.679643298459681e-05,2.800998022154856e-05,-18.62580898734791,-18.432672998936297
162,162,2.6484121345796685e-05,2.8065066879590678e-05,-18.674995594057037,-18.424140205636274
163,163,2.6334875759314e-05,2.793227328143793e-05,-18.701160223018064,-18.444738196488267
164,164,2.6369534886547737e-05,2.7514253624279884e-05,-18.696036068463243,-18.510223657977818
165,165,2.649031591421046e-05,2.7374113319398786e-05,-18.675228951376482,-18.532400412995447
166,166,2.6538527975193126e-05,2.739520249107093e-05,-18.669699614796276,-18.52905587191355
167,167,2.640920369812352e-05,2.8433125695109513e-05,-18.689354754792248,-18.36755497109926
168,168,2.6131231297580428e-05,2.7267913250589597e-05,-18.735949432617982,-18.549281983768417
169,169,2.619500814147351e-05,2.698929759054935e-05,-18.725696687398575,-18.59388520071779
170,170,2.645366262139263e-05,2.725037024662781e-05,-18.68076118725615,-18.55207694706911
171,171,2.617147128120516e-05,2.7563503719743732e-05,-18.7293605416244,-18.50245680201805
172,172,2.7950719648044432e-05,3.1758823847906714e-05,-18.444383440577322,-17.887156916042887
173,173,2.821950119207181e-05,2.854625956005245e-05,-18.400607542684423,-18.350308917072013
174,174,2.716059503823605e-05,2.778863123048244e-05,-18.567197066050014,-18.467129465558504
175,175,2.6481667951021834e-05,2.8228675690020043e-05,-18.681083478282606,-18.398895977635416
176,176,2.6501844059594922e-05,2.7450123621077326e-05,-18.67647340924129,-18.520357974256584
177,177,2.6400858531036947e-05,2.7157652527277703e-05,-18.69131726279514,-18.566878746808946
178,178,2.671160007256609e-05,2.7718901516269206e-05,-18.641749635983025,-18.47804086606177
179,179,2.6373748800530668e-05,2.7784601020118172e-05,-18.69299492851248,-18.46775937245947
180,180,2.6368518352758176e-05,2.6766156033294176e-05,-18.69490815066232,-18.629940967004806
181,181,2.6373692383730458e-05,2.811602222975221e-05,-18.697071478179737,-18.41626224035738
182,182,2.6321505315208176e-05,2.70084618884874e-05,-18.704302888397535,-18.590802499037643
183,183,2.5973239466223923e-05,2.7172676709597e-05,-18.764531148311253,-18.56447680309377
184,184,2.5872031092711548e-05,2.6969133231384484e-05,-18.77789538081912,-18.597131132888414
185,185,2.6341946246135457e-05,3.0097055442686388e-05,-18.702365259132424,-18.120560937526815
186,186,2.902193467814437e-05,2.9076823442377836e-05,-18.28063117138781,-18.270331426716712
187,187,2.7406211770961744e-05,2.769629214813712e-05,-18.52704783162357,-18.48158470439008
188,188,2.6738975966228028e-05,2.8105453805581322e-05,-18.634991231008,-18.417895000177133
189,189,2.684514102023143e-05,2.7518913587922916e-05,-18.617119249471475,-18.509488175503016
190,190,2.6369081648770533e-05,2.7637926809563252e-05,-18.69463616179619,-18.49074639650566
191,191,2.639208984883507e-05,2.784255325662487e-05,-18.692369311381327,-18.458710430099764
192,192,2.6253505377999036e-05,2.7427288793995486e-05,-18.714920143965617,-18.523972226289537
193,193,2.6372449498274964e-05,2.75384900305653e-05,-18.6971100273136,-18.50639978381928
194,194,2.6434323388588682e-05,2.727259896729313e-05,-18.683230166353255,-18.548535756485116
195,195,2.609139181979267e-05,2.7990024184538542e-05,-18.74150071005926,-18.43576828337882
196,196,2.6052385767319927e-05,2.66027921162803e-05,-18.746998248752075,-18.656528813216685
197,197,2.6401542349161637e-05,2.6990147920227364e-05,-18.692244454386238,-18.593748373270415
198,198,2.6156431848687942e-05,2.744603328832646e-05,-18.731145582910084,-18.521005163074943
199,199,2.5775498384579814e-05,2.671373371604683e-05,-18.795292023830118,-18.63845509465449
200,200,2.5830705885006685e-05,2.7690478849475958e-05,-18.784031924266603,-18.48249636018586
201,201,2.590908674786069e-05,2.6624986659092093e-05,-18.7731091753445,-18.65290703216479
202,202,2.6025850406158404e-05,2.738761462464218e-05,-18.752458811484452,-18.530258938390958
203,203,2.8158374681373334e-05,2.7121908523871464e-05,-18.411408529024836,-18.572598551974547
204,204,2.598549954856616e-05,2.6818336903632274e-05,-18.76084060236416,-18.621482597812506
205,205,2.5531519126742912e-05,2.7049433954648282e-05,-18.835921812296462,-18.584219207040945
206,206,2.571485331537053e-05,2.6547975721769035e-05,-18.806093364475423,-18.66548690246471
207,207,2.557715773965009e-05,2.6953325064632256e-05,-18.82843649315191,-18.599677530068043
208,208,2.6132692096091222e-05,2.671237014414816e-05,-18.733852778380875,-18.63867678094962
209,209,2.5839516938410187e-05,2.676279071142505e-05,-18.785462469233977,-18.630487041907603
210,210,2.578208370754716e-05,3.4131893220259566e-05,-18.791223094184595,-17.57419723756145
211,211,2.626948664384923e-05,2.743406835897507e-05,-18.71270931428717,-18.522898855950878
212,212,2.559569778914573e-05,2.6991919328697566e-05,-18.825656111442356,-18.593463347904294
213,213,2.704556339539494e-05,2.854665399354417e-05,-18.58660767745321,-18.35024890952352
214,214,2.6462219316319122e-05,2.7021576993559537e-05,-18.681931026090066,-18.58869410970751
215,215,2.602770094658949e-05,2.6977199300553795e-05,-18.752476611433814,-18.59583241648173
216,216,2.6127147403834916e-05,2.702780023499049e-05,-18.736424620208624,-18.587694016990984
217,217,2.5847253475392827e-05,2.6891932257536898e-05,-18.783722253081375,-18.609580934835613
218,218,2.6046103081058654e-05,2.714171061693617e-05,-18.750169942222147,-18.569428862865692
219,219,2.5887659015181982e-05,2.6770740269536252e-05,-18.776402344647526,-18.62919721507071
220,220,2.5731572078285288e-05,2.69964129984146e-05,-18.803477929390038,-18.592740385781926
221,221,2.5949561746791605e-05,2.768205252466846e-05,-18.764543325245466,-18.48381813699615
222,222,2.5607410665093223e-05,2.693270164998371e-05,-18.82398344730522,-18.60300181881719
223,223,2.5460590644722767e-05,2.7333306111119638e-05,-18.84795855227346,-18.53887936917684
224,224,2.5662053228666784e-05,2.709047418504365e-05,-18.815774407588922,-18.577634951683613
225,225,2.5770480608547794e-05,2.8274890370850796e-05,-18.796477211052675,-18.391791723252005
226,226,2.5674711754074507e-05,2.7039911928065857e-05,-18.81369232715648,-18.585748293250624
227,227,2.5495035440622607e-05,2.6233776991016623e-05,-18.843911986599412,-18.717192796944783
228,228,2.6594799368767688e-05,2.684381587115288e-05,-18.659712851902746,-18.617358508390765
229,229,2.602404637184815e-05,2.726401132684642e-05,-18.753271925557122,-18.549903485381094
230,230,2.5576293588416128e-05,2.69409967203453e-05,-18.828987095336696,-18.601664430287173
231,231,2.559761998275734e-05,2.621039646711372e-05,-18.823977813251673,-18.721065117745436
