,epoch,train_loss,test_loss,train_dbs,test_dbs
0,0,3.350178823106053e-05,3.0408336131490376e-05,-31.74260389156832,-32.182695708278395
1,1,3.2390647621215654e-05,2.9446991041033088e-05,-31.88552231101771,-32.32221303893172
2,2,2.871246093472456e-05,2.7952642324778838e-05,-32.412214699383064,-32.54839360686261
3,3,2.8586184683816326e-05,2.4780208772618178e-05,-32.422222765126435,-33.07157267133147
4,4,2.2243447665928636e-05,2.9655853531470423e-05,-33.52122843384638,-32.29151800036677
5,5,2.1413853845814693e-05,2.0521278297804346e-05,-33.674327799744,-33.890578180432875
6,6,1.9450750918734876e-05,1.8321915711950216e-05,-34.10364931770882,-34.382913472245924
7,7,1.9149729569014115e-05,2.2369922972805062e-05,-34.17484918320294,-33.51597739431662
8,8,1.8825662776827212e-05,1.945703948685581e-05,-34.24047423914313,-34.12185467835535
9,9,1.819671818985935e-05,1.637182063668182e-05,-34.38906441249516,-34.87165250071022
10,10,1.6852063587047615e-05,1.581790011665649e-05,-34.7264021143255,-35.021133992804536
11,11,1.5767426984237636e-05,1.5326873309325157e-05,-35.00573521679065,-35.15808660534109
12,12,1.5781635044835094e-05,2.0137221087536188e-05,-35.008160567076835,-33.97262689875789
13,13,1.5977658887967447e-05,1.4724610704625344e-05,-34.95661201090915,-35.3321840655539
14,14,1.618622582569027e-05,1.4693800805712512e-05,-34.901572445811716,-35.34128080007558
15,15,1.592532752857954e-05,1.464979342065482e-05,-34.971672865452994,-35.35430727438887
16,16,1.5232342916205357e-05,1.4736507134665245e-05,-35.167541195058135,-35.32867669408913
17,17,1.5165200238698162e-05,1.4589081633618517e-05,-35.182673845802796,-35.37234273706701
18,18,1.4707925636441322e-05,1.4346662091587572e-05,-35.31359387568964,-35.4451135866404
19,19,1.3956666670000954e-05,1.429338403556214e-05,-35.53870208639802,-35.46127165588823
20,20,1.4901266732737999e-05,1.4038045695710216e-05,-35.25931912073804,-35.539555763434535
21,21,1.4244353936651491e-05,1.394315883149638e-05,-35.45664968103753,-35.569010535086484
22,22,1.3908662752037718e-05,1.384945565070283e-05,-35.55878834778964,-35.59829524205528
23,23,1.4276202603365708e-05,1.3810333401029071e-05,-35.4492637004137,-35.61058064918646
24,24,1.3986704842179664e-05,1.3716320321882927e-05,-35.52859255765909,-35.640246093206414
25,25,1.3922283129038087e-05,1.37154906233742e-05,-35.546988680847406,-35.64050880534366
26,26,1.3805807855570707e-05,1.3458109702026521e-05,-35.58891067304616,-35.72278164032501
27,27,1.3540954934853158e-05,1.3136320615701966e-05,-35.67255267345031,-35.82788488460079
28,28,1.326080155663898e-05,1.3028190694871897e-05,-35.765612973487364,-35.86378121359203
29,29,1.3716182544045559e-05,1.3310074312980042e-05,-35.62047770373431,-35.770817478683405
30,30,1.351197645526929e-05,1.2920945760254798e-05,-35.6862700801861,-35.89967924710364
31,31,1.3232826746651572e-05,1.2895992241331106e-05,-35.77558605931117,-35.908074649336676
32,32,1.3166291733496204e-05,1.2777778082588492e-05,-35.797038620151426,-35.94806886834111
33,33,1.3046377698066357e-05,1.2787326867462406e-05,-35.83439817227622,-35.94482461428421
34,34,2.0330011541295087e-05,2.046929608025637e-05,-33.91071170058118,-33.90159320165802
35,35,1.740397243507293e-05,1.5454413283135326e-05,-34.58581109703472,-35.12209706106895
36,36,1.599488861813239e-05,1.4878800357109867e-05,-34.94552916800374,-35.286943116357776
37,37,1.5497875023187982e-05,1.5350613993129963e-05,-35.08600489937075,-35.15136477057695
38,38,1.4964122624171313e-05,1.4424450790485074e-05,-35.24846420383354,-35.421629416846
39,39,1.4900110464932555e-05,1.4443706899519862e-05,-35.25140267902366,-35.41583561231795
40,40,1.4343496538280419e-05,1.3924619835099867e-05,-35.41973127240397,-35.57478881050562
41,41,1.4298956248052322e-05,1.383601820156113e-05,-35.42923240489711,-35.60251103442531
42,42,1.3921187150417514e-05,1.4063337690267394e-05,-35.552197336837956,-35.53173822898255
43,43,1.3619735328415792e-05,1.3698046371389769e-05,-35.65360001450286,-35.64603596034141
44,44,1.3565008800666414e-05,1.375803247739034e-05,-35.66443984707709,-35.627058977923916
45,45,1.3521771488177768e-05,1.3572271583191315e-05,-35.67371262506103,-35.686096867505945
46,46,1.3554822431877856e-05,1.3213132660894189e-05,-35.66896123190393,-35.80256432745999
47,47,1.3454550134690752e-05,1.304338021375435e-05,-35.700107907074894,-35.85872073986537
48,48,1.3246867207065584e-05,1.3543059044183648e-05,-35.763446708573156,-35.6954545622921
49,49,1.3117366788063328e-05,1.293868028465352e-05,-35.80665641138003,-35.89372246545518
50,50,1.2756207013939575e-05,1.2689711614879534e-05,-35.9312250608131,-35.97810475634611
51,51,1.302771666702291e-05,1.2606123259741397e-05,-35.839855812903075,-36.006806788675895
52,52,1.2693209494491103e-05,1.2606769527529219e-05,-35.946651048113544,-36.00658414819072
53,53,1.2756524418214259e-05,1.2431059315675061e-05,-35.933023188517694,-36.06754089382277
54,54,1.2278175098490278e-05,1.2515168571936605e-05,-36.09204386844417,-36.03825524434313
55,55,1.2511383820029297e-05,1.2381065588622158e-05,-36.02284032651872,-36.08504203832749
56,56,1.2328605248278353e-05,1.2383695703695258e-05,-36.076182428523325,-36.08411956267442
57,57,1.256762108411196e-05,1.2095805399631468e-05,-36.00231798442083,-36.186274369342286
58,58,1.2561496771819837e-05,1.223000057698779e-05,-36.00708630301102,-36.13835750582925
59,59,1.24827566773111e-05,1.2053208210042948e-05,-36.02714688428742,-36.20159569373999
60,60,1.2132116812749372e-05,1.1777550944794998e-05,-36.14155784664749,-36.30207236616454
61,61,1.1809304729449087e-05,1.210590888053718e-05,-36.26066937635014,-36.1826482739265
62,62,1.2055129305154719e-05,1.1632085931380157e-05,-36.17049348448485,-36.35604626255529
63,63,1.1781237835467183e-05,1.1891877635973383e-05,-36.27217176951385,-36.26011796318753
64,64,1.191012984001889e-05,1.1448056475752597e-05,-36.23275182517607,-36.425304648822404
65,65,1.1774777282046193e-05,1.1797189520285955e-05,-36.2765716482835,-36.294836717523005
66,66,1.2101751935071811e-05,1.1447956383467259e-05,-36.16803962382963,-36.4253426200862
67,67,1.1393152751984463e-05,1.1304361578368116e-05,-36.41496537937843,-36.480161878154206
68,68,1.1594224131315678e-05,1.1053431032786121e-05,-36.34652227488856,-36.57765122275591
69,69,1.1535434046872416e-05,1.1209146625907651e-05,-36.373643772388185,-36.51689677936855
70,70,1.1645185407257121e-05,1.1062859046337268e-05,-36.326178482078,-36.57394849097409
71,71,1.1756574219090026e-05,1.2350905739080381e-05,-36.28893865313229,-36.09563420872126
72,72,1.2001121662645337e-05,1.2041507273495786e-05,-36.20646758108708,-36.20581375772043
73,73,1.1265994216205635e-05,1.0926899114182512e-05,-36.461744292620615,-36.62765294765041
74,74,1.0897126029113238e-05,1.042389947925633e-05,-36.61813699298937,-36.83232013413717
75,75,1.0102201064075848e-05,9.537352525512688e-06,-36.94430587907829,-37.21834392516482
76,76,1.0207851892587736e-05,9.588746252120472e-06,-36.9063035566534,-37.195004021036425
77,77,9.648684381411925e-06,9.37126787903253e-06,-37.147375408744125,-37.294638756819595
78,78,1.0065911658212949e-05,9.442839990170845e-06,-36.96088493803432,-37.261595975215165
79,79,9.2920842464607e-06,9.174736126289262e-06,-37.30953315016687,-37.38668645706815
80,80,9.095958188312974e-06,9.024218127849867e-06,-37.39411435828099,-37.458526438431605
81,81,8.97309223312066e-06,9.187362354025122e-06,-37.45294333344233,-37.38071382610436
82,82,9.739392948008057e-06,9.03116288578818e-06,-37.101621400799225,-37.45518552837579
83,83,8.923104308722913e-06,8.832601787090474e-06,-37.48536041076617,-37.55173577153836
84,84,8.817870286630873e-06,9.071539879139317e-06,-37.53685347946878,-37.43581214008682
85,85,8.766600818564688e-06,8.885905715846762e-06,-37.56018886854979,-37.52560527272936
86,86,9.37494889475386e-06,9.41412044515968e-06,-37.27778332664515,-37.27482477697015
87,87,8.906802009995463e-06,8.66091391129119e-06,-37.490739134432445,-37.63698506334813
88,88,8.985002413161037e-06,9.339041944737178e-06,-37.45042233731118,-37.30959902141158
89,89,8.936206719114388e-06,8.969465828781004e-06,-37.47088981061499,-37.48495648444517
90,90,8.875286940312116e-06,8.606445398503351e-06,-37.50067793539546,-37.66438410286216
91,91,8.824743000547745e-06,8.520219772004853e-06,-37.53225540328126,-37.70811430931121
92,92,8.767208782956004e-06,8.572506024058002e-06,-37.55947079963549,-37.68154429134558
93,93,9.004561663984823e-06,8.655153219718303e-06,-37.444589991545044,-37.639874676371015
94,94,8.935265213949606e-06,8.56653492806608e-06,-37.47407627608234,-37.684570381489564
95,95,8.763316534746128e-06,8.504022126113628e-06,-37.56172322402382,-37.71637846626476
96,96,8.362171843380321e-06,8.38353138246212e-06,-37.76274914411721,-37.778352337190654
97,97,8.489682067633599e-06,8.607281774617915e-06,-37.70218851885544,-37.663962075107236
98,98,8.420715056269456e-06,8.416252943501795e-06,-37.73508718450704,-37.761434487421276
99,99,8.682978917481846e-06,8.32531993996542e-06,-37.60257931125645,-37.80861295780885
100,100,8.699275576404521e-06,8.607652106500035e-06,-37.59686237699631,-37.663775222117835
101,101,8.42419594565146e-06,8.363438825510552e-06,-37.739194407117694,-37.788773435084735
102,102,8.513793662919834e-06,8.283662952491891e-06,-37.69108036147442,-37.83039808197303
103,103,8.530271784787982e-06,8.368653724526092e-06,-37.68629311970991,-37.78606629976058
104,104,8.44659767683401e-06,8.24269718099171e-06,-37.71735797051761,-37.85192883019023
105,105,8.79362615358838e-06,8.203741919332012e-06,-37.54776204430619,-37.872502386223175
106,106,8.357987825519623e-06,8.202821534627889e-06,-37.770126722809486,-37.872989652188124
107,107,8.455530893190803e-06,8.363138428984185e-06,-37.721066648261434,-37.788929427015205
108,108,8.09238035705591e-06,8.036057208396654e-06,-37.90973210572276,-37.962192082946736
109,109,8.340119526935465e-06,8.939694716422022e-06,-37.779939059982674,-37.49939539875902
110,110,8.534398176314276e-06,8.02577252263865e-06,-37.68073419106915,-37.9677538190105
111,111,8.27325662218764e-06,8.07258589032388e-06,-37.81738798035914,-37.942495536083754
112,112,8.131755500293479e-06,8.024921762147355e-06,-37.88254585633416,-37.96821421104162
113,113,8.012691486112895e-06,7.951196637709232e-06,-37.95007011970516,-38.00829734163153
114,114,8.168772712883061e-06,8.2503142469872e-06,-37.865645551742446,-37.84791737360479
115,115,8.318971116956895e-06,8.1658259947098e-06,-37.78488397945963,-37.89262106788184
116,116,8.528423850949957e-06,8.089665387064757e-06,-37.68328332737565,-37.933316698529424
117,117,8.099950011137011e-06,7.86935192751882e-06,-37.90074395257185,-38.05323260157398
118,118,8.092236502185169e-06,8.230705517282905e-06,-37.91054416383961,-37.8582516456921
119,119,8.512186388880886e-06,7.994424178928297e-06,-37.68731091316098,-37.98475040191235
120,120,8.000863498140105e-06,8.390157841188883e-06,-37.96791932015286,-37.77492096968297
121,121,7.962118170607281e-06,7.789153546343042e-06,-37.98171680572529,-38.09771963006543
122,122,7.994101658190743e-06,7.76007065819852e-06,-37.96606326113279,-38.113965524267414
123,123,7.967256825048531e-06,7.786979159917743e-06,-37.96744920531164,-38.098932157012875
124,124,8.358818723939566e-06,8.86266692951291e-06,-37.765748129207,-37.53697799845772
125,125,8.193499121899577e-06,7.859584217696561e-06,-37.858553073327435,-38.058626562084456
126,126,8.41565264936341e-06,7.886398921791146e-06,-37.73639399661575,-38.04383486673394
127,127,8.006710719275793e-06,7.764906609066346e-06,-37.95006647420331,-38.111259914064675
128,128,7.938742942549408e-06,7.693333325158547e-06,-37.98956871977261,-38.15147678805827
129,129,7.698853086995515e-06,7.654930773002744e-06,-38.13126104529723,-38.173209605775476
130,130,7.771640843408754e-06,7.712971709176935e-06,-38.08230255885689,-38.14040489714989
131,131,7.732513593734824e-06,7.662198545164612e-06,-38.10232897719833,-38.16908826747907
132,132,8.068044360360423e-06,7.743695493301953e-06,-37.92133148838259,-38.12313961310474
133,133,7.844148250424228e-06,7.71083489924326e-06,-38.04200807463857,-38.14160823792376
134,134,7.843485214722286e-06,7.874471640733597e-06,-38.04464614649691,-38.050408048482616
135,135,7.809794610271712e-06,7.787043590437143e-06,-38.063785758727406,-38.098896223048364
136,136,7.683851328186665e-06,7.780470432886719e-06,-38.13642138536234,-38.10256371449009
137,137,7.72467469171706e-06,7.91570394204954e-06,-38.1119487001837,-38.0277268546673
138,138,7.714991521968785e-06,7.667906629649224e-06,-38.124877325143785,-38.16585412175052
139,139,7.54298272235265e-06,7.576769229145659e-06,-38.21426612654828,-38.21778168262267
140,140,7.73225686775872e-06,7.873830614507346e-06,-38.10336100066409,-38.050761602978156
141,141,7.810982851035228e-06,8.015658223532801e-06,-38.06389528810353,-37.973230369003545
142,142,8.184058749731739e-06,7.984777766978368e-06,-37.855773230059306,-37.98999394787055
143,143,7.758276343835306e-06,7.763772397371021e-06,-38.103536328663374,-38.11189432975613
144,144,7.96589051084815e-06,7.707520197934508e-06,-37.98429547484809,-38.14347556618368
145,145,7.712850899609002e-06,7.598585446095585e-06,-38.123035922721,-38.20529476634653
146,146,7.71627569567087e-06,7.580678811791586e-06,-38.122154349073305,-38.21554131840998
147,147,7.794458321496705e-06,8.025135804545195e-06,-38.069998289190195,-37.96809837665051
148,148,7.557789150765886e-06,7.529132696953112e-06,-38.20220246825672,-38.24517276691368
149,149,7.61821382221785e-06,8.011441973633881e-06,-38.170926511458106,-37.97551536639564
150,150,7.974957699525007e-06,7.704205017944332e-06,-37.96645865295008,-38.145343967518755
151,151,7.5251272129517205e-06,7.571214729595292e-06,-38.222121452545885,-38.22096664587473
152,152,8.45840973458517e-06,9.969677959911918e-06,-37.719408174637444,-37.02581098130938
153,153,8.224227159873932e-06,7.620215551708641e-06,-37.83867717663953,-38.19294971782747
154,154,7.714941152839528e-06,7.595327923282687e-06,-38.11777529619598,-38.20715699126463
155,155,7.679167899284235e-06,7.530336772201975e-06,-38.14066397404958,-38.24447828927812
156,156,7.621894416008649e-06,7.516259493537578e-06,-38.17511275166945,-38.25260462711556
157,157,7.956759202794818e-06,7.513554393019724e-06,-37.97917535849163,-38.25416793355362
158,158,7.499505936158533e-06,7.4473350650805514e-06,-38.24031477904792,-38.292613343641136
159,159,7.435006700313924e-06,7.450776664834273e-06,-38.27084149314076,-38.29060682384098
160,160,7.522978578599952e-06,7.442152572797281e-06,-38.22678855660317,-38.29563658788803
161,161,7.699958990359818e-06,7.416095812866268e-06,-38.11922398782744,-38.31086896032042
162,162,7.414830399528037e-06,7.4411403051942075e-06,-38.303142866848255,-38.29622734725628
163,163,7.421231263843137e-06,7.58111173126963e-06,-38.27880640619734,-38.21529330741163
164,164,7.511575812217059e-06,7.493720467640455e-06,-38.23038092147639,-38.265647391938764
165,165,7.662265099647765e-06,7.670441893998558e-06,-38.15216460855733,-38.164418437425816
166,166,7.485297177031639e-06,7.375138968774608e-06,-38.256910855473514,-38.334920200272215
167,167,8.051407939532997e-06,1.0763903733995425e-05,-37.929759075712305,-36.69292423072923
168,168,8.74576884242058e-06,7.445661068279725e-06,-37.568689811551735,-38.29358965165851
169,169,7.5726989521594005e-06,7.447322954440576e-06,-38.20238939769822,-38.292620406017605
170,170,7.690996018524303e-06,7.503075793417673e-06,-38.13936304213574,-38.26022894546824
171,171,7.259205870365438e-06,7.779349456732712e-06,-38.37574823480406,-38.10318947206611
172,172,7.392346846639148e-06,7.511181282002087e-06,-38.29803147384942,-38.25553984325075
173,173,7.551873436240544e-06,7.208890493577775e-06,-38.2077568003772,-38.43393799671259
174,174,7.4893623323734255e-06,7.549846366983777e-06,-38.24981383358333,-38.23324113916289
175,175,8.134886712403236e-06,7.383074453652003e-06,-37.8823721437401,-38.33024980077741
176,176,7.415135023995727e-06,7.308154683989032e-06,-38.28966697755612,-38.374544970781415
177,177,7.5179272965955925e-06,7.2926071592710765e-06,-38.24508752891204,-38.38379408643283
178,178,7.47754996989466e-06,7.262377589780188e-06,-38.25429368550454,-38.40183402851964
179,179,7.633805116430013e-06,7.299568000905167e-06,-38.16081577306154,-38.379650694091104
180,180,7.401424442935788e-06,7.520090859639152e-06,-38.29226371078799,-38.250391402293054
181,181,7.511011752041631e-06,7.3042444072550434e-06,-38.23764516874907,-38.376869314153396
182,182,7.905777899217468e-06,7.518619033936902e-06,-38.01090605864191,-38.251241482901534
183,183,7.282662741981205e-06,7.302649967306551e-06,-38.37204083348369,-38.37781743694576
184,184,7.263837050203685e-06,7.449575701014653e-06,-38.38178324574657,-38.29130690387687
185,185,7.4592598017242725e-06,7.214900051621953e-06,-38.26133565137421,-38.430319089407874
186,186,7.252543095016813e-06,7.4052526255591625e-06,-38.37571605616387,-38.317223493139664
187,187,7.404862150071926e-06,7.491508648327956e-06,-38.29704614517747,-38.26692942896593
188,188,7.355512114316429e-06,7.285675517203727e-06,-38.32909441098869,-38.38792402984804
189,189,7.623817359718984e-06,7.356536858232606e-06,-38.16920394823072,-38.34588812863129
190,190,7.603976859378967e-06,7.501260920674356e-06,-38.18603174642429,-38.26127956068255
191,191,7.650232100317713e-06,7.204029938484861e-06,-38.149537654302144,-38.43686719117503
192,192,7.3026070559845e-06,7.25262493448865e-06,-38.35580440274119,-38.407670093663015
193,193,7.274118465876697e-06,7.371797939987645e-06,-38.37311238790731,-38.33688805352861
194,194,7.158211012454595e-06,7.314586056102264e-06,-38.438493195129055,-38.3707247435756
195,195,7.281870825254279e-06,7.163510681015109e-06,-38.36193747500716,-38.461363153357446
196,196,7.510486495410771e-06,7.239580339189974e-06,-38.23906787843042,-38.415488361731775
197,197,7.911434238980591e-06,7.1933285605490185e-06,-38.00880969762396,-38.443323306361016
198,198,7.27685568863214e-06,7.319497854041401e-06,-38.368296518234985,-38.367809403149245
199,199,7.270073145958019e-06,7.317825149680414e-06,-38.376381634089526,-38.368801997596755
200,200,7.32609330334151e-06,7.270668950360759e-06,-38.347045472416546,-38.39687857402721
201,201,7.330542101363349e-06,7.174729944381397e-06,-38.33404690849065,-38.4545666916538
202,202,7.631539583880366e-06,7.146532880142331e-06,-38.16785758283993,-38.47166831932286
203,203,7.351426912586267e-06,7.124764986081955e-06,-38.329580372609556,-38.48491684611149
204,204,7.239146720935751e-06,7.257237317198336e-06,-38.39732551446677,-38.40490903033662
205,205,7.109333501389723e-06,7.184643723839575e-06,-38.46307476599992,-38.448569911436145
206,206,7.180326979464225e-06,7.155384369788838e-06,-38.42114426519401,-38.466292601461056
207,207,7.183067666738145e-06,7.186944362489923e-06,-38.424845769063566,-38.447179453160786
208,208,7.029371013184985e-06,7.152475087710436e-06,-38.51301401373328,-38.468058742894186
209,209,7.307618981246481e-06,7.03435321874598e-06,-38.35031034764765,-38.540380561802294
210,210,7.4940067702066036e-06,7.3286933720258895e-06,-38.23753235941949,-38.36235676646275
211,211,7.20963144726504e-06,7.26283942161612e-06,-38.40804750568964,-38.401557859127024
212,212,7.08049572626196e-06,7.2012657686795325e-06,-38.489034803441264,-38.4385338889404
213,213,7.067960601470424e-06,7.231353002249594e-06,-38.48807580921325,-38.42042665746523
214,214,7.002856171911657e-06,7.0131188869326205e-06,-38.538283745205355,-38.55351026953625
215,215,7.075182673867585e-06,7.134136060477958e-06,-38.486487102129885,-38.479208402701516
216,216,7.117741151699933e-06,7.143474656339477e-06,-38.47140202912301,-38.4735271983177
217,217,7.32212773298145e-06,6.985997563453183e-06,-38.336919180757675,-38.57033798278132
218,218,7.1736199342265855e-06,7.154520134415514e-06,-38.42870213487877,-38.46681717890187
219,219,6.926620291366264e-06,7.004617887823291e-06,-38.576275857694114,-38.55877779241212
220,220,7.2837318483150214e-06,7.1853878819781946e-06,-38.36556521533935,-38.44812010898279
221,221,7.371716511096162e-06,7.0566486676015255e-06,-38.31261504155732,-38.52663732541934
222,222,7.28780837234058e-06,7.109726132177074e-06,-38.35635931436519,-38.49409356151477
223,223,6.98250556224687e-06,7.025211911432531e-06,-38.54875890490419,-38.54602799093155
224,224,7.066377354031201e-06,6.962778690266484e-06,-38.494490566688135,-38.58479636627119
225,225,7.1879569789876e-06,6.9376043316687605e-06,-38.42522633468944,-38.60052700759299
226,226,7.035506192532359e-06,6.988687082890752e-06,-38.51776221032699,-38.56866632650471
227,227,7.454770840603928e-06,6.943801221687433e-06,-38.26647299219717,-38.596649481922405
228,228,7.301806461552972e-06,6.928434135931495e-06,-38.36225339378442,-38.60627135338663
229,229,7.009028092032111e-06,7.056162470881215e-06,-38.53629595913202,-38.526936560703874
230,230,7.194457222007277e-06,6.9446774719644485e-06,-38.42623214930938,-38.59610147278624
231,231,6.9423322061412205e-06,7.029501471391229e-06,-38.5670244380414,-38.543377019364996
232,232,7.0656399601052115e-06,7.051923651153247e-06,-38.49440376859354,-38.52954626418472
233,233,7.083489042097708e-06,6.867543202373015e-06,-38.486848898309155,-38.64460827945427
234,234,7.063145061430387e-06,6.932873738581915e-06,-38.50297743794223,-38.60348937203782
235,235,6.9192846446461885e-06,6.8238672084637646e-06,-38.58717880587204,-38.67231661178777
236,236,7.161366832490588e-06,6.898410088309136e-06,-38.430376345660605,-38.6251321989842
237,237,7.134609995304832e-06,6.857895043235897e-06,-38.45586169526697,-38.65071393945425
238,238,7.342556376354025e-06,6.926928204177928e-06,-38.33573912882326,-38.607215417983745
239,239,7.595257346148389e-06,6.9218873537274225e-06,-38.18508910119116,-38.61037700768401
240,240,6.984417306045646e-06,6.947055824543656e-06,-38.551651131572164,-38.59461439354391
241,241,7.0917971308667756e-06,6.7991385022699095e-06,-38.479433378613535,-38.68808340021655
242,242,6.907504334823486e-06,6.801695905635011e-06,-38.595705679290305,-38.68645016779971
243,243,7.0120926578703205e-06,6.825160868940752e-06,-38.529204377793505,-38.67149335960438
244,244,6.638055709249174e-06,6.783815383402582e-06,-38.775816896951845,-38.6978820770709
245,245,7.121220953438788e-06,6.770285285471657e-06,-38.46751252064021,-38.706552587887245
246,246,6.740920544524267e-06,6.7592359061420305e-06,-38.69991319427329,-38.7136462395697
247,247,6.846955681428824e-06,6.820545350867753e-06,-38.63014596459215,-38.67443127146381
248,248,6.966749813577782e-06,6.722455078775774e-06,-38.55786256557502,-38.737343192740326
249,249,6.967404560688835e-06,6.755825205274098e-06,-38.56177417402564,-38.715838236462055
250,250,6.920038006298746e-06,6.876270378454233e-06,-38.58249722510492,-38.639092830773606
251,251,6.948206909018876e-06,6.752780887166553e-06,-38.56851284410724,-38.717795700568416
252,252,7.084422643097194e-06,6.7770776551792794e-06,-38.481363062861185,-38.70219766074287
253,253,6.764096025980291e-06,6.769830107307491e-06,-38.685536392570576,-38.70684458150669
254,254,6.999444310364647e-06,6.803166414963351e-06,-38.537425371751986,-38.68551133567584
255,255,6.684939987665239e-06,6.6434588341891005e-06,-38.741867456362144,-38.78867979840408
256,256,6.794640458539697e-06,6.849349478886181e-06,-38.662300034668505,-38.65612902038706
257,257,6.737751902488226e-06,6.682944666336928e-06,-38.70184102737342,-38.76294362855412
258,258,6.756440912214043e-06,6.712314141048792e-06,-38.70016862683053,-38.74389954523218
259,259,6.988656845276205e-06,6.7590568314220655e-06,-38.54406934121557,-38.71376130019791
260,260,6.717983838244277e-06,6.696486515896763e-06,-38.716029647202305,-38.75415229435348
261,261,6.822796511131077e-06,6.782973526385735e-06,-38.65954923597175,-38.69842106070199
262,262,6.611374088212879e-06,6.822428100636707e-06,-38.78334134988519,-38.67323260631422
263,263,6.780635243389436e-06,6.65957862254704e-06,-38.683581796991376,-38.778154775705346
264,264,6.876883612535822e-06,6.602858296613895e-06,-38.61819346798582,-38.815302510926834
265,265,7.205498951810386e-06,6.819614076161279e-06,-38.41314563473468,-38.675024296008644
266,266,6.956992895060673e-06,6.938994015638998e-06,-38.55684618323452,-38.59965715164303
267,267,6.769076137680179e-06,6.964449240561073e-06,-38.6819735268405,-38.58375450671125
268,268,6.7145987224048626e-06,6.62120639485932e-06,-38.723214588308025,-38.80325102279413
269,269,6.70785531613162e-06,6.690669914333787e-06,-38.723836945731335,-38.757926237138655
270,270,6.84698219273057e-06,6.630321039617564e-06,-38.64368539341692,-38.79727670690213
271,271,6.790258470873502e-06,6.545471119591782e-06,-38.67801256509747,-38.85321317133681
272,272,6.884698080087678e-06,6.683075537837699e-06,-38.613196391584005,-38.76285858189138
273,273,6.745327430779952e-06,6.634640660769564e-06,-38.69971788385845,-38.794448221243584
274,274,6.728789436969349e-06,6.855902101003601e-06,-38.72005962635814,-38.65197620666038
275,275,6.568190712510541e-06,6.528360460690333e-06,-38.819084497081356,-38.86458102312509
276,276,6.711588158986601e-06,6.59395046616402e-06,-38.71456625519145,-38.82116547714419
277,277,7.0787753045187485e-06,6.680689933234948e-06,-38.4937546233934,-38.76440912530405
278,278,6.570273525699356e-06,6.60932391838287e-06,-38.814963334997,-38.81105191244916
279,279,6.753529530599444e-06,6.634726416546312e-06,-38.69151442789885,-38.79439208705057
280,280,6.805467299122985e-06,6.572125130333006e-06,-38.6625994407526,-38.83556404493291
281,281,6.921445894720856e-06,6.698352607552231e-06,-38.59075287032083,-38.75294222634674
282,282,6.605268162715707e-06,6.6230250252518e-06,-38.78702548633637,-38.80205832066746
283,283,6.734034085048293e-06,6.684553227387369e-06,-38.703261247943466,-38.761898422941314
284,284,6.776402670700768e-06,6.5161409206905914e-06,-38.690132423141975,-38.872717601427965
285,285,6.5773807954869455e-06,6.77175390400838e-06,-38.820941094708964,-38.705610613166755
286,286,6.628900374596117e-06,6.499201845144853e-06,-38.77481990547327,-38.88402203086018
287,287,6.709478182847775e-06,6.547105457636797e-06,-38.72198249608168,-38.852128917226835
288,288,6.667075688044898e-06,6.627028237983866e-06,-38.7473682627239,-38.799434069703665
289,289,7.007161541681403e-06,6.529094159639881e-06,-38.53503159004555,-38.864092962603706
290,290,6.785358099355999e-06,6.742312866423929e-06,-38.65703645606919,-38.72453326703486
291,291,6.671757551116243e-06,6.654178880700401e-06,-38.74112333924461,-38.78167756514432
292,292,6.8440837128140084e-06,6.511607424679249e-06,-38.645120812440055,-38.875740184193205
293,293,6.710269321347275e-06,6.5962709700933805e-06,-38.72343681775943,-38.81963740262775
294,294,6.73728112646525e-06,6.717978210776652e-06,-38.70285883793164,-38.74023637199764
295,295,6.608900079787493e-06,6.496558805673358e-06,-38.7817338979025,-38.88578854150098
296,296,6.8759077294089366e-06,6.56677639199188e-06,-38.61439630848064,-38.839099999093264
297,297,6.688318366680496e-06,6.538634902665906e-06,-38.73393135089752,-38.85775139741525
298,298,6.901050372895024e-06,6.537458926016514e-06,-38.60174348362793,-38.85853254838854
299,299,6.839310431460785e-06,6.6145589220181325e-06,-38.64922781934627,-38.807613386355506
300,300,6.706884796210606e-06,6.5133378819537985e-06,-38.72349437455441,-38.87458620153572
301,301,6.888584477527513e-06,6.826791521138818e-06,-38.60876791295185,-38.670455876855165
302,302,6.871054117170585e-06,6.623558276355891e-06,-38.62157313384128,-38.80170866369279
303,303,6.749081351409052e-06,6.445572748098609e-06,-38.6944452868955,-38.920007136669156
304,304,6.455357412125954e-06,6.521848861570777e-06,-38.882602932782326,-38.86891497935652
305,305,6.68676036943954e-06,6.509342782871834e-06,-38.73559296872544,-38.87725085958123
306,306,6.571739964014923e-06,6.497526771310827e-06,-38.81433112183804,-38.88514150538087
307,307,6.777092217704456e-06,6.464078428268151e-06,-38.68300642796494,-38.907556110415065
308,308,6.74535398427475e-06,6.590102944564454e-06,-38.70122369269711,-38.82370029309961
309,309,6.535167072403974e-06,6.5993957784820325e-06,-38.841659883248745,-38.817580534882566
310,310,6.469817107404431e-06,6.413354999255573e-06,-38.88206286239411,-38.941769479680545
311,311,6.590042110324295e-06,6.508278602268547e-06,-38.80294968719448,-38.877960924425054
312,312,6.451432529933506e-06,6.446523912018165e-06,-38.892113322276096,-38.91936630181771
313,313,6.541050828035595e-06,6.4185081244336045e-06,-38.83384431697111,-38.9382813284618
314,314,6.462073500741324e-06,6.490774371501941e-06,-38.87988824166557,-38.889657154053566
315,315,6.657222292767646e-06,6.697397494510944e-06,-38.76566090839975,-38.75356152772362
316,316,6.4754264159776154e-06,6.562835144569889e-06,-38.87659535775452,-38.84170732994053
317,317,6.623247082109056e-06,6.438121928160974e-06,-38.78117366253346,-38.92503030809105
318,318,6.434077247306668e-06,6.491336893974987e-06,-38.904877510580604,-38.889280789375825
319,319,6.4295235198497e-06,6.470397286313145e-06,-38.90579474998277,-38.90331280676714
320,320,6.5770376018805376e-06,6.4179138175141384e-06,-38.80265081398197,-38.938683472014006
321,321,6.742915432078382e-06,6.414350848085872e-06,-38.70320960624352,-38.94109517102735
322,322,6.407507461301872e-06,6.4507537325354e-06,-38.919758667871534,-38.916517657589736
323,323,6.4483988165934015e-06,6.892045635858697e-06,-38.89126256746306,-38.62914083630712
324,324,6.408917121832216e-06,6.429598167750028e-06,-38.92494226541554,-38.930783965499494
325,325,7.027733453910092e-06,7.281446558313052e-06,-38.51729600973863,-38.39044561723159
326,326,6.589895714494128e-06,6.389656678756613e-06,-38.803996007266626,-38.95784704304781
327,327,6.5727736656890084e-06,6.635957345822949e-06,-38.81905669798862,-38.793586422770474
328,328,6.704959063070644e-06,6.769606323742712e-06,-38.73205151868886,-38.70698814430241
329,329,6.873968607006768e-06,6.496775552621234e-06,-38.61215325849534,-38.88564364874159
330,330,6.841749560295546e-06,6.401884547813097e-06,-38.65281649772832,-38.94954390337105
331,331,6.6419857061772905e-06,6.537689530791556e-06,-38.76472374723451,-38.85837935642802
332,332,7.039706332827486e-06,6.696923073353614e-06,-38.51264455743093,-38.75386917825321
333,333,6.600871107441412e-06,6.555992441510745e-06,-38.79807057994603,-38.84623783913411
334,334,6.5779072241470594e-06,6.4422143192419565e-06,-38.80807158483888,-38.92227059298746
335,335,6.587766296734023e-06,6.4522256061057925e-06,-38.7997241729164,-38.91552683747653
336,336,6.459852988179413e-06,6.486294080930652e-06,-38.88633264207874,-38.89265592924979
337,337,6.656643690053222e-06,6.59089231416338e-06,-38.76141904541101,-38.82318012166388
338,338,6.664137785752321e-06,6.379250862664776e-06,-38.76081814988302,-38.96492547085246
339,339,6.479016069674471e-06,6.754931483125179e-06,-38.880495038538946,-38.71641279880101
340,340,6.560245488686895e-06,6.542085429828148e-06,-38.8257043983262,-38.85546017047532
341,341,6.773139755319583e-06,6.3588962037006e-06,-38.68312007372192,-38.978804920582476
342,342,6.5603751620036535e-06,6.383347059263063e-06,-38.82339887841233,-38.96213770671323
343,343,6.539810938286876e-06,6.567932862373327e-06,-38.83594933309643,-38.838335233468506
344,344,6.536271944382533e-06,6.602896256050658e-06,-38.84022439064948,-38.815277543669026
345,345,6.548941491553368e-06,6.436524616123949e-06,-38.83070963381608,-38.926107935822
346,346,6.725888725509087e-06,6.47745273933029e-06,-38.70726246684365,-38.89857975130251
347,347,6.580077634802383e-06,6.383210276046731e-06,-38.801652718683066,-38.96223076891396
348,348,6.5548642007493026e-06,6.418967227785431e-06,-38.82329699898611,-38.93797069720926
349,349,6.544521131649369e-06,6.488995040854206e-06,-38.81636684618597,-38.89084785854466
350,350,6.600602717430165e-06,6.344148986452063e-06,-38.792889860466076,-38.98888854676163
351,351,6.784837080782925e-06,6.850827407776562e-06,-38.67659641828347,-38.65519201589502
352,352,6.559555261906239e-06,6.416061727290262e-06,-38.816775084837715,-38.93993694575952
353,353,6.451525940665119e-06,6.405365447311564e-06,-38.89228618926058,-38.94718315382366
354,354,6.683357026201154e-06,6.392632641157099e-06,-38.74118771576421,-38.9558248011162
355,355,6.563944722430963e-06,6.4233332092331505e-06,-38.81619629587744,-38.93501776563257
356,356,6.452436204218082e-06,6.497860268657525e-06,-38.88935362445798,-38.88491860158127
357,357,6.551716688056668e-06,6.298297170073247e-06,-38.82049838087071,-39.020390801790455
358,358,6.5459179748677815e-06,6.33542386870096e-06,-38.83129979217426,-38.99486551638772
359,359,6.619919559787227e-06,6.349994189230002e-06,-38.78355811934354,-38.98488900231606
360,360,6.631384635933425e-06,6.703766063621611e-06,-38.77483924088147,-38.74943377475859
361,361,6.5489925826526455e-06,6.43740902791921e-06,-38.82429056904221,-38.92551123372047
362,362,6.6034030984980945e-06,6.309821305637199e-06,-38.7871764965704,-39.012451679252024
363,363,6.668662057770056e-06,6.3310807682252125e-06,-38.754338799186236,-38.99784374076604
364,364,6.484720237607427e-06,6.310461015489541e-06,-38.873644459877596,-39.01201139994279
365,365,6.457601538733291e-06,6.294129865349724e-06,-38.890267853664966,-39.02326528739488
366,366,6.305794280725075e-06,6.41216006682187e-06,-38.98933822152336,-38.94257872993059
367,367,6.292750931231812e-06,6.445187313817625e-06,-38.99869022662818,-38.92026684514346
368,368,6.4412494662674455e-06,6.523777421151815e-06,-38.89712020031596,-38.86763092787134
369,369,6.287887239541868e-06,6.241067120227901e-06,-39.006678800661476,-39.060033748356496
370,370,6.510081938049365e-06,6.3870151471315984e-06,-38.85923804606261,-38.95964281997704
371,371,6.728863907708203e-06,6.530684794071069e-06,-38.71197119851321,-38.86303505226379
372,372,6.291707632982186e-06,6.353637170257953e-06,-39.00088558926665,-38.98239817657228
373,373,6.419979221503774e-06,6.278826037343702e-06,-38.91683487000057,-39.033837775501624
374,374,6.55986287270447e-06,6.306906805931296e-06,-38.82051863757206,-39.014458144242155
375,375,6.3244608859396565e-06,6.677878900518408e-06,-38.979187869315695,-38.766236889985215
376,376,6.516252207952628e-06,6.2921887882495e-06,-38.85407986413403,-39.02460483568292
377,377,6.247186474959647e-06,6.223028992137283e-06,-39.031309801671895,-39.07260403807844
378,378,6.419651653391391e-06,6.364315044935977e-06,-38.90753443956257,-38.97510558250951
379,379,6.380183746382359e-06,6.254858889358155e-06,-38.94448688373638,-39.0504471172313
380,380,6.226614243939e-06,6.291144472925225e-06,-39.045500489376025,-39.02532569457512
381,381,6.331821642214488e-06,6.233212508576751e-06,-38.97759968279161,-39.06550294585714
382,382,6.490497840205376e-06,6.315328655067501e-06,-38.86849721382519,-39.008662715751946
383,383,6.294237889435572e-06,6.256130003940167e-06,-38.99693817289308,-39.04956463215287
384,384,6.39677253125275e-06,6.446185125241755e-06,-38.927944632607804,-38.91959454434944
385,385,6.3491469443329855e-06,6.22051268357226e-06,-38.96411767749128,-39.074360481650416
386,386,6.303981634343857e-06,6.309385083257343e-06,-38.99675963680313,-39.0127519342232
387,387,6.2949573841307805e-06,6.2894515682082305e-06,-38.99890254918656,-39.02649450911938
388,388,6.490890455941403e-06,6.306617179736924e-06,-38.8706649667848,-39.01465758582279
389,389,6.230481668569258e-06,6.320813865482035e-06,-39.037726680572604,-39.004892266406564
390,390,6.2414399545775375e-06,6.227361011138112e-06,-39.045950417904365,-39.06958184837516
391,391,6.458987350812357e-06,6.17455670611602e-06,-38.886689581095006,-39.10656444637956
392,392,6.478016614695212e-06,6.5423586851178885e-06,-38.86559488262885,-38.85527877451618
393,393,6.336667017431236e-06,6.329788208715495e-06,-38.970114988653755,-38.99873049106031
394,394,6.1814203786291064e-06,6.150176192788517e-06,-39.075061376010886,-39.12374670306999
395,395,6.673998785155379e-06,6.271753303927223e-06,-38.73984151427577,-39.038732608379675
396,396,6.450425302056228e-06,6.230410786213868e-06,-38.88632511275317,-39.067455464083565
397,397,6.2063012376608275e-06,6.223150744756965e-06,-39.06188414722152,-39.07251906985203
398,398,6.182430095896521e-06,6.211936411809323e-06,-39.08409863890422,-39.08035226663852
399,399,6.368394599459074e-06,6.1878364536632466e-06,-38.9524398007929,-39.09723401460211
400,400,6.253185248854222e-06,6.2936986212566564e-06,-39.03334849922919,-39.02356285568515
401,401,6.241021572950371e-06,6.152695349508002e-06,-39.04528611894281,-39.12196816563855
402,402,6.438719589551538e-06,6.153674779565527e-06,-38.89954714658853,-39.12127687963653
403,403,6.260095819316027e-06,6.242577623389049e-06,-39.01817958919005,-39.05898276812683
404,404,6.218863881699268e-06,6.165630853310607e-06,-39.05101347952954,-39.11284708880624
405,405,6.357819698284411e-06,6.12894863431728e-06,-38.96359766914533,-39.13876246489681
406,406,6.408012840316569e-06,6.169594335484649e-06,-38.923391569652885,-39.110056189620856
407,407,6.218415214836156e-06,6.218023444441649e-06,-39.06472810719702,-39.07609872933787
408,408,6.290305548448946e-06,6.179644587016235e-06,-39.000960697526644,-39.10298730096636
409,409,6.385613870434943e-06,6.195558662033076e-06,-38.94252257306602,-39.09181754700738
410,410,6.192590525333612e-06,6.15900863091443e-06,-39.069451133466,-39.1175141542
411,411,6.251420013400421e-06,6.214779205038212e-06,-39.03053264465909,-39.07836524211474
412,412,6.318296119885774e-06,6.276624102802568e-06,-38.989408292777384,-39.035361078959255
413,413,6.273111405780301e-06,6.205286330154386e-06,-39.01260814947094,-39.08500402187088
414,414,6.261142024198204e-06,6.2166496766286925e-06,-39.02314552864455,-39.07705833603956
415,415,6.293065607022391e-06,6.147705598299294e-06,-39.00246830503849,-39.125491663033586
416,416,6.19215786839012e-06,6.111983805711038e-06,-39.06972859014505,-39.15080033244229
417,417,6.191636840440813e-06,7.137545588576406e-06,-39.068935085913026,-38.47713332941494
418,418,6.191558764539971e-06,6.123554732383989e-06,-39.0708195736545,-39.14258624184553
419,419,6.263881244091497e-06,6.397010948651434e-06,-39.02673717110601,-38.95285134083829
