,epoch,train_loss,test_loss,train_dbs,test_dbs
0,0,1000996247826.4742,0.00012904015334482354,136.9957850342957,-21.8851450755565
1,1,0.00013683938543425066,0.00013087200242903476,-21.641201017750667,-21.823926305714654
2,2,0.00013054003115424157,0.00012926995776452762,-21.8535841175305,-21.877417711165215
3,3,0.00013919784208896483,0.00013379798321310724,-21.57089969369008,-21.727898108320936
4,4,0.00013239406479508185,0.000129501577727129,-21.789144028289115,-21.869643185398424
5,5,0.00013042674344405052,0.00013000374172789683,-21.854631648615424,-21.852835258130145
6,6,0.0001342533673918878,0.00012931553149093432,-21.722263018301142,-21.875886889141128
7,7,0.00013644464444351076,0.000127087949582155,-21.660437012715047,-21.951350051168607
8,8,0.00013597366476873147,0.0001305790528452857,-21.677825074277326,-21.83365863904239
9,9,0.000134366778380804,0.00012912629608763382,-21.722675488879485,-21.882246843092197
10,10,0.00012824026604912715,0.0001273137968382798,-21.924121736410633,-21.943639078721656
11,11,0.00013257130772264232,0.0001269043965102786,-21.786698356058878,-21.957627098595903
12,12,0.000134648250376316,0.0001239263798006026,-21.71460622719043,-22.060756149766625
13,13,0.00013450678468252214,0.00012483645006891732,-21.721927049355653,-22.028979677441015
14,14,0.0001263170789317564,0.00012821366985199827,-21.994267745298867,-21.91305046882096
15,15,0.00013443525211787158,0.0001286433544009924,-21.73487409553967,-21.898520221637536
16,16,0.0001349795855594962,0.0001265433502818556,-21.701975389479458,-21.970000496486904
17,17,0.0001249284458439077,0.0001282323734669358,-22.040581600825142,-21.912416972848995
18,18,0.0001321131896156189,0.00013289296935238925,-21.803018617935347,-21.757373726501275
19,19,0.00013119107206500876,0.00013224156110051185,-21.83597249801135,-21.77871410627064
20,20,0.00014173870175037553,0.00013509993138876254,-21.49447579366937,-21.685842495673022
21,21,0.00014568926244746107,0.00014445872703187264,-21.370595362483257,-21.39495594485866
22,22,0.00014054002073778262,0.00015358126065142356,-21.524849623054756,-21.12901149914289
23,23,0.00015467868988989066,0.00014761687558156585,-21.11890883454816,-21.30103369100369
24,24,0.0001496587043295653,0.0001445596265655599,-21.260459877519402,-21.391923603698192
25,25,0.000142843180114629,0.00013984884074153868,-21.45568285448902,-21.53580507334743
26,26,0.00014842828971540229,0.00013884818173736627,-21.293084224716893,-21.56699181136215
27,27,0.00013911089540810862,0.0001414104718653681,-21.58067403069646,-21.487578065827776
28,28,0.00014522014995592829,0.0001368581491222262,-21.397697023102396,-21.629687157550414
29,29,0.00013463268500270284,0.00012505153503489534,-21.71408952572618,-22.021503508717384
30,30,0.0001239572898016705,0.00011715578990620806,-22.070804896424153,-22.304756214852816
31,31,0.00011911432814007846,0.00011192335966226988,-22.253632221369713,-22.50318639905572
32,32,0.00010624483705392664,9.682836848936092e-05,-22.737029713205736,-23.132367637652123
33,33,9.908477036755282e-05,8.790823822461167e-05,-23.053330730555814,-23.55209801616194
34,34,8.793218118635476e-05,8.466399958706461e-05,-23.568070657187953,-23.715405970302676
35,35,9.068747111968216e-05,8.460147096469115e-05,-23.431289438588458,-23.718614638533065
36,36,8.891463930359754e-05,8.697398822589189e-05,-23.518239085620497,-23.598499927577386
37,37,9.008148091319545e-05,9.012454010141817e-05,-23.467584126728752,-23.44396316468694
38,38,9.43642091405093e-05,9.123997771989947e-05,-23.262006953738677,-23.390542074773126
39,39,9.587428081131387e-05,8.653891008610739e-05,-23.194852648203806,-23.620279568532084
40,40,8.870518207370025e-05,8.725416333426868e-05,-23.52297014729096,-23.584532195344607
41,41,9.268859405695825e-05,7.847300654056628e-05,-23.3387397399418,-24.04519085954481
42,42,7.6426920601342e-05,7.206349571214033e-05,-24.176399767092164,-24.415240526382703
43,43,7.253816194448875e-05,6.80354647843878e-05,-24.404507629230054,-24.66504022013611
44,44,7.015743390230952e-05,6.882307015506453e-05,-24.55385914791439,-24.615053357023143
45,45,6.574183517494527e-05,6.454738324560152e-05,-24.829130288748264,-24.89360737392978
46,46,6.517546630816141e-05,6.670470630572374e-05,-24.875475291834746,-24.750829016777274
47,47,7.124481680406949e-05,6.456928416522907e-05,-24.482367706752367,-24.89213406319077
48,48,6.521617791635829e-05,6.514612735037717e-05,-24.871814233931914,-24.85350774103995
49,49,6.66297672012792e-05,6.72376485645624e-05,-24.780200791562812,-24.716268611467118
50,50,6.679448741818203e-05,6.564864758585922e-05,-24.76167103678631,-24.820135943232465
51,51,6.41963206268799e-05,6.312273494825747e-05,-24.927879973671715,-24.99053570541424
52,52,6.99712687379623e-05,6.476426546884652e-05,-24.558813354435184,-24.87903933740177
53,53,6.607357916192959e-05,6.416271092970611e-05,-24.817367879652817,-24.91956673051529
54,54,6.59619034138945e-05,6.405337281696695e-05,-24.8106492662735,-24.926973749845033
55,55,6.507176699743308e-05,6.700123183116758e-05,-24.87572804268067,-24.731565906646516
56,56,6.71044258477608e-05,6.140816951397268e-05,-24.73764238311461,-25.11013226126808
57,57,6.441510805350695e-05,6.467531707848569e-05,-24.915738760404583,-24.885008114560687
58,58,6.546332400661806e-05,6.428022128315398e-05,-24.84466057655898,-24.911620148881184
59,59,6.388896548104611e-05,6.655181239598038e-05,-24.94782624085968,-24.760794909793677
60,60,6.651086267683962e-05,6.679773823155923e-05,-24.784887541845467,-24.74477620497877
61,61,6.312306845991527e-05,6.625549404385598e-05,-25.0070406632939,-24.780174813236098
62,62,6.40721724248016e-05,6.501904317701701e-05,-24.937582574387974,-24.86198803919354
63,63,6.747830711808008e-05,6.489740113274341e-05,-24.719996653413215,-24.870120725446455
64,64,6.975946658694175e-05,6.425435946623206e-05,-24.57216592639075,-24.91336779445131
65,65,6.556675868251688e-05,6.890750323930804e-05,-24.847780524327383,-24.609728638441524
66,66,7.333148467521299e-05,7.395798533444146e-05,-24.354796988237627,-24.302543058578173
67,67,7.253264731243877e-05,8.161350361708748e-05,-24.40943826741616,-23.87477355781709
68,68,8.506061462445435e-05,8.276816764631995e-05,-23.700896095398498,-23.813760373043618
69,69,7.997414747675516e-05,7.31231796778861e-05,-23.981256419005224,-24.35184310095054
70,70,8.193066185544312e-05,7.805455319803993e-05,-23.875554042054624,-24.0684113596067
71,71,8.571772503404945e-05,8.173261544710074e-05,-23.670685494362438,-23.8684398144788
72,72,8.557741317961644e-05,9.487816178558492e-05,-23.6772940386242,-23.220731161557254
73,73,9.27803672105434e-05,9.337817563822395e-05,-23.333928620404674,-23.28993993314683
74,74,9.728786998371997e-05,9.250007784239163e-05,-23.130631609277195,-23.330972798157823
75,75,9.314427303045883e-05,9.408027644416219e-05,-23.318541958887312,-23.25740793171825
76,76,8.901593593560093e-05,8.941768675484989e-05,-23.511298076653986,-23.478159475980696
77,77,8.612973412250399e-05,8.296104447493378e-05,-23.65440739155982,-23.803651668717997
78,78,8.289085434222853e-05,7.512220748283558e-05,-23.819091658134628,-24.234710367447093
79,79,8.23968047061311e-05,7.581042231513972e-05,-23.84383711261558,-24.195104620713217
80,80,7.961089971844951e-05,7.652671430198672e-05,-24.006511196358,-24.154263108679682
81,81,7.566599900379402e-05,7.170458507301334e-05,-24.229946183262214,-24.43692450978629
82,82,7.455187061946773e-05,6.851791783303365e-05,-24.293979753958055,-24.634352211592116
83,83,7.417758039532459e-05,6.678585908191867e-05,-24.30690764127506,-24.74554861255814
84,84,7.392470055042536e-05,6.82995020102489e-05,-24.317190819354117,-24.648218408935342
85,85,7.242451023013983e-05,6.705534025585573e-05,-24.41118059360683,-24.728060074567303
86,86,7.663518836218911e-05,6.692462327344784e-05,-24.166415537816608,-24.7365344285928
87,87,7.228184179054842e-05,7.597261355840601e-05,-24.416599735168163,-24.18582311064612
88,88,7.039784628132205e-05,7.118437899503318e-05,-24.535443940491696,-24.46854677379274
89,89,7.08948596699893e-05,6.876000292035506e-05,-24.504370995061677,-24.619034915703203
90,90,7.310830198886046e-05,7.071497805698432e-05,-24.363780926648158,-24.497279670829876
91,91,7.119028083890072e-05,7.155882734590897e-05,-24.48812512534768,-24.445761629794692
92,92,7.418312921312387e-05,7.317672287555117e-05,-24.30088722434437,-24.34866421758538
93,93,7.39734133866918e-05,6.992422047340752e-05,-24.31805196423493,-24.54611744545595
94,94,7.638865626523915e-05,7.22794087012421e-05,-24.179105351190206,-24.402247869756245
95,95,7.20340896580253e-05,7.800220612951212e-05,-24.43991487913167,-24.071324920538764
96,96,7.337336613737844e-05,7.62783320648228e-05,-24.360825152348582,-24.16838190024759
97,97,7.5765075343577e-05,7.722745469532368e-05,-24.211141638309268,-24.114676566713065
98,98,7.386737729341137e-05,7.817557209483838e-05,-24.33120642351177,-24.061683099036053
99,99,7.15342462968955e-05,7.152242132609612e-05,-24.458114396058654,-24.44797169351733
100,100,7.380713416460287e-05,7.456783006139296e-05,-24.329826642771394,-24.266878728113753
101,101,7.741102027213536e-05,7.038384654534686e-05,-24.1189672663255,-24.51766380268967
102,102,7.222163462897369e-05,7.627156370098849e-05,-24.420317582011066,-24.168767277510803
103,103,7.394888737123729e-05,7.753063484989597e-05,-24.31256169365144,-24.09766037880511
104,104,7.65635723490556e-05,7.664325254920281e-05,-24.171411761305638,-24.147654511902758
105,105,7.8538878763529e-05,7.513397730163936e-05,-24.05618963244731,-24.23402998715163
106,106,6.91595572057737e-05,7.702530695640139e-05,-24.612456526431338,-24.126059403151263
107,107,7.91731052362893e-05,6.91138934359371e-05,-24.02199831537537,-24.59674018991346
108,108,7.312089708404491e-05,7.113775504158663e-05,-24.37669883709959,-24.4713922238793
109,109,7.403671050494652e-05,7.323890761319107e-05,-24.306791686670387,-24.34497520023808
110,110,7.268804507738114e-05,6.93535383968418e-05,-24.393396490147452,-24.58170754481084
111,111,7.15773675222305e-05,8.17978419179685e-05,-24.45857932940676,-23.864975322502133
112,112,6.782885195450982e-05,7.228408197222866e-05,-24.693307380686594,-24.40196708298316
113,113,6.570999727214773e-05,6.342943111361053e-05,-24.842105582455535,-24.969485617194604
114,114,6.422802906263783e-05,6.325587022920924e-05,-24.932899935719682,-24.981385432047624
115,115,6.522830853166092e-05,6.519006906034377e-05,-24.866820168209905,-24.850579369119874
116,116,6.188844305405528e-05,6.326059778266906e-05,-25.09089704725376,-24.981060865544357
117,117,6.41551195042563e-05,6.060684341048871e-05,-24.93436557262598,-25.167177128145802
118,118,5.809922244150153e-05,6.057987737126256e-05,-25.364614064318268,-25.169109881528755
119,119,6.395835004424072e-05,6.474114630500001e-05,-24.95216329093944,-24.880589932894864
120,120,6.159050867937207e-05,5.862246488456884e-05,-25.112844992249865,-25.311753028694447
121,121,5.867452042722791e-05,6.128186702737462e-05,-25.319532774196738,-25.119073898894612
122,122,6.332121677015616e-05,5.90957191123284e-05,-24.99119894704901,-25.276833562564285
123,123,6.155325060070627e-05,6.25615146801513e-05,-25.124850866400955,-25.02932123124742
124,124,5.9539743383491856e-05,5.679763336574022e-05,-25.25955099267543,-25.449091380521676
125,125,5.93152464866715e-05,6.22627946875965e-05,-25.280851201944664,-25.05010767784899
126,126,6.394694171775104e-05,5.9817817792032945e-05,-24.951493722936505,-25.22408812500848
127,127,6.0080737010551825e-05,6.559064499206695e-05,-25.21791616518655,-24.823974764299752
128,128,6.174148633756876e-05,5.916454316129124e-05,-25.111873778043798,-25.271778625684117
129,129,5.990971009485236e-05,6.343838992363185e-05,-25.245296787417708,-24.96887226043773
130,130,6.372205461957492e-05,6.180858633199118e-05,-24.966994498021762,-25.08190567382219
131,131,6.691116714980886e-05,7.349933692143838e-05,-24.75554652223517,-24.329559569417363
132,132,6.921736292628638e-05,7.142410782092299e-05,-24.605316209624476,-24.45394553839208
133,133,7.185808491842706e-05,6.446468183927017e-05,-24.44665481341635,-24.89917534453957
134,134,6.680663916751618e-05,6.988861366009682e-05,-24.769530105555518,-24.548329523191036
135,135,6.273015379079392e-05,5.95463362084334e-05,-25.03544802432821,-25.24384332839983
136,136,5.3355664237745624e-05,5.028909704139407e-05,-25.734394426395227,-25.97765540251367
137,137,5.082175480357861e-05,4.597548420286713e-05,-25.94775388695354,-26.367130662101523
138,138,4.821805230245239e-05,4.9212022962532696e-05,-26.17708740558712,-26.07168160051814
139,139,4.812780430584848e-05,4.749141025010766e-05,-26.18568689977681,-26.22624311949363
140,140,4.51717467175391e-05,5.052233571309204e-05,-26.451974395654595,-25.957559576860966
141,141,4.8544197758844546e-05,4.570350775841354e-05,-26.15460193433806,-26.392898444451657
142,142,4.82771084375365e-05,5.075021267418235e-05,-26.17463706943747,-25.93801511484127
143,143,4.613078264585581e-05,4.599872313280541e-05,-26.36463989653909,-26.36493601654933
144,144,4.2957788011954485e-05,4.505423184079853e-05,-26.683460928160848,-26.455037885136825
145,145,4.7609900817762314e-05,4.573878734510416e-05,-26.234299508456793,-26.389547318899425
146,146,4.23700320115853e-05,4.345923805790095e-05,-26.73597373540585,-26.611572701774435
147,147,3.985164834581887e-05,4.485471254156437e-05,-26.99652621925921,-26.474313002539898
148,148,4.21704412427474e-05,4.411777311026143e-05,-26.765218766885415,-26.54625795167517
149,149,4.1219647136665686e-05,4.3027038612451994e-05,-26.853740938129672,-26.654979217581204
150,150,4.078463564265925e-05,3.872436268705458e-05,-26.910271346733644,-27.112550990176054
151,151,4.063402171670963e-05,4.191407644707636e-05,-26.9280699051513,-26.768794768632166
152,152,3.597242498143874e-05,3.859595601266177e-05,-27.448804028063705,-27.126975752601588
153,153,3.8011129946266684e-05,3.6531811019813176e-05,-27.209864776083297,-27.365681756676533
154,154,3.888049175976008e-05,3.577329038020444e-05,-27.11322413240758,-27.456804902090873
155,155,3.663836725967691e-05,4.065532998777742e-05,-27.37008569391704,-26.901218875706512
156,156,3.84955855946659e-05,3.38616150417549e-05,-27.1593399740945,-27.69531709934109
157,157,3.425218133041611e-05,3.934350963007953e-05,-27.654460938473115,-27.04366279564902
158,158,3.6864459672738734e-05,3.730260083868512e-05,-27.34499418951152,-27.275002649749233
159,159,3.33441531372805e-05,3.649254530931725e-05,-27.781817323009182,-27.370352221134453
160,160,3.4176375978409084e-05,3.360875852147154e-05,-27.67225365632225,-27.727869077280737
161,161,3.211440704860448e-05,3.532015963221631e-05,-27.95240394677211,-27.512167202928147
162,162,3.459237709226802e-05,3.4976236173334706e-05,-27.617928500767203,-27.554663052235103
163,163,3.333124483837422e-05,3.351632102222586e-05,-27.781661545067177,-27.739830365518493
164,164,3.2284246679916305e-05,3.2690110425679255e-05,-27.91611560751919,-27.848229904210697
165,165,3.301107916900271e-05,3.335572895785414e-05,-27.829103179325593,-27.760689418438144
166,166,3.295567608033379e-05,3.349268617488346e-05,-27.832828546132777,-27.742893978795703
167,167,3.2389800290945564e-05,3.3241801869926825e-05,-27.909302179002893,-27.775548213734528
168,168,3.3208896348162284e-05,3.3601575523789506e-05,-27.791422415509828,-27.728797367941098
169,169,3.1045867780045865e-05,3.5619988298812565e-05,-28.0863731226913,-27.475456055693144
170,170,3.2116004233815605e-05,3.357539988332734e-05,-27.95016899201235,-27.732181842076603
171,171,3.3457222887535084e-05,3.1943253912016333e-05,-27.768181705983658,-27.94860224397951
172,172,3.1643198940635316e-05,3.2560751845410684e-05,-28.01291646168476,-27.86544953602613
173,173,3.495175109698543e-05,3.6664124021818247e-05,-27.575360830843408,-27.349980647260796
174,174,3.499882878366913e-05,3.357135296698145e-05,-27.566664301184176,-27.732705338259294
175,175,3.192254038386289e-05,3.1358624877803344e-05,-27.962536472282924,-28.028823680575776
176,176,3.19459406324013e-05,3.178553680826506e-05,-27.962932853132973,-27.97009827644026
177,177,3.34271593245146e-05,3.1990959541872144e-05,-27.770419204772992,-27.94212111454101
178,178,3.1948471409235676e-05,3.214096685903649e-05,-27.963905954564538,-27.92180441034834
179,179,3.0059033080535827e-05,3.3873306835486895e-05,-28.23672600657412,-27.693817819084742
180,180,2.9465237688426212e-05,3.260146896584621e-05,-28.31747583504565,-27.860022089629908
181,181,2.9878881851453623e-05,3.1529988470873305e-05,-28.25861017579517,-28.00515566084977
182,182,3.0467423683373837e-05,3.0306502833953248e-05,-28.176753276224204,-28.177035534261456
183,183,3.088464227309403e-05,3.031102886253441e-05,-28.114475854650838,-28.176386999361938
184,184,3.1029806684939066e-05,3.029106712921547e-05,-28.08409438221148,-28.1792480459318
185,185,3.1156816035458104e-05,3.1737859085536146e-05,-28.072312095270185,-27.976617504667182
186,186,3.0292276128467663e-05,3.133285946731983e-05,-28.204513458566854,-28.032393472021578
187,187,3.2986780292817785e-05,3.191021981987624e-05,-27.826606914437146,-27.95309582103102
188,188,2.8966608568356905e-05,3.3624089155637193e-05,-28.377042346166583,-27.725888494822115
189,189,3.090287339443055e-05,3.20146594420198e-05,-28.10506376627796,-27.93890491681038
190,190,3.103817298605716e-05,3.251931301699522e-05,-28.094371444958878,-27.870980156497257
191,191,3.104667051694687e-05,2.936230401629521e-05,-28.093030192009177,-28.314492470078015
192,192,3.005724206043842e-05,3.1237803867904736e-05,-28.22918375582556,-28.04558884245803
193,193,3.085536001290353e-05,3.0616462649241406e-05,-28.11873509559309,-28.132843660856643
194,194,3.192604159154406e-05,3.0217843710775732e-05,-27.972713192625328,-28.189759073698117
195,195,3.158229545303968e-05,3.1864064878486954e-05,-28.02199702803945,-27.959382003605207
196,196,3.188527691386251e-05,3.0298633981529794e-05,-27.97799592220722,-28.17816329318923
197,197,3.616087858447536e-05,3.3223837722049976e-05,-27.43106003290268,-27.777895811841724
198,198,2.8502172586065836e-05,2.954788631445569e-05,-28.454491696205814,-28.287129586271817
199,199,2.808687504605671e-05,3.138744939765035e-05,-28.533736394162442,-28.024833524717195
200,200,3.1296688622702636e-05,2.9845579104547044e-05,-28.04891777044157,-28.243593679484846
201,201,2.881340224496281e-05,2.8928491079377156e-05,-28.417684644852848,-28.379135967500417
202,202,2.8282054596818797e-05,3.1037326870749605e-05,-28.495881094121497,-28.07355067998362
203,203,3.227779986267818e-05,2.8530109997710067e-05,-27.920787132179417,-28.439359319498507
204,204,3.193046355478408e-05,3.09631117201398e-05,-27.965571793110836,-28.083947782491276
205,205,3.1208726355056495e-05,2.924165873034661e-05,-28.060056113498288,-28.33237373732279
206,206,2.9079611878617087e-05,3.273790351063086e-05,-28.371821838161367,-27.841885136729427
207,207,2.7690588533155232e-05,3.107589691353496e-05,-28.590147804002054,-28.06815705914705
208,208,2.8899045141723447e-05,2.8602651821673037e-05,-28.391876038770828,-28.42833078533313
209,209,3.139490995307984e-05,3.083622031178828e-05,-28.039372010736933,-28.101782381695198
210,210,2.9594827481691327e-05,3.398418448341545e-05,-28.300849054105544,-27.679625253877653
211,211,2.9932210898400673e-05,3.010470649506284e-05,-28.25226319233566,-28.206049806078436
212,212,2.8881311532741258e-05,3.332392684808981e-05,-28.401940976233384,-27.76483205584796
213,213,3.071138880184981e-05,3.0925932964907444e-05,-28.146581358913913,-28.089165678571568
214,214,3.069207771650045e-05,3.159726661818384e-05,-28.13889869035712,-27.995898632597587
215,215,2.970556208085852e-05,3.000820690527019e-05,-28.285922990175646,-28.219993324361752
216,216,2.8141212460093474e-05,2.9578645473137793e-05,-28.51611189716024,-28.2826109603065
217,217,2.9091614461443915e-05,2.9063402794954047e-05,-28.375270701517845,-28.358929171203314
218,218,3.234557577352743e-05,3.082882903981954e-05,-27.915130676066084,-28.102823486398556
219,219,2.943665884268955e-05,3.1971344086693867e-05,-28.320645425876304,-27.94478483480364
220,220,2.777308523458412e-05,2.966998195724476e-05,-28.570164625505633,-28.26922095814547
221,221,2.8158644098082206e-05,2.989422409882536e-05,-28.510901825753912,-28.236520921918284
222,222,3.101760222241715e-05,3.089071172948216e-05,-28.087438515299144,-28.094114633637602
223,223,2.840663916882927e-05,3.171772043156364e-05,-28.47205304200259,-27.979374112251072
224,224,3.0049540421798867e-05,3.070598287242894e-05,-28.23410730104409,-28.120163746924284
225,225,2.9165739067242067e-05,3.0444256816209465e-05,-28.361352802637676,-28.157340012021443
226,226,2.9520591889410855e-05,3.197724637223138e-05,-28.31476613136999,-27.943983150191535
227,227,2.7311880330671556e-05,2.777987571646104e-05,-28.641018362568715,-28.55509079601464
228,228,2.829837744825126e-05,2.8080434180753256e-05,-28.498059921652104,-28.508355594429013
229,229,2.9940749187779747e-05,3.076201119256439e-05,-28.24881622528505,-28.112246521911768
230,230,3.218688229044909e-05,2.8753344897842525e-05,-27.93252567487878,-28.405510042683204
231,231,3.035761905660356e-05,2.9220604550286417e-05,-28.191143585171083,-28.335501811435332
232,232,2.9476410399530725e-05,3.049293311625278e-05,-28.314760520712873,-28.150401768552072
233,233,2.9137377890778618e-05,3.238933042762495e-05,-28.370017354011587,-27.888374079331214
234,234,3.200990408210422e-05,3.2424906461720206e-05,-27.95414098742709,-27.883606461107583
235,235,2.927269582231901e-05,2.9418967115864353e-05,-28.345869156467497,-28.306119572174055
236,236,3.142568766634213e-05,2.7903240583040506e-05,-28.03894863627618,-28.535847344126616
237,237,3.197847131700327e-05,3.207469485220683e-05,-27.96438112088385,-27.93076844694687
238,238,2.9846701978648216e-05,3.2174692741567635e-05,-28.254919085131714,-27.917249698132352
239,239,2.8004916512332954e-05,3.191055499260792e-05,-28.540999227581384,-27.953050204640974
240,240,2.763648993179944e-05,3.0173047171525757e-05,-28.595668562753147,-28.19620206305914
241,241,2.7597221869842712e-05,3.090874590845104e-05,-28.598780176364254,-28.091579936753995
242,242,2.9921013087117636e-05,3.0863968612194235e-05,-28.247544290380198,-28.09787609396055
243,243,3.2865583841729734e-05,2.9416951101187517e-05,-27.84277977406361,-28.306417194468892
244,244,2.9718131156993512e-05,2.8167211942337944e-05,-28.27236823336844,-28.494955164186546
245,245,2.8642350679144056e-05,2.998569494880748e-05,-28.443768946020857,-28.223252595262736
246,246,2.805932599210454e-05,2.8271470192090708e-05,-28.526836001442742,-28.47890984478779
247,247,3.076759873421025e-05,3.107335425355766e-05,-28.132575521416634,-28.068512417635652
248,248,3.113497707053068e-05,3.2537716259340464e-05,-28.0778622803401,-27.86852310399986
249,249,3.260686964457602e-05,3.287358824883612e-05,-27.879406036540402,-27.823922668416543
250,250,2.9942527737485882e-05,2.8393661379691604e-05,-28.245964104866918,-28.460179793592864
251,251,2.790331624036645e-05,2.7683096050168388e-05,-28.550240978103496,-28.570247184629054
252,252,2.8499534310708206e-05,2.9750094558709717e-05,-28.457670925069138,-28.257510275874903
253,253,2.6556475334182698e-05,2.9128199649245578e-05,-28.768362611532105,-28.349257353720322
254,254,2.9617029044341498e-05,2.8577103158137395e-05,-28.292967936648928,-28.432211754860134
255,255,2.7149878012105828e-05,2.7052597320825473e-05,-28.671406462495078,-28.67030409957636
256,256,2.7858594079326704e-05,3.171499874473451e-05,-28.552231921581246,-27.979746794862645
257,257,2.7388682892049792e-05,2.870845367540728e-05,-28.63564025157625,-28.41229577325201
258,258,2.7591758591426567e-05,2.914745580614851e-05,-28.60971156928985,-28.346387255417824
259,259,2.569069736112106e-05,2.9944734753945867e-05,-28.916358581071535,-28.229189075099157
260,260,3.08856129477229e-05,3.1581113513598926e-05,-28.108629225039806,-27.99811939366334
261,261,3.0047946115091598e-05,2.9055420782242436e-05,-28.226834629743163,-28.360122087330506
262,262,3.19575362491659e-05,2.890733321692096e-05,-27.962331995563737,-28.38231349403706
263,263,2.7681919698469635e-05,3.0391489800470145e-05,-28.586865580128745,-28.164873881755423
264,264,2.956919871797526e-05,2.84904981526779e-05,-28.307213723148607,-28.44539335141817
265,265,2.630045174114879e-05,2.8780404806495523e-05,-28.81296115041884,-28.401424798826945
266,266,2.7981403064520998e-05,2.6881553486945403e-05,-28.543288493749582,-28.697850150136187
267,267,3.0457522080189274e-05,3.445581440150578e-05,-28.17225921126169,-27.619768586253073
268,268,3.12219849031853e-05,2.915128956565719e-05,-28.076248145009295,-28.34581606624682
269,269,3.0396997336191414e-05,3.0008642266023488e-05,-28.17881300016518,-28.219930317131148
270,270,2.661463594515376e-05,2.8053253596513777e-05,-28.75518295031766,-28.512561403503774
271,271,3.1373107789871016e-05,2.7521655379371767e-05,-28.04254276906893,-28.595648256289657
272,272,2.6577874216189267e-05,2.8429329081279176e-05,-28.759810961557804,-28.454727673635638
273,273,2.69551825656834e-05,2.8104588205965947e-05,-28.697825042123718,-28.504621517243937
274,274,2.920907317997093e-05,2.7925825490551926e-05,-28.35435966463285,-28.532333582592923
275,275,2.5155341457311525e-05,2.824537999626237e-05,-28.99507125415466,-28.48291956183577
276,276,2.904447471346711e-05,2.836210679609059e-05,-28.368957082268274,-28.465008900268405
277,277,3.095309316027926e-05,2.7949574311940906e-05,-28.112700693259228,-28.528641803119857
278,278,3.2030020032759715e-05,2.779358362060616e-05,-27.951333621666787,-28.552948310259588
279,279,2.8546717217490294e-05,2.931752073652062e-05,-28.4675477028164,-28.32112137026494
280,280,2.760363199787704e-05,2.962743727900823e-05,-28.606637925774923,-28.275452906314868
281,281,3.0911595214214704e-05,3.117276116283488e-05,-28.11205891145521,-28.054641059214234
282,282,2.8009802871068686e-05,2.6507697935142604e-05,-28.53851748172467,-28.758673650268594
283,283,2.6758332591946117e-05,2.5898697937296483e-05,-28.74056702871988,-28.859614476505406
284,284,2.6984791034432345e-05,2.776090044981653e-05,-28.69828998248139,-28.55805829286499
285,285,2.930320743805928e-05,2.741294395635027e-05,-28.340379244129934,-28.61283699829917
286,286,3.079668177755612e-05,2.8001047834741737e-05,-28.122851207074604,-28.52065094533648
287,287,2.9319371962403764e-05,2.6842409026453663e-05,-28.336692239330688,-28.7041788814515
288,288,2.779055860619056e-05,2.7444078736344207e-05,-28.57900165878345,-28.607907213948938
289,289,2.8105368345649432e-05,2.758303430470589e-05,-28.524357065480732,-28.58597338478427
290,290,3.0121773503646952e-05,2.7531319334995812e-05,-28.220040079256023,-28.594123542079114
291,291,2.813833949759785e-05,2.7483472733461223e-05,-28.512980898178213,-28.601677699600078
292,292,2.8569285944089194e-05,2.9561769559605683e-05,-28.449552619310417,-28.28508950778336
293,293,2.8423926994140312e-05,2.7879504255236642e-05,-28.473872332949043,-28.539543310267366
294,294,2.854449436555799e-05,2.764047866022386e-05,-28.455280838660947,-28.57693818427755
295,295,2.6766310201282132e-05,2.6289638777885366e-05,-28.735622365914217,-28.79454759130322
296,296,3.093517969637574e-05,2.681308375797112e-05,-28.104583962260634,-28.708926132064438
297,297,2.761000607429149e-05,2.9168930986519338e-05,-28.596337369992348,-28.343188650954318
298,298,2.6599124503638787e-05,2.874100942120238e-05,-28.763446158404037,-28.40737360983936
299,299,2.7002222156728204e-05,2.7966559364837228e-05,-28.69710280431363,-28.52600338215276
300,300,2.9175948857863257e-05,2.958029357327369e-05,-28.361726716833743,-28.282368981391272
301,301,2.764119760764309e-05,2.693037185963476e-05,-28.594636246843947,-28.68997027757844
302,302,2.7677642598045514e-05,2.8817526359297947e-05,-28.594835693663995,-28.395826789506945
303,303,2.6047955928043313e-05,2.7163760837299234e-05,-28.847240940799686,-28.652494799546943
304,304,2.7945230641242085e-05,2.836655140096187e-05,-28.55448412562597,-28.464328373904788
305,305,3.0495057020293782e-05,2.8626639170014594e-05,-28.168050699830726,-28.42469014137275
306,306,2.768150337492584e-05,2.794803769670819e-05,-28.596809689238416,-28.528880576653307
307,307,2.8719207566422313e-05,2.7415396767824668e-05,-28.4278353116015,-28.612448424625363
308,308,2.848312639808054e-05,2.9266876912228518e-05,-28.4569414900259,-28.32862996975354
309,309,2.7326640970245863e-05,2.8403404796431698e-05,-28.6441662443729,-28.458689747556505
310,310,2.4957234838495294e-05,2.6862440312183217e-05,-29.036296209217483,-28.70093914523835
311,311,2.7427556683365183e-05,2.8985652582042875e-05,-28.633405507331666,-28.37056295521815
312,312,2.9711294897874584e-05,2.6083030876945583e-05,-28.279870360766605,-28.828813225407572
313,313,2.6667278089195122e-05,2.6825136621099726e-05,-28.746423313424177,-28.706974355141565
314,314,2.6655049173454826e-05,2.7999891866975784e-05,-28.749803103867873,-28.52083023890718
315,315,2.770438854004732e-05,2.661963859090496e-05,-28.5896624636052,-28.740372231744477
316,316,2.7789925691640465e-05,2.7762813212910642e-05,-28.56928172255879,-28.557759068478692
317,317,2.7784573334073e-05,2.5884723455467457e-05,-28.570345774675104,-28.861958485583948
318,318,2.5916887380779223e-05,2.8678600181975573e-05,-28.87589432632815,-28.416814286666096
319,319,2.5067701760245026e-05,2.789691581327995e-05,-29.018090106935368,-28.536831862018847
320,320,2.6232693288847323e-05,2.801309040621977e-05,-28.830881121032505,-28.51878355164423
321,321,2.7810740509276283e-05,2.7437007127829067e-05,-28.571107982298784,-28.609026419418342
322,322,2.4693169948055658e-05,2.803447243518588e-05,-29.088444507114314,-28.515469902603442
323,323,2.698415978885191e-05,2.7718836128386964e-05,-28.70395776945054,-28.564643870702643
324,324,2.6574338072660073e-05,2.828598941337795e-05,-28.76633521955325,-28.476680035362442
325,325,2.6167070226967046e-05,2.7993568820468346e-05,-28.832866692050153,-28.52181109066557
326,326,3.039077556732269e-05,4.558020507255079e-05,-28.182061678702336,-26.40463103222259
327,327,2.9800879952538887e-05,2.792364935693944e-05,-28.280619353915426,-28.532672021879183
328,328,3.1410356145382126e-05,2.696730792338617e-05,-28.03652626598954,-28.684017839088988
329,329,2.951382794918507e-05,2.862898446964161e-05,-28.31322884237455,-28.42433435075438
330,330,2.911514796502048e-05,2.6864029630240494e-05,-28.372005817496063,-28.70068220222192
331,331,2.8942647236597378e-05,2.63101085836656e-05,-28.38943342823759,-28.791167375773416
332,332,2.8378330583662544e-05,2.6554820531026435e-05,-28.476824780174933,-28.750960074156197
333,333,2.8369553875404328e-05,2.7359230778912253e-05,-28.487016746384594,-28.62135495259168
334,334,2.6779367010359358e-05,2.8421696888950753e-05,-28.73570985371849,-28.455893745479163
335,335,2.676380171175607e-05,2.729884655357302e-05,-28.732694316439932,-28.63095080660182
336,336,2.8790810218422322e-05,2.6218924176646397e-05,-28.4180794217512,-28.80624510422171
337,337,2.7352669667848625e-05,2.6857185443268943e-05,-28.634119592560584,-28.701788801410665
338,338,2.636068975990974e-05,3.00810190885003e-05,-28.79854023578554,-28.209468327793385
339,339,2.681171534596174e-05,2.8335132906489124e-05,-28.727442982922998,-28.469141239816036
340,340,2.8089124742147067e-05,2.6984145350931948e-05,-28.530651395931216,-28.681307105024864
341,341,2.6657232345164676e-05,2.5975985456745165e-05,-28.751376382984972,-28.846673455623396
342,342,2.594500579716717e-05,3.018358591744848e-05,-28.869659836380457,-28.19468543795509
343,343,3.0096243734209866e-05,2.7261749317786827e-05,-28.22957709643287,-28.636856580547736
344,344,2.53205705411881e-05,2.606359377846514e-05,-28.973393153832102,-28.832050798332368
345,345,2.9418418579524833e-05,2.7710751701785118e-05,-28.324801179205743,-28.565910711040043
346,346,2.5650156972333955e-05,2.7739330299051578e-05,-28.91534250240104,-28.561434061864976
347,347,2.9522655523512946e-05,3.0264564836550945e-05,-28.31374929304923,-28.183049443034996
348,348,2.6858943886874896e-05,2.6752174036166826e-05,-28.71873857511448,-28.71880296961347
349,349,2.8877886469456724e-05,2.6883748193397066e-05,-28.401322172281844,-28.697495591016423
350,350,2.7032685972427344e-05,2.800819210709673e-05,-28.689649010519325,-28.519543014544695
351,351,2.8192691172886588e-05,3.007865263115443e-05,-28.507840953674005,-28.209809998330513
352,352,3.0146966234975273e-05,2.598435524927673e-05,-28.22247279379742,-28.84527432902292
353,353,2.800393972439948e-05,2.8248937030041004e-05,-28.544777479456563,-28.48237267491852
354,354,2.978472836270926e-05,2.7823762138723396e-05,-28.27016957390869,-28.548235260761206
355,355,2.640929011887266e-05,2.6322944234523577e-05,-28.802254479447097,-28.789049143160526
356,356,2.6841847561767863e-05,2.6931899427788602e-05,-28.73012009961105,-28.68972394024276
357,357,2.892301737804316e-05,2.7937335624684285e-05,-28.400347608220326,-28.530543928119172
358,358,2.5392669280354875e-05,2.6774338422049032e-05,-28.967978716086485,-28.715206295520012
359,359,2.8852422980618058e-05,2.677380751648391e-05,-28.40659677211739,-28.71529241217384
360,360,2.695456044317869e-05,2.731849834067122e-05,-28.703441394836197,-28.62782554920195
361,361,3.123287263303244e-05,2.828757877930337e-05,-28.063387540160125,-28.47643601580583
362,362,2.942759593426353e-05,2.7571400383557804e-05,-28.32257547002129,-28.587805530417167
363,363,2.7636649646570057e-05,2.8973081929220107e-05,-28.598133052759827,-28.37244683528782
364,364,2.672697809964692e-05,2.6985292702432306e-05,-28.750702199189853,-28.68112244924802
365,365,2.8519187347312966e-05,2.8001995528220985e-05,-28.457870021598573,-28.52050396116423
366,366,2.6309219373212455e-05,2.6531231876441253e-05,-28.809044561082374,-28.754819627741938
367,367,2.696810758241498e-05,2.6161644583273875e-05,-28.70370057989723,-28.81574336734942
368,368,2.8122526600782294e-05,2.7822014424983583e-05,-28.50334379524538,-28.548508065807795
369,369,2.8704657198272563e-05,2.7954209001204856e-05,-28.42703631495133,-28.52792170159613
370,370,2.7298234637839284e-05,2.7744596177638558e-05,-28.646979273004185,-28.560609699868706
371,371,2.8952458302866062e-05,2.8307407630659565e-05,-28.399972279098947,-28.473392791794268
372,372,2.6134930625086837e-05,2.6341194107341214e-05,-28.835010703788107,-28.78603919383754
373,373,2.6206220776582565e-05,2.972694059472384e-05,-28.826875226893232,-28.2608916277783
374,374,2.73653142414201e-05,2.7473357333388105e-05,-28.638853368785036,-28.603276431724282
375,375,2.641466118202703e-05,2.7095689658476896e-05,-28.787419179804303,-28.663391685740493
376,376,2.894890050961247e-05,2.6414372194650288e-05,-28.397994898621832,-28.773990850079556
377,377,2.940989916450488e-05,2.688590726201686e-05,-28.327239456727817,-28.69714681750088
378,378,2.5635481009529256e-05,2.6989091326724617e-05,-28.92015376665028,-28.680511151277187
379,379,2.871007195467756e-05,2.654129026555701e-05,-28.426877258475827,-28.75317346405278
380,380,2.5624184391491917e-05,2.697761091870856e-05,-28.927404322856766,-28.682358912107155
381,381,2.8930394383331584e-05,2.8018871346016806e-05,-28.40165568062991,-28.517887409448072
382,382,2.6402671688422922e-05,2.8116545189205728e-05,-28.789667165462166,-28.502774221892192
383,383,2.908902567384954e-05,2.7372187201093e-05,-28.37275352519942,-28.619298765132598
384,384,2.611588824385256e-05,2.7317632070901853e-05,-28.83604122041489,-28.627963266195408
385,385,2.8878736931388986e-05,2.9587162651679184e-05,-28.405246387518382,-28.281360588247132
386,386,2.7372785168444887e-05,2.684578736845747e-05,-28.63939222695493,-28.703632319864152
387,387,2.7921187848761227e-05,2.701143703712947e-05,-28.546744040104155,-28.676916883009447
388,388,2.8509542109119494e-05,2.6965785046310263e-05,-28.454350866619293,-28.684263097454284
389,389,2.6965681885035477e-05,2.710528458823989e-05,-28.707220444882505,-28.661854065743157
390,390,2.579323941016313e-05,2.7004728460604766e-05,-28.89845921681181,-28.677995633325857
391,391,2.7696440334581247e-05,2.6868387641642538e-05,-28.595196651547383,-28.699977726077268
392,392,2.979725083896108e-05,2.6961200714331906e-05,-28.273639998660354,-28.685001484760058
393,393,2.714052713140377e-05,2.6594211464582356e-05,-28.68134240399407,-28.74452260292848
394,394,2.6765059692948364e-05,2.7308465513143393e-05,-28.726947629843608,-28.629420805967044
395,395,3.020188368160215e-05,2.691717432562176e-05,-28.212480335324347,-28.692099108590206
396,396,2.6398178925239673e-05,2.9002959356722912e-05,-28.799512689780414,-28.367970640377376
397,397,2.7444917558915624e-05,2.7143222532207512e-05,-28.628739754090482,-28.655779707837112
398,398,2.7514358463900562e-05,2.6086247855442036e-05,-28.60867705699889,-28.828277616694884
399,399,3.0342815192590333e-05,2.6348672690801322e-05,-28.19835481316089,-28.78480635429994
400,400,2.6595173396119734e-05,2.6246272442988e-05,-28.759492370174957,-28.801717454273636
401,401,2.949665307936549e-05,2.651824635043005e-05,-28.317857070177656,-28.756945772085825
402,402,2.805739208757661e-05,2.7115359204655858e-05,-28.531980306841792,-28.66024016001979
403,403,2.7925497222182906e-05,2.6405648225734597e-05,-28.551579783542582,-28.775425446872475
404,404,2.9198909548549918e-05,2.8928854877257865e-05,-28.35649571875137,-28.379081351994124
405,405,2.8420241918509645e-05,2.8787914791456914e-05,-28.47224026577028,-28.400291694692868
406,406,2.7296801358575395e-05,2.6545962674917017e-05,-28.648723341210193,-28.752408986143266
407,407,2.6772906747601625e-05,2.7673374652773707e-05,-28.731646521068512,-28.571772552570568
408,408,2.7489800991180844e-05,2.7276243264694993e-05,-28.621927320429865,-28.634548229611685
409,409,2.748257847810068e-05,3.133967948087957e-05,-28.613883411550272,-28.031448275188353
410,410,2.8372618685024624e-05,2.608504241595112e-05,-28.477732504694412,-28.828478307809302
411,411,2.9491532427293595e-05,2.598342296933927e-05,-28.31207350110119,-28.84543015020533
412,412,2.7609866377780545e-05,2.7295062624800364e-05,-28.592338914149593,-28.631552829579565
413,413,2.7273679171633648e-05,2.81613089387783e-05,-28.65286789726072,-28.495865410662713
414,414,2.7323650786072285e-05,2.6646296742240482e-05,-28.642769580337752,-28.736025179949756
415,415,2.8144984781581877e-05,2.7879655901511125e-05,-28.512765947310953,-28.539519687551376
416,416,2.6896217333188296e-05,2.6897951628550226e-05,-28.71040966893641,-28.695201697861346
417,417,2.6452540829999746e-05,2.8957882645236648e-05,-28.779383686190023,-28.37472574272976
418,418,2.850296375269404e-05,2.5403381857215306e-05,-28.457708676997065,-28.94347841561804
419,419,2.7776161802001898e-05,2.7706018715291163e-05,-28.572408130010754,-28.56665254781861
