,epoch,train_loss,test_loss,train_dbs,test_dbs
0,0,0.00010439445579378895,9.851082799478288e-05,-29.82053156160559,-30.06749474288697
1,1,9.292956113397653e-05,8.875876473642788e-05,-30.320739227791247,-30.52022194181508
2,2,8.319331361244903e-05,8.068381392053867e-05,-30.795987576218558,-30.93447024560755
3,3,7.605078700958685e-05,7.399397605025258e-05,-31.189969211545137,-31.310370790003734
4,4,7.030020056732872e-05,6.823598615531075e-05,-31.53716154106715,-31.662199712577564
5,5,6.507311747517418e-05,6.32890455323688e-05,-31.863643989264183,-31.98904897577988
6,6,6.14352490826145e-05,5.8844983485821436e-05,-32.11330253278117,-32.305239983634515
7,7,5.710075864269513e-05,5.522108499702115e-05,-32.435068605823304,-32.58128508160433
8,8,5.25307656324603e-05,5.1783991550205666e-05,-32.78786423864012,-32.86037920524487
9,9,5.056680727404417e-05,4.845793936462877e-05,-32.95735339304272,-33.14868501502502
10,10,4.634209569500394e-05,4.563789537458337e-05,-33.34594980491202,-33.40907835273251
11,11,4.438126187281894e-05,4.270835147747819e-05,-33.52526681084437,-33.69720635483705
12,12,4.1556470492163424e-05,4.08209914320124e-05,-33.811081396551465,-33.89349895316648
13,13,3.9135808994202666e-05,3.8411166985353796e-05,-34.0670934590979,-34.15775941825193
14,14,3.756543024867346e-05,3.636623162157392e-05,-34.24830908225958,-34.395351431845924
15,15,3.537205985903898e-05,3.470129338797721e-05,-34.5158721592,-34.59887781535236
16,16,3.3509647971758444e-05,3.3227305768952264e-05,-34.75081496716917,-34.78738315664715
17,17,3.2645114787527814e-05,3.1839741974468585e-05,-34.85438530707107,-34.97263904060465
18,18,3.130673433860438e-05,3.067535056432366e-05,-35.049480146987655,-35.13443909033258
19,19,2.9463804202885175e-05,2.9611819627461955e-05,-35.30445064098028,-35.287683483401764
20,20,2.9482859879619318e-05,2.8553888593083493e-05,-35.30719842802903,-35.44568182942694
21,21,2.791552766005403e-05,2.7882908876850515e-05,-35.54672632042035,-35.548953642261964
22,22,2.7248176115087338e-05,2.7008544221691983e-05,-35.63373946543714,-35.687322676089394
23,23,2.727626041135962e-05,2.6233670532268373e-05,-35.64875424931309,-35.8137438371577
24,24,2.6674498586384963e-05,2.553099406405205e-05,-35.74294307952219,-35.93165719028029
25,25,2.514771254074318e-05,2.4626966287063335e-05,-35.994695174057426,-36.088225278076436
26,26,2.4063659402224975e-05,2.4144520897320226e-05,-36.18300421915697,-36.174148516054856
27,27,2.4021821895844696e-05,2.3641623173668785e-05,-36.1963692935075,-36.265561528823355
28,28,2.4059657531774835e-05,2.3240605706201966e-05,-36.18276007365789,-36.339860010420765
29,29,2.2920492586674355e-05,2.2881071345182136e-05,-36.39980154858442,-36.407570883901805
30,30,2.2319180933448377e-05,2.2467097790611563e-05,-36.51449326995917,-36.48686468042196
31,31,2.2440099669860427e-05,2.193636617831592e-05,-36.49263160548176,-36.590687565929166
32,32,2.1949630367483214e-05,2.126535903363746e-05,-36.5918396548157,-36.72560724147087
33,33,2.0903401013335317e-05,2.088767781204201e-05,-36.7995572671981,-36.803432837017
34,34,2.056780603825902e-05,2.080698686768301e-05,-36.865149096118195,-36.82024250602084
35,35,2.0809135759881212e-05,2.066407370492877e-05,-36.819523070995416,-36.850175014527444
36,36,2.011604343333039e-05,2.0421339094785874e-05,-36.96438287115162,-36.90149226857808
37,37,2.1189572227327873e-05,2.0387354006264725e-05,-36.74351690394957,-36.90872579589899
38,38,2.011762072217288e-05,2.019765030892909e-05,-36.96074659115204,-36.94932594876756
39,39,1.986790447489577e-05,2.0153987957440366e-05,-37.01601075065799,-36.95872448946314
40,40,2.0807211165953686e-05,2.0081797006959707e-05,-36.82215386106118,-36.97430870888735
41,41,1.9930115881506187e-05,1.9887864015656402e-05,-36.99707619997972,-37.016453018730935
42,42,1.9872309326508667e-05,1.9592016925391937e-05,-37.016477479141095,-37.08154296368391
43,43,1.935614261700599e-05,1.9146973164951258e-05,-37.136773707475776,-37.18133315059133
44,44,1.8976099032518025e-05,1.876813525756772e-05,-37.21862262035232,-37.26812319027216
45,45,1.8851463510051788e-05,1.8600492838135995e-05,-37.255103132052575,-37.30708992244092
46,46,1.868806103845703e-05,1.8590302332947766e-05,-37.28250419511371,-37.30946990934975
47,47,1.839171997660029e-05,1.8572406062096553e-05,-37.354083259666616,-37.3136527327304
48,48,1.8685080277398662e-05,1.848484436394708e-05,-37.27882377983741,-37.33417645354997
49,49,1.848185670543486e-05,1.8469409377231433e-05,-37.333548600368786,-37.337804360635104
50,50,1.876828745358561e-05,1.8492437352267044e-05,-37.26518715436118,-37.33239287573039
51,51,1.865322064049062e-05,1.8433565855957568e-05,-37.29434440065749,-37.346240888203994
52,52,1.8239906849069568e-05,1.8383623299948676e-05,-37.39555510798417,-37.358023313906685
53,53,1.843806784535511e-05,1.8369675432806714e-05,-37.34341986785118,-37.36131960688377
54,54,1.846792890984906e-05,1.8415039783959448e-05,-37.336705127741965,-37.35060782224576
55,55,1.842768263477129e-05,1.8341588991844266e-05,-37.34280410192428,-37.367964863535825
56,56,1.8486155643108057e-05,1.834231625252869e-05,-37.33380732611866,-37.367792665237914
57,57,1.8201175285848313e-05,1.83591225179139e-05,-37.40139172728298,-37.36381523597471
58,58,1.8128054218379345e-05,1.825415261249107e-05,-37.414789835635716,-37.38871766572699
59,59,1.8581489299678425e-05,1.823758559208057e-05,-37.314361095752965,-37.392661005449455
60,60,1.8248971285821735e-05,1.82446379097344e-05,-37.38071437968133,-37.390981950618986
61,61,1.8429766024598495e-05,1.8271323920328685e-05,-37.35447882572963,-37.38463426668708
62,62,1.7941294010091314e-05,1.809096207388824e-05,-37.45878239171174,-37.427717804977775
63,63,1.7799992062848724e-05,1.804971921764694e-05,-37.4957628488255,-37.4376299328175
64,64,1.7830098747169557e-05,1.7831264765271426e-05,-37.4864763792638,-37.49051295047753
65,65,1.764627151865123e-05,1.745232609544856e-05,-37.52643840568452,-37.58380124517333
66,66,1.776483727975499e-05,1.7191581766957442e-05,-37.50280801133542,-37.64917606478158
67,67,1.7551803157215375e-05,1.7113673397704444e-05,-37.55514280269959,-37.668902041380655
68,68,1.6924528074351776e-05,1.7082131642765536e-05,-37.712777167945205,-37.67691379252274
69,69,1.704410534358365e-05,1.7158213459448523e-05,-37.67993853074098,-37.65761377236296
70,70,1.7050457685887597e-05,1.7035416596244384e-05,-37.679922944197784,-37.68880685087656
71,71,1.7533635747389143e-05,1.699985812975731e-05,-37.5647534590173,-37.6978814662709
72,72,1.6847299456898816e-05,1.697796170973513e-05,-37.72825092268475,-37.703478938828226
73,73,1.7111419999975587e-05,1.6994156268131183e-05,-37.67385221147742,-37.69933836220265
74,74,1.702261583089886e-05,1.691341582811315e-05,-37.692822736207475,-37.72002117236727
75,75,1.647389962806873e-05,1.690958929669394e-05,-37.83116348072454,-37.72100384169612
76,76,1.6751288208023154e-05,1.6815910576521053e-05,-37.751339244704305,-37.74513054465345
77,77,1.66656677017094e-05,1.6884128423331085e-05,-37.781907691759955,-37.72754796861922
78,78,1.7162761341563794e-05,1.6858645051941397e-05,-37.651012273669586,-37.73410776708218
79,79,1.69881973353355e-05,1.6794649318877707e-05,-37.70057581144805,-37.750625036939915
80,80,1.6728063201298937e-05,1.6830726532421786e-05,-37.76926943217559,-37.741305800868886
81,81,1.616598459917178e-05,1.6829444527837423e-05,-37.909408718602826,-37.741636617676704
82,82,1.700819368274959e-05,1.6779782000460392e-05,-37.691021799579964,-37.754471294057396
83,83,1.702526469202472e-05,1.674391526313756e-05,-37.68884668650135,-37.763764261908825
84,84,1.681416652740829e-05,1.675670046097366e-05,-37.74462496033178,-37.76044937290167
85,85,1.6564042020148655e-05,1.6742449923568576e-05,-37.80747766355523,-37.76414435027362
86,86,1.65630871632266e-05,1.6719782922193287e-05,-37.80912990542414,-37.77002809100882
87,87,1.718221132644421e-05,1.67203414955446e-05,-37.6465907081038,-37.76988300463222
88,88,1.6932216079947036e-05,1.6681597643534923e-05,-37.70819323600761,-37.779958017709525
89,89,1.711833022820485e-05,1.6647881047423364e-05,-37.65905139661549,-37.78874479578704
90,90,1.6761965778960545e-05,1.6590837443991884e-05,-37.761170175498,-37.80365135515177
91,91,1.6615016338431645e-05,1.6593273836693506e-05,-37.79190900211109,-37.80301363314137
92,92,1.6534013242956453e-05,1.654791470316827e-05,-37.81463744493366,-37.814901700264066
93,93,1.6184005786628178e-05,1.6585160761008555e-05,-37.92142601623327,-37.80513758149167
94,94,1.669875931951275e-05,1.6550895260910404e-05,-37.77526590613399,-37.814119533300776
95,95,1.714467139818319e-05,1.660751259853561e-05,-37.66226262451409,-37.79928853097347
96,96,1.688686959298757e-05,1.6493501980700164e-05,-37.71105641157893,-37.829205667131845
97,97,1.6696378018601424e-05,1.6542239887042486e-05,-37.786392482452015,-37.81639129218887
98,98,1.6504062129110796e-05,1.6504501361755263e-05,-37.826524865837584,-37.82631035821031
99,99,1.6023490782563104e-05,1.6466603100477522e-05,-37.9534052977589,-37.836294259728746
100,100,1.6765059167342188e-05,1.6520275254917676e-05,-37.75607443149438,-37.822161645648805
101,101,1.6188440192130767e-05,1.6495889452160457e-05,-37.91031697383504,-37.82857706160887
102,102,1.624708248837311e-05,1.642575266726597e-05,-37.89587735715943,-37.847081645693954
103,103,1.6082994173387108e-05,1.6415300897757622e-05,-37.931726306802304,-37.84984595772667
104,104,1.6720234824103883e-05,1.639486991304071e-05,-37.76736830618078,-37.85525468608743
105,105,1.6301529688734235e-05,1.6435573391055713e-05,-37.87276807981196,-37.84448583670585
106,106,1.62604400307809e-05,1.637391228302333e-05,-37.888331699623734,-37.86080984175776
107,107,1.648126040309603e-05,1.6402852691642595e-05,-37.83178921472862,-37.85314059005259
108,108,1.6488925849472188e-05,1.64733290052697e-05,-37.830506163829845,-37.834520714253145
109,109,1.6485960868615704e-05,1.639791432688454e-05,-37.83071580307885,-37.8544483061673
110,110,1.6914320899699887e-05,1.6401141979976703e-05,-37.72062659405271,-37.853593554787366
111,111,1.6809121654059898e-05,1.6422373750844455e-05,-37.74460037854516,-37.84797511812107
112,112,1.6246015022880248e-05,1.640714818725093e-05,-37.89867178528672,-37.85200343064971
113,113,1.579896761353497e-05,1.6337636656029836e-05,-38.01364446147257,-37.87044210412376
114,114,1.616818243531167e-05,1.6426730613411084e-05,-37.91074784826613,-37.84682308587008
115,115,1.6596339039622144e-05,1.6363633269640176e-05,-37.80590459808796,-37.86353705839117
116,116,1.652062597788676e-05,1.6406469034049415e-05,-37.82122399636489,-37.85218320509264
117,117,1.6679632505290955e-05,1.641433242950466e-05,-37.76980975326794,-37.850102189902096
118,118,1.6439190347359117e-05,1.6370925693895277e-05,-37.837130528175884,-37.86160206383718
119,119,1.6649561713194024e-05,1.6351783558907062e-05,-37.789204643954555,-37.86668313733954
120,120,1.6513718393755497e-05,1.634650657491109e-05,-37.82349278505687,-37.86808490179944
121,121,1.7113486231294503e-05,1.6351664750178124e-05,-37.67097136788986,-37.8667146924067
122,122,1.707947548002079e-05,1.6338189628808514e-05,-37.67918463629877,-37.87029511287442
123,123,1.6514754617636537e-05,1.6276090718747582e-05,-37.82517792412829,-37.8868334183501
124,124,1.6175080155644726e-05,1.6304656367681576e-05,-37.91324911291218,-37.879217934978904
125,125,1.6355876985321675e-05,1.6275220763131265e-05,-37.86232408937626,-37.8870655545723
126,126,1.5931324727266795e-05,1.6188062114739104e-05,-37.97711289204234,-37.9103858152749
127,127,1.6420201907599268e-05,1.5983273681884287e-05,-37.84501835732652,-37.96567707716674
128,128,1.6241586064969635e-05,1.5649635746453178e-05,-37.89657623123847,-38.057292101024515
129,129,1.5546539074908725e-05,1.5141802817341063e-05,-38.07595648295995,-38.20055857341582
130,130,1.522393903514123e-05,1.488499291506167e-05,-38.175330399764235,-38.274848114009494
131,131,1.4813330859190678e-05,1.4861576681524688e-05,-38.29385655042393,-38.28168557005943
132,132,1.4974363328236127e-05,1.4852580247143602e-05,-38.24226386053531,-38.28431536160107
133,133,1.5077583053969592e-05,1.4791922263899132e-05,-38.221799828934834,-38.30208827862815
134,134,1.5282960909466167e-05,1.4795615578278606e-05,-38.161072418781494,-38.30100404777945
135,135,1.4705665354582735e-05,1.4746071811762368e-05,-38.32466072108707,-38.31557099129838
136,136,1.4774264592542937e-05,1.4771736411938419e-05,-38.30761530367349,-38.308018942067015
137,137,1.5351204816284998e-05,1.4745091328605716e-05,-38.140689715820194,-38.31585976826025
138,138,1.5006976045509704e-05,1.4766059393878095e-05,-38.24379701728654,-38.3096883270569
139,139,1.5079484816767232e-05,1.4727474655573084e-05,-38.21820096075547,-38.32105159635071
140,140,1.4511950212181546e-05,1.4719558317952569e-05,-38.38434226249026,-38.32338665118044
141,141,1.5732830762158066e-05,1.4730932698033652e-05,-38.034292247165084,-38.32003198334335
142,142,1.461836371763451e-05,1.4732713057846444e-05,-38.35621273007928,-38.31950713285482
143,143,1.4604530003181053e-05,1.4752707963787926e-05,-38.36481863390258,-38.313616982165584
144,144,1.4614520071133775e-05,1.4715936231368687e-05,-38.36000218626267,-38.324455464358806
145,145,1.4258685669775923e-05,1.4674322301289067e-05,-38.45338784071822,-38.336753901448894
146,146,1.5221807451471063e-05,1.4710987144146776e-05,-38.18650249337685,-38.32591627714156
147,147,1.4789737938419008e-05,1.466892607775088e-05,-38.29412179079918,-38.33835123661909
148,148,1.5139194691017242e-05,1.4722538923562847e-05,-38.20596247841975,-38.32250732484504
149,149,1.4807425716369216e-05,1.467443536584094e-05,-38.30170452871512,-38.33672043951396
150,150,1.4515623895687858e-05,1.46967276553991e-05,-38.37337701616474,-38.33012797315768
151,151,1.484381357737764e-05,1.4628091871839532e-05,-38.28632320574715,-38.350457644045676
152,152,1.459684045050718e-05,1.4671740485171444e-05,-38.35088806054157,-38.33751807107821
153,153,1.5011278564904302e-05,1.470647207737018e-05,-38.23565185772024,-38.32724940967835
154,154,1.4834007321117019e-05,1.4625604260225755e-05,-38.29074311483869,-38.351196255669116
155,155,1.514556813922401e-05,1.4697296855477984e-05,-38.199919305817374,-38.329959775398095
156,156,1.5088403424951392e-05,1.4611970695305468e-05,-38.20703563456357,-38.35524651117198
157,157,1.4755672739354231e-05,1.4682120691807205e-05,-38.30569299623147,-38.33444653876861
158,158,1.4974521608442937e-05,1.4643906500790954e-05,-38.24229712457598,-38.345764963574894
159,159,1.4870326144914215e-05,1.4685262038638988e-05,-38.28011776676612,-38.33351743343258
160,160,1.4899245798005722e-05,1.4674780925959471e-05,-38.26170156601179,-38.33661817112549
161,161,1.4834094341945133e-05,1.4708258564305174e-05,-38.288532135923184,-38.3267218771109
162,162,1.4693015980379436e-05,1.4658786552134093e-05,-38.326297788829294,-38.34135422580922
163,163,1.5075258694927583e-05,1.4644183609466141e-05,-38.21719043628805,-38.345682782204875
164,164,1.5352434134329836e-05,1.4666694177752729e-05,-38.13693597473831,-38.33901207272672
165,165,1.4896724050484727e-05,1.466520021303471e-05,-38.2755983115132,-38.33945447213339
166,166,1.4198357592287026e-05,1.4635264434266565e-05,-38.470244053330305,-38.348328698675935
167,167,1.4763009867519285e-05,1.4680924658406233e-05,-38.30961587774358,-38.334800337702134
168,168,1.452280351249729e-05,1.4631034518013047e-05,-38.37244982779168,-38.34958408754735
169,169,1.4673138382969443e-05,1.4625697076553479e-05,-38.33621779899617,-38.35116869476268
170,170,1.4523616628889378e-05,1.4650542700684654e-05,-38.37512088537992,-38.343797310915434
171,171,1.4589698994970285e-05,1.4629531458348011e-05,-38.355650337363976,-38.35003026519107
172,172,1.457686674669829e-05,1.4653312159919695e-05,-38.355908615221715,-38.3429764217369
173,173,1.4533185160112179e-05,1.4633117213011965e-05,-38.38037682474458,-38.34896592307407
174,174,1.47709090540338e-05,1.4575106816712497e-05,-38.3104015556041,-38.36621697408382
175,175,1.4336765649279618e-05,1.4630987463629266e-05,-38.43025798988059,-38.34959805477028
176,176,1.4529110895759023e-05,1.462545783157877e-05,-38.379088249635316,-38.35123973658832
177,177,1.4384774536646892e-05,1.4651537161338829e-05,-38.427000302723854,-38.343502527216266
178,178,1.544638555585443e-05,1.4648429274338445e-05,-38.11205513717299,-38.34442385126125
179,179,1.539321310139206e-05,1.4665607906001816e-05,-38.1349628639522,-38.339333739826785
180,180,1.4616523575446972e-05,1.4636736379639173e-05,-38.35158723494477,-38.34789192788081
181,181,1.506503445552974e-05,1.462751812428714e-05,-38.22042121801825,-38.35062798771383
182,182,1.4591287544669857e-05,1.4637062313819402e-05,-38.3597505690211,-38.34779521927293
183,183,1.4262876958906118e-05,1.4608218311638522e-05,-38.46102526979101,-38.356361931424125
184,184,1.4583871252960813e-05,1.4639137110574857e-05,-38.36043502993643,-38.34717965249774
185,185,1.4484127728492334e-05,1.4636431411705225e-05,-38.39132207086804,-38.34798241750039
186,186,1.4515423253655659e-05,1.4623363169544304e-05,-38.38497457013214,-38.351861778867935
187,187,1.4217960081614083e-05,1.4637467278302402e-05,-38.47059013209437,-38.34767506441969
188,188,1.4833346277864808e-05,1.465992801585296e-05,-38.282470725324266,-38.34101605859967
189,189,1.4971515925354492e-05,1.462284447035544e-05,-38.24965565442519,-38.352015828376366
190,190,1.4586521829937502e-05,1.4645267918623225e-05,-38.355478751257564,-38.34536122651896
191,191,1.4743966979968372e-05,1.4625732977660128e-05,-38.31077545965588,-38.3511580343249
192,192,1.4314435557213242e-05,1.4601993682031447e-05,-38.43821023878021,-38.35821287473926
193,193,1.4306685452819946e-05,1.4643671659685328e-05,-38.43732247001202,-38.3458346109836
194,194,1.4599858107046493e-05,1.461360802510937e-05,-38.35590797096446,-38.35475989408464
195,195,1.4988443178209337e-05,1.4602352214416514e-05,-38.25131291884861,-38.35810624085882
196,196,1.4527454940312945e-05,1.4636484306002354e-05,-38.369401900949654,-38.347966722650185
197,197,1.4383239525243684e-05,1.4648695995626776e-05,-38.42366152973113,-38.344344774844934
198,198,1.4163972363602034e-05,1.4633923695471726e-05,-38.48469049268696,-38.348726574734606
199,199,1.4229158549233503e-05,1.4610006904771772e-05,-38.46530306612684,-38.35583022484485
200,200,1.4246585733511068e-05,1.465386072882929e-05,-38.46310353781965,-38.34281384007042
201,201,1.4567026539094213e-05,1.4644557938338135e-05,-38.36425876993297,-38.3455717709733
202,202,1.4872911388292122e-05,1.461486427663323e-05,-38.27732839645992,-38.354386571045794
203,203,1.4640380812256199e-05,1.4603283058309707e-05,-38.343434699815504,-38.35782940362334
204,204,1.4390025977807399e-05,1.4564828042670055e-05,-38.4179528254682,-38.36928082103753
205,205,1.4929660660386945e-05,1.466648585559788e-05,-38.252889960576006,-38.33907375929613
206,206,1.4773373822180539e-05,1.4614441074388052e-05,-38.303863516792546,-38.354512331406916
207,207,1.4903435202512875e-05,1.4627881204145715e-05,-38.27063949438057,-38.35052018978067
208,208,1.488034900155737e-05,1.468854320831413e-05,-38.27657111058106,-38.33254718536425
209,209,1.4881668275191578e-05,1.4607135486393849e-05,-38.275387905385415,-38.35668386148329
210,210,1.4722308066863202e-05,1.4594930115364199e-05,-38.323892181265734,-38.360314238641344
211,211,1.4854471158184059e-05,1.4622117161802875e-05,-38.280984969675,-38.352231842399604
212,212,1.4846033850845583e-05,1.4595516643710557e-05,-38.28035524204026,-38.360139711662406
213,213,1.5140803774669358e-05,1.4601479003766527e-05,-38.20837176192792,-38.35836595374656
214,214,1.4947362530816913e-05,1.4593392925713775e-05,-38.264451655639164,-38.360771677037164
215,215,1.4800062737926918e-05,1.4584415303512574e-05,-38.301741083141735,-38.363444209446044
216,216,1.557205050443203e-05,1.4601699292956924e-05,-38.08545270219672,-38.35830043322079
217,217,1.46423431642782e-05,1.4650152479589451e-05,-38.33694014288494,-38.343912987944485
218,218,1.4407573459167682e-05,1.4607071103742591e-05,-38.41240793413226,-38.35670300356068
219,219,1.501950483196703e-05,1.4573647939342712e-05,-38.23526376452482,-38.366651697554715
220,220,1.4336871891387513e-05,1.4597902104708881e-05,-38.43196961810839,-38.35942996775772
221,221,1.4986225923888755e-05,1.46260267444488e-05,-38.248115488443645,-38.35107080449906
222,222,1.4509395507197904e-05,1.4567381042166074e-05,-38.385899071594515,-38.36851963358824
223,223,1.4780528085653132e-05,1.4616244793854238e-05,-38.30462502720826,-38.35397635670171
224,224,1.4699714061937334e-05,1.4606179703198569e-05,-38.32666474773348,-38.356968041053506
225,225,1.4787726820603771e-05,1.4627780106629392e-05,-38.30021810024509,-38.3505502052317
226,226,1.4745720570139496e-05,1.4627596580172203e-05,-38.312302395700975,-38.35060469403797
227,227,1.446214683551027e-05,1.459724018403856e-05,-38.40063667732821,-38.359626896748026
228,228,1.4805035114233723e-05,1.459917817364361e-05,-38.301974686130634,-38.35905034781494
229,229,1.4581496243502528e-05,1.4606873647656022e-05,-38.364654632924186,-38.356761711201536
230,230,1.4904501149055822e-05,1.4564344622301992e-05,-38.26622331200977,-38.36942496986092
231,231,1.4435755268273966e-05,1.4595513292940604e-05,-38.4020731388213,-38.36014070869533
232,232,1.5562323486725272e-05,1.4593933979325046e-05,-38.07805799452397,-38.36061066428079
233,233,1.4536814728437338e-05,1.4567457726929875e-05,-38.37278411352392,-38.36849677176977
234,234,1.4506845377816472e-05,1.45993077048364e-05,-38.37923611227286,-38.359011815212604
235,235,1.4996541534687307e-05,1.4602742674852428e-05,-38.236620294488056,-38.35799011398892
236,236,1.438816203873787e-05,1.4574694480535599e-05,-38.4197241645325,-38.36633983963923
237,237,1.4393812766824921e-05,1.4613574948223112e-05,-38.415944824122654,-38.35476972404957
238,238,1.4547796464406947e-05,1.454777343736312e-05,-38.37024968220662,-38.37436914804822
239,239,1.5133959930177092e-05,1.458100891077744e-05,-38.209119832072695,-38.36445868299796
240,240,1.413021105765869e-05,1.4548621182161456e-05,-38.49739423139831,-38.37411607828277
241,241,1.42951743346765e-05,1.4590530650151012e-05,-38.43960025524835,-38.36162356419576
242,242,1.4688716273855048e-05,1.4595423970987261e-05,-38.32484493867782,-38.36016728682888
243,243,1.4523968950259624e-05,1.460971859495131e-05,-38.37765559559672,-38.35591592815792
244,244,1.4511978143982747e-05,1.4552602279811827e-05,-38.37673127597253,-38.372927833565484
245,245,1.443692537540085e-05,1.4558879755847892e-05,-38.401528836756505,-38.371054845277456
246,246,1.4297073303356397e-05,1.460016315640563e-05,-38.44596277635232,-38.35875734628888
247,247,1.4770433097641517e-05,1.4512112341579172e-05,-38.307585526165184,-38.385028119669556
248,248,1.4029059635391867e-05,1.4543954708451087e-05,-38.52842339020153,-38.37550930231859
249,249,1.429177543108493e-05,1.4535573236092827e-05,-38.44828808655166,-38.3780128005206
250,250,1.476672415949522e-05,1.4541516783968913e-05,-38.31112661751166,-38.37623734769524
251,251,1.4161475116180582e-05,1.4585294497680335e-05,-38.48816744054985,-38.36318241104058
252,252,1.4804282343283911e-05,1.4562318268106442e-05,-38.29644166914378,-38.37002925085957
253,253,1.470257022222156e-05,1.4582703969560834e-05,-38.32225803183565,-38.363953840092684
254,254,1.4701334050149638e-05,1.4532935318512549e-05,-38.32017157278735,-38.37880103019521
255,255,1.5118464568903497e-05,1.4548602369981573e-05,-38.20606283374267,-38.37412169395665
256,256,1.4191166114541534e-05,1.450610532054653e-05,-38.48587322656728,-38.38682617367466
257,257,1.4462260456714352e-05,1.4537347851728555e-05,-38.38638829230619,-38.37748261246229
258,258,1.5006578465057754e-05,1.4578407947402938e-05,-38.235996777731714,-38.365233447493196
259,259,1.464732720462015e-05,1.4565273790810207e-05,-38.34780559719883,-38.36914790975647
260,260,1.4593955683332902e-05,1.4533163123001272e-05,-38.36162053993619,-38.37873295485128
261,261,1.476739490714966e-05,1.4551397917354112e-05,-38.31083820711807,-38.37328726729717
262,262,1.4358166772206122e-05,1.4542433650364584e-05,-38.42564108967667,-38.3759635265599
263,263,1.4565893974408422e-05,1.4509759622390112e-05,-38.36918868556453,-38.38573225961256
264,264,1.4149000899405363e-05,1.4494732137169003e-05,-38.492275522993914,-38.390232496711334
265,265,1.4436082311317242e-05,1.4487781012767778e-05,-38.405457998448526,-38.392315708068985
266,266,1.4242326194773304e-05,1.4504102373872516e-05,-38.465966909952435,-38.38742587202817
267,267,1.454028939199994e-05,1.4560032707920886e-05,-38.37164461891533,-38.3707109308376
268,268,1.4306000359527425e-05,1.4540218743556915e-05,-38.452827775191174,-38.37662503555387
269,269,1.4441663008312258e-05,1.4503696643499242e-05,-38.40526228095431,-38.38754736105404
270,270,1.444239618293293e-05,1.4522687419421823e-05,-38.39369976243806,-38.3818645379031
271,271,1.452578150756662e-05,1.4501266904469384e-05,-38.38371303036525,-38.388274976004396
272,272,1.475160345378135e-05,1.4492626944143252e-05,-38.322537326514656,-38.39086330527411
273,273,1.4501887572177365e-05,1.4503128113574348e-05,-38.390756679417,-38.387717603341
274,274,1.4217078921891576e-05,1.4477254377485033e-05,-38.47926652129706,-38.39547238283633
275,275,1.4434460147818641e-05,1.4526009420622263e-05,-38.40511827490205,-38.38087122188313
276,276,1.471138088182323e-05,1.4488165058872638e-05,-38.3193384753557,-38.39220058561277
277,277,1.4644234566337227e-05,1.4496918179486928e-05,-38.3400597782807,-38.389577559094946
278,278,1.4937995879289205e-05,1.4500802056940493e-05,-38.255927582985656,-38.388414194152595
279,279,1.4368979192141459e-05,1.4469417213771713e-05,-38.43196641700654,-38.39782404321766
280,280,1.4417810009560817e-05,1.4478942256047097e-05,-38.40599446115404,-38.39496607577139
281,281,1.4709787559620532e-05,1.4497580387366102e-05,-38.32003137334767,-38.38937918130463
282,282,1.4268866225299377e-05,1.4450883770079695e-05,-38.45465284887091,-38.40339035695172
283,283,1.477175930031268e-05,1.4495358300337102e-05,-38.305607147546674,-38.390044888321974
284,284,1.447843019424496e-05,1.4530212147771013e-05,-38.385284303498594,-38.379614884256384
285,285,1.4210978462738849e-05,1.4525889367321629e-05,-38.471455559395224,-38.38090711522448
286,286,1.4563300648716773e-05,1.4588532011609795e-05,-38.365710818520256,-38.36221850975737
287,287,1.493612403605438e-05,1.4500067472430314e-05,-38.25894678578716,-38.3886342054864
288,288,1.4231458820730265e-05,1.4453183164158345e-05,-38.4690813156416,-38.40269937172499
289,289,1.4308897840875061e-05,1.4516953773349278e-05,-38.43389239962455,-38.383579497717044
290,290,1.4471409438968848e-05,1.444916563885176e-05,-38.394258227790104,-38.40390674009127
291,291,1.4153423031417596e-05,1.448209279356218e-05,-38.49061570134425,-38.39402117786917
292,292,1.4387936005863894e-05,1.4467346342203918e-05,-38.42713332146256,-38.39844565253787
293,293,1.4811480853204931e-05,1.4517049318161107e-05,-38.29046117365965,-38.383550914276846
294,294,1.4520967777139753e-05,1.44799181438621e-05,-38.37366234215169,-38.394673369023046
295,295,1.477219641096734e-05,1.442920122491686e-05,-38.30613892374963,-38.40991153685042
296,296,1.433538144522469e-05,1.4487880769976121e-05,-38.433866512759,-38.392285804348106
297,297,1.4556913736237924e-05,1.4386189497216898e-05,-38.36811988016716,-38.42287667069192
298,298,1.45180226645232e-05,1.4429769898446179e-05,-38.38093218588244,-38.40974037913675
299,299,1.4506695095537298e-05,1.4428696886170655e-05,-38.38728181671655,-38.41006333691131
300,300,1.4889854608873534e-05,1.4397584843544265e-05,-38.269777440804646,-38.419437972049195
301,301,1.4486151054164289e-05,1.4427538955810873e-05,-38.39832874346652,-38.410411880476516
302,302,1.472572779507057e-05,1.4420254429799234e-05,-38.32015227372976,-38.41260520561241
303,303,1.4575408395384583e-05,1.442492186087245e-05,-38.36763593751718,-38.41119974387625
304,304,1.4596872732880976e-05,1.440333395102674e-05,-38.357064571658945,-38.417704134523746
305,305,1.4667355590625954e-05,1.4421798751802845e-05,-38.34435987776468,-38.41214012740118
306,306,1.4542332689050398e-05,1.4409288077762253e-05,-38.37810308323566,-38.41590919588886
307,307,1.413708034925014e-05,1.4493014341018065e-05,-38.49221809698649,-38.39074721722666
308,308,1.431605204809025e-05,1.4432868690499545e-05,-38.44247307699072,-38.40880783217618
309,309,1.4840391017547592e-05,1.4442545091840561e-05,-38.28648751137639,-38.405897115193156
310,310,1.4269485309904263e-05,1.4443545488144369e-05,-38.45578601469076,-38.40559630148947
311,311,1.4424843188347031e-05,1.440342231561724e-05,-38.4005309411559,-38.41767749059779
312,312,1.4439276784878061e-05,1.4436954188568052e-05,-38.40718796732902,-38.407578652983595
313,313,1.4041770855234887e-05,1.445004933262489e-05,-38.51956437572104,-38.40364113887694
314,314,1.4349592609355614e-05,1.440776611018105e-05,-38.43920656927761,-38.41636793960254
315,315,1.4062790684227966e-05,1.4404878991052483e-05,-38.512126422268494,-38.417238293508554
316,316,1.4015461545699809e-05,1.4437318656602752e-05,-38.53035823218665,-38.40746901458185
317,317,1.4167462873000162e-05,1.4428698082874211e-05,-38.4896619908164,-38.41006297671126
318,318,1.4203306152959373e-05,1.4408992348379749e-05,-38.47771815402443,-38.415998329339615
319,319,1.451681479930184e-05,1.4385607277003337e-05,-38.38175943536402,-38.42305243658379
320,320,1.4247217626051651e-05,1.440178570383547e-05,-38.46354371691942,-38.41817099265209
321,321,1.4647604947424848e-05,1.4387325743308266e-05,-38.34445706581124,-38.42253367095505
322,322,1.4194098597370836e-05,1.4356548969149835e-05,-38.48398323031242,-38.43183387033971
323,323,1.4296687171286207e-05,1.4396908418826857e-05,-38.44578713071043,-38.41964201628749
324,324,1.413314285602291e-05,1.440438336430816e-05,-38.50218766274934,-38.41738772320065
325,325,1.4799167279447501e-05,1.435347396756314e-05,-38.30452997876201,-38.432764176963985
326,326,1.412579886445454e-05,1.438335761792443e-05,-38.50074246347641,-38.423731650820166
327,327,1.4662956242862437e-05,1.4400741843258546e-05,-38.325367412382356,-38.41848578647558
328,328,1.4042514859405874e-05,1.4406677684363737e-05,-38.52110938948253,-38.41669603708726
329,329,1.451165130721662e-05,1.4411555735262626e-05,-38.37868851043773,-38.415225779991886
330,330,1.4496065193373762e-05,1.4388192683231624e-05,-38.38446493907674,-38.422271985157145
331,331,1.4260904067997057e-05,1.4372820164441547e-05,-38.452684904571065,-38.42691452035199
332,332,1.4782392981098533e-05,1.43818158808005e-05,-38.29740752525997,-38.42419719150334
333,333,1.4392314078952377e-05,1.4400184418742643e-05,-38.41449340124919,-38.418653896618395
334,334,1.4734188533617908e-05,1.4372522328860788e-05,-38.314445187621324,-38.42700451639172
335,335,1.4778184383440302e-05,1.4365355893555956e-05,-38.30354918409113,-38.42917053807796
336,336,1.432747050091269e-05,1.4367320593584354e-05,-38.43808939252905,-38.42857660915342
337,337,1.4033858851408441e-05,1.4382641079703861e-05,-38.530606831733806,-38.42394800944453
338,338,1.4579547449514947e-05,1.438100882392303e-05,-38.35722554237394,-38.42444090911603
339,339,1.444362715119496e-05,1.4433049823549626e-05,-38.40829810736332,-38.40875332839581
340,340,1.464217037903733e-05,1.4357229223318618e-05,-38.3478103734058,-38.43162809412324
341,341,1.4176717994223978e-05,1.4349797837846717e-05,-38.48322801885112,-38.4338766096303
342,342,1.4590137746465902e-05,1.4372940074137755e-05,-38.35882472447772,-38.42687828814317
343,343,1.4478381859758489e-05,1.4358215163443483e-05,-38.39507882571362,-38.43132986551141
344,344,1.4399936047731299e-05,1.4351150256468253e-05,-38.41443379064076,-38.43346732144717
345,345,1.4059647198627853e-05,1.4367707128832607e-05,-38.513753164123735,-38.42845976908839
346,346,1.4464961956018106e-05,1.4400668269923986e-05,-38.38743993427239,-38.418507974620596
347,347,1.4349963992609661e-05,1.4364264260573117e-05,-38.429466055468154,-38.429500573893534
348,348,1.4239978554542176e-05,1.4369003637464056e-05,-38.461299753095176,-38.42806788948231
349,349,1.437300525327542e-05,1.4380190518032146e-05,-38.42039616379973,-38.42468803770673
350,350,1.428809696569926e-05,1.4380009289245782e-05,-38.44841462271334,-38.424742770749205
351,351,1.4557615509850798e-05,1.4337491800114022e-05,-38.37645031964022,-38.43760261140787
352,352,1.4929241964655938e-05,1.4322957069548705e-05,-38.255789354528375,-38.44200753461778
353,353,1.4191443426039468e-05,1.4320089241281445e-05,-38.48417665696012,-38.442877192113116
354,354,1.4100526425760653e-05,1.431121994468604e-05,-38.50939544199437,-38.44556787361003
355,355,1.4922056225165676e-05,1.437449363469281e-05,-38.26751599222004,-38.42640888778983
356,356,1.4446763904659034e-05,1.4361737540687164e-05,-38.4038223979539,-38.43026457893274
357,357,1.4170322886916578e-05,1.435606095344012e-05,-38.48143697698377,-38.431981500618114
358,358,1.426979420055844e-05,1.4354516535700226e-05,-38.45277798035942,-38.43244873754715
359,359,1.4702722586024692e-05,1.4336562583737664e-05,-38.326263044600736,-38.43788408785308
360,360,1.5020841742297466e-05,1.4361878464497798e-05,-38.242625890484526,-38.43022196421925
361,361,1.4524254747249364e-05,1.4326659431007053e-05,-38.37639685867532,-38.44088506572868
362,362,1.4160623716624914e-05,1.4354524864756968e-05,-38.49701524292644,-38.432446217599974
363,363,1.454263251288626e-05,1.4333386532502787e-05,-38.379214261903094,-38.43884630897569
364,364,1.4321498083611999e-05,1.4366621048554263e-05,-38.44237641349625,-38.42878807234233
365,365,1.3945323302060697e-05,1.4321078819385117e-05,-38.550767941088274,-38.442577086817764
366,366,1.4143595003541535e-05,1.4311586040237575e-05,-38.499526126965335,-38.44545677808853
367,367,1.4194156720645643e-05,1.4318563396380724e-05,-38.476656256913685,-38.443339969485805
368,368,1.4547056660788811e-05,1.4310315667611767e-05,-38.36386398244382,-38.445842298119544
369,369,1.4082194481779505e-05,1.4322298595384622e-05,-38.50407295490993,-38.44220719888283
370,370,1.422397415752261e-05,1.4303793728973496e-05,-38.466260279894875,-38.447822050116514
371,371,1.4710098991234135e-05,1.4346087865353757e-05,-38.32447626364611,-38.43499957241831
372,372,1.397043501335069e-05,1.4266793761252253e-05,-38.54108883892107,-38.45907060480626
373,373,1.436084838451748e-05,1.4316168744699098e-05,-38.432688554612675,-38.44406634891112
374,374,1.3976960140895507e-05,1.4290356662776934e-05,-38.540436031891936,-38.45190375497694
375,375,1.4670876000834432e-05,1.4360541267945481e-05,-38.33765718811528,-38.43062634316066
376,376,1.4211533535793952e-05,1.4291785670425988e-05,-38.47008203045933,-38.451469490722104
377,377,1.4009391962485771e-05,1.4322478914676284e-05,-38.53753918377231,-38.44215252108104
378,378,1.421071388416674e-05,1.4301749663565333e-05,-38.47773512124053,-38.44844271745832
379,379,1.4236460666540655e-05,1.4283153464738893e-05,-38.462899033842405,-38.454093411909035
380,380,1.4696753647306828e-05,1.432786728783915e-05,-38.331557892337116,-38.44051893470682
381,381,1.4196121238577707e-05,1.4268945721452933e-05,-38.47656371300935,-38.458415577490236
382,382,1.4196485749052204e-05,1.4284442410203874e-05,-38.487726848731555,-38.45370151200556
383,383,1.4398970154981781e-05,1.4281629630300143e-05,-38.41777901030404,-38.45455677470546
384,384,1.4221022444037294e-05,1.430918076182838e-05,-38.4673795380415,-38.44618673696785
385,385,1.4780489455568892e-05,1.4273931810748763e-05,-38.29512752229064,-38.4568982594924
386,386,1.3983259910655198e-05,1.4282476752812631e-05,-38.54011771297783,-38.45429917824657
387,387,1.4087168780214288e-05,1.4251592945488243e-05,-38.51213838542048,-38.46370034147391
388,388,1.448798725833353e-05,1.4257916039863822e-05,-38.39807760589017,-38.461773907004414
389,389,1.4633779352790071e-05,1.4236641570613229e-05,-38.3444814776165,-38.46825892526231
390,390,1.4096188707983471e-05,1.4270708609393823e-05,-38.496999573383135,-38.457879052067014
391,391,1.4410071522321495e-05,1.4226208661152908e-05,-38.417203183805796,-38.47144269299803
392,392,1.441596165379226e-05,1.4234105899384686e-05,-38.418360281334884,-38.469032510870875
393,393,1.3954028835326322e-05,1.4253155840331027e-05,-38.54953384818755,-38.46322410040138
394,394,1.4145427372831054e-05,1.4220480136971578e-05,-38.49292806065912,-38.473191836100554
395,395,1.3873634276192721e-05,1.4223890837839511e-05,-38.57849076824066,-38.47215033050721
396,396,1.3599185033094681e-05,1.4236785366512394e-05,-38.66236845230371,-38.46821505996597
397,397,1.4299993887744704e-05,1.42432061597662e-05,-38.44051346554036,-38.46625683246843
398,398,1.438237866506787e-05,1.4257250529082835e-05,-38.42602953879761,-38.46197662555363
399,399,1.4024620851187982e-05,1.4227124761658305e-05,-38.523436966002215,-38.47116303691094
400,400,1.3768389190144516e-05,1.4254134839575272e-05,-38.60722398042308,-38.462925809010244
401,401,1.4177195066388111e-05,1.425003814036149e-05,-38.480795603689614,-38.464174169294935
402,402,1.4438874778843643e-05,1.4214586563435947e-05,-38.40669248310235,-38.474992110760596
403,403,1.4263162943420538e-05,1.4241544225737207e-05,-38.46611122522555,-38.466763608037205
404,404,1.4034143213834373e-05,1.4211696476482566e-05,-38.52801366406902,-38.47587520111654
405,405,1.4390980919115558e-05,1.4175365896861828e-05,-38.421328172164095,-38.48699165879068
406,406,1.4043058118406088e-05,1.4220728764102156e-05,-38.5196199426302,-38.47311590586057
407,407,1.4272441167685025e-05,1.4202594780056787e-05,-38.456798989754716,-38.47865747475003
408,408,1.4173211498346813e-05,1.420339671504304e-05,-38.48450871095873,-38.47841226173606
409,409,1.3998291532769463e-05,1.4229566036910432e-05,-38.53382378318946,-38.47041788183938
410,410,1.3962100628933259e-05,1.4197896186823e-05,-38.54355619658064,-38.480094473240754
411,411,1.4105171637133139e-05,1.417310269109868e-05,-38.50335845924642,-38.48768509856037
412,412,1.4417300617517952e-05,1.4161595141846e-05,-38.41410888851485,-38.49121269249831
413,413,1.4834604812254912e-05,1.4164801685087456e-05,-38.28724337656433,-38.49022945128326
414,414,1.3782691144349639e-05,1.4142895260623558e-05,-38.61051591700516,-38.496951185785605
415,415,1.4294697215631196e-05,1.4165559677119171e-05,-38.44748279041084,-38.489997056254786
416,416,1.4169727299154193e-05,1.4182000564974978e-05,-38.47855034334582,-38.484959453291445
417,417,1.4401054698085777e-05,1.4182323818539244e-05,-38.41200820782044,-38.48486046469061
418,418,1.4277249797440576e-05,1.4167524425015712e-05,-38.453400372913926,-38.489394736247476
419,419,1.4135246301614728e-05,1.4186937780897624e-05,-38.49915817307045,-38.483447795980425
420,420,1.3840596515477692e-05,1.4150397155868919e-05,-38.587606693886364,-38.494648143964056
421,421,1.3931391643466472e-05,1.4130907641772769e-05,-38.55660649479176,-38.50063385772612
422,422,1.4600158718486014e-05,1.4148332890104748e-05,-38.360332077498825,-38.49528174075847
423,423,1.4110892274421184e-05,1.4130752884069042e-05,-38.5093677698314,-38.50068142068987
424,424,1.3644390810909921e-05,1.4128919821431688e-05,-38.64849405361289,-38.50124483060463
425,425,1.4713528470724903e-05,1.4090722623605919e-05,-38.317946641710726,-38.5130017778468
426,426,1.4213610109099014e-05,1.4123824353430936e-05,-38.47384008509154,-38.50281135713086
427,427,1.413383238427413e-05,1.4131279529369509e-05,-38.499161161127006,-38.50051956456814
428,428,1.4424930302937487e-05,1.413203220803744e-05,-38.40800439538813,-38.500288251128836
429,429,1.373711555848767e-05,1.4113876300382943e-05,-38.6174838221272,-38.50587136883375
430,430,1.3691362864940942e-05,1.4106467460806016e-05,-38.63815839440885,-38.5081517225011
431,431,1.4209412397248502e-05,1.4107423100396868e-05,-38.483134425535255,-38.50785752060771
432,432,1.3649421488639981e-05,1.4121967308854341e-05,-38.652076594402025,-38.50338241863487
433,433,1.458540565490881e-05,1.4119647092133833e-05,-38.359103791455,-38.50409601616969
434,434,1.4354341212460849e-05,1.4103872385213004e-05,-38.431981236999995,-38.50895073947112
435,435,1.435574460029062e-05,1.4065341019886546e-05,-38.43231988241047,-38.520831773944735
436,436,1.410115422088696e-05,1.4111353745025362e-05,-38.5120080061931,-38.50664764727205
437,437,1.4530734568831304e-05,1.4099463681448374e-05,-38.37741385785305,-38.51030850489886
438,438,1.355321362951276e-05,1.4083168935030699e-05,-38.677988190919336,-38.51533054761438
439,439,1.4689801272905561e-05,1.4133478926899107e-05,-38.3208056067218,-38.49984367963955
440,440,1.4231380285393956e-05,1.4102017398966526e-05,-38.457605524135566,-38.509521974981276
441,441,1.4305461826149167e-05,1.4060253976678819e-05,-38.44138851016225,-38.52240278058028
442,442,1.4228596725289893e-05,1.4075591168779953e-05,-38.47512468176311,-38.51766799580824
443,443,1.3987542158631805e-05,1.409021555637561e-05,-38.53647477179737,-38.51315806540451
444,444,1.4084572538513853e-05,1.4075036041934877e-05,-38.510405855467475,-38.517839280464734
445,445,1.4065711690546805e-05,1.4065551352503366e-05,-38.51802517695157,-38.52076683018566
446,446,1.3914332091949337e-05,1.4077022569836117e-05,-38.56410942127086,-38.51722636748456
447,447,1.4257242039149656e-05,1.4102377367395858e-05,-38.45684394231014,-38.50941111828406
448,448,1.371163134817178e-05,1.4065802133700345e-05,-38.62404727859894,-38.52068939851137
449,449,1.4358532079660512e-05,1.403220793642839e-05,-38.42821178262775,-38.531074320016266
450,450,1.4166192458921529e-05,1.407988766961927e-05,-38.48630190076009,-38.516342536823004
451,451,1.4121408986687401e-05,1.4074453678116888e-05,-38.508015079885105,-38.51801897636343
452,452,1.3836016647080223e-05,1.4058911227422007e-05,-38.58329646896878,-38.522817550072205
453,453,1.404150235739695e-05,1.4056389198613991e-05,-38.526610031329525,-38.52359670105467
454,454,1.4129971991819402e-05,1.4054178504202833e-05,-38.50174815520681,-38.52427978394084
455,455,1.4237713068873699e-05,1.4044164680327461e-05,-38.46442491138078,-38.52737530356446
456,456,1.4087215342592525e-05,1.4083491422704691e-05,-38.50837200136806,-38.51523110052656
457,457,1.3878541253267105e-05,1.4025894702890104e-05,-38.58454421179837,-38.53302869488627
458,458,1.4155209682189942e-05,1.4059574871345448e-05,-38.495295628222344,-38.52261254835701
459,459,1.397099033956411e-05,1.4049507626623381e-05,-38.55154071787467,-38.525723392702794
460,460,1.4483812733909798e-05,1.4054619226188056e-05,-38.397332195800885,-38.52414359659616
461,461,1.4050487958773318e-05,1.4065611187681115e-05,-38.52158351044628,-38.520748355238176
462,462,1.3871588625707519e-05,1.3991434092244354e-05,-38.56310723326685,-38.54371212634612
463,463,1.434619338697209e-05,1.3968669966408542e-05,-38.4304858814673,-38.55078387142943
464,464,1.4052050123750304e-05,1.3872448969203488e-05,-38.51911063182213,-38.58080307763052
465,465,1.3604487124671464e-05,1.3625347970733664e-05,-38.664526244409466,-38.65885841355789
466,466,1.2925061484340928e-05,1.3005969441636759e-05,-38.888078031874414,-38.86090714398646
467,467,1.2344221187921688e-05,1.228105783842406e-05,-39.08376319105589,-39.109976669611186
468,468,1.1908158543069617e-05,1.212426056889327e-05,-39.24108820781563,-39.16578182220675
469,469,1.1696581393537308e-05,1.2091410673364359e-05,-39.31524395822112,-39.17756471847081
470,470,1.2094654004013324e-05,1.2025851375303892e-05,-39.16972590445903,-39.20117611470555
471,471,1.2043055369186854e-05,1.2012579262725348e-05,-39.19373277475059,-39.20597177373051
472,472,1.1666162058692449e-05,1.2011050306395382e-05,-39.32955445198988,-39.20652457720774
473,473,1.1966584876513339e-05,1.1963816752157933e-05,-39.21372030715892,-39.22363691276819
474,474,1.213680527668948e-05,1.1968577909053573e-05,-39.16888796865505,-39.221908925056304
475,475,1.1980984474819744e-05,1.19048673743811e-05,-39.21194804454883,-39.245088821383966
476,476,1.1955932499516812e-05,1.191976446678286e-05,-39.221836786786604,-39.239657697904036
477,477,1.1919628733951482e-05,1.194550785792097e-05,-39.236933473799034,-39.230288253549055
478,478,1.1886495570055108e-05,1.1938378137481203e-05,-39.25037970713722,-39.23288113004919
479,479,1.2113577138303093e-05,1.190602219331164e-05,-39.15582817342499,-39.24466755909714
480,480,1.1846486977822106e-05,1.1887779883660474e-05,-39.26625141150214,-39.251326886551695
481,481,1.1779734740764642e-05,1.1903197063427223e-05,-39.29211166660543,-39.245698200473484
482,482,1.1919088475346162e-05,1.1895698710424385e-05,-39.24061649943159,-39.24843487655392
483,483,1.1648106038526598e-05,1.1906154931669957e-05,-39.334564604193865,-39.244619140562165
484,484,1.163255676390728e-05,1.1851874325274317e-05,-39.34393911702499,-39.264464060016834
485,485,1.220275258749529e-05,1.1864850421261508e-05,-39.13964379831952,-39.25971176179148
486,486,1.2104635305187218e-05,1.1869140220560917e-05,-39.168312915105275,-39.258141830958856
487,487,1.1774121770772066e-05,1.1867091464074819e-05,-39.28617364293825,-39.25889154022249
488,488,1.1844463413056183e-05,1.1849230854989545e-05,-39.25731726596003,-39.265432828817936
489,489,1.1367841720711272e-05,1.1876192298874039e-05,-39.43239690923904,-39.2555622260745
490,490,1.1924396492702858e-05,1.1847243321857317e-05,-39.23047193961567,-39.2661613546463
491,491,1.1989655062861107e-05,1.1813295618355224e-05,-39.21186869799932,-39.278623716943585
492,492,1.1566222158378259e-05,1.1850287257019724e-05,-39.3605463824231,-39.26504565674928
493,493,1.1477285784401585e-05,1.1844930141753713e-05,-39.39744771156372,-39.26700939955816
494,494,1.1908532842332448e-05,1.1845077432027259e-05,-39.24648052895443,-39.266955395900425
495,495,1.1763995081713164e-05,1.1849443772486043e-05,-39.29578292075024,-39.26535479163207
496,496,1.1969977197988611e-05,1.1848044873898433e-05,-39.2181006491982,-39.26586753283188
497,497,1.1542090779238202e-05,1.1845629973992656e-05,-39.37637312716339,-39.266752813577725
498,498,1.214321803006934e-05,1.1825578104961957e-05,-39.16418566423557,-39.27411062829155
499,499,1.199556136833559e-05,1.182724396417861e-05,-39.22396307645586,-39.27349888440365
