,epoch,train_loss,test_loss,train_dbs,test_dbs
0,0,1.9393417010319026e-05,1.8476258542489776e-05,-37.13081714622544,-37.328842850308824
1,1,1.8928265115054153e-05,1.8424518106928045e-05,-37.227163406956656,-37.34102178117261
2,2,1.8578301923926775e-05,1.840089604037961e-05,-37.30988065841955,-37.346593441287105
3,3,1.829864421094883e-05,1.8296420612865693e-05,-37.37739935176122,-37.37132180204328
4,4,1.8579041455634125e-05,1.8301496885741425e-05,-37.309926936572225,-37.37011703550826
5,5,1.870830960656677e-05,1.82043869292676e-05,-37.2785720110498,-37.39322258086469
6,6,1.8911120821133774e-05,1.821704364901004e-05,-37.23571144169166,-37.39020416907958
7,7,1.88019027809412e-05,1.810470310278776e-05,-37.26597493942395,-37.41706908569684
8,8,1.8327856946363926e-05,1.818653603741519e-05,-37.364120383880525,-37.39748328315986
9,9,1.8029090768454198e-05,1.810833337482396e-05,-37.44296075012995,-37.41619834561439
10,10,1.9038165473173968e-05,1.813969519341634e-05,-37.20062706673359,-37.40868330620745
11,11,1.827912011631457e-05,1.815772774486839e-05,-37.37827874997199,-37.40436815785773
12,12,1.8368383083275287e-05,1.8191751415112155e-05,-37.35932749918255,-37.396238029505014
13,13,1.8212792392941336e-05,1.8045583601633552e-05,-37.402237901849126,-37.4312738394369
14,14,1.8210564046535885e-05,1.8085894034332962e-05,-37.38966095909726,-37.42158333858092
15,15,1.8575046626735748e-05,1.7932517087166688e-05,-37.30347260494251,-37.45857062500181
16,16,1.782905998232909e-05,1.7779238030351208e-05,-37.49251393248903,-37.49585171473334
17,17,1.8509200110445855e-05,1.7543759225334627e-05,-37.32642621201593,-37.55375657478353
18,18,1.8299855789158866e-05,1.736422276927011e-05,-37.374086752962626,-37.59842966971658
19,19,1.7336930992764653e-05,1.7260734861529752e-05,-37.61233660001292,-37.624390343277696
20,20,1.784326545508595e-05,1.7004381860667644e-05,-37.49163901289852,-37.68937466645673
21,21,1.72716834396814e-05,1.6909190842278277e-05,-37.62074069741252,-37.713754900851015
22,22,1.7582014583446655e-05,1.675923191980569e-05,-37.55329470979528,-37.752442049142616
23,23,1.7456709475978997e-05,1.673184684286274e-05,-37.58635869402413,-37.75954435273678
24,24,1.6675707529336167e-05,1.6586745387987895e-05,-37.77861571493354,-37.79737137683378
25,25,1.174830883437889e-05,7.0974366568215805e-06,-39.30290680185288,-41.48396790604131
26,26,6.5972540798292795e-06,6.095909994703681e-06,-41.81086283070453,-42.14459769750511
27,27,6.034603007044763e-06,5.8637970381057946e-06,-42.1949575900371,-42.313193860442524
28,28,5.831364662824235e-06,5.76908788436987e-06,-42.34181946392185,-42.38391160922899
29,29,5.935793983694238e-06,5.736212307582671e-06,-42.26633644829647,-42.40873098848666
30,30,5.7923876438601924e-06,5.702154914232731e-06,-42.3767305926888,-42.43459303928836
31,31,5.735065497929943e-06,5.6733741937358375e-06,-42.41767331034766,-42.45656886942087
32,32,5.708113424110913e-06,5.633950398700299e-06,-42.43381048293458,-42.48685296691477
33,33,5.736298317998196e-06,5.667685184705892e-06,-42.41776500210023,-42.46092596756135
34,34,5.668484583420837e-06,5.643876288798454e-06,-42.45350018951306,-42.47920830180309
35,35,5.6620253239201436e-06,5.6644950363031395e-06,-42.47371763358502,-42.46337115261373
36,36,5.698184404818019e-06,5.6230500807654795e-06,-42.44094622289553,-42.495263643308164
37,37,5.683614079354117e-06,5.63047227555408e-06,-42.45643653603494,-42.48953491481653
38,38,5.681405324589691e-06,5.6092140575377635e-06,-42.45634534799915,-42.50596302057444
39,39,5.640381900353607e-06,5.596535797131334e-06,-42.48578388456452,-42.515790298454945
40,40,5.664475357315093e-06,5.608270504652817e-06,-42.47358984475504,-42.50669362966957
41,41,5.670073592555877e-06,5.584988900265767e-06,-42.459039658207146,-42.5247600150368
42,42,5.637095488129921e-06,5.582799291771248e-06,-42.490800205029025,-42.52646301097929
43,43,5.664922116114578e-06,5.569612791365025e-06,-42.47460087754304,-42.53673312472355
44,44,5.622056036860233e-06,5.7029566338123436e-06,-42.49787220574034,-42.43398246675942
45,45,5.691505868019976e-06,5.831039384486901e-06,-42.45297470920221,-42.33752341050872
46,46,5.6049191876696835e-06,5.565949968992132e-06,-42.51700359598985,-42.53959017584228
47,47,5.581428528794558e-06,5.555350765605813e-06,-42.52742693796054,-42.54786830273914
48,48,5.608191704314524e-06,5.523606672029832e-06,-42.521439053114555,-42.572755702980565
49,49,5.579215320318963e-06,5.4978696952227775e-06,-42.532107556675804,-42.59303873395142
50,50,5.548163164686352e-06,5.507409169743034e-06,-42.56327085535909,-42.585509724949745
51,51,5.595108805866084e-06,5.549087434605769e-06,-42.52184185145986,-42.55276747968275
52,52,5.499900603307154e-06,5.472606517287204e-06,-42.59139996532924,-42.613040925204885
53,53,5.605873753928481e-06,5.4692305926245785e-06,-42.51172368535771,-42.61572081430229
54,54,5.940513534538302e-06,6.9369072757820645e-06,-42.256938809619946,-41.58332426416421
55,55,5.887613815971658e-06,5.546099505169734e-06,-42.31298605105412,-42.55510658636892
56,56,5.554124625857569e-06,5.504371433505041e-06,-42.55567629389563,-42.58790583538208
57,57,5.5625545353473875e-06,5.465031718861275e-06,-42.55026872820515,-42.619056289057326
58,58,5.5155624630566945e-06,5.483439077866742e-06,-42.58255088524926,-42.60445293097514
59,59,5.486678641243566e-06,5.464575224323198e-06,-42.60206697260499,-42.61941907073841
60,60,5.526298672961762e-06,5.4447986210442125e-06,-42.570341506562734,-42.63516494067572
61,61,5.548000665174223e-06,5.44881818074684e-06,-42.56066218201581,-42.63195999467933
62,62,5.556414222511878e-06,5.434191591216643e-06,-42.56090993957408,-42.64363369723001
63,63,5.494704200640458e-06,5.514628164268001e-06,-42.592621500154266,-42.57982081310818
64,64,5.4523672550897465e-06,5.448486382719191e-06,-42.627667174661205,-42.63222446017484
65,65,5.478179319493158e-06,5.421032040574478e-06,-42.60911647195587,-42.6541634167858
66,66,5.470258914561013e-06,5.496887010131583e-06,-42.61326896070369,-42.59381505802139
67,67,5.472966222441755e-06,5.420917180967272e-06,-42.61640367055239,-42.65425543509834
68,68,5.457902632057535e-06,5.444131674218959e-06,-42.634962537351186,-42.63569695129281
69,69,5.459308077970678e-06,5.438880539019776e-06,-42.62913468912237,-42.63988795865921
70,70,5.491743485970464e-06,5.397451738980108e-06,-42.59642806909889,-42.67309548026171
71,71,5.4665672943189855e-06,5.401127174608471e-06,-42.61912606109774,-42.67013912556653
72,72,5.41207270178291e-06,5.468133239398747e-06,-42.66357420003385,-42.6165922755787
73,73,5.435127525171205e-06,5.373986632069941e-06,-42.64052959877358,-42.69201734049622
74,74,5.4601570959629e-06,5.466929188083955e-06,-42.63105241598379,-42.61754867221113
75,75,5.471634520609328e-06,5.367483936424833e-06,-42.628374716871285,-42.697275624570366
76,76,5.453346213621397e-06,5.393840901409644e-06,-42.63406264255338,-42.67600183623348
77,77,5.435394053999994e-06,5.391745473484901e-06,-42.64692636568266,-42.67768933427904
78,78,5.422477724349256e-06,5.402931731767144e-06,-42.6549461333437,-42.668688357423974
79,79,5.439020931345985e-06,5.3804024709710284e-06,-42.641597322946936,-42.68683552359265
80,80,5.428401652455616e-06,5.388180373924306e-06,-42.64985752153513,-42.68056190157675
81,81,5.382895952354056e-06,5.378417115839272e-06,-42.68267565440568,-42.688438355169424
82,82,5.461025072700349e-06,5.419489729032839e-06,-42.62843868974694,-42.65539918275843
83,83,5.463511598398177e-06,5.373522382892827e-06,-42.62711685863038,-42.6923925360056
84,84,5.4281943157923136e-06,5.362632093333798e-06,-42.65330832048505,-42.70120312883827
85,85,5.413442728971971e-06,5.3770220467030366e-06,-42.66062125404932,-42.689564986675556
86,86,5.403634606840776e-06,5.396980883999372e-06,-42.66762544792344,-42.67347436024028
87,87,5.405691274400974e-06,5.382609048721956e-06,-42.67106300080052,-42.68505478675558
88,88,5.399212582655234e-06,5.35140672677938e-06,-42.68344799578806,-42.71030355607703
89,89,5.3916803585004166e-06,5.381264552277954e-06,-42.68239096344512,-42.686139725897846
90,90,5.394843623266236e-06,5.359602590416264e-06,-42.67933465987789,-42.70365727477672
91,91,5.435671970265025e-06,5.34921687894415e-06,-42.64563786634055,-42.7120810951801
92,92,5.385412767975947e-06,5.34903397477281e-06,-42.680201027740466,-42.712229594730964
93,93,5.403106682671332e-06,5.382281367354536e-06,-42.67581736081161,-42.68531918370574
94,94,5.36116430311333e-06,5.340166066353528e-06,-42.70604499831704,-42.7194355307435
95,95,5.421510504862622e-06,5.342266400762846e-06,-42.66581088248006,-42.717727748066324
96,96,5.416921513389434e-06,5.397013266797569e-06,-42.66310727298334,-42.67344830191494
97,97,5.338756041383772e-06,5.34625846021778e-06,-42.71681882537875,-42.714483653121746
98,98,5.356574702184928e-06,5.334794351304146e-06,-42.7095348219208,-42.72380633177683
99,99,5.390633937964856e-06,5.312866960593965e-06,-42.68756926644115,-42.7416937494383
100,100,5.415731725547302e-06,5.349639123826484e-06,-42.66498155244153,-42.711738294749
101,101,5.386667842535691e-06,5.3962837802445345e-06,-42.685730145332535,-42.67403535512714
102,102,5.364476954727974e-06,5.310710835864914e-06,-42.696244383290896,-42.743456607682326
103,103,5.34971936242973e-06,5.3598334584660874e-06,-42.715419943071794,-42.70347020389045
104,104,5.387250889585048e-06,5.314247118803905e-06,-42.698270690765376,-42.74056570076276
105,105,5.349499133444624e-06,5.284995303985565e-06,-42.72239625472834,-42.76453710080777
106,106,5.367001997995233e-06,5.336139517902139e-06,-42.70078227287915,-42.72271139774199
107,107,5.333463476060772e-06,5.322069491261286e-06,-42.725554150169955,-42.734177749123745
108,108,5.358049541606194e-06,5.300684063657077e-06,-42.707988648332496,-42.75166396058623
109,109,5.343954370866563e-06,5.296550960721154e-06,-42.72384748915394,-42.75505160629776
110,110,5.345889588067255e-06,5.363040839400032e-06,-42.72001021525696,-42.700872117139035
111,111,5.39884261052441e-06,5.337274902366947e-06,-42.67897362428356,-42.721787436223494
112,112,5.364625497715735e-06,5.285960517204857e-06,-42.70306431740434,-42.76374400927801
113,113,5.3405637699302365e-06,5.301650808656919e-06,-42.722663409484255,-42.75087196141801
114,114,5.368213655903261e-06,5.330961597026448e-06,-42.69771580308567,-42.72692761846858
115,115,5.3407302684061824e-06,5.289268875984769e-06,-42.720772339622776,-42.76102671217603
116,116,5.327990497930513e-06,5.292159896366923e-06,-42.7336619467356,-42.75865358420382
117,117,5.34582383253794e-06,5.300262464994662e-06,-42.72039930579272,-42.75200939761351
118,118,5.3202456629807466e-06,5.2678278495333964e-06,-42.735921038985715,-42.7786674187439
119,119,5.281880227634359e-06,5.362009017660871e-06,-42.76238323356081,-42.70170775798916
120,120,5.373047207688887e-06,5.298841140182431e-06,-42.704923772759436,-42.753174163143946
121,121,5.331882596120644e-06,5.354228673432341e-06,-42.73105362733406,-42.70801400325334
122,122,5.3654005606619756e-06,5.310954317170208e-06,-42.70817244126509,-42.74325750031859
123,123,5.327527288528406e-06,5.307245278106022e-06,-42.739161659939164,-42.74629156508597
124,124,5.32733106270244e-06,5.314500317342065e-06,-42.73077357253393,-42.740358785077476
125,125,5.274335209608196e-06,5.29941132155823e-06,-42.76890333945434,-42.752706866056386
126,126,5.298649908188063e-06,5.303232036998165e-06,-42.762870978094405,-42.749576862248475
127,127,5.306254924735842e-06,5.255929791976661e-06,-42.750155463983674,-42.78848760487881
128,128,5.317624297661205e-06,5.287549883130276e-06,-42.74018935732448,-42.76243838261251
129,129,5.326195657017734e-06,5.279109556891183e-06,-42.74710777545159,-42.769376408601694
130,130,5.288214515999666e-06,5.291516955414983e-06,-42.76831336519066,-42.75918123770623
131,131,5.301754276139768e-06,5.241928336449507e-06,-42.75508905272031,-42.80007236513239
132,132,5.29289310676533e-06,5.24522757634833e-06,-42.7647395702716,-42.79733980018967
133,133,5.281735767996522e-06,5.26550938000008e-06,-42.77431583097639,-42.78057925070959
134,134,5.304400258761778e-06,5.270240068823209e-06,-42.74812358208698,-42.77667917279005
135,135,5.28139155706872e-06,5.229529482389089e-06,-42.770487186317894,-42.8103570007772
136,136,5.266738866076903e-06,5.237435504424962e-06,-42.78280676669843,-42.80379627873164
137,137,5.3045507191894e-06,5.3187526837542754e-06,-42.75339971549097,-42.736885192629124
138,138,5.296880519062583e-06,5.253229286800458e-06,-42.76472848609668,-42.79071959035625
139,139,5.284554812458305e-06,5.23559743956675e-06,-42.766585427044504,-42.80532069183674
140,140,5.307469334568559e-06,5.247593219935784e-06,-42.75868064464592,-42.79538153559422
141,141,5.287672761885015e-06,5.238230283123956e-06,-42.76800893881601,-42.80313728862835
142,142,5.298931288971571e-06,5.227033781059283e-06,-42.765043339901574,-42.812430089820495
143,143,5.280016279188597e-06,5.24568174928151e-06,-42.77791587192252,-42.796963770252304
144,144,5.3174399046425965e-06,5.240208290495885e-06,-42.747272082914556,-42.80149765942031
145,145,5.272713496168828e-06,5.228815816257051e-06,-42.77781905069859,-42.810949716459646
146,146,5.2907417861225095e-06,5.2626827183351115e-06,-42.76375902281401,-42.78291128185289
147,147,5.299799875164231e-06,5.253275790700603e-06,-42.755212100144604,-42.790681144865424
148,148,5.322156947344054e-06,5.254215346595677e-06,-42.74044576124399,-42.78990447242017
149,149,5.28455961777825e-06,5.263673134131271e-06,-42.769459382697605,-42.78209403394229
150,150,5.356539049054995e-06,5.236253639994079e-06,-42.72347847773315,-42.80477640559199
151,151,5.3155470773959944e-06,5.234587661107071e-06,-42.74533164203068,-42.80615838708306
152,152,5.301097180282088e-06,5.2023456909840825e-06,-42.751524995523376,-42.83299108550362
153,153,5.2832173817468805e-06,5.223111106476465e-06,-42.768344775826634,-42.81569051543941
154,154,5.3209267948143855e-06,5.232352912954459e-06,-42.74374025696925,-42.8080128713022
155,155,5.231222990145979e-06,5.213651739292177e-06,-42.81729477841256,-42.82356297964321
156,156,5.2767731570374685e-06,5.22519179101341e-06,-42.777031295507,-42.81396079945818
157,157,5.276983695684694e-06,5.200181045725721e-06,-42.77710201416153,-42.83479851850206
158,158,5.2890203423697875e-06,5.252111948625258e-06,-42.76780710715442,-42.791643413380854
159,159,5.268565112685595e-06,5.227814845535536e-06,-42.778907803676105,-42.81178118134789
160,160,5.235645117470094e-06,5.231648126362798e-06,-42.81165069752302,-42.80859789595384
161,161,5.302415024040606e-06,5.3680277663883504e-06,-42.75968924083542,-42.69683562253043
162,162,5.2938174018525335e-06,5.270087800262875e-06,-42.77158115044013,-42.776804651610725
163,163,5.2219470068014266e-06,5.2178133716408505e-06,-42.81757930871002,-42.8200977443356
164,164,5.257266905376587e-06,5.227411029887949e-06,-42.79175881409799,-42.81211665933685
165,165,5.253761769053358e-06,5.218471917607148e-06,-42.79473454735594,-42.81954965107886
166,166,5.289275591589028e-06,5.2468883376078385e-06,-42.769136230063395,-42.79596494031831
167,167,5.3217136202462275e-06,5.19383698510386e-06,-42.74465140874716,-42.84010001183197
168,168,5.25611182366475e-06,5.207833917091576e-06,-42.79563327385776,-42.82841190123499
169,169,5.2764640601061416e-06,5.231981408302856e-06,-42.770713059014625,-42.80832123763552
170,170,5.201949201382939e-06,5.210884075112469e-06,-42.8301742839792,-42.825869041669655
171,171,5.231025770439205e-06,5.19544379896711e-06,-42.81234306432489,-42.83875664569465
172,172,5.235494450765323e-06,5.2107429358951964e-06,-42.80424984706464,-42.82598667394182
173,173,5.234385111011245e-06,5.220813220244293e-06,-42.810884488761545,-42.81760159655328
174,174,5.282132617102218e-06,5.2332711675262544e-06,-42.77370864066735,-42.80725077075002
175,175,5.253890570380351e-06,5.217899749703448e-06,-42.79758011361436,-42.820025849841166
176,176,5.258103551427994e-06,5.2531816101308276e-06,-42.791290655763646,-42.79075900574697
177,177,5.265975907848807e-06,5.199073376915246e-06,-42.7867459194521,-42.835723689546896
178,178,5.288270712458377e-06,5.185148175338614e-06,-42.767324386763114,-42.847371441472816
179,179,5.237421548147338e-06,5.215254436495199e-06,-42.80336336912272,-42.82222814635354
180,180,5.245326430724031e-06,5.187092603208791e-06,-42.8015778589911,-42.84574314470957
181,181,5.226352411612134e-06,5.27031019565153e-06,-42.815800844741304,-42.7766213851152
182,182,5.220212094088508e-06,5.206547747978843e-06,-42.8232251446805,-42.82948460275345
183,183,5.263346399270003e-06,5.1533104756105645e-06,-42.79275356105036,-42.8741200729372
184,184,5.246909420316818e-06,5.199420684220968e-06,-42.80458109769554,-42.8354335828342
185,185,5.21475512587787e-06,5.195882797699214e-06,-42.82226432856247,-42.83838969595969
186,186,5.246155833634644e-06,5.169548546147876e-06,-42.79619152286478,-42.860456977795025
187,187,5.2874507561035585e-06,5.195940694217202e-06,-42.777074702975064,-42.83834130380156
188,188,5.216053157653864e-06,5.23409342253887e-06,-42.82528653738328,-42.80656845800098
189,189,5.220073850893838e-06,5.199372768210627e-06,-42.828247984281504,-42.83547360605223
190,190,5.230975659156384e-06,5.265837372510425e-06,-42.81493780929787,-42.78030873385977
191,191,5.2056493024286555e-06,5.152475870617261e-06,-42.83285366355799,-42.87482349202969
192,192,5.234449038174923e-06,5.208567233095987e-06,-42.818498515906704,-42.82780041346654
193,193,5.225321972867493e-06,5.175941025395571e-06,-42.81635026083856,-42.85508996486233
194,194,5.217558151043798e-06,5.177260343196777e-06,-42.82577832018166,-42.85398311409484
195,195,5.256389875885174e-06,5.1935780902567785e-06,-42.7881594431276,-42.840316498037026
196,196,5.237292442092739e-06,5.2179182028722654e-06,-42.80821037799064,-42.82001049098874
197,197,5.232659105720663e-06,5.203124744998365e-06,-42.819919358800654,-42.8323407759146
198,198,5.249024506503195e-06,5.161383916473776e-06,-42.80799059063576,-42.86732151662597
199,199,5.2213075007588034e-06,5.167626664172674e-06,-42.82804345885769,-42.86207185367616
200,200,5.203266210656627e-06,5.1506952235956164e-06,-42.8263335581624,-42.876324632166735
201,201,5.223828080938661e-06,5.144027813673203e-06,-42.81341484580929,-42.88195007683828
202,202,5.236371564642843e-06,5.207431298147544e-06,-42.806971595403596,-42.8287476683656
203,203,5.231634100503648e-06,5.1681097733978136e-06,-42.810097191611305,-42.86166586098845
204,204,5.209146811185494e-06,5.188316017187103e-06,-42.83665848892682,-42.84471894997803
205,205,5.2156383483718655e-06,5.192566253466985e-06,-42.822698249378476,-42.8411626929699
206,206,5.1839157591886534e-06,5.1815460737041e-06,-42.85427631059789,-42.85038951625828
207,207,5.201361864706509e-06,5.1830192157802614e-06,-42.8383349960701,-42.84915496862184
208,208,5.205221652394141e-06,5.149189291842049e-06,-42.837297325986555,-42.877594583988774
209,209,5.2077353879231506e-06,5.204819947386185e-06,-42.83738417934277,-42.83092605462042
210,210,5.2595050593228416e-06,5.168429867664695e-06,-42.79107925753308,-42.861396882822326
211,211,5.207310878927039e-06,5.141969363888309e-06,-42.82772045467476,-42.88368831063196
212,212,5.1690151465044976e-06,5.145027874900016e-06,-42.859920580637564,-42.881105837897636
213,213,5.2316363461117e-06,5.7269134901473174e-06,-42.80517336196522,-42.41577693050538
214,214,5.252327538101715e-06,5.15310507341239e-06,-42.79357087151741,-42.87429317878729
215,215,5.226250412250142e-06,5.1894810559660026e-06,-42.81734310153719,-42.84374384917111
216,216,5.158763397235985e-06,5.17847202948025e-06,-42.87030245234975,-42.85296680998389
217,217,5.19640498731457e-06,5.146542422919179e-06,-42.839874438351714,-42.87982758815922
218,218,5.191543883465221e-06,5.16190175403608e-06,-42.84495722849051,-42.866885814266865
219,219,5.188584026720641e-06,5.136001475061915e-06,-42.851469500275826,-42.8887317603903
220,220,5.244646100558403e-06,5.198051703222231e-06,-42.79792453012159,-42.83657720865952
221,221,5.209202299738536e-06,5.2247646875146435e-06,-42.828776135133666,-42.814315803219586
222,222,5.192298810948862e-06,5.1506616201597925e-06,-42.846056605694535,-42.876352965884266
223,223,5.199269914377622e-06,5.125630076164318e-06,-42.84406997240644,-42.89751056485636
224,224,5.232099935251286e-06,5.1674454593203814e-06,-42.81220027603944,-42.862224143406735
225,225,5.172912748544009e-06,5.16534091251455e-06,-42.867251779422766,-42.86399325590829
226,226,5.164532584663884e-06,5.153057492479045e-06,-42.86692002167848,-42.874333279332305
227,227,5.179825053609111e-06,5.157266777563277e-06,-42.850064480856304,-42.87078718448888
228,228,5.15156559990875e-06,5.157680621586654e-06,-42.874986174210655,-42.87043869957885
229,229,5.169981025189663e-06,5.157569758969323e-06,-42.86396858165745,-42.8705320507263
230,230,5.220294722150975e-06,5.153862706433038e-06,-42.82813419407937,-42.873654706158305
231,231,5.241328127930942e-06,5.122616393667781e-06,-42.80978256276991,-42.90006480810185
232,232,5.2051036009194745e-06,5.143380660324749e-06,-42.837546113654525,-42.88249648292152
233,233,5.175790075676578e-06,5.176083935734105e-06,-42.85645541083632,-42.85497005562395
234,234,5.178253526462436e-06,5.15988672065616e-06,-42.853483073185316,-42.86858148530491
235,235,5.179221664820006e-06,5.1737486884169474e-06,-42.85869327919984,-42.85692986517404
236,236,5.3102012456874195e-06,5.151553188242312e-06,-42.74823828041796,-42.87560127684139
237,237,5.223687334289503e-06,5.121735643785398e-06,-42.82201275362675,-42.900811570441526
238,238,5.175764862983247e-06,5.169197888072201e-06,-42.858588393492,-42.86075157611664
239,239,5.208545030420526e-06,5.1931373682715566e-06,-42.83505289355158,-42.840685051748004
240,240,5.195569128866821e-06,5.13199306863642e-06,-42.84181782412751,-42.89212254692187
241,241,5.175684466464481e-06,5.126983523950912e-06,-42.86388040541372,-42.89636394033387
242,242,5.205767602373524e-06,5.2032968309695685e-06,-42.839515590945034,-42.83219714154967
243,243,5.1715567482010695e-06,5.159938346447521e-06,-42.860250102372376,-42.86853803341272
244,244,5.210012865794964e-06,5.1265244445331565e-06,-42.836746061643794,-42.89675283291314
245,245,5.173551218512771e-06,5.151355205606179e-06,-42.859130909126804,-42.875768186539325
246,246,5.1625603875961425e-06,5.16312492867368e-06,-42.8684133077584,-42.86585682322534
247,247,5.1622304754252495e-06,5.161622826371489e-06,-42.872956649481296,-42.867120495251385
248,248,5.212661651910953e-06,5.234834612852673e-06,-42.827972888608215,-42.80595350513708
249,249,5.184227134544851e-06,5.131477696283439e-06,-42.85713599818087,-42.892558702242695
250,250,5.143610493534427e-06,5.1531364988477435e-06,-42.889910987682626,-42.874266694073015
251,251,5.189632477210871e-06,5.153576239536051e-06,-42.84826100269616,-42.87389610655523
252,252,5.164153939516574e-06,5.1018172072010774e-06,-42.86888153078314,-42.91773421596027
253,253,5.17915005852065e-06,5.117926679974373e-06,-42.85140426554992,-42.904042559880224
254,254,5.198881231971774e-06,5.125329320626885e-06,-42.84686852435752,-42.897765402409206
255,255,5.160220914064864e-06,5.124684082004119e-06,-42.86940124878682,-42.89831217939913
256,256,5.179070449605543e-06,5.113022062256564e-06,-42.8534316281835,-42.90820649154977
257,257,5.1532277530455274e-06,5.131156213840433e-06,-42.881106968979,-42.892830792336326
258,258,5.140620037450062e-06,5.163997373433392e-06,-42.87565910064938,-42.86512303130398
259,259,5.168563104197131e-06,5.140251424132944e-06,-42.87010638534571,-42.8851395375183
260,260,5.189920060373195e-06,5.098575026127755e-06,-42.849865414439535,-42.92049501449563
261,261,5.190521967717322e-06,5.1221266547049465e-06,-42.85033952975624,-42.90048002774824
262,262,5.098422961870626e-06,5.105780497902551e-06,-42.91553974466301,-42.91436175670385
263,263,5.176653748722603e-06,5.115723452993399e-06,-42.86276462325277,-42.9059125658362
264,264,5.160244485917237e-06,5.1553949177966725e-06,-42.87616417882563,-42.87236376752918
265,265,5.187638400700999e-06,5.1375035773641065e-06,-42.85291097606381,-42.8874617853576
266,266,5.113895009138283e-06,5.100662603677177e-06,-42.90794557395764,-42.918717188630936
267,267,5.147848260656753e-06,5.114242245135277e-06,-42.88178496370237,-42.907170205251255
268,268,5.166199721269052e-06,5.121972806495921e-06,-42.86473048983822,-42.90061047440876
269,269,5.109261836850303e-06,5.099200447339651e-06,-42.90595952090869,-42.91996231600224
270,270,5.180590974727163e-06,5.123432808767048e-06,-42.861965329140325,-42.89937270802249
271,271,5.167187437203295e-06,5.093749845591926e-06,-42.860231281786476,-42.92460702910236
272,272,5.1470514542237765e-06,5.109104916444171e-06,-42.88057654310418,-42.91153494735539
273,273,5.159899712415393e-06,5.148426776270897e-06,-42.87229701649862,-42.87823775480294
274,274,5.176986459699356e-06,5.136646235003259e-06,-42.86382923863583,-42.88818659288734
275,275,5.148007469110733e-06,5.106074743372646e-06,-42.8798241593885,-42.914111480566945
276,276,5.168698436071131e-06,5.113740323730254e-06,-42.864811704028014,-42.90759645098497
277,277,5.17310026853667e-06,5.113899102357927e-06,-42.85777738866784,-42.90746160719752
278,278,5.161094183686427e-06,5.101921679421426e-06,-42.87520308363811,-42.91764528442387
279,279,5.143457093657434e-06,5.133409558766289e-06,-42.887638075022934,-42.89092400873821
280,280,5.171136331931116e-06,5.180016590824571e-06,-42.85935513365948,-42.85167165101165
281,281,5.157583337236669e-06,5.1504607654351275e-06,-42.88041324976879,-42.87652232626138
282,282,5.129539733820117e-06,5.132388268018411e-06,-42.89942333519591,-42.89178812265351
283,283,5.178129258544602e-06,5.12510256923729e-06,-42.86503006012302,-42.89795754431764
284,284,5.13106442198965e-06,5.115939266512501e-06,-42.892171927770164,-42.905729356864114
285,285,5.148563512606059e-06,5.118517683992027e-06,-42.87861213981239,-42.90354107757874
286,286,5.273720372437329e-06,5.13058047976014e-06,-42.7911676151107,-42.893318113618946
287,287,5.158829757532396e-06,5.084003820038082e-06,-42.87418034801158,-42.932924476254854
288,288,5.125979549626846e-06,5.129439805865618e-06,-42.898392498688224,-42.89428378106656
289,289,5.123802964721408e-06,5.101531673732863e-06,-42.8984188268532,-42.91797728440991
290,290,5.129672984170161e-06,5.080527324408697e-06,-42.89829031128594,-42.935895243731714
291,291,5.181041057401615e-06,5.1039276896565415e-06,-42.85790399407166,-42.91593802977908
292,292,5.1767253878387776e-06,5.094828482374157e-06,-42.85476248782491,-42.923687477837845
293,293,5.156661761257337e-06,5.110712328659199e-06,-42.87374101349464,-42.91016879717062
294,294,5.102178387385289e-06,5.213687257453689e-06,-42.920048204182805,-42.82353339329993
295,295,5.134104609619358e-06,5.0858802990804085e-06,-42.902616454008665,-42.93132181393698
296,296,5.141052652200499e-06,5.10292700614388e-06,-42.89542239037787,-42.91678959736189
297,297,5.1478632813836835e-06,5.103707256861717e-06,-42.879386290139,-42.91612560064528
298,298,5.157869570221291e-06,5.112844279976439e-06,-42.87329365952756,-42.90835750049251
299,299,5.124352299521279e-06,5.11838841607402e-06,-42.894605857547944,-42.90365075982635
300,300,5.123592008831767e-06,5.085330389862831e-06,-42.902203952389435,-42.931791418876415
301,301,5.126685866025113e-06,5.100052787479638e-06,-42.890701760457745,-42.919236445956976
302,302,5.1466724949726265e-06,5.1171463813883935e-06,-42.89040626716255,-42.90470475226273
303,303,5.423071521250939e-06,5.160213133517812e-06,-42.6551700486123,-42.86830676062842
304,304,5.165074151253853e-06,5.105239731500133e-06,-42.86652463872869,-42.91482175356903
305,305,5.141803402571877e-06,5.104223778050111e-06,-42.889821726429965,-42.915686094733005
306,306,5.118198681809668e-06,5.1219342965755216e-06,-42.89997060289985,-42.90064312727403
307,307,5.146109920930292e-06,5.092217083744656e-06,-42.8909629596986,-42.92591406263581
308,308,5.163972631278964e-06,5.1227605964461535e-06,-42.86744892818484,-42.899942554970536
309,309,5.152532388088618e-06,5.084622683314496e-06,-42.87877739530021,-42.93239585244073
310,310,5.1570630875147866e-06,5.098073487667869e-06,-42.87541130469564,-42.920922243865114
311,311,5.106470522600689e-06,5.099526070376956e-06,-42.91347060840678,-42.91968499453846
312,312,5.1286233804031445e-06,5.0696400744766975e-06,-42.89335391622883,-42.94521188688854
313,313,5.142669382171475e-06,5.11565966869392e-06,-42.88697560550381,-42.90596671524878
314,314,5.120157081749021e-06,5.124206022867982e-06,-42.90540900210233,-42.89871733243107
315,315,5.141245380691169e-06,5.083753254247743e-06,-42.88257943547339,-42.933138524130555
316,316,5.149875318069856e-06,5.074358604791709e-06,-42.88092919219594,-42.941171602793304
317,317,5.175286234364264e-06,5.098868840784569e-06,-42.858545567868006,-42.92024475161435
318,318,5.1477459800077395e-06,5.127690536411185e-06,-42.885760094290255,-42.895765088320026
319,319,5.122385615679152e-06,5.130698857675797e-06,-42.91281652076718,-42.893217909981836
320,320,5.158766027269633e-06,5.091401865348943e-06,-42.873939358925895,-42.9266093849045
321,321,5.146890468973445e-06,5.121156463198866e-06,-42.87934030629802,-42.90130271089366
322,322,5.204531153702698e-06,5.124847647446011e-06,-42.84292655412949,-42.898173567078636
323,323,5.102414354379229e-06,5.115595357844875e-06,-42.921176395256076,-42.90602131235695
324,324,5.126838295461884e-06,5.102996414950069e-06,-42.90376971013359,-42.916730526055396
325,325,5.131934447434237e-06,5.228966074355412e-06,-42.8962689750102,-42.81082491702576
326,326,5.148949935339504e-06,5.268717837967224e-06,-42.88361777922832,-42.77793374932671
327,327,5.140621232919902e-06,5.061676203790978e-06,-42.889946819700675,-42.95203956003736
328,328,5.107461679612824e-06,5.119373709978965e-06,-42.9208884867334,-42.90281481989724
329,329,5.103254713419316e-06,5.049327994225007e-06,-42.921536294249094,-42.962647333186354
330,330,5.1265019230657385e-06,5.0814481399261e-06,-42.89906199672196,-42.93510818200232
331,331,5.1192049814397755e-06,5.090889628359276e-06,-42.90882316342034,-42.92704634292789
332,332,5.1252021144933945e-06,5.073816833158305e-06,-42.901822501070335,-42.94163530867324
333,333,5.1245516710737644e-06,5.1304569320851254e-06,-42.90670794081966,-42.8934226957803
334,334,5.124132750313141e-06,5.102909606074191e-06,-42.90474296642805,-42.916804406053316
335,335,5.0952240111580546e-06,5.0695993626217575e-06,-42.92908053648571,-42.94524676314146
336,336,5.303828580396192e-06,5.790315131698183e-06,-42.75485171814434,-42.367961154468304
337,337,5.2514125676792634e-06,5.102163581078027e-06,-42.7979483007268,-42.91743937364998
338,338,5.119399135118019e-06,5.085284699721103e-06,-42.900126630522294,-42.93183043908562
339,339,5.1287660819971e-06,5.129126891820067e-06,-42.90680179575781,-42.894548724205976
340,340,5.141421588257462e-06,5.118483194995574e-06,-42.886256855093656,-42.903570340799526
341,341,5.116848560365472e-06,5.062938055887475e-06,-42.917481944626026,-42.95095701922886
342,342,5.191028654716667e-06,5.082064370454693e-06,-42.84950915576886,-42.934581542185214
343,343,5.118715593592233e-06,5.078796508123081e-06,-42.90445732435735,-42.937375035067625
344,344,5.107505283789222e-06,5.0909480753609e-06,-42.91129065432343,-42.92699648314613
345,345,5.108361971540888e-06,5.061784313990134e-06,-42.908979825152485,-42.95194680190817
346,346,5.123262893640767e-06,5.085178599983919e-06,-42.900382637504684,-42.93192105153666
347,347,5.098438549859716e-06,5.0740177836192555e-06,-42.92357304754866,-42.94146330808468
348,348,5.133069440564645e-06,5.086084743915738e-06,-42.89898164395435,-42.93114723751351
349,349,5.090268437062647e-06,5.0921825229459885e-06,-42.93245136386993,-42.92594353823522
350,350,5.122344055521775e-06,5.102998210005401e-06,-42.90526200041355,-42.91672899835986
351,351,5.098843490655388e-06,5.065580305534623e-06,-42.92559000787924,-42.94869111137018
352,352,5.120668724088056e-06,5.076248486913851e-06,-42.90735485491277,-42.93955442782207
353,353,5.127859048556762e-06,5.079773377234999e-06,-42.89871880464149,-42.93653978193467
354,354,5.111519296462443e-06,5.0802278373770315e-06,-42.91017135590086,-42.93615125928021
355,355,5.130637676761721e-06,5.075874517052925e-06,-42.8926400908579,-42.939874386607066
356,356,5.1110612955583454e-06,5.119022022738232e-06,-42.90172279085006,-42.90311317880435
357,357,5.100409471759628e-06,5.066988203332967e-06,-42.92343161174163,-42.94748422636702
358,358,5.122870657642218e-06,5.078010537162252e-06,-42.902067447633634,-42.9380471810489
359,359,5.154424348033571e-06,5.048690151230212e-06,-42.88278477539023,-42.96319597884996
360,360,5.150398826033067e-06,5.15898122294426e-06,-42.885808955591315,-42.86934368647429
361,361,5.1201686004525385e-06,5.133515467030903e-06,-42.908734834974766,-42.89083440961327
362,362,5.1144011991972235e-06,5.045478869042678e-06,-42.91428586689639,-42.96595924183502
363,363,5.12134386919626e-06,5.0735001853976616e-06,-42.910364189969876,-42.941906352486996
364,364,5.1345968947232195e-06,5.084684289613506e-06,-42.89972956310486,-42.9323432327769
365,365,5.150849738504231e-06,5.074286419633274e-06,-42.88436867762204,-42.941233383683084
366,366,5.103967405656729e-06,5.057049364902348e-06,-42.92562156396522,-42.95601122766367
367,367,5.131905765534311e-06,5.0704951191667196e-06,-42.89573935519307,-42.94447946826799
368,368,5.133082590732884e-06,5.043260132783632e-06,-42.890347842250556,-42.967869460603616
369,369,5.096612204800567e-06,5.065747772230105e-06,-42.92606992884035,-42.94854753717892
370,370,5.1203858149784e-06,5.053695770728059e-06,-42.90920427436804,-42.95889221710275
371,371,5.141505538368929e-06,5.074840182236298e-06,-42.891430638541095,-42.9407594590737
372,372,5.111613349466088e-06,5.073260748950385e-06,-42.912861846822246,-42.94211131627496
373,373,5.169796027403959e-06,5.073771310555075e-06,-42.877252825725236,-42.941674274021665
374,374,5.1182239320079345e-06,5.066283536411663e-06,-42.910041454643384,-42.948088242451576
375,375,5.127574601744724e-06,5.071318762355459e-06,-42.90584926782442,-42.943774064487386
376,376,5.113377909831038e-06,5.146829512102015e-06,-42.91426821775956,-42.87958533275693
377,377,5.125849440315205e-06,5.066327335761774e-06,-42.901791369640264,-42.948050696716706
378,378,5.104821604018258e-06,5.064236790387536e-06,-42.921816732343636,-42.949843118780834
379,379,5.114866133826394e-06,5.0530849014313915e-06,-42.91307113039341,-42.95941720557066
380,380,5.077069095163678e-06,5.066856661678206e-06,-42.9403871349741,-42.947596972941625
381,381,5.0774509422949125e-06,5.028360766645117e-06,-42.9434415181159,-42.9807188664395
382,382,5.134394077404724e-06,5.109751734715629e-06,-42.90679009326469,-42.910985160591466
383,383,5.109481217286228e-06,5.062153209827987e-06,-42.91115294102174,-42.95163030563096
384,384,5.1193997820781675e-06,5.0674615474570985e-06,-42.90666941879237,-42.94707853933644
385,385,5.127612387967901e-06,5.156649996551048e-06,-42.899226795773615,-42.87130660809165
386,386,5.09270908953544e-06,5.061890150452535e-06,-42.93046640383416,-42.95185599655529
387,387,5.106966956688113e-06,5.102047644437621e-06,-42.919043109312476,-42.91753805965729
388,388,8.023478383939178e-06,2.930464219580723e-05,-40.96420633969583,-35.3256189273369
389,389,1.1841949091512547e-05,8.379963410812994e-06,-39.261655455691965,-40.76256193442181
390,390,8.313014958046027e-06,8.203590703870808e-06,-40.80178895714525,-40.85494331549541
391,391,8.272405541423928e-06,8.107628960523902e-06,-40.827472912241625,-40.906044505104916
392,392,8.185209616826374e-06,8.024704680122485e-06,-40.871106820122954,-40.95069257076886
393,393,8.017002884801128e-06,7.896242574421003e-06,-40.95244564879042,-41.020778343347146
394,394,7.95696924450164e-06,7.844947886999426e-06,-40.98702486754449,-41.04908252860411
395,395,7.843598259287975e-06,7.737388051808872e-06,-41.04918889718348,-41.10903937333825
396,396,7.841879426816432e-06,7.673124233214798e-06,-41.05294410099604,-41.14526086042225
397,397,7.674919438566989e-06,7.592449157144936e-06,-41.14889654193029,-41.191164234834744
398,398,7.606043512628416e-06,7.532325262697046e-06,-41.1911112830456,-41.22569250270169
399,399,7.655873920982427e-06,7.516003183570176e-06,-41.156076741845496,-41.23511360445808
400,400,7.5109346090760754e-06,7.417234931046168e-06,-41.24899007252714,-41.29256280899979
401,401,7.475059839034844e-06,7.354455599277954e-06,-41.25879770642115,-41.32947785466066
402,402,7.710974138539427e-06,7.367109327261508e-06,-41.13442168442386,-41.322012010343784
403,403,7.335674215881358e-06,7.257117479304342e-06,-41.33979358565965,-41.38734162266868
404,404,7.278656019329948e-06,7.151230157002206e-06,-41.37517459572677,-41.45117560120035
405,405,7.946278204604055e-06,7.482843054611677e-06,-40.992238463492754,-41.25431679417137
406,406,7.336457051725617e-06,7.170751575215131e-06,-41.34378205249342,-41.43933638841862
407,407,7.156046368183206e-06,7.034768738154334e-06,-41.45030171391427,-41.52248490873759
408,408,6.940599070224652e-06,6.375347359272909e-06,-41.58814257233092,-41.94994463648016
409,409,6.995472828289026e-06,6.3055820790300215e-06,-41.55516928757129,-41.9977313260588
410,410,6.040540933868543e-06,5.829299401452054e-06,-42.188074867895395,-42.33881953929214
411,411,5.8474091385562e-06,5.76218235437409e-06,-42.326405684522754,-42.38911317656407
412,412,5.840678108911889e-06,5.719061918123196e-06,-42.33483654897422,-42.421735173149735
413,413,5.717597302004692e-06,5.637605921181507e-06,-42.43223566346957,-42.484036012001596
414,414,5.712763633016141e-06,5.616525485445316e-06,-42.42871296377363,-42.50030581958217
415,415,5.674955853877334e-06,5.567471745100767e-06,-42.46534009189062,-42.538402941606904
416,416,5.636851607594452e-06,5.54988238084326e-06,-42.488365467120374,-42.552145366512455
417,417,5.603508547322883e-06,5.540054452898116e-06,-42.518690118378814,-42.55984282422833
418,418,5.5104639013921934e-06,5.52079255181812e-06,-42.58473749200658,-42.574968873441065
419,419,5.516838174707559e-06,5.496786487032966e-06,-42.580114787361126,-42.59389447938504
420,420,5.531965195315052e-06,5.491180457427522e-06,-42.56851521883186,-42.59832599605521
421,421,5.505357932502802e-06,5.462409190888713e-06,-42.59096579927277,-42.62114085663064
422,422,5.473973094022139e-06,5.421880311922378e-06,-42.616194369851485,-42.65348389535405
423,423,5.465128862814493e-06,5.411908683814354e-06,-42.626057125946346,-42.661478557770934
424,424,5.4342695622517095e-06,5.386158567202265e-06,-42.64654865786802,-42.68219181041471
425,425,5.448839320453453e-06,5.365918360966086e-06,-42.64282068520295,-42.69854254957461
426,426,5.435170116714326e-06,5.354613293954906e-06,-42.646284237332694,-42.70770203941794
427,427,5.389512727898486e-06,5.336768313818059e-06,-42.67812360501348,-42.72219966729112
428,428,5.374282484330458e-06,5.330462188698891e-06,-42.69887826675994,-42.72733448772993
429,429,5.334980044411627e-06,5.33204372818306e-06,-42.72341010106838,-42.726046134164115
430,430,5.37388181440939e-06,5.322777365348118e-06,-42.69245105898625,-42.73360014417669
431,431,5.3787711641637815e-06,5.350375359787569e-06,-42.7015542005972,-42.71114064468736
432,432,5.357128692285e-06,5.29707885059332e-06,-42.71575167845336,-42.75461878079261
433,433,5.3455323066692034e-06,5.296681760419712e-06,-42.724973182042525,-42.754944357474265
434,434,5.346204090397505e-06,5.3096967014042956e-06,-42.72124378757372,-42.74428601653494
435,435,5.34476894995116e-06,5.306945527799574e-06,-42.72488738391786,-42.74653685915776
436,436,5.316453787356258e-06,5.282796217598891e-06,-42.75289790670564,-42.76634457608735
437,437,5.360896260022743e-06,5.295268884334578e-06,-42.71126676898063,-42.75610298124736
438,438,5.318825552637566e-06,5.268545632325665e-06,-42.739604671435856,-42.77807569881881
439,439,5.32855611924891e-06,5.266389028915192e-06,-42.73416979397163,-42.77985378478522
440,440,5.327399401384233e-06,5.2402587195836916e-06,-42.73794662790998,-42.801455865338916
441,441,5.369265730307946e-06,5.274736993573913e-06,-42.704396420175776,-42.772975059046416
442,442,5.311869873113801e-06,5.239912752585951e-06,-42.7414946475284,-42.80174260026209
443,443,5.28843384955442e-06,5.270246483154264e-06,-42.77037781984757,-42.77667388705951
444,444,5.315759805393868e-06,5.259914455803626e-06,-42.74787132364726,-42.78519634731672
445,445,5.272167907174456e-06,5.210166771001623e-06,-42.781565328937944,-42.82646691077572
446,446,5.284522680104254e-06,5.265763320494443e-06,-42.769593152153654,-42.78036980792221
447,447,5.273472633581553e-06,5.220978700411874e-06,-42.78596368748726,-42.817463943697916
448,448,5.243463401149204e-06,5.2169912602326616e-06,-42.80119395645176,-42.82078206658488
449,449,5.240769037159553e-06,5.230137192388372e-06,-42.80744990721925,-42.80985234779392
450,450,5.209199749402877e-06,5.190875000200896e-06,-42.82872108217316,-42.84257744931033
451,451,5.205689020156044e-06,5.16031389595714e-06,-42.82990430467591,-42.86822195765032
452,452,5.206882900724334e-06,5.176000070748973e-06,-42.83169488796857,-42.855040422325466
453,453,5.219343662603708e-06,5.224094006974299e-06,-42.81945924432332,-42.81487332412538
454,454,5.218394501743833e-06,5.147866168523538e-06,-42.82541413546559,-42.87871068006397
455,455,5.210107879862597e-06,5.143921426727167e-06,-42.83772833126192,-42.88203989700075
456,456,5.184763286359664e-06,5.1961596430996184e-06,-42.85173053477248,-42.83815830269806
457,457,5.2069588669725174e-06,5.138482026124716e-06,-42.8387109914884,-42.886634740799074
458,458,5.174091720900176e-06,5.133421023186345e-06,-42.86156578265537,-42.89091430967027
459,459,5.184669022390753e-06,5.128448408772544e-06,-42.85187839409012,-42.895123248760555
460,460,5.150437667082572e-06,5.114316704030468e-06,-42.87894397694365,-42.90710697623244
461,461,5.143473628646161e-06,5.1069516159355105e-06,-42.88886671493651,-42.913365725287505
462,462,5.161007786377875e-06,5.140264540003907e-06,-42.86233092179962,-42.88512845606984
463,463,5.176622947793785e-06,5.0989654147614554e-06,-42.86647447357577,-42.92016249582511
464,464,5.164567834615753e-06,5.1186406093811934e-06,-42.86774357218497,-42.903436779458744
465,465,5.153502232920782e-06,5.171123958509845e-06,-42.88055997512129,-42.85913367333777
466,466,5.1638195595701615e-06,5.1404771942256236e-06,-42.8707293516029,-42.88494879091057
467,467,5.1701241252735645e-06,5.114156561160742e-06,-42.864361108244424,-42.90724296752428
468,468,5.129619614646012e-06,5.1241475279982155e-06,-42.89480911366283,-42.89876690917338
469,469,5.135516942376403e-06,5.093233228667247e-06,-42.89144854967628,-42.92504752041996
470,470,5.156332669506922e-06,5.085679923037165e-06,-42.87629793489644,-42.93149292280916
471,471,5.15357285940368e-06,5.122656411434659e-06,-42.87779686970979,-42.900030881244724
472,472,5.123147383125525e-06,5.118755827999466e-06,-42.89668888378844,-42.903339022552615
473,473,5.148103130138515e-06,5.079169520621163e-06,-42.88408579447588,-42.93705607895138
474,474,5.155542928066295e-06,5.098214890159924e-06,-42.88385075209412,-42.92080178763682
475,475,5.169382371398747e-06,5.079794463151637e-06,-42.859553037784856,-42.93652175459849
476,476,5.127055922542043e-06,5.145922554411779e-06,-42.89853265881413,-42.880350699917564
477,477,5.14367214696135e-06,5.08811700982685e-06,-42.895780333461914,-42.92941225740586
478,478,5.140257678821277e-06,5.225805412728253e-06,-42.886136485653566,-42.81345081458336
479,479,5.158662626160652e-06,5.146815247395639e-06,-42.87815136163672,-42.87959736947165
480,480,5.155853075135833e-06,5.100103695248866e-06,-42.87527916806784,-42.91919309571368
481,481,5.0997429434105044e-06,5.190308097792838e-06,-42.92779354549177,-42.843051774029426
482,482,5.128121123674384e-06,5.0898642448852406e-06,-42.900856251976684,-42.927921166917656
483,483,5.138493732599657e-06,5.060063526080309e-06,-42.89174675016706,-42.953423466471335
484,484,5.099885729390566e-06,5.088071463289548e-06,-42.91732462495109,-42.92945113367053
485,485,5.114068830453013e-06,5.076851816978122e-06,-42.91070281281006,-42.93903828416123
486,486,5.113188899017164e-06,5.052807290140711e-06,-42.918073751791994,-42.95965580904951
487,487,5.099778615292906e-06,5.148311294377843e-06,-42.924912022605845,-42.87833517040887
488,488,5.12038732455208e-06,5.096257657561709e-06,-42.90820182287264,-42.922469388042174
489,489,5.125465722625281e-06,5.079881894313362e-06,-42.90724233582694,-42.936447006408194
490,490,5.1300637762286685e-06,5.063600957854712e-06,-42.903423923979574,-42.950388424832624
491,491,5.115157326838823e-06,5.13123213271396e-06,-42.91665927903299,-42.89276653605068
492,492,5.087794484894665e-06,5.094140377830052e-06,-42.93316894312411,-42.92427407302924
493,493,5.101007033219278e-06,5.074544668260435e-06,-42.916604035822076,-42.941012361276094
494,494,5.420101594431001e-06,5.187716181497212e-06,-42.663584545312396,-42.84522107897199
495,495,5.18823583558149e-06,5.125705300949783e-06,-42.8523070195277,-42.89744682738602
496,496,5.131162966209399e-06,5.089345354223808e-06,-42.890092864909136,-42.92836393479462
497,497,5.151585102475551e-06,5.12382650030256e-06,-42.873088806055264,-42.899039003065155
498,498,5.136482052210377e-06,5.081781230393589e-06,-42.89156637489978,-42.93482350998167
499,499,5.109420154562049e-06,5.094148347875728e-06,-42.91302905158701,-42.92426727827312
500,500,5.116806732985424e-06,5.117421958283031e-06,-42.90870166699767,-42.904470875228085
501,501,5.1040426546230085e-06,5.158302692028596e-06,-42.91348457325567,-42.86991492641558
502,502,5.119000945210855e-06,5.0738023291112196e-06,-42.911091728418285,-42.941647723462395
503,503,5.093069924526192e-06,5.049649285195444e-06,-42.92552550505463,-42.96237099848091
504,504,5.148501198154636e-06,5.0671806571986775e-06,-42.881353543802035,-42.947319276181055
505,505,5.1173612856595375e-06,5.101292500560368e-06,-42.907280254271384,-42.918180897815915
506,506,5.118145959245667e-06,5.054352186562028e-06,-42.90955622753313,-42.95832815611662
507,507,5.097664837091177e-06,5.075070715209126e-06,-42.919596074737505,-42.94056217813395
508,508,5.143656151106079e-06,5.056819406347227e-06,-42.88151413748976,-42.956208718324916
509,509,5.096767690889633e-06,5.234149906946665e-06,-42.92734471970089,-42.806521590793466
510,510,5.116714438025662e-06,5.0647689644584285e-06,-42.90313319181471,-42.949386765475865
511,511,5.084498321387578e-06,5.044599244061637e-06,-42.93649867128018,-42.96671645356737
512,512,5.085653534366691e-06,5.070273968349763e-06,-42.93180876937804,-42.94466889094128
513,513,5.126976144854723e-06,5.087531917524757e-06,-42.9057413454997,-42.929911689649046
514,514,5.0833050455863845e-06,5.0567544971464054e-06,-42.94244886544499,-42.95626446460811
515,515,5.107334537879256e-06,5.088484062741229e-06,-42.92216245243941,-42.92909897194991
516,516,5.070204182273526e-06,5.080625813111271e-06,-42.943340436459785,-42.93581105427116
517,517,5.112198613994796e-06,5.070254797158812e-06,-42.9123905629178,-42.94468531206218
518,518,5.139510130433824e-06,5.065243289879474e-06,-42.89665149554664,-42.9489800593279
519,519,5.175811547252527e-06,5.125634312494903e-06,-42.86087567182565,-42.89750697541622
520,520,5.122120240127149e-06,5.053772240085221e-06,-42.90146270407186,-42.95882650288072
521,521,5.0925527595853095e-06,5.088615221450853e-06,-42.92692996736791,-42.92898703140132
522,522,5.1029586072602504e-06,5.040560776442841e-06,-42.92431668018451,-42.97019460223802
523,523,5.144562701670364e-06,5.085977902222351e-06,-42.88577450829131,-42.931238469271484
524,524,5.155998345817914e-06,5.0506199075148045e-06,-42.883317812098305,-42.96153629613671
525,525,5.109215072883034e-06,5.0458515464637646e-06,-42.90461251995622,-42.965638467980796
526,526,5.123017240997065e-06,5.0674930686287365e-06,-42.91643667507299,-42.94705152496603
527,527,5.07936936666044e-06,5.095803364958173e-06,-42.940971036384205,-42.922856545792854
528,528,5.065779021737699e-06,5.170237799527393e-06,-42.951563179002434,-42.859877973684505
529,529,5.133467517957e-06,5.091474241979947e-06,-42.897465302729756,-42.92654764837519
530,530,5.147083333419509e-06,5.0810808716050815e-06,-42.88966157232519,-42.9354220853724
531,531,5.101091972523436e-06,5.070293857562846e-06,-42.928148720046586,-42.94465185486275
532,532,5.10521852344571e-06,5.053371128987668e-06,-42.921931486414415,-42.95917121024268
533,533,5.118796787090892e-06,5.092983261228686e-06,-42.905980335546616,-42.92526067017846
534,534,5.107914795498987e-06,5.035627102762718e-06,-42.92117371769238,-42.974447534898076
535,535,5.098076261552687e-06,5.022582866475109e-06,-42.92938448012721,-42.9857120502217
536,536,5.1048724372710996e-06,5.029074959326719e-06,-42.92555440784464,-42.980102069177036
537,537,5.07620572684526e-06,5.058899636136821e-06,-42.94007647720301,-42.954422523339375
538,538,5.087764162153783e-06,5.0449339381118895e-06,-42.93761160593944,-42.96642832174485
539,539,5.0843715922083085e-06,5.0422315421440685e-06,-42.92949131270754,-42.96875530981126
540,540,5.099178489433246e-06,5.06156823719625e-06,-42.92776366917495,-42.952132196931785
541,541,5.103859189851569e-06,5.038989552543315e-06,-42.92403946586457,-42.97154857905773
542,542,5.083352451825685e-06,5.051470141456536e-06,-42.940166801836014,-42.96080525551382
543,543,5.082809853849971e-06,5.02918840682373e-06,-42.93639935733044,-42.980004100730305
544,544,5.091323150877215e-06,5.031949967815308e-06,-42.93738174225142,-42.97762001518145
545,545,5.075391457176386e-06,5.048691180395269e-06,-42.94783754831106,-42.96319509354973
546,546,5.07621716116267e-06,5.069444676720243e-06,-42.94152015347565,-42.94537927905361
547,547,5.119399332018934e-06,5.0401904445607215e-06,-42.91447811766147,-42.97051369173725
548,548,5.0898587612687856e-06,5.053090717410669e-06,-42.93557394418385,-42.95941220694843
549,549,5.077332398567958e-06,5.042873238524312e-06,-42.94398666632632,-42.968202642876335
550,550,5.110989032922608e-06,5.037009462907199e-06,-42.92665726916769,-42.97325549072453
551,551,5.09997158756566e-06,5.0639405823236114e-06,-42.92339516826737,-42.950097145784824
552,552,5.065761642887908e-06,5.06982563532993e-06,-42.948520925575465,-42.94505292771469
553,553,5.107633058418587e-06,5.012231356790596e-06,-42.919830211232124,-42.9946720668796
554,554,5.087640855299938e-06,5.052423650915061e-06,-42.93823721439625,-42.959985563806804
555,555,5.070536129087205e-06,5.089991191198351e-06,-42.94730853780733,-42.92781285087401
556,556,5.0712314049698915e-06,5.028775424426912e-06,-42.94643797058895,-42.980360745433295
557,557,5.051531271541553e-06,5.084665309895124e-06,-42.95929893721804,-42.9323594438175
558,558,5.161826800421173e-06,5.056085587727323e-06,-42.87451376920637,-42.95683898900993
559,559,5.076957142929254e-06,5.027703848195654e-06,-42.94388635534136,-42.98128627738801
560,560,5.168144314703784e-06,5.079135534240202e-06,-42.862810460126326,-42.93708513910981
561,561,5.068248473313342e-06,5.0682672161584425e-06,-42.94743008811488,-42.9463881154308
562,562,5.092631229287981e-06,5.06767343578854e-06,-42.932178470915304,-42.94689694938565
563,563,5.095699751896954e-06,5.092695238617077e-06,-42.928728138813305,-42.925506282939395
564,564,5.0666128267901924e-06,5.090391703944126e-06,-42.94798009746969,-42.92747113391247
565,565,5.092523238512438e-06,5.079748820878051e-06,-42.93031596166478,-42.93656077640687
566,566,5.122764152999771e-06,5.019023511091578e-06,-42.907209498750795,-42.988790857354374
567,567,5.0890119607559135e-06,5.069928599703799e-06,-42.93472657040695,-42.944964726643214
568,568,5.159537691331034e-06,5.070871171291831e-06,-42.873707409036754,-42.944157386689945
569,569,5.075342907036532e-06,5.018601481615885e-06,-42.947980297500685,-42.98915605344955
570,570,5.070962030454071e-06,5.021152039836651e-06,-42.951550274324404,-42.98694943875026
571,571,5.079966154580782e-06,5.084487599417212e-06,-42.938565587325314,-42.9325112336089
572,572,5.0760077289110604e-06,5.025491789542445e-06,-42.94385602651459,-42.98319748038625
573,573,5.050788715998726e-06,5.084866906575994e-06,-42.962739559561996,-42.93218725826517
574,574,5.1137934598355245e-06,5.102281671784831e-06,-42.91562505476676,-42.91733885639292
575,575,5.091985005173669e-06,5.060861799153683e-06,-42.931884798485136,-42.952738379722064
576,576,5.100858424597878e-06,5.023520723051134e-06,-42.92114417489025,-42.98490117676547
577,577,5.058416071424103e-06,5.01196233783144e-06,-42.96380994388954,-42.9949051698165
578,578,5.069567807893072e-06,5.014558514391722e-06,-42.952063011527805,-42.99265612411861
579,579,5.081556448259885e-06,5.0607001963056205e-06,-42.940466140229205,-42.95287706034312
580,580,5.04081943515687e-06,5.056136615166906e-06,-42.96527736826644,-42.956795159008976
581,581,5.063885894451607e-06,5.057139045866758e-06,-42.955130681281545,-42.95593421120641
582,582,5.080171100304404e-06,5.006926489601794e-06,-42.93515560195236,-42.999271005828234
583,583,5.091165672338414e-06,5.05386149023635e-06,-42.934530512355565,-42.958749806694094
584,584,5.083473930313892e-06,5.024144732152835e-06,-42.93479820946657,-42.98436174059279
585,585,5.09321155254135e-06,5.02771660505555e-06,-42.9310205278458,-42.98127525799029
586,586,5.066616624164978e-06,5.035104717726905e-06,-42.95173131605891,-42.974898085945874
587,587,5.095265430671921e-06,5.072447995763995e-06,-42.931861533963826,-42.942807126165896
588,588,5.082004871340912e-06,5.038926151188973e-06,-42.94484161002533,-42.97160322301218
589,589,5.080621520523282e-06,5.019958782787925e-06,-42.939201889317985,-42.987981645173136
590,590,5.064798980251017e-06,5.0317420525396685e-06,-42.961680593810925,-42.977799465142255
591,591,5.077753977490932e-06,5.0395357280458005e-06,-42.943288024501825,-42.97107787327388
592,592,5.083924959987983e-06,5.026775589182139e-06,-42.93977035482402,-42.9820881841819
593,593,5.395059098500684e-06,5.448176029619246e-06,-42.67991261552449,-42.63247184718875
594,594,5.323411656230671e-06,5.123481011986242e-06,-42.74438656432046,-42.899331848125605
595,595,5.263896577930937e-06,5.0928093562680785e-06,-42.786811918534966,-42.92540896686505
596,596,5.106983735458925e-06,5.084209270104398e-06,-42.92160210857206,-42.9327489767264
597,597,5.096396710813651e-06,5.059236364583117e-06,-42.93253917864828,-42.954133459610304
598,598,5.084460389832774e-06,5.059548488804323e-06,-42.9352812792449,-42.95386553450082
599,599,5.082422343473377e-06,5.030976999956979e-06,-42.93799764710839,-42.97845983956776
600,600,5.064727749001024e-06,5.038750116096037e-06,-42.94820750194453,-42.97175494661882
601,601,5.0537114569208625e-06,5.017945065781915e-06,-42.9666012618346,-42.98972413286528
602,602,5.095010804972244e-06,5.049629108773508e-06,-42.92630766221512,-42.96238835122309
603,603,5.053313210756294e-06,5.007518331311937e-06,-42.96976727345131,-42.998757680139654
604,604,5.044430391657461e-06,5.0265237548860325e-06,-42.969374183484454,-42.98230576498086
605,605,5.061045884730513e-06,5.035790141655046e-06,-42.95847228819336,-42.97430692531045
606,606,5.229913763146542e-06,1.0183737398811469e-05,-42.812836236583976,-39.91591123899204
607,607,8.591416536949782e-06,5.62844699839173e-06,-40.65247123222298,-42.49109735022266
608,608,5.487118438189278e-06,5.3897055247369665e-06,-42.60417305608006,-42.67933278374667
609,609,5.469887250019945e-06,5.3791764721130385e-06,-42.62065887505408,-42.68782523619008
610,610,5.448028290273439e-06,5.3566233729821095e-06,-42.64371512364066,-42.70607203857472
611,611,5.376799206190008e-06,5.335201780996469e-06,-42.688909275958494,-42.72347466442657
612,612,5.3716525585092386e-06,5.35156263331852e-06,-42.69752242202848,-42.71017703165681
613,613,5.482611151219504e-06,5.320244015724472e-06,-42.61369283284217,-42.73566763938067
614,614,5.39493931242272e-06,5.307984936639275e-06,-42.68618861678938,-42.7456863410569
615,615,5.32735262804073e-06,5.294203626698091e-06,-42.73643550847119,-42.75697674623313
616,616,5.340780323431599e-06,5.254619329781762e-06,-42.721994807308874,-42.78957056733176
617,617,5.320656299838597e-06,5.267667969938454e-06,-42.740753085514044,-42.778799229960086
618,618,5.26944212342454e-06,5.246067638309844e-06,-42.78061531265359,-42.79664430117328
619,619,5.276832667994913e-06,5.252221925681959e-06,-42.7661505713023,-42.79155247486075
620,620,5.251739981083785e-06,5.2144938117156635e-06,-42.797894197390214,-42.822861594328074
621,621,5.2578706551507025e-06,5.194823810789355e-06,-42.79607305754461,-42.839274933490266
622,622,5.238363123633874e-06,5.1676081631357145e-06,-42.8034013429447,-42.86208740223098
623,623,5.209724049657864e-06,5.167117227469326e-06,-42.82981639865249,-42.862500012422316
624,624,5.183884470695666e-06,5.1654293967754045e-06,-42.856446517492685,-42.863918860243544
625,625,5.147293918947905e-06,5.156383466735286e-06,-42.882408772485945,-42.871531086037315
626,626,5.253830487472629e-06,5.144493068081302e-06,-42.793160490485946,-42.88155729458205
627,627,5.23199221638653e-06,5.154470727575244e-06,-42.82165642564533,-42.873142382359426
628,628,5.166650769695611e-06,5.209364859949442e-06,-42.866605945842736,-42.82713539676523
629,629,5.183014787483622e-06,5.1069274185896284e-06,-42.85792291707618,-42.91338630272682
630,630,5.166578338287661e-06,5.1383225294749105e-06,-42.87527541415124,-42.88676954634981
631,631,5.1528782773623125e-06,5.090652417780611e-06,-42.87576473400038,-42.92724870764811
632,632,5.179396536272948e-06,5.0993411796777145e-06,-42.857929242220145,-42.919842457143815
633,633,5.110941157871605e-06,5.085239320722298e-06,-42.9104945568144,-42.93186919392015
634,634,5.150099700726641e-06,5.08905343035861e-06,-42.87868080285495,-42.92861305241422
635,635,5.191522313438814e-06,5.113068925167777e-06,-42.85163838417137,-42.908166686889764
636,636,5.136170395567158e-06,5.111547149059142e-06,-42.89751309505502,-42.90945944735482
637,637,5.125902720765132e-06,5.0868328272420175e-06,-42.90101257881754,-42.93050850539183
638,638,5.158707027316943e-06,5.106502277684692e-06,-42.875171403405886,-42.913747858745985
639,639,5.1122971207096085e-06,5.1007478807725035e-06,-42.913268149049195,-42.91864458029508
640,640,5.136807290328602e-06,5.082736510973375e-06,-42.89578310825632,-42.934007193662
641,641,5.127853554083615e-06,5.120099367080624e-06,-42.90246984212645,-42.90219926307482
642,642,5.14305173093123e-06,5.095256519301697e-06,-42.88434031219922,-42.923322624991656
643,643,5.121997931842229e-06,5.104055330057715e-06,-42.91118211947232,-42.91582942160097
644,644,5.113456515489103e-06,5.083995586717624e-06,-42.90818159526595,-42.93293150946856
645,645,5.124572575387554e-06,5.13118902745191e-06,-42.90442088966255,-42.89280301940516
646,646,5.1266747551877774e-06,5.073611670300843e-06,-42.90592935675438,-42.941810921828576
647,647,5.121172176286657e-06,5.044620066703494e-06,-42.90486168815296,-42.96669852718837
648,648,5.104999780593699e-06,5.050587644386963e-06,-42.91605399315306,-42.96156403875722
649,649,5.1184845303686954e-06,5.075958573510625e-06,-42.909978239205635,-42.93980246805713
650,650,5.112672395100781e-06,5.081551104299969e-06,-42.91702490799847,-42.93502018266604
651,651,5.081016405307947e-06,5.046258258133955e-06,-42.940353589625495,-42.96528842693367
652,652,5.126171284236707e-06,5.080861180766461e-06,-42.90600662509419,-42.93560986546101
653,653,5.1149213364042975e-06,5.0871217593483286e-06,-42.912988457226355,-42.93026183313006
654,654,5.14505052837494e-06,5.069162254681271e-06,-42.886754042076916,-42.94562123405583
655,655,5.126289504483587e-06,5.044434553718402e-06,-42.900460210526255,-42.966858239408765
656,656,5.106322293716769e-06,5.035977784772465e-06,-42.92020760641579,-42.97414510194227
657,657,5.101113411282566e-06,5.067484356626856e-06,-42.919432556778936,-42.947058991335574
658,658,5.088680928125054e-06,5.103093276135807e-06,-42.92933099284123,-42.91664809237169
659,659,5.082178373863685e-06,5.060261436914229e-06,-42.937491026497376,-42.95325360713697
