,epoch,train_loss,test_loss,train_dbs,test_dbs
0,0,6.288760433215936e-05,6.013661224738156e-05,-32.01343865166818,-32.199399992460236
1,1,5.72736505100974e-05,5.482716886418577e-05,-32.41798163750583,-32.600831374357114
2,2,5.177846604468512e-05,5.0496574036323615e-05,-32.855823765900354,-32.9581704382769
3,3,4.8854322362926395e-05,4.719288718708987e-05,-33.11636233472334,-33.25202410420194
4,4,4.5426632945255386e-05,4.417529750131316e-05,-33.42694982767466,-33.53899475061555
5,5,4.228346126145664e-05,4.1644264504276707e-05,-33.73660562245806,-33.795237617906274
6,6,4.157838614530905e-05,3.936764685357431e-05,-33.822271135530485,-34.039395018172115
7,7,3.8056329413876415e-05,3.762725559921053e-05,-34.18738087891533,-34.23576414483479
8,8,3.6334066497091174e-05,3.593758131166013e-05,-34.40105915968939,-34.435301133727314
9,9,3.43093952605412e-05,3.4751466094013794e-05,-34.64664923729951,-34.581058267158866
10,10,3.330768400307543e-05,3.327704785318163e-05,-34.775290239357304,-34.76934166795417
11,11,3.2124466838233516e-05,3.201969919150303e-05,-34.92906412797123,-34.936617104030205
12,12,3.1790096249302953e-05,3.125380575702844e-05,-34.978892536228834,-35.04176049357027
13,13,3.0183783236839425e-05,3.004380031550107e-05,-35.19987477742981,-35.21324091230743
14,14,3.0032211106652202e-05,2.9171172603750356e-05,-35.22888222041675,-35.34125071075002
15,15,2.7738162953965847e-05,2.8381708991793475e-05,-35.56200820795522,-35.46040415278672
16,16,2.7874743554815552e-05,2.7908359506430936e-05,-35.54631955261972,-35.5334464924992
17,17,2.706537615614655e-05,2.7195247878951607e-05,-35.67046794886666,-35.645859363617646
18,18,2.6512220709677066e-05,2.6566410222011128e-05,-35.77006821918208,-35.74746083566846
19,19,2.543037734324468e-05,2.5990071950026934e-05,-35.94477320196202,-35.842714762449695
20,20,2.596270237940114e-05,2.5517793945159372e-05,-35.86732154320804,-35.922358318268635
21,21,2.5103667662592998e-05,2.4974609627143334e-05,-36.00543045558554,-36.015802494480404
22,22,2.4507130162710008e-05,2.453956039971672e-05,-36.11254213718581,-36.092121794995194
23,23,2.4182848420357765e-05,2.407519586038114e-05,-36.166256182877916,-36.17509129080824
24,24,2.325268819872362e-05,2.3775553161517326e-05,-36.32764704619782,-36.22948328020414
25,25,2.3356542179808646e-05,2.341641601034146e-05,-36.32033029269496,-36.29558532969424
26,26,2.2844617428604907e-05,2.3025623848202247e-05,-36.4116209069971,-36.36867552382504
27,27,2.2170907999979952e-05,2.2736117419921548e-05,-36.53636156582559,-36.42362654545067
28,28,2.20151149048818e-05,2.2463485086183554e-05,-36.575751491552474,-36.476018224803084
29,29,2.183987610984219e-05,2.22277220401386e-05,-36.60498698904446,-36.521840007817765
30,30,2.1268433106483498e-05,2.187709383418367e-05,-36.7185961874,-36.59089328471202
31,31,2.09043810266933e-05,2.1759670409282033e-05,-36.795954421908334,-36.61426645156133
32,32,2.131960494451275e-05,2.151237487468231e-05,-36.705702146794465,-36.66390600736057
33,33,2.054754837520226e-05,2.124038349536836e-05,-36.87204898970206,-36.719166043615616
34,34,2.1141858194392418e-05,2.1120140445418656e-05,-36.75754142086616,-36.74382156176251
35,35,2.0357797335780505e-05,2.098403485050719e-05,-36.9109501407203,-36.771899591698784
36,36,2.0273057820417044e-05,2.078630275623015e-05,-36.931646185592015,-36.81301709460268
37,37,2.0005371729941133e-05,2.0568907960918487e-05,-36.98689484064114,-36.858677231759046
38,38,2.0361970650670046e-05,2.04822642780001e-05,-36.90923624649865,-36.877009925909675
39,39,1.994642459357772e-05,2.0328334788868424e-05,-37.00912044257595,-36.90977153504081
40,40,1.9957297537103776e-05,2.0173673395842534e-05,-37.00875498532211,-36.94293972548237
41,41,1.978766209204062e-05,2.0074111298048304e-05,-37.04186528055766,-36.964426303293514
42,42,1.9440760456980325e-05,2.003791920096295e-05,-37.11232129248358,-36.97226336969105
43,43,1.862589927900585e-05,1.9934712518558006e-05,-37.30115086783881,-36.994689810151264
44,44,1.8427849916162776e-05,1.9809102396768713e-05,-37.34052471212895,-37.02214161089857
45,45,1.9376166455538286e-05,1.9772727539116442e-05,-37.133153634582925,-37.030123760501596
46,46,1.8671807852443474e-05,1.9705876375634323e-05,-37.28635690873576,-37.044832041079125
47,47,1.8957512880079615e-05,1.970805471118135e-05,-37.21792944914626,-37.04435198791889
48,48,1.9285161440550546e-05,1.9707880806220745e-05,-37.14704961905984,-37.04439031047233
49,49,1.9263823344669253e-05,1.9676167252519488e-05,-37.16123117025906,-37.051384525150475
50,50,1.9111747701337907e-05,1.96430779205433e-05,-37.19210278549615,-37.05869418616576
51,51,1.891868817334942e-05,1.958673309625163e-05,-37.23198895522623,-37.071169526967005
52,52,1.967490534860696e-05,1.9546045223250985e-05,-37.05759367441455,-37.080200587807056
53,53,1.9681866264757436e-05,1.9482287011908883e-05,-37.064157449687826,-37.09439020976055
54,54,1.8759225295258318e-05,1.9542480578437743e-05,-37.26585011315463,-37.08099269011579
55,55,1.9073547573685744e-05,1.9545811818189624e-05,-37.189671479428426,-37.08025244849512
56,56,1.8878361009500595e-05,1.954758547646251e-05,-37.2402428498068,-37.0798583717177
57,57,1.8792800623599497e-05,1.949735580733671e-05,-37.26178161585152,-37.09103240832579
58,58,1.831477520588039e-05,1.956331355981284e-05,-37.38621137567964,-37.07636542200471
59,59,1.8760169716431884e-05,1.9439041161125426e-05,-37.26792643433425,-37.10404118672923
60,60,1.9093223675826238e-05,1.9416182735049486e-05,-37.185270020623506,-37.109151073359435
61,61,1.914955985917801e-05,1.951823703979914e-05,-37.17563769642243,-37.08638370034117
62,62,1.879637049344253e-05,1.937630938635649e-05,-37.26303762150959,-37.1180789769118
63,63,1.9113517015453515e-05,1.933312748741101e-05,-37.19355378350254,-37.12776843236447
64,64,1.8763458664926877e-05,1.9287577647207255e-05,-37.26741705570833,-37.13801270592474
65,65,1.868115329492979e-05,1.9133344434713333e-05,-37.285684369027805,-37.17288068372757
66,66,1.8344754607824143e-05,1.8835665813592067e-05,-37.35805895293496,-37.240979815401126
67,67,1.84044620161246e-05,1.8347237767700693e-05,-37.35574796037998,-37.35508268875739
68,68,1.7754981104424343e-05,1.7599475636655514e-05,-37.503765411450026,-37.535792295092406
69,69,1.6872614482447707e-05,1.7313777837108846e-05,-37.728373852007294,-37.60687117495135
70,70,1.6665479089385473e-05,1.679553511884909e-05,-37.78497007808879,-37.73885112674596
71,71,1.630397865792662e-05,1.598474399974006e-05,-37.88083355521662,-37.953732727209385
72,72,1.5330800283898253e-05,1.4776169241246718e-05,-38.1362023050615,-38.29517101310813
73,73,1.414371568504985e-05,1.4494791206456476e-05,-38.49630715588826,-38.37866994192021
74,74,1.4228113961751697e-05,1.4097268879260427e-05,-38.464808264633064,-38.499439748501956
75,75,1.3827685788126792e-05,1.36147987416878e-05,-38.59279207251794,-38.65067732190234
76,76,1.3257669603806734e-05,1.3285973517141477e-05,-38.77587154553871,-38.75685575604075
77,77,1.3465178471023202e-05,1.3276871054825423e-05,-38.71133313019594,-38.75983220632236
78,78,1.3087451800847421e-05,1.31001614040303e-05,-38.81914053857005,-38.81802311503998
79,79,1.3204087876728568e-05,1.3037467253621129e-05,-38.786550953381905,-38.83885727420882
80,80,1.2881925669585753e-05,1.300013488952046e-05,-38.9031000310033,-38.85131099459851
81,81,1.2929267606673374e-05,1.2802270104753246e-05,-38.891711645347684,-38.91791972248833
82,82,1.257007852004368e-05,1.2689113598179047e-05,-39.00841311953438,-38.95647672650132
83,83,1.2419287439528133e-05,1.2482286173939141e-05,-39.05796847926849,-39.027848228637765
84,84,1.2405514820615675e-05,1.2385521681847566e-05,-39.06744092270299,-39.06164654114119
85,85,1.2326720925276023e-05,1.222478002953147e-05,-39.08621304615405,-39.118379047836044
86,86,1.2465985745030153e-05,1.2232911725923737e-05,-39.046072248738135,-39.115491162064075
87,87,1.2073697736510795e-05,1.2153425909912729e-05,-39.180746328987965,-39.14380240260096
88,88,1.2332104271296988e-05,1.208110538037114e-05,-39.09134728500918,-39.169722854511036
89,89,1.2055672779808315e-05,1.193149517731447e-05,-39.18675241297481,-39.22384087995371
90,90,1.2166782493970703e-05,1.1887088619818984e-05,-39.158161983782456,-39.24003457592616
91,91,1.174444237081262e-05,1.1919027345261144e-05,-39.29776596569179,-39.22838141876174
92,92,1.1895918900917582e-05,1.174795388100105e-05,-39.243748666561395,-39.291167250914704
93,93,1.1602454158248255e-05,1.1682992120959649e-05,-39.36373953938543,-39.31524874229376
94,94,1.1749312696188145e-05,1.155012552389005e-05,-39.30368245945254,-39.36492253975478
95,95,1.171461311050453e-05,1.1484041686727372e-05,-39.313946828765964,-39.389841977303554
96,96,1.1544995705315665e-05,1.1236357654285567e-05,-39.37670641360299,-39.4845340365126
97,97,1.121937002983369e-05,1.0980736317976966e-05,-39.494441943120954,-39.584474951406456
98,98,1.0927908144517413e-05,1.0662076659316785e-05,-39.614673118339866,-39.7123715729747
99,99,1.0468218993223345e-05,1.0280411180773578e-05,-39.79311942332472,-39.87068472754758
100,100,1.0057752660941333e-05,9.875086825080584e-06,-39.97972396925287,-40.045380352553906
101,101,9.706200460678916e-06,9.464972926683626e-06,-40.12742491143473,-40.22959581974584
102,102,9.285819389108452e-06,9.067408284049874e-06,-40.31763669114376,-40.41595786605271
103,103,9.140750933642566e-06,8.885877880522075e-06,-40.39001518947649,-40.50378617638792
104,104,8.763349853193786e-06,8.617534484456931e-06,-40.576964590817816,-40.63695928050628
105,105,8.693081495554916e-06,8.514492899274429e-06,-40.61911261965756,-40.68920170397969
106,106,8.49169146490989e-06,8.445212714784583e-06,-40.70749524280717,-40.72468365145717
107,107,8.585118061110387e-06,8.351383736513335e-06,-40.65983180328617,-40.77320518556761
108,108,8.404840787313998e-06,8.244733898640047e-06,-40.75436316936014,-40.8290231481687
109,109,8.277172531324113e-06,8.148958410234436e-06,-40.82361611332051,-40.87976856728787
110,110,8.173033826828145e-06,8.083321182838469e-06,-40.88544530160134,-40.91489122627007
111,111,8.08468433478055e-06,8.012138143959946e-06,-40.91957854593712,-40.953305293139685
112,112,8.098323051694698e-06,8.01976009250594e-06,-40.9101570731167,-40.94917581278065
113,113,8.007011813591366e-06,7.94876744916301e-06,-40.966173508075784,-40.98779166676116
114,114,7.972388259789573e-06,7.909088540863626e-06,-40.99321578704927,-41.0095252061452
115,115,7.974311376960237e-06,7.857214983998442e-06,-40.989042366933546,-41.03810321843456
116,116,7.836793368360023e-06,7.794452836893278e-06,-41.05057267627656,-41.072933244944764
117,117,7.831399971016168e-06,7.750358810498207e-06,-41.06280020298157,-41.0975714897092
118,118,7.740134910865478e-06,7.691972074864775e-06,-41.111032217937414,-41.130412591383106
119,119,7.720286332899837e-06,7.637664638375435e-06,-41.12292365536416,-41.161183729804435
120,120,7.714287319911294e-06,7.632099488163427e-06,-41.11492557158862,-41.16434935058943
121,121,7.673901456149269e-06,7.543533181313633e-06,-41.15479277767882,-41.215041530462116
122,122,7.587268785371016e-06,7.562464289596966e-06,-41.18735844151029,-41.20415621132474
123,123,7.588625329535529e-06,7.537072944710656e-06,-41.20197779927881,-41.21876239586585
124,124,7.5717268382785985e-06,7.532483825918079e-06,-41.20387916570655,-41.22140750223542
125,125,7.494562691810886e-06,7.481582758229802e-06,-41.26167654492541,-41.25085473745261
126,126,7.65642761104301e-06,7.456245671882674e-06,-41.15762025179845,-41.26558749113515
127,127,7.492380837461919e-06,7.4388357652902704e-06,-41.25514235653739,-41.27573987578464
128,128,7.471650119957312e-06,7.411184900487761e-06,-41.25968804666573,-41.291913094869166
129,129,7.427394946941988e-06,7.337710724785115e-06,-41.29562360933307,-41.33518371505775
130,130,7.406307880974617e-06,7.328810936183129e-06,-41.30150631901334,-41.34045439837817
131,131,7.532732745192371e-06,7.299159661718142e-06,-41.22442071690723,-41.358060945277366
132,132,7.341934600769969e-06,7.281586620497125e-06,-41.34259031772628,-41.36852937862102
133,133,7.431389466424643e-06,7.25060075829357e-06,-41.294761645176656,-41.387049659174544
134,134,7.261685809258854e-06,7.245909417083328e-06,-41.38471329974677,-41.3898605752458
135,135,7.276474179045331e-06,7.205735384655111e-06,-41.38884226593525,-41.4140064849775
136,136,7.287338552693477e-06,7.190613407721302e-06,-41.3769108792166,-41.423130178280445
137,137,7.177556986770816e-06,7.143070433812682e-06,-41.43948012798687,-41.451940255535995
138,138,7.167999346043852e-06,7.130035795087583e-06,-41.43805039162356,-41.45987247877435
139,139,7.131246744843197e-06,7.087462611372375e-06,-41.472574074670305,-41.48588177168662
140,140,7.120810457224449e-06,7.0917526978806376e-06,-41.47642928659076,-41.48325375467208
141,141,7.1430128215426295e-06,7.053108746683727e-06,-41.45969396631999,-41.506983780709994
142,142,7.059303721483225e-06,6.993451135808994e-06,-41.5119946040421,-41.5438741328077
143,143,7.1051829801251295e-06,6.989247786374395e-06,-41.47530111469188,-41.5464852045759
144,144,6.964188006096856e-06,6.956409666408466e-06,-41.56984367133762,-41.566938081328544
145,145,6.931605447480064e-06,6.898401352373185e-06,-41.59639109339011,-41.603304998013044
146,146,7.084631559655932e-06,6.877924892921185e-06,-41.50175852533331,-41.61621529026277
147,147,6.861707432333262e-06,6.877159002646008e-06,-41.639777159665115,-41.61669892514733
148,148,6.936100737558385e-06,6.8191614828767914e-06,-41.58556148076978,-41.6534798304701
149,149,6.883913331491676e-06,6.765757198560382e-06,-41.622830780692055,-41.687625497453695
150,150,6.790610576590365e-06,6.738960038139914e-06,-41.670168250693635,-41.70486077009442
151,151,6.761133004756723e-06,6.704355511924644e-06,-41.70370514789326,-41.7272192246312
152,152,6.715143739448959e-06,6.653847202343106e-06,-41.72915766313048,-41.760061344406026
153,153,6.6745607966236705e-06,6.625344093136894e-06,-41.75134352257164,-41.77870519368959
154,154,6.7509281038415865e-06,6.577257791880249e-06,-41.70335745294071,-41.81034093915461
155,155,6.603671704162723e-06,6.517780811440102e-06,-41.80098961048663,-41.84979206688608
156,156,6.584920084634112e-06,6.510477712589291e-06,-41.81728233889714,-41.85466101519265
157,157,6.505634687106142e-06,6.415982529448995e-06,-41.86899164348602,-41.91815785328336
158,158,6.555920222548518e-06,6.40386305780052e-06,-41.838188411255324,-41.92636921775371
159,159,6.425195093920452e-06,6.358674382729652e-06,-41.917832524358104,-41.95712371987673
160,160,6.407744239340056e-06,6.314686934753186e-06,-41.93655642499163,-41.98727133764537
161,161,6.347559763563583e-06,6.300663938562043e-06,-41.975041818451864,-41.99692641967212
162,162,6.372972798886884e-06,6.247617612212994e-06,-41.956171563184895,-42.033645175081766
163,163,6.237761901746163e-06,6.190682501925805e-06,-42.051347294468684,-42.07340426868014
164,164,6.292808735714661e-06,6.125686587964944e-06,-42.01709018596929,-42.11924185053682
165,165,6.1918881469536405e-06,6.103345544703954e-06,-42.087828585514906,-42.135109995288
166,166,6.071611706013839e-06,6.06281123270348e-06,-42.161322095960685,-42.16404911466415
167,167,6.142066960125806e-06,5.996513448879245e-06,-42.112927909272756,-42.211801459874756
168,168,6.063212724031998e-06,5.985916495295609e-06,-42.16609565278,-42.219483039800735
169,169,6.167473286753652e-06,5.951086821273509e-06,-42.098772011812535,-42.244826717371026
170,170,5.971427025045712e-06,5.903997254407793e-06,-42.23912991794535,-42.27932811182724
171,171,5.934094836626061e-06,5.893833962258405e-06,-42.257513029799654,-42.286810610447944
172,172,5.923501693988075e-06,5.881030071912774e-06,-42.27918242879493,-42.296255579153396
173,173,5.951196693711177e-06,5.863328935543234e-06,-42.249408563149224,-42.30934699038319
174,174,6.0165263310353245e-06,5.86883178536817e-06,-42.20263138318104,-42.30527296251089
175,175,5.907867784792204e-06,5.8358702852657235e-06,-42.28880428953274,-42.3297332783132
176,176,5.871092886907006e-06,5.8082407217864925e-06,-42.31643948412462,-42.35034350689904
177,177,5.913674369329567e-06,5.820280636582634e-06,-42.28394165376564,-42.3413503249357
178,178,5.993782850186408e-06,5.748925487798835e-06,-42.22790776726221,-42.39492278270524
179,179,5.813229957302329e-06,5.758588270653395e-06,-42.36034654729241,-42.38762929716536
180,180,5.860322589703089e-06,5.7517249364249625e-06,-42.31411114717423,-42.392808493391385
181,181,5.7597194755385085e-06,5.7634889631835426e-06,-42.39811014757721,-42.38393492190906
182,182,5.852342364397776e-06,5.716839615687556e-06,-42.321335009581276,-42.41922949656865
183,183,5.79673156401619e-06,5.716232863051118e-06,-42.36522925537806,-42.41969045633711
184,184,5.870797244871525e-06,5.694522315025097e-06,-42.31371738251296,-42.4362165888098
185,185,5.777565557136111e-06,5.6875500568390925e-06,-42.37767891787633,-42.44153726071629
186,186,5.680816168923857e-06,5.661179712708537e-06,-42.45200427568187,-42.46172016362475
187,187,5.693645609013758e-06,5.66980488177873e-06,-42.4428973290935,-42.45510844506681
188,188,5.705500623981166e-06,5.631560964646173e-06,-42.436380584088134,-42.48450168089871
189,189,5.780410044008959e-06,5.636174185048348e-06,-42.376376834125324,-42.48094551588455
190,190,5.7055360614577155e-06,5.613695496944465e-06,-42.444395583990094,-42.49830106483236
191,191,5.643113234834073e-06,5.582892419241896e-06,-42.48622388539064,-42.52219698834437
192,192,5.669472191528389e-06,5.58274728303475e-06,-42.466423362430476,-42.522309891600386
193,193,5.695768641558483e-06,5.569961654385368e-06,-42.44647940091266,-42.53226752688673
194,194,5.562851602570442e-06,5.570275789068546e-06,-42.54884128294053,-42.53202260040251
195,195,5.682057849533278e-06,5.537378599815144e-06,-42.46063314461219,-42.557747400681336
196,196,5.5642850646708936e-06,5.524399895014205e-06,-42.549511657569454,-42.56793849692577
197,197,5.52874767028285e-06,5.5081358560097505e-06,-42.572216039210275,-42.5807431461366
198,198,5.486723454954156e-06,5.48036326252163e-06,-42.60708994176259,-42.60269611651486
199,199,5.587202755948253e-06,5.450811242649491e-06,-42.52148809548123,-42.62617815025418
200,200,5.54664158942652e-06,5.461510059639725e-06,-42.553221439537445,-42.61766220109572
201,201,5.526858218480502e-06,5.441727640381462e-06,-42.57775878301836,-42.63342156576577
202,202,5.4638451532359934e-06,5.406314716980744e-06,-42.628627191690455,-42.66177634416083
203,203,5.5175469195504416e-06,5.407761459776482e-06,-42.590625008458865,-42.660614317176
204,204,5.463879685905959e-06,5.38116910320241e-06,-42.62400128299078,-42.68202318071574
205,205,5.425376452736019e-06,5.375782884105942e-06,-42.652128457965304,-42.68637237820249
206,206,5.560721261251283e-06,5.373617975572798e-06,-42.543742279109374,-42.68812169959212
207,207,5.447437873504127e-06,5.361240877583011e-06,-42.63953882933894,-42.698136377594686
208,208,5.370016461926855e-06,5.3668423357808745e-06,-42.700383752985985,-42.693601210298475
209,209,5.348571228507316e-06,5.33533198234325e-06,-42.7187168816514,-42.71917510165559
210,210,5.343551530347316e-06,5.321298215820111e-06,-42.72011632350238,-42.73061359726115
211,211,5.374057248436375e-06,5.317731249401971e-06,-42.69977790492756,-42.73352573110877
212,212,5.382794112388042e-06,5.299879902802211e-06,-42.697776672650804,-42.74812929591583
213,213,5.350537138810134e-06,5.2805982561135595e-06,-42.718275113925834,-42.763958300811915
214,214,5.324318961581796e-06,5.2944598409292094e-06,-42.737167013665626,-42.75257299552397
215,215,5.344254593192372e-06,5.284886858709414e-06,-42.7207173801896,-42.76043263866861
216,216,5.397466207496202e-06,5.2834944701891416e-06,-42.67853364613663,-42.76157700815283
217,217,5.278277231556467e-06,5.269898098815343e-06,-42.77488182078606,-42.77276740458683
218,218,5.29898111896737e-06,5.234676528313062e-06,-42.75313349558247,-42.801891079899555
219,219,5.3475128720258245e-06,5.259674301334216e-06,-42.71613613997588,-42.781201061827126
220,220,5.383836955890317e-06,5.2364979589918605e-06,-42.68741915208576,-42.80038019436917
221,221,5.259099987259893e-06,5.2340105627847245e-06,-42.79023591021196,-42.80244363276883
222,222,5.247275374731357e-06,5.223924386212418e-06,-42.79822816547538,-42.81082075924432
223,223,5.2819124584388675e-06,5.24705491874269e-06,-42.777705864494834,-42.79163348231709
224,224,5.230729593958384e-06,5.210486123312301e-06,-42.80486362789351,-42.82200714422554
225,225,5.269999507721334e-06,5.204737518445319e-06,-42.783047488439905,-42.82680125659751
226,226,5.289502210477631e-06,5.194468964251236e-06,-42.769459897350224,-42.83537802229678
227,227,5.3024541791939514e-06,5.189131427055384e-06,-42.75308620714715,-42.839842876620764
228,228,5.285641888344658e-06,5.211120854877854e-06,-42.779116887721436,-42.82147812712226
229,229,5.28606872264681e-06,5.169125056693845e-06,-42.77283927375579,-42.856619188481424
230,230,5.216141584917084e-06,5.1924458650893555e-06,-42.82773942714881,-42.83706980629212
231,231,5.181538607260889e-06,5.148874869950018e-06,-42.8539450419803,-42.87366620479196
232,232,5.161367604047235e-06,5.16405546142395e-06,-42.86715370840756,-42.86088060136198
233,233,5.174451927683249e-06,5.134048335189857e-06,-42.86523147373245,-42.88619004955055
234,234,5.250269337527252e-06,5.130937049551376e-06,-42.80216700716811,-42.88882271618406
235,235,5.2832165613264015e-06,5.150144309147053e-06,-42.77804494901367,-42.87259559713196
236,236,5.1226199558964865e-06,5.122383491221913e-06,-42.90216687147087,-42.896068688901074
237,237,5.157799871985563e-06,5.114428308604003e-06,-42.880296501893945,-42.90281862760568
238,238,5.20107284229226e-06,5.089844786485437e-06,-42.84763863352303,-42.923744191940756
239,239,5.0983200717664e-06,5.089432737517391e-06,-42.92183821981554,-42.924095789768344
240,240,5.247604391471898e-06,5.08210218628703e-06,-42.79172590489756,-42.93035564833186
241,241,5.100458153166758e-06,5.0750937637195946e-06,-42.925076808252754,-42.936348876671445
242,242,5.139359182442032e-06,5.0503534016331146e-06,-42.89308048796309,-42.95757188824077
243,243,5.098393956490627e-06,5.061961569720695e-06,-42.93301462471372,-42.947601143511974
244,244,5.0848182009880495e-06,5.047109784515526e-06,-42.93708608194811,-42.96036206442277
245,245,5.084141171256803e-06,5.0430121040048295e-06,-42.9346781364504,-42.963889474996975
246,246,5.031790313990211e-06,5.039539725035674e-06,-42.980829397736855,-42.966880850812494
247,247,5.034454974070427e-06,5.008108928450383e-06,-42.98626879409027,-42.994051916430855
248,248,5.107900327969866e-06,4.9726992361492625e-06,-42.92693263407729,-43.024867654474704
249,249,5.054892557682158e-06,4.9878463917258684e-06,-42.96383460744745,-43.01165887776672
250,250,5.041804431983241e-06,4.966378798455576e-06,-42.970493963460854,-43.0303911679717
251,251,5.070764360688063e-06,4.98244535743939e-06,-42.952051072732075,-43.01636413549768
252,252,4.978829274852952e-06,4.9387023241969904e-06,-43.026841167216475,-43.054661077892185
253,253,4.9933284628292014e-06,4.961178714630047e-06,-43.01445923944,-43.03494086292824
254,254,4.957996417342843e-06,4.956227593012093e-06,-43.04512270939711,-43.03927716802627
255,255,5.05310543809811e-06,4.943529826337717e-06,-42.96708125133661,-43.05041799257314
256,256,5.0486595045157695e-06,4.923014258613541e-06,-42.97578859659292,-43.06847864404257
257,257,4.956825020983779e-06,4.920166989713355e-06,-43.054937070917006,-43.0709911512801
258,258,5.002440254251381e-06,4.898047887093669e-06,-43.006517498554125,-43.09055931226399
259,259,4.985171022012436e-06,4.91524238704618e-06,-43.02635329298429,-43.075340188235685
260,260,4.955816921116736e-06,4.901329032834742e-06,-43.0463926358003,-43.08765099767509
261,261,4.958954991941693e-06,4.894796682875542e-06,-43.05110933186662,-43.09344300983167
262,262,4.9243481559651905e-06,4.883188873799027e-06,-43.0728671912847,-43.10375435620845
263,263,4.938309949775617e-06,4.894069206784479e-06,-43.0649085356253,-43.09408851638209
264,264,4.931604329725553e-06,4.914231914498439e-06,-43.067461543903065,-43.07623309998189
265,265,4.9850016122158215e-06,4.889329973497967e-06,-43.029191769908486,-43.09829609901844
266,266,4.898034805273241e-06,4.874519737840226e-06,-43.10496863354996,-43.11147124764314
267,267,4.995064622581247e-06,4.90000674720872e-06,-43.01803071928091,-43.08882279990134
268,268,4.907031550303764e-06,4.896709254497086e-06,-43.09050400975606,-43.09174639785521
269,269,4.933693692213844e-06,4.873693749112518e-06,-43.069928983332815,-43.11220722321014
270,270,4.907599412542095e-06,4.882844510384051e-06,-43.09616714616893,-43.10406063230862
271,271,4.90916611092824e-06,4.8587178418146276e-06,-43.09457749002485,-43.12557278830893
272,272,4.904549393930998e-06,4.854194182706506e-06,-43.087534941245735,-43.12961812574378
273,273,4.901239414543055e-06,4.870934078912557e-06,-43.10544763031068,-43.11466705973321
274,274,4.898681685723936e-06,4.865719610710298e-06,-43.10474088580704,-43.11931879133424
275,275,4.887308187255595e-06,4.865581391449699e-06,-43.11087188205821,-43.11944216201645
276,276,4.886712327582423e-06,4.843752130431025e-06,-43.1052660426562,-43.13897047167161
277,277,4.901368084602771e-06,4.847962396812172e-06,-43.099111892385466,-43.1351971546459
278,278,4.937279042219275e-06,4.867223603804105e-06,-43.06324653904048,-43.11797659526412
279,279,4.863016015078006e-06,4.83801326673098e-06,-43.130233646459224,-43.14411903090019
280,280,4.861191390557803e-06,4.8518980915296675e-06,-43.132893597974125,-43.13167287593259
281,281,4.9163042847832214e-06,4.84800241457905e-06,-43.09526755855907,-43.135161305721795
282,282,4.8716019169735295e-06,4.834750550224654e-06,-43.11962533988333,-43.14704886534103
283,283,4.939880623684994e-06,4.8207695104601475e-06,-43.067060124510455,-43.159625904436595
284,284,4.892345297082205e-06,4.8683151410506596e-06,-43.108073740517085,-43.117002743446804
285,285,4.939912334108514e-06,4.8473367601936365e-06,-43.06099731982833,-43.13575765417683
286,286,4.870336880165119e-06,4.853773134527728e-06,-43.122630450413126,-43.1299948449782
287,287,4.892436410636478e-06,4.8334082557151924e-06,-43.10891716009702,-43.14825478492509
288,288,4.852864539944423e-06,4.837474750131246e-06,-43.13954643213772,-43.144602468608994
289,289,4.8642192109348135e-06,4.8378259826246285e-06,-43.1357372403523,-43.144287153689035
290,290,4.851461658431289e-06,4.838443768867843e-06,-43.13271341845605,-43.14373259875478
291,291,4.859165064490955e-06,4.821365660303088e-06,-43.13053506670851,-43.1590888769361
292,292,4.845797630156253e-06,4.8216423142309254e-06,-43.14913754060684,-43.15883968233913
293,293,4.89591182898592e-06,4.819626873971797e-06,-43.10401764936166,-43.160655407175376
294,294,4.832270654511264e-06,4.830643894437296e-06,-43.16095380333301,-43.15073934701782
295,295,4.829499461659898e-06,4.843533325153035e-06,-43.16028390105937,-43.139166658571014
296,296,4.842049832207981e-06,4.809488808333347e-06,-43.151963220899376,-43.16980039563766
297,297,4.82791716590843e-06,4.834301259841978e-06,-43.16360023135217,-43.14745247127456
298,298,4.829427405301308e-06,4.8107953692746566e-06,-43.16207992133415,-43.16862073773962
299,299,4.846839343822326e-06,4.812454718423971e-06,-43.14209427637428,-43.167123018819986
300,300,4.8363501132980766e-06,4.824666408048391e-06,-43.154753144322584,-43.15611667742913
301,301,4.908360593973841e-06,4.811248872053846e-06,-43.09075593504833,-43.16821135746713
302,302,4.842606077292339e-06,4.798808492380072e-06,-43.14954799066493,-43.1794553928733
303,303,4.879533962500234e-06,4.804350043597974e-06,-43.11998621231971,-43.17444315575728
304,304,4.827669956809877e-06,4.798784749781541e-06,-43.16143702785609,-43.17947688009259
305,305,4.8250270683451e-06,4.820513990317092e-06,-43.15831379906318,-43.159856104052984
306,306,4.838844740062114e-06,4.810910875101782e-06,-43.1476257838832,-43.168516466122774
307,307,4.849004292821322e-06,4.819303452869032e-06,-43.138579156302455,-43.1609468503035
308,308,4.849504374263786e-06,4.810457683465517e-06,-43.14087492392879,-43.168925594254226
309,309,4.836741125698084e-06,4.791426219622065e-06,-43.157059548702435,-43.18614152945335
310,310,4.864046805431423e-06,4.809782622990162e-06,-43.13267646257019,-43.169535090546496
311,311,4.890875384871927e-06,4.813956629253593e-06,-43.111289917737146,-43.165767847993905
312,312,4.865334968721091e-06,4.816057226937693e-06,-43.12659421593494,-43.16387319236621
313,313,4.832744735656738e-06,4.83965815970135e-06,-43.156013040450276,-43.14264270893026
314,314,4.849096334622765e-06,4.8190452999781545e-06,-43.14693470413439,-43.161179492592964
315,315,4.882754980179616e-06,4.8233588897442376e-06,-43.108173044638065,-43.15729380532925
316,316,4.873514743727337e-06,4.829723629403529e-06,-43.121537508955605,-43.15156678143225
317,317,4.855467898206493e-06,4.79892143726159e-06,-43.144780299315556,-43.17935317841392
318,318,4.839694226866038e-06,4.816509844156251e-06,-43.148490565935695,-43.16346505783856
319,319,4.844523620291868e-06,4.795463610207662e-06,-43.14932296118108,-43.182483582846274
320,320,4.828245887297599e-06,4.8269605366314e-06,-43.16800642501011,-43.15405209824709
321,321,4.853391587435983e-06,4.792737328036885e-06,-43.13860811328867,-43.18495330441847
322,322,4.834293478554698e-06,4.782052297071603e-06,-43.1599059472415,-43.19464636733727
323,323,4.837259284519775e-06,4.807623697974793e-06,-43.15886924047537,-43.17148490779551
324,324,4.827005739702445e-06,4.8162383839218435e-06,-43.1680585998344,-43.16370983467504
325,325,4.895060771662795e-06,4.805071177160196e-06,-43.11826390596893,-43.173791328097366
326,326,4.828425620327891e-06,4.810544229066612e-06,-43.15829727830874,-43.16884746044377
327,327,4.838628777263496e-06,4.7937018950362565e-06,-43.157057757392785,-43.18407934878819
328,328,4.827619409532174e-06,4.812367047921534e-06,-43.16630069780962,-43.16720213678468
329,329,4.807171474558063e-06,4.8120364465974396e-06,-43.175720461842985,-43.16750049985913
330,330,4.865525123435516e-06,4.8132235047217505e-06,-43.12965997892056,-43.166429291812165
331,331,4.842716482448147e-06,4.807618767556146e-06,-43.15088723034327,-43.17148936166887
332,332,4.8320961627957994e-06,4.804885233361826e-06,-43.16415032243593,-43.17395939205548
333,333,4.814893098640467e-06,4.814572261430409e-06,-43.17211711419725,-43.165212486607615
334,334,4.845339521425464e-06,4.786329435247401e-06,-43.14286624219595,-43.19076370946726
335,335,4.820481573221617e-06,4.8365900032589895e-06,-43.16006733448221,-43.14539684138893
336,336,4.8466666664081484e-06,4.829319311140448e-06,-43.151558836699294,-43.1519303644327
337,337,4.953021387561805e-06,4.788653672891853e-06,-43.053332459013006,-43.1886552909102
338,338,4.811718132334567e-06,4.799818270839751e-06,-43.17844685311407,-43.17854163463388
339,339,4.892999997312088e-06,4.828612920966024e-06,-43.104039969481356,-43.152565658506
340,340,4.824896162053565e-06,4.797543648524688e-06,-43.160847206496896,-43.18060023354188
341,341,4.859502088535366e-06,4.798386438970307e-06,-43.14204419294814,-43.17983737004134
342,342,4.845542109026226e-06,4.809128744167729e-06,-43.14502375923327,-43.17012554398559
343,343,4.891740384655068e-06,4.7923919115227795e-06,-43.105706168138354,-43.18526631529678
344,344,4.84715319450431e-06,4.791860096462953e-06,-43.15009634517228,-43.18574828164307
345,345,4.838464144658124e-06,4.801404860412922e-06,-43.15006227721259,-43.17710630271101
346,346,4.8539627501086966e-06,4.827967155793694e-06,-43.13980988455108,-43.15314651062785
347,347,4.8354103427365925e-06,4.797187820689655e-06,-43.15854836022038,-43.180922356294
348,348,4.832623730668349e-06,4.823434210265987e-06,-43.155713747255376,-43.157225987378496
349,349,4.8282182367834185e-06,4.778693269863173e-06,-43.155198013874156,-43.19769802691966
350,350,4.809677052763459e-06,4.794256160254774e-06,-43.17806484828566,-43.18357723076724
351,351,4.815072705091599e-06,4.8066069307663524e-06,-43.180451851739065,-43.172403496930094
352,352,4.834729014002039e-06,4.8071950626954754e-06,-43.15565401792115,-43.17187213077144
353,353,4.8664609090975345e-06,4.787015529329533e-06,-43.13467113480969,-43.19014121675329
354,354,4.808392227413108e-06,4.8096163290641635e-06,-43.171007418219666,-43.16968524656935
355,355,4.821172653239571e-06,4.803670028769902e-06,-43.163190067549884,-43.17505790611315
356,356,4.8165228709529905e-06,4.8220500550661725e-06,-43.17776028366235,-43.15847243795157
357,357,4.824515538520873e-06,4.8041285816380925e-06,-43.172123766287875,-43.174643353334645
358,358,4.841351448103711e-06,4.803152502350522e-06,-43.15049238148147,-43.17552582121759
359,359,4.92680337910568e-06,4.822564613660736e-06,-43.078164594665154,-43.15800902916621
360,360,4.837977213383899e-06,4.807879265985991e-06,-43.145511002381554,-43.171254047740746
361,361,4.8357240012057785e-06,4.807207699885016e-06,-43.148383816229234,-43.17186071402134
362,362,4.821460808352171e-06,4.796069860228607e-06,-43.167334114120386,-43.181934575662154
363,363,4.831748482661403e-06,4.826491309167498e-06,-43.157919644816864,-43.154474295201595
364,364,4.830570701086958e-06,4.788873866345966e-06,-43.162108262138226,-43.18845559677891
365,365,4.8211328042449055e-06,4.827234055195923e-06,-43.165096866206405,-43.15380601328957
366,366,4.818293989993651e-06,4.808038092481806e-06,-43.16931867162148,-43.17111058255038
367,367,4.855521366181099e-06,4.79443372712826e-06,-43.13152957701231,-43.183416382279624
368,368,4.824936939295401e-06,4.8250496403948334e-06,-43.164884972723044,-43.15577172283648
369,369,4.803331147244178e-06,4.791431820194703e-06,-43.17502176951307,-43.18613645310184
370,370,4.82768727002603e-06,4.801451196774571e-06,-43.15663490585312,-43.177064390958805
371,371,4.815160119721543e-06,4.832786616086531e-06,-43.17053123798145,-43.1488133804519
372,372,4.841663400098302e-06,4.8113447998108125e-06,-43.154020111785776,-43.168124767724414
373,373,4.821037063519134e-06,4.8030454931186365e-06,-43.16559819712019,-43.17562257857975
374,374,4.815052203955873e-06,4.810221861062976e-06,-43.17001041561605,-43.16913850305693
375,375,4.846236339458817e-06,4.828961161700518e-06,-43.15179769004196,-43.15225245556676
376,376,4.826026509260007e-06,4.803493443193331e-06,-43.16792561858161,-43.17521755810976
377,377,4.831385589587279e-06,4.803110139044675e-06,-43.15795034719606,-43.17556412570842
378,378,4.812072028912131e-06,4.827219000665202e-06,-43.17050069833036,-43.15381955750503
379,379,4.8161314038056325e-06,4.8034311428062595e-06,-43.169542698769234,-43.17527388563494
380,380,4.825748560178158e-06,4.806053910119533e-06,-43.16284174060382,-43.17290320001863
381,381,4.813079880308972e-06,4.794652221263325e-06,-43.18024935695015,-43.18321846811405
382,382,4.813692443743084e-06,4.794114326949439e-06,-43.16851075150487,-43.18370571437547
383,383,4.819080627900812e-06,4.822523064113308e-06,-43.164260945016714,-43.15804644663668
384,384,4.841526005452813e-06,4.804533976934372e-06,-43.15272437467393,-43.17427689038687
385,385,4.834040217097074e-06,4.798169548418005e-06,-43.157938283871474,-43.18003367873829
386,386,4.856985863616219e-06,4.807730635404464e-06,-43.14426427465942,-43.17138830743319
387,387,4.814472358890439e-06,4.812603277203284e-06,-43.17004577210079,-43.16698895571485
388,388,4.833080540790724e-06,4.820368040351528e-06,-43.15534555599633,-43.15998759672031
389,389,4.829290338824011e-06,4.792766168592559e-06,-43.16160568166985,-43.18492717059214
390,390,4.853234652718757e-06,4.8090961938310345e-06,-43.140279157241814,-43.17015493908022
391,391,4.831360930091757e-06,4.822507506967093e-06,-43.162198519151964,-43.15806045671722
392,392,4.888001977005186e-06,4.816517215850151e-06,-43.11477039850971,-43.163458410943534
393,393,4.819866726674516e-06,4.78840301136523e-06,-43.16857170918232,-43.18888262780806
394,394,4.832725547193777e-06,4.780100377837171e-06,-43.16168784636258,-43.19641941529672
395,395,4.8743496739279154e-06,4.822911873098316e-06,-43.11893109164931,-43.15769631707199
396,396,4.819449582710243e-06,4.792373458353962e-06,-43.17006700484832,-43.18528303789578
397,397,4.848656373592958e-06,4.805723835345002e-06,-43.1397233883591,-43.17320147918622
398,398,4.820076590232892e-06,4.799231838229676e-06,-43.1750390643166,-43.17907227973728
399,399,4.8483626677498065e-06,4.808945241644611e-06,-43.138127488731335,-43.17029126143241
400,400,4.82032577302871e-06,4.82183488776699e-06,-43.163619109215716,-43.15866623116102
401,401,4.848483142980972e-06,4.799595636110385e-06,-43.142617058974615,-43.178743082421
402,402,4.843673547473316e-06,4.800053064077235e-06,-43.142998361251934,-43.17832919552113
403,403,4.832566873185137e-06,4.806521366462173e-06,-43.15603927816575,-43.172480808090434
404,404,4.815598622746957e-06,4.818800980980373e-06,-43.169739195918254,-43.161399679529936
405,405,4.829003266666442e-06,4.797245406064719e-06,-43.166411625889474,-43.18087022395842
406,406,4.835057918227772e-06,4.8090913112805294e-06,-43.15728115751422,-43.17015934836157
407,407,4.8296119436515455e-06,4.792836008212027e-06,-43.16243165029202,-43.18486388617704
408,408,4.827934868238295e-06,4.8465544990138275e-06,-43.16354162368083,-43.13645857335459
409,409,4.8590811565725405e-06,4.824205772916014e-06,-43.12886183241436,-43.15653133997738
410,410,4.847237857209564e-06,4.812348570818645e-06,-43.14843878988832,-43.16721881157101
411,411,4.880746408011921e-06,4.822025091830016e-06,-43.11901489239243,-43.15849492096948
412,412,4.822406950064685e-06,4.8154629200182265e-06,-43.15887611109477,-43.164409149747954
413,413,4.840307123156459e-06,4.7883037567723814e-06,-43.146548224993595,-43.18897264982298
414,414,4.79987022455256e-06,4.831564470613988e-06,-43.177338046261255,-43.149911790542504
415,415,4.831211543242932e-06,4.7994642859281926e-06,-43.15989235612932,-43.17886193710009
416,416,4.823606756412887e-06,4.803620939990076e-06,-43.16439443380634,-43.17510228696156
417,417,4.836055704237372e-06,4.819049368770241e-06,-43.15312895710023,-43.161175825781186
418,418,4.813917384285794e-06,4.815951199002723e-06,-43.17153817353197,-43.16396880554479
419,419,4.8415061090841825e-06,4.822480557203035e-06,-43.15887293431044,-43.158084726594474
420,420,4.83540029610182e-06,4.796685899284632e-06,-43.15126483078355,-43.18137677481796
421,421,4.836695960378718e-06,4.806819489251786e-06,-43.14622738214548,-43.17221144682583
422,422,4.832100007051756e-06,4.8009371886636426e-06,-43.164374689094025,-43.177529339630915
423,423,4.8242718220695e-06,4.801338730574475e-06,-43.15998524437057,-43.1771661185827
424,424,4.823867068798509e-06,4.7978388034894845e-06,-43.15579422911084,-43.18033305467079
425,425,5.060537200593317e-06,4.800907247140697e-06,-42.95875204666537,-43.17755642492329
426,426,4.817572624739751e-06,4.818996139396117e-06,-43.17016790639165,-43.16122379655169
427,427,4.825555728548914e-06,4.804866636588581e-06,-43.17063544624809,-43.17397620097232
428,428,4.818654965627914e-06,4.795371846979067e-06,-43.16643122130992,-43.18256668773113
429,429,4.823854317120217e-06,4.809095786951825e-06,-43.16680664417426,-43.17015530652016
430,430,4.84745042581146e-06,4.818044855806204e-06,-43.14082042904676,-43.162081190881274
431,431,4.912367307248864e-06,4.8147760600458194e-06,-43.07927244418102,-43.165028655654254
432,432,4.836503785085857e-06,4.8330876588328175e-06,-43.149812501956944,-43.148542859234986
433,433,4.820388964158015e-06,4.824808480694437e-06,-43.17050122432385,-43.155988791990964
434,434,4.841969393496161e-06,4.833973123727207e-06,-43.16010676686257,-43.1477472657712
435,435,4.836032605884818e-06,4.8169675114638126e-06,-43.153287082415645,-43.1630524085344
436,436,4.849242205383825e-06,4.810174471602199e-06,-43.149617553302605,-43.169181289197134
437,437,4.824882247722251e-06,4.822934466861434e-06,-43.16249911545228,-43.15767597184504
438,438,4.85894909700422e-06,4.823180915991543e-06,-43.14253464127663,-43.15745405557501
439,439,4.8354411811703465e-06,4.82541707625435e-06,-43.16162527852444,-43.15544101268327
440,440,4.8354729572275035e-06,4.817929900462714e-06,-43.151254175996016,-43.16218481189027
441,441,4.837494998355396e-06,4.823719384723135e-06,-43.154258749274476,-43.156969228341886
442,442,4.8224530248787525e-06,4.810502894925824e-06,-43.16881592354669,-43.16888477694171
443,443,4.845886915344889e-06,4.8047500058601145e-06,-43.153887064832766,-43.174081620540406
444,444,4.827123913068154e-06,4.806778250847281e-06,-43.1648198041906,-43.172248705741794
445,445,4.832845497355838e-06,4.832189700353315e-06,-43.15407905805,-43.1493498271041
446,446,4.807441725751767e-06,4.811724513848803e-06,-43.17272370529213,-43.16778203360059
447,447,4.827588749246866e-06,4.823145278159676e-06,-43.16480473677699,-43.15748614512582
448,448,4.820484217319616e-06,4.788942509261879e-06,-43.15933939523623,-43.188393346181414
449,449,4.832848694651645e-06,4.8276927756026115e-06,-43.158657334722754,-43.15339333332833
450,450,4.832352565291828e-06,4.8105259913044345e-06,-43.15601228442385,-43.16886392547167
451,451,4.81693805528435e-06,4.808059609211724e-06,-43.16588610452157,-43.171091147229816
452,452,4.8325173291644756e-06,4.8102818637792215e-06,-43.16125639481772,-43.169084329493245
453,453,4.839994500761134e-06,4.805268537510481e-06,-43.15192733014466,-43.173612952486025
454,454,4.826982669478592e-06,4.80263712999754e-06,-43.16696358698472,-43.17599183885446
455,455,4.857608393987115e-06,4.815652070982124e-06,-43.132613290650355,-43.1642385626042
456,456,4.831174071123596e-06,4.8117835113340624e-06,-43.16116700671465,-43.16772878424032
457,457,4.834945037746178e-06,4.7831181530598675e-06,-43.159279373869204,-43.19367849043736
458,458,4.816789807647961e-06,4.807770653171342e-06,-43.171798655270635,-43.171352158521536
459,459,4.8294073448485824e-06,4.820725926516675e-06,-43.16767457592198,-43.159665168607326
460,460,4.822935896243639e-06,4.809695431169147e-06,-43.162041823417184,-43.16961382023749
461,461,4.820690850765365e-06,4.806753120072627e-06,-43.16472529299727,-43.17227141156412
462,462,4.8275948906801616e-06,4.788957372320031e-06,-43.15959256583799,-43.18837986735157
463,463,5.068753819511219e-06,4.831264624571256e-06,-42.94550708854672,-43.150181321299044
464,464,4.828513545962591e-06,4.813056612443975e-06,-43.16426508018819,-43.16657988039765
465,465,4.819219391476471e-06,4.801753268685915e-06,-43.16860376087669,-43.176791173482805
466,466,4.821204138633473e-06,4.810814660135963e-06,-43.16493943405888,-43.16860332295231
467,467,4.8572201475761495e-06,4.803274996926407e-06,-43.14036525205487,-43.17541506470924
468,468,4.811973465939914e-06,4.8127467858935955e-06,-43.16849733493267,-43.166859453864205
469,469,4.813808212104762e-06,4.786192221217789e-06,-43.169234718515774,-43.19088821437422
470,470,4.814494528995824e-06,4.8102719072056445e-06,-43.175260450532555,-43.169093318757405
471,471,4.82565445091711e-06,4.79550712234892e-06,-43.16665448579115,-43.18244417686043
472,472,4.81198901173595e-06,4.818226682944346e-06,-43.17190380050401,-43.1619172965318
473,473,4.805640007371321e-06,4.794848504580411e-06,-43.18450468559499,-43.183040680419055
474,474,4.812753667062407e-06,4.8047279147124896e-06,-43.17300140684026,-43.17410158845873
475,475,4.8325666997248075e-06,4.7930185055041585e-06,-43.16036301781675,-43.18469852258461
476,476,4.814714814238334e-06,4.815145003751815e-06,-43.17158557725286,-43.164695879892825
477,477,4.815369687928547e-06,4.7913209575773706e-06,-43.174927302031406,-43.186236939932876
478,478,4.8301254096681005e-06,4.790524790702253e-06,-43.16529231791742,-43.18695866075872
479,479,4.824900695462723e-06,4.798864234831662e-06,-43.16821617101775,-43.17940494597889
480,480,4.8210535610029255e-06,4.798570683449629e-06,-43.17306239041844,-43.179670616434585
481,481,4.8245888419185895e-06,4.801635536990177e-06,-43.16416170394281,-43.176897657197756
482,482,4.823062358200238e-06,4.775736454719567e-06,-43.17052355202533,-43.20038605452338
483,483,4.81816400726117e-06,4.784988409243708e-06,-43.172158284907695,-43.191980679181924
484,484,4.817850695712643e-06,4.7889254921373275e-06,-43.16984299911966,-43.188408778516234
485,485,4.793314249197756e-06,4.783855346383796e-06,-43.190624349743956,-43.193009189966666
486,486,4.824964552304645e-06,4.8045251931302785e-06,-43.168231564900154,-43.17428483030603
487,487,4.809551481549093e-06,4.759529067661405e-06,-43.179604496285535,-43.21514974521969
488,488,4.797176343438962e-06,4.808466368750057e-06,-43.192707106473414,-43.17072375172032
489,489,4.861840329091869e-06,4.761857780977152e-06,-43.13054609031616,-43.21302537535803
490,490,4.848849289608308e-06,4.78920008773505e-06,-43.14009024990284,-43.188159762460046
491,491,4.798647830856558e-06,4.796307836697547e-06,-43.18833524479288,-43.18171908817704
492,492,4.8009003398171265e-06,4.792706309480739e-06,-43.18144087211795,-43.184981412012185
493,493,4.799915718040117e-06,4.798830511725483e-06,-43.185277143345445,-43.17943546530528
494,494,4.802406017672146e-06,4.770767334680147e-06,-43.180400455570606,-43.20490721044714
495,495,4.841016875944501e-06,4.786661616220188e-06,-43.15282696705957,-43.190462310745055
496,496,4.799115629925227e-06,4.791999201284182e-06,-43.18521629336553,-43.18562221039266
497,497,4.795311349543104e-06,4.776439948871389e-06,-43.19045317542309,-43.19974636024674
498,498,4.787914536960277e-06,4.783469385553249e-06,-43.19463269418762,-43.1933595923283
499,499,4.8018025632494025e-06,4.78753951794811e-06,-43.183997163760154,-43.18966586230657
500,500,4.796191121582974e-06,4.791979790752521e-06,-43.18981567620533,-43.18563980201468
501,501,4.807453305400805e-06,4.764694518886053e-06,-43.18499303195008,-43.210438962943385
502,502,4.792892304601655e-06,4.781140361094578e-06,-43.18998509566206,-43.19547464462505
503,503,4.7816093664897786e-06,4.78752798172584e-06,-43.200143382283045,-43.18967632723054
504,504,4.79204025339772e-06,4.779858787323495e-06,-43.193743811720665,-43.1966389171276
505,505,4.793423191661054e-06,4.778654329129495e-06,-43.19006417897958,-43.19773341695981
506,506,4.796947014818722e-06,4.779572559767219e-06,-43.19683928914149,-43.19689898918373
507,507,4.792899168004971e-06,4.776467879932361e-06,-43.19891596390933,-43.19972096419797
508,508,4.785222967088369e-06,4.774945888417087e-06,-43.199593283020405,-43.2011050368352
509,509,4.839808884143983e-06,4.777948776647559e-06,-43.15164993584905,-43.19837468571767
510,510,4.79110403174082e-06,4.764794036753684e-06,-43.19539246294162,-43.21034825490483
511,511,4.803622185548746e-06,4.773042483544773e-06,-43.18711467115857,-43.202836581138826
512,512,4.795502545019508e-06,4.80128418482644e-06,-43.19507983065151,-43.17721545701366
513,513,4.796914605865766e-06,4.772866376649625e-06,-43.193808919041,-43.20299682204184
514,514,4.808025963582847e-06,4.796204800521464e-06,-43.18272042039111,-43.181812386032156
515,515,4.786414339514053e-06,4.771953004628334e-06,-43.200379044682236,-43.20382800053593
516,516,4.806325363198394e-06,4.761344179745433e-06,-43.18248633549072,-43.21349381902219
517,517,4.794110769655594e-06,4.76962240052097e-06,-43.192137708113236,-43.20594959677236
518,518,4.798607184882e-06,4.770096534469447e-06,-43.19103096134384,-43.20551789902722
519,519,4.799548179042026e-06,4.776806068356994e-06,-43.18625285233608,-43.19941348140722
520,520,4.828343864255189e-06,4.778740778994306e-06,-43.16367817496492,-43.19765485015614
521,521,4.849874932409238e-06,4.778683911641374e-06,-43.140873345959875,-43.197706531813864
522,522,4.796122782901182e-06,4.7776912699766015e-06,-43.18067989255305,-43.198608754237895
523,523,4.8007532079525885e-06,4.7654660576020096e-06,-43.185823481256804,-43.20973577435605
524,524,4.811086863313547e-06,4.785613279971968e-06,-43.181242939909936,-43.19141357187063
525,525,4.801178729581975e-06,4.780674651939128e-06,-43.190554312745554,-43.195897691747945
526,526,4.793767140054302e-06,4.7768292844059605e-06,-43.19652300114075,-43.19939237404529
527,527,4.781150774882936e-06,4.784996905838948e-06,-43.19359624186853,-43.19197296752029
528,528,4.830633188998711e-06,4.772362875595909e-06,-43.16340536897207,-43.203454993812656
529,529,4.799327139012676e-06,4.783360868474885e-06,-43.1923382890156,-43.193458116849115
530,530,4.793354346662623e-06,4.806063914561252e-06,-43.19473409794608,-43.172894159609605
531,531,4.790472758031683e-06,4.770171783188983e-06,-43.2003426739158,-43.20544938920637
532,532,4.780148900835295e-06,4.7829651664774e-06,-43.20306084515345,-43.19381740043084
533,533,4.794280999872687e-06,4.7640355660405476e-06,-43.19417677046415,-43.21103962973223
534,534,4.787260413368787e-06,4.788045436343007e-06,-43.20256907951381,-43.18920695025377
535,535,4.799712028731856e-06,4.787635038825867e-06,-43.185713650409866,-43.18957921283637
536,536,4.802990283631928e-06,4.761016163301017e-06,-43.18158329474748,-43.2137930215869
537,537,4.8023564220821966e-06,4.779327905692442e-06,-43.1900751322022,-43.19712129909283
538,538,4.785375865336841e-06,4.7787535837223435e-06,-43.200161760551616,-43.19764321316737
539,539,4.773547600765146e-06,4.797842489336433e-06,-43.2014160415848,-43.18032971828864
540,540,4.797739156575264e-06,4.794491743316605e-06,-43.192647371131216,-43.183363829758406
541,541,4.803941661971153e-06,4.782882546063966e-06,-43.17990046205695,-43.1938924206292
542,542,4.797227195444272e-06,4.7911822117672085e-06,-43.183320574598824,-43.18636270360585
543,543,4.791436845856147e-06,4.7742033099271606e-06,-43.19650773823726,-43.20178048495002
544,544,4.8017042768760895e-06,4.76566918606343e-06,-43.17595177921998,-43.20955065984939
545,545,4.780213760934259e-06,4.7755219336403045e-06,-43.20712848610749,-43.200581139437226
546,546,4.8086831016335804e-06,4.767237537874423e-06,-43.18076160926239,-43.20812165909848
547,547,4.804803670735636e-06,4.751396054895227e-06,-43.18985556630108,-43.222577252809174
548,548,4.79394159426483e-06,4.757437971803531e-06,-43.18834532032422,-43.217058234348755
549,549,4.806287051906111e-06,4.790947825408933e-06,-43.17782984136321,-43.18657516722648
550,550,4.799989588699993e-06,4.775835589642061e-06,-43.18955332253397,-43.20029590444211
551,551,4.794745911061272e-06,4.765483840616837e-06,-43.19001644135733,-43.20971956806959
552,552,4.843061921662608e-06,4.806674041901715e-06,-43.15003966080158,-43.17234285999284
553,553,4.77934742034965e-06,4.780393498405924e-06,-43.198504986701565,-43.19615310971203
554,554,4.8041391535887145e-06,4.78171738761471e-06,-43.178951242290715,-43.19495053469788
555,555,4.789728810118101e-06,4.7700601307473044e-06,-43.19178964762516,-43.20555104300211
556,556,4.781526194605736e-06,4.7795033424336e-06,-43.20139126044036,-43.196961883769674
557,557,4.892831853307068e-06,4.789481911422244e-06,-43.10725146797697,-43.18790420648217
558,558,4.8349969211372325e-06,4.7812017280528764e-06,-43.165222516300716,-43.19541890235791
559,559,4.7969524577225816e-06,4.769879739653429e-06,-43.18575788402738,-43.20571528482696
560,560,4.797666818929654e-06,4.780895060799881e-06,-43.19441803267062,-43.195697468657215
561,561,4.791975140140437e-06,4.776389878794649e-06,-43.18762330714581,-43.19979188635457
562,562,4.804044561451613e-06,4.772173126280234e-06,-43.18145420540168,-43.20362767288419
563,563,4.803801229425835e-06,4.771368606414303e-06,-43.17928086843689,-43.204359892743376
564,564,4.793248127995314e-06,4.7780944633383405e-06,-43.18947892334925,-43.198242264956676
565,565,4.805075450255488e-06,4.788132197350742e-06,-43.18914242969715,-43.189128255333216
566,566,4.799776870078352e-06,4.7722651767176825e-06,-43.18729584966591,-43.203543902638586
567,567,4.800443825046124e-06,4.7830848607669686e-06,-43.192549643759854,-43.193708719064276
568,568,4.8182993485114045e-06,4.785631158723079e-06,-43.17664377330424,-43.19139734693144
569,569,4.803900073685074e-06,4.778565868802712e-06,-43.188241100255524,-43.19781381236975
570,570,4.777944093465399e-06,4.782489452880231e-06,-43.20388979417472,-43.19424937109738
571,571,4.8080826944869e-06,4.792210802406771e-06,-43.179983190826846,-43.18543044247463
572,572,4.801242548918961e-06,4.767805541249752e-06,-43.18457809466807,-43.20760423986953
573,573,4.804007609713265e-06,4.790882988010325e-06,-43.18195084509231,-43.186633942057696
574,574,4.800112492375774e-06,4.764393835150833e-06,-43.186316675537526,-43.21071304013145
575,575,4.800807899525737e-06,4.767045323349425e-06,-43.1877501886478,-43.20829676971513
576,576,4.799514996549763e-06,4.7578461195179874e-06,-43.188401801575694,-43.21668566260293
577,577,4.791960855447879e-06,4.784427059540146e-06,-43.193838875423225,-43.19249020054141
578,578,4.796766287907622e-06,4.768385248385848e-06,-43.19152444122177,-43.207076222726855
579,579,4.789993060522019e-06,4.779067838075877e-06,-43.19373691252815,-43.19735762730908
580,580,4.809513845345661e-06,4.788666645158389e-06,-43.18274945828242,-43.18864352606661
581,581,4.803460633036256e-06,4.767378557421341e-06,-43.19066073342616,-43.20799319244506
582,582,4.7990563346211645e-06,4.782924023809181e-06,-43.184366843523804,-43.19385475824133
583,583,4.792631218676724e-06,4.780553066857944e-06,-43.190062835597665,-43.19600814561725
584,584,4.786391738101902e-06,4.7849866620565175e-06,-43.18980755115133,-43.19198226496192
585,585,4.784025570432314e-06,4.774633165844104e-06,-43.2038241075206,-43.20138947594417
586,586,4.785890897184481e-06,4.771424420668106e-06,-43.19579418894992,-43.204309090378985
587,587,4.794578676550954e-06,4.761958782757192e-06,-43.19087554252512,-43.21293325994307
588,588,4.798660212173607e-06,4.764923807287184e-06,-43.189287950016336,-43.21022997516657
589,589,4.7841498149095644e-06,4.764698922755135e-06,-43.19102271682587,-43.21043494888719
590,590,4.791616471059747e-06,4.749844744142856e-06,-43.200783640824426,-43.223995437485705
591,591,4.803089240405975e-06,4.76828841113418e-06,-43.18384535951304,-43.20716442095098
592,592,4.772000658104121e-06,4.779240091585579e-06,-43.2073946130555,-43.19720109594535
593,593,4.786642271075422e-06,4.758489539151349e-06,-43.2020634118122,-43.216098391185085
594,594,4.791793855343412e-06,4.788656521046314e-06,-43.18911382605444,-43.1886527078514
595,595,4.80000975697941e-06,4.7962558040269775e-06,-43.19315133412353,-43.18176620280156
596,596,4.796085292029377e-06,4.781968288482044e-06,-43.19162369561903,-43.194722662586855
597,597,4.791379172640574e-06,4.783534869171777e-06,-43.189341818022285,-43.193300139706714
598,598,4.840301642747663e-06,4.796226891669089e-06,-43.14270881960472,-43.18179238262985
599,599,4.7957146213691176e-06,4.7811070209335365e-06,-43.19128360466324,-43.19550492923784
600,600,4.8045699399735145e-06,4.780141951318671e-06,-43.19355306594426,-43.19638164400811
601,601,4.792029583243384e-06,4.782107584775842e-06,-43.18612179683417,-43.194596156665
602,602,4.798886066899136e-06,4.773216388505381e-06,-43.192316706984215,-43.20267834959328
603,603,4.802021165457902e-06,4.777755221814579e-06,-43.1786405805981,-43.19855062209229
604,604,4.810883150564701e-06,4.785052456817969e-06,-43.17341685458431,-43.191922548796754
605,605,4.791147284308441e-06,4.77574957059053e-06,-43.19162998041583,-43.20037412726856
606,606,4.78128756476133e-06,4.7645891611050745e-06,-43.1973399320735,-43.21053499598101
607,607,4.778556056820533e-06,4.77311380707665e-06,-43.20034012939112,-43.20277168503743
608,608,4.785942278947014e-06,4.765970994699992e-06,-43.200716056883266,-43.20927563094983
609,609,4.811079404519369e-06,4.788719563389589e-06,-43.17538805303059,-43.18859553364926
610,610,4.795864683306793e-06,4.768345948641102e-06,-43.19446705610502,-43.20711201625386
611,611,4.76286107552425e-06,4.781627180100738e-06,-43.21226056097259,-43.19503246550205
612,612,4.804136195386875e-06,4.769069451676363e-06,-43.180555504651856,-43.20645310948873
613,613,4.799090557875407e-06,4.78526736084237e-06,-43.18491856451114,-43.19172750488238
614,614,4.789916597333432e-06,4.7680681698119245e-06,-43.201838148180826,-43.20736502081352
615,615,4.782151687866588e-06,4.7718941268134295e-06,-43.204257146412814,-43.20388158544727
616,616,4.808906490409557e-06,4.799676437534417e-06,-43.18756538828217,-43.178669969350935
617,617,4.800404097942501e-06,4.776549542982952e-06,-43.19393815578068,-43.199646713705846
618,618,4.8031158314057095e-06,4.771432175307143e-06,-43.18749638070109,-43.20430203212151
619,619,4.799325596622177e-06,4.775644859029471e-06,-43.19283931217014,-43.20046935033467
