,epoch,train_loss,test_loss,train_dbs,test_dbs
0,0,0.00019111768831618937,0.00015569882050744797,-10.09200778892938,-10.982947794590924
1,1,0.0001072284408719591,6.494751888615275e-05,-12.60565008450092,-14.780175371691042
2,2,4.8034470328087824e-05,4.117139293444588e-05,-16.09263750495916,-16.759845415037432
3,3,3.794386836873564e-05,3.482597936741322e-05,-17.11613589086278,-17.48676763664922
4,4,3.70082002846925e-05,3.71707654650029e-05,-17.226548814465335,-17.203785973517135
5,5,3.4492365716921754e-05,3.548672056671134e-05,-17.52730194479062,-17.405142352941354
6,6,3.2896866877749324e-05,3.3524011470083346e-05,-17.73507006766832,-17.652241214772886
7,7,3.1464241437413535e-05,3.346183477429134e-05,-17.929559257992686,-17.660303516036322
8,8,3.1194559306106725e-05,3.232100616993481e-05,-17.967324979659814,-17.810952299237883
9,9,3.0841770699366534e-05,3.2494920799906956e-05,-18.017947427466623,-17.787646192571366
10,10,3.1080205836897407e-05,3.232566182544504e-05,-17.982720658716147,-17.81032676800358
11,11,3.069375036164312e-05,3.164328623633513e-05,-18.036999194367528,-17.902985222903276
12,12,3.0271331890673407e-05,3.1749674618415733e-05,-18.098565894300123,-17.888408232010057
13,13,3.0783239164576896e-05,3.258503832177283e-05,-18.023437023107952,-17.775618659668112
14,14,3.08524864972101e-05,3.136079498002992e-05,-18.013558215824396,-17.94193038758818
15,15,2.9756460873576327e-05,3.1259075943748225e-05,-18.17110106092818,-17.956039664520528
16,16,3.002022496036364e-05,3.221063065881792e-05,-18.13605712630101,-17.825808740052388
17,17,2.9774584346369855e-05,3.1145582780529944e-05,-18.166311180963383,-17.97183640465804
18,18,2.9857205348533397e-05,3.0374790903327887e-05,-18.15744859204808,-18.080668050707082
19,19,2.9276769336573443e-05,3.075836703876695e-05,-18.24131214560732,-18.02616826998555
20,20,2.901794857851988e-05,3.102614161769835e-05,-18.282073354988427,-17.988523315709493
21,21,2.8799022102342034e-05,3.0065884953058374e-05,-18.313971439474198,-18.12506110748722
22,22,2.8762583637798504e-05,3.074961454043851e-05,-18.31953930669818,-18.02740425974004
23,23,2.864334948247505e-05,2.992690985449467e-05,-18.336228260975115,-18.14518226589811
24,24,2.8548768953151386e-05,2.960193313284483e-05,-18.34939359658535,-18.192600287803643
25,25,2.863429956950941e-05,2.965278441766522e-05,-18.33823375641833,-18.18514621875069
26,26,2.8514868353875162e-05,2.9202403120028687e-05,-18.359614393359596,-18.25161510233491
27,27,2.8307229625817254e-05,2.970065485753462e-05,-18.38801989051794,-18.178140770492483
28,28,2.8149836888934662e-05,2.957597682421022e-05,-18.411451247932394,-18.196410048013714
29,29,2.8121778630464307e-05,2.991662806475927e-05,-18.418211159238528,-18.146674598987154
30,30,2.76654528187061e-05,2.954768991146825e-05,-18.48700491788386,-18.20056569387586
31,31,2.967382228159773e-05,3.3580867143188553e-05,-18.183545627311364,-17.64488195520391
32,32,3.042337303883972e-05,3.088631963596287e-05,-18.077228192941046,-18.008139404982547
33,33,2.914186910688325e-05,2.9916985639781496e-05,-18.262010371628314,-18.146622690753837
34,34,2.9637724324369554e-05,2.9969944654639174e-05,-18.188716794227208,-18.138941611158653
35,35,2.8496831498731688e-05,2.9739248642918508e-05,-18.358881569872153,-18.172501101046105
36,36,2.8468317499029637e-05,2.9549332650372218e-05,-18.36524033720354,-18.2003242494137
37,37,2.8228743149063037e-05,2.912733582075146e-05,-18.401152097175377,-18.262793390610486
38,38,2.864451744244434e-05,2.997955207798728e-05,-18.334850771033256,-18.13754962249869
39,39,2.9972809663620902e-05,3.0222258015113e-05,-18.14055606193542,-18.10253193112831
40,40,2.814042625349308e-05,2.8975634497902847e-05,-18.413281933578588,-18.28547147290275
41,41,2.7783081490851307e-05,2.960560394919747e-05,-18.467767253576657,-18.19206177011936
42,42,2.7606574841444956e-05,3.141365979038375e-05,-18.497659196611366,-17.934615660304615
43,43,2.8957161815661803e-05,2.92026668734922e-05,-18.2901781057122,-18.25157587742728
44,44,2.8304154764874072e-05,2.9433746883449585e-05,-18.388599219825284,-18.217345512262323
45,45,2.777278277602649e-05,2.8725401295416402e-05,-18.46986382727614,-18.32313997532397
46,46,2.80617236920492e-05,2.911936663670196e-05,-18.424476667982056,-18.263981774684964
47,47,2.7733842600974105e-05,2.9320572043376925e-05,-18.475966430930477,-18.23407662930083
48,48,2.7959576485598744e-05,2.9419031929328892e-05,-18.440407926681225,-18.219517244383784
49,49,2.7668245642529392e-05,2.9147922185457948e-05,-18.488207217727407,-18.259725006094566
50,50,2.7706931749768027e-05,2.917982065379252e-05,-18.479613520654603,-18.254974837654775
51,51,2.7769861038361397e-05,3.037434544239659e-05,-18.47206350648336,-18.080731742550622
52,52,2.8124622629772986e-05,2.8919685447410876e-05,-18.414901197566834,-18.29386537122938
53,53,3.390202710789643e-05,3.61484009389594e-05,-17.605346142545045,-17.324910114523718
54,54,3.285139139256195e-05,3.183588083438257e-05,-17.739898932407577,-17.87663231637264
55,55,3.088992161792703e-05,3.1354525306501035e-05,-18.00803014970875,-17.94279871915806
56,56,2.9878406495140317e-05,3.067800839505109e-05,-18.156126081648644,-18.037529400975195
57,57,2.91758400091623e-05,2.960673220130909e-05,-18.258711654965758,-18.191896266206427
58,58,2.869329310885508e-05,2.9593856149739095e-05,-18.328644190124326,-18.19378543602365
59,59,2.8593761309127433e-05,2.9083054629920395e-05,-18.34529101738388,-18.269400829725974
60,60,2.8420853005186893e-05,2.8902381401214944e-05,-18.37242985649295,-18.29646474285735
61,61,2.828236591591759e-05,2.960987608515241e-05,-18.39248610399444,-18.19143512145475
62,62,2.836126706599841e-05,2.9243746547236744e-05,-18.379864005682236,-18.245470907928105
63,63,2.8022186897848686e-05,2.933805971176633e-05,-18.431149979296126,-18.231487138928948
64,64,2.774504946032299e-05,2.8269257822294574e-05,-18.476579707794233,-18.392656953286686
65,65,2.7827775495060234e-05,2.8937865193400187e-05,-18.462002358404447,-18.29113612896525
66,66,2.8088465414745686e-05,2.888374049354369e-05,-18.42318524604059,-18.29926667638556
67,67,2.773291336929968e-05,2.8815224332471478e-05,-18.47452558010154,-18.30958097049846
68,68,2.8125929667421776e-05,2.897363112041555e-05,-18.416524369223403,-18.28577175480588
69,69,2.7748175496751557e-05,2.9091116582429477e-05,-18.477283091107925,-18.26819711287449
70,70,2.765796781795402e-05,2.838930576169667e-05,-18.49064878974516,-18.374253297293063
71,71,2.740931588575513e-05,2.9181050865047025e-05,-18.527744174408298,-18.254791744446745
72,72,2.769281476990802e-05,2.9035654350943668e-05,-18.48448824431728,-18.27648484261117
73,73,2.7651079276954088e-05,2.8983707460084635e-05,-18.49209006795911,-18.284261644484275
74,74,2.7531378644610967e-05,2.931951310433521e-05,-18.508156252238493,-18.23423348152278
75,75,2.7477481116594136e-05,3.163772443689308e-05,-18.517472776164468,-17.903748630057382
76,76,2.72325964520935e-05,2.8757351269871978e-05,-18.557512314230785,-18.318312197107836
77,77,2.7176304627704967e-05,2.9535105855565664e-05,-18.564050873080834,-18.20241570318911
78,78,3.2718443772986593e-05,3.223443730492267e-05,-17.76113883365167,-17.822600086284798
79,79,3.0256611334499614e-05,3.010767843653938e-05,-18.099085497541566,-18.119028331247456
80,80,2.8930637424694105e-05,2.953058423085359e-05,-18.296112879858878,-18.20308062953219
81,81,2.8102516554690267e-05,2.9262310099990207e-05,-18.42047727719804,-18.24271493726185
82,82,2.8206445311241753e-05,3.1070894788411496e-05,-18.40672957304346,-17.982263416822743
83,83,2.947869465641975e-05,2.9361986028226583e-05,-18.21222172253121,-18.227946743804747
84,84,2.7983356734150276e-05,2.9136889248835168e-05,-18.438556723210503,-18.261369188664183
85,85,2.7877401810927922e-05,2.855307359009442e-05,-18.456623898459746,-18.34927237408717
86,86,2.753243471797947e-05,2.8506697497888173e-05,-18.507418076719826,-18.35633194863095
87,87,2.7285203669663068e-05,2.833226234973776e-05,-18.5470302362589,-18.38298847448206
88,88,2.7643825672281854e-05,2.8422448035838132e-05,-18.4946516509314,-18.369186209076968
89,89,2.7056945665330223e-05,2.7935293091056673e-05,-18.58453490093964,-18.444268698086866
90,90,2.728065747132203e-05,2.8555156237225194e-05,-18.546742318496094,-18.348955613382177
91,91,2.7608908904889195e-05,2.9878862111026567e-05,-18.49621509106338,-18.152160480093762
92,92,2.7297638290601942e-05,2.8903914139128144e-05,-18.545144326087982,-18.29623443589447
93,93,2.7382020693339562e-05,2.9577330439535314e-05,-18.53228982855598,-18.19621128730409
94,94,2.6970577798153697e-05,3.068110555958763e-05,-18.601037739111884,-18.037090971740415
95,95,2.714939180748974e-05,2.8869887261718856e-05,-18.569812347374732,-18.30135014109151
96,96,2.6896366584081726e-05,2.8185348798471848e-05,-18.612562223734514,-18.405566883952655
97,97,2.703089194255881e-05,2.9083770162909978e-05,-18.59041065941851,-18.269293981181253
98,98,2.7587555563251353e-05,2.8388181913454135e-05,-18.50081428461103,-18.374425224974363
99,99,2.7299539434568134e-05,2.9104824869519736e-05,-18.544439864832075,-18.266151116744442
100,100,2.7187569479061383e-05,2.8786692334841446e-05,-18.56408163260946,-18.313883358633692
101,101,2.822836522119763e-05,3.375808295171928e-05,-18.400123881746932,-17.62202326040013
102,102,2.9604036134299247e-05,2.935003277870189e-05,-18.19632769027149,-18.229715114399593
103,103,2.7890666847410684e-05,2.9685477880105426e-05,-18.45279140697953,-18.18036057413657
104,104,2.7594785052249642e-05,2.8515975971363094e-05,-18.499746619633214,-18.35491861964406
105,105,2.7380404043066574e-05,2.925369661074671e-05,-18.531960209661257,-18.24399349028885
106,106,2.727534196235434e-05,2.8721176644658524e-05,-18.55257685737425,-18.32377874009681
107,107,2.7015913511820247e-05,2.8165212872983447e-05,-18.592050452108854,-18.40867064066437
108,108,2.7220516937266383e-05,2.83344169905544e-05,-18.55772636718176,-18.382658210337947
109,109,2.7026977252332763e-05,2.9021865262429376e-05,-18.58759543204299,-18.278547805412444
110,110,2.77032281748276e-05,3.4187823506439794e-05,-18.478535985905634,-17.56708648791273
111,111,2.9677155926600388e-05,2.8971807727142923e-05,-18.18324527074028,-18.286045077315002
112,112,2.7286881452981988e-05,2.939915985304029e-05,-18.54678029620123,-18.222451824024184
113,113,2.751514242020479e-05,2.9928425838558103e-05,-18.51005918697464,-18.144962274311425
114,114,2.6728401224449344e-05,3.0218646938201826e-05,-18.634855826888746,-18.10305087464159
115,115,2.6652766613664163e-05,3.050477531168757e-05,-18.65076282300333,-18.062122715851558
116,116,2.7592039540903307e-05,2.9918604444614366e-05,-18.498984404976056,-18.146387700840517
117,117,2.6968173619231313e-05,2.8216286361719922e-05,-18.600187758986426,-18.400802477987636
118,118,2.6852843165187616e-05,2.9882590177677277e-05,-18.616236979050782,-18.151618632894717
119,119,2.7302420441872565e-05,3.0267471485881526e-05,-18.54599457517971,-18.09603960104806
120,120,2.7726104460655443e-05,2.866178597047876e-05,-18.476166825037797,-18.33276853431696
121,121,2.7336159966824235e-05,2.8778200909360557e-05,-18.54072240995729,-18.315164618460216
122,122,2.7194035433193178e-05,2.8931098935764137e-05,-18.561490527900084,-18.292151715959793
123,123,2.6821808505607722e-05,3.057678929364652e-05,-18.620757174462167,-18.051882215406756
124,124,2.686260311222832e-05,2.8637449806985005e-05,-18.616090994135877,-18.33645761044795
125,125,2.7082250105110886e-05,2.886982311840831e-05,-18.582897032405874,-18.301359790286366
126,126,2.9994869401355e-05,3.305864485905898e-05,-18.13668119479055,-17.712950550644575
127,127,3.067949083489702e-05,3.1177457027584556e-05,-18.039879617684203,-17.96739412749691
128,128,2.934268167402629e-05,2.99980189370935e-05,-18.23084382017803,-18.134875271028427
129,129,2.8379148697587372e-05,2.891007218414942e-05,-18.378554137472115,-18.295309260118763
130,130,2.8016353773880874e-05,2.874955316656269e-05,-18.434624385567734,-18.31949002898402
131,131,2.9207631180809387e-05,3.04738610123566e-05,-18.25426893272805,-18.06652619601147
132,132,2.8435198418236788e-05,2.9234908843615192e-05,-18.370438289505202,-18.24678358036187
133,133,2.7713101939973302e-05,2.826610034389887e-05,-18.48111802080041,-18.39314205694213
134,134,2.735299652336722e-05,2.822813631179375e-05,-18.535809058147947,-18.398978961062586
135,135,2.737711039707833e-05,2.7988030763624823e-05,-18.532092405934616,-18.436077594484434
136,136,2.7203184049774546e-05,2.8236170500780356e-05,-18.563234314223436,-18.397743063851063
137,137,2.6933913610151912e-05,2.9042775598722265e-05,-18.604713676600376,-18.275419828066976
138,138,2.7071690243415622e-05,2.8100576424836426e-05,-18.58311218271979,-18.41864873408799
139,139,2.6861161975680307e-05,2.7927112329818653e-05,-18.616733423653194,-18.445540701847563
140,140,2.6654523654289414e-05,2.7716086582299077e-05,-18.65052915634418,-18.478481926963248
141,141,2.7319683804589003e-05,2.861195695770316e-05,-18.542955330783496,-18.340325390090936
142,142,2.6935540058589468e-05,2.8309197947045934e-05,-18.605000287765495,-18.38652536894721
143,143,2.7231168967342248e-05,2.8532336632212574e-05,-18.556469225434743,-18.352427627501523
144,144,2.6696490965253726e-05,2.8659506968228687e-05,-18.644107289252116,-18.333113871294277
145,145,2.6963052817139675e-05,2.8028465462021384e-05,-18.598908327556813,-18.42980780946601
146,146,2.7131169781100232e-05,2.884708326172059e-05,-18.57256501483117,-18.30478194002
147,147,2.7157845917039613e-05,2.9334991363851403e-05,-18.568061891077473,-18.231941373554484
148,148,2.689929198785433e-05,2.8332482543191873e-05,-18.609849269370276,-18.382954721995482
149,149,2.654347662962781e-05,2.8296114052002514e-05,-18.668640298029132,-18.388533047491745
150,150,2.7083854997586387e-05,2.81926310746808e-05,-18.58352646126052,-18.404444937973764
151,151,2.693361762119577e-05,2.8165932139688122e-05,-18.605035386720733,-18.408559734500184
152,152,2.664292286184362e-05,3.0648479495491634e-05,-18.649090745336135,-18.041711684868353
153,153,3.023148762163005e-05,3.0312979154252006e-05,-18.102827456363848,-18.089514812022472
154,154,2.838613352313465e-05,2.8836983658134397e-05,-18.375359070581798,-18.30630270732575
155,155,2.7533885212009053e-05,2.9030165885495463e-05,-18.5098650638951,-18.277305845485376
156,156,2.740266444158534e-05,2.8103047569809286e-05,-18.530552549250313,-18.41826683535972
157,157,2.7204067469169458e-05,2.805043827959851e-05,-18.562786689646963,-18.426404506877244
158,158,2.7029203517214256e-05,2.763955164578204e-05,-18.589639417212688,-18.49049108189156
159,159,2.718748611496454e-05,2.7882678535350254e-05,-18.564432961046794,-18.452456103437818
160,160,2.6757739470133284e-05,2.8176286880472234e-05,-18.63339297153509,-18.406963415820194
161,161,2.685386979718124e-05,2.7737261150736902e-05,-18.61651006488146,-18.47516526564266
162,162,2.6332513398395433e-05,2.766528393151116e-05,-18.699928146509844,-18.486449702728706
163,163,2.6691430724257743e-05,2.81473732780126e-05,-18.642754424884348,-18.411422294759472
164,164,2.6653362070159272e-05,2.8881602893785673e-05,-18.6495407752667,-18.299588096713183
165,165,2.7928301034952494e-05,2.8183895042993274e-05,-18.445655156831396,-18.405790891918524
166,166,2.643880624109255e-05,2.813825372676978e-05,-18.686049493716112,-18.412829606369062
167,167,2.656576009368231e-05,2.7704025629454438e-05,-18.663685354844617,-18.480372217379696
168,168,2.6011835964793847e-05,2.7891874962829444e-05,-18.755838107196805,-18.451023924247444
169,169,3.3777441251341894e-05,4.466448712934691e-05,-17.62161459211584,-16.406177505893776
170,170,4.329458618288759e-05,4.164078659653713e-05,-16.541283362285604,-16.71061177292177
171,171,3.788718048284507e-05,3.5824724220315386e-05,-17.12271905396092,-17.36397246180881
172,172,3.267833988539894e-05,3.235400196756114e-05,-17.76571352686591,-17.806520944842717
173,173,3.080031630590909e-05,3.1711968308388206e-05,-18.02054910625382,-17.893569032629028
174,174,3.0161954407621004e-05,3.0434740390199677e-05,-18.111995077649933,-18.072105005006065
175,175,2.928562607098918e-05,3.0161018194600108e-05,-18.243991706939816,-18.111341034214337
176,176,2.8494210803812877e-05,2.9174281831058723e-05,-18.36166802183076,-18.255799280171864
177,177,2.8080515812220745e-05,2.8446726183143544e-05,-18.423446951208803,-18.36547809613496
178,178,2.7501385159563687e-05,2.8058071142080926e-05,-18.515202989656004,-18.425222899983083
179,179,2.6937005376445067e-05,2.840048536630715e-05,-18.60122045279023,-18.37254339818674
180,180,2.6937703099524836e-05,2.7352003215989834e-05,-18.602159806109583,-18.53590963200647
181,181,2.6836290117833266e-05,2.863610566955207e-05,-18.62155605959087,-18.336661457219922
182,182,2.6878636950622768e-05,2.757304565947331e-05,-18.61333770278058,-18.500953620604182
183,183,2.6702554866469936e-05,2.7777048193169512e-05,-18.64426418351641,-18.468940097341907
184,184,2.6571519267292258e-05,2.7589541021274943e-05,-18.66203676002647,-18.498356264224782
185,185,2.6455240510314098e-05,2.7966763809672557e-05,-18.683726709502185,-18.439378874120443
186,186,2.677785860870835e-05,2.7604261432363847e-05,-18.630136333253844,-18.496039702156345
187,187,2.6512751535790942e-05,2.7523442201383757e-05,-18.670989905612096,-18.508773543357297
188,188,2.6643514014647305e-05,2.767324172294282e-05,-18.650523905865036,-18.485200654298207
189,189,2.6277440043748957e-05,2.761267933237832e-05,-18.70994560797928,-18.494715526096176
190,190,2.6316758718617027e-05,2.7964859806448466e-05,-18.703262224189714,-18.439674555897803
191,191,2.633958597611708e-05,2.8679631788308096e-05,-18.70101768046061,-18.330065308355174
192,192,2.6289728564209036e-05,2.7712389151259375e-05,-18.708932110416903,-18.479061330917222
193,193,2.7322131704890707e-05,2.7910125840878064e-05,-18.543468915857936,-18.44818307417222
194,194,2.6744375955064413e-05,2.7596096467612752e-05,-18.6325874668516,-18.497324476131407
195,195,2.66634731477885e-05,2.8180532114531258e-05,-18.647305983669334,-18.40630912703577
196,196,2.6773258618912634e-05,2.7552764502041483e-05,-18.628460920588864,-18.504149218140384
197,197,2.6628300352949173e-05,2.7390169538863885e-05,-18.655102971409633,-18.5298538160714
198,198,2.6619952738665515e-05,2.7857861297027403e-05,-18.654857772539085,-18.45632330329066
199,199,2.6400191496371187e-05,2.7556660490135026e-05,-18.69129196682904,-18.503535164869586
200,200,2.6475413871650614e-05,2.7799766413456956e-05,-18.67696709029083,-18.46538955263046
201,201,2.7499478314847195e-05,2.7377601375184512e-05,-18.514385676077215,-18.531847062879997
202,202,2.670817603129106e-05,2.747568578342907e-05,-18.64006580358451,-18.51631560984658
203,203,2.6462514001978728e-05,2.702073623750996e-05,-18.68117335528986,-18.588829239272165
204,204,2.6282545440688072e-05,2.7030760113695196e-05,-18.711477064568655,-18.587218436812172
205,205,2.6325288963187294e-05,2.8341551449940245e-05,-18.702956903700713,-18.38156481698473
206,206,2.638798428661269e-05,2.7211144410294335e-05,-18.693871709790308,-18.558332949062724
207,207,2.66468495161443e-05,2.8296872187638655e-05,-18.650500618631995,-18.388416688859618
208,208,2.6589212155290015e-05,2.7408570148461303e-05,-18.658639600549655,-18.526937222165135
209,209,2.6311300531495963e-05,2.7937526044153953e-05,-18.70688322127666,-18.4439215671477
210,210,2.6022829505442114e-05,2.7242808516204702e-05,-18.750858071738016,-18.553282242077415
211,211,2.629583321453838e-05,2.888362742899182e-05,-18.708355808494243,-18.299283676748477
212,212,2.6604311380051702e-05,2.763512336394725e-05,-18.657805626884635,-18.491186944280233
213,213,2.637507845365596e-05,2.7654287949094158e-05,-18.69563040421918,-18.488176214481186
