,epoch,train_loss,test_loss,train_dbs,test_dbs
0,0,0.0001862846175688751,0.0001441027883342222,-27.29537468222851,-28.40339642668081
1,1,0.00010229232144954893,8.776531314269003e-05,-29.908108421871106,-30.556891202843044
2,2,8.790887254362292e-05,8.246140465704037e-05,-30.559307989195034,-30.82761298646201
3,3,8.188369644916204e-05,7.6037584604867e-05,-30.87020941779036,-31.179837142982283
4,4,7.482293053210914e-05,7.130522499210201e-05,-31.25541987895586,-31.458906724309394
5,5,7.204589688701594e-05,6.994919883589701e-05,-31.424170651073005,-31.542292823380876
6,6,7.071826985338703e-05,6.71407117471589e-05,-31.50612316318623,-31.720260861790056
7,7,6.875110756078994e-05,6.565105152396044e-05,-31.6317321252118,-31.81770340479811
8,8,6.708464608197676e-05,6.430538518256263e-05,-31.728612042655055,-31.90764683043809
9,9,6.496064110926698e-05,6.247506998510002e-05,-31.864316596521792,-32.03305275697548
10,10,6.346783251051561e-05,6.126615373528024e-05,-31.985532893276666,-32.11791410643419
11,11,6.211910021164906e-05,5.982878562798234e-05,-32.06524856123633,-32.22101839137362
12,12,6.154719130322097e-05,6.387620592967754e-05,-32.109854122892955,-31.936729146576248
13,13,6.095367962657714e-05,5.880537872527432e-05,-32.15782718545925,-32.29594975684584
14,14,6.0055301800435026e-05,5.7228563060849216e-05,-32.20995814857317,-32.41399185554073
15,15,5.812074044856156e-05,5.533205885991552e-05,-32.35524332837876,-32.56035196745177
16,16,5.532925108840123e-05,5.323197106726615e-05,-32.57151912422263,-32.72839479520331
17,17,5.4908102759599356e-05,5.215134699124304e-05,-32.6095984539961,-32.81746496912732
18,18,5.267359264292178e-05,5.358925351940439e-05,-32.7839094306058,-32.699343194895434
19,19,5.356060249788552e-05,5.015223551278101e-05,-32.71826813168587,-32.987217307324016
20,20,5.1592230596087543e-05,5.0226026168705796e-05,-32.87175877778794,-32.98083208408541
21,21,5.153236281668009e-05,4.913633050531835e-05,-32.880938341946994,-33.07609306696228
22,22,4.935784417068941e-05,4.847416302685528e-05,-33.05743370732844,-33.13501707873162
23,23,4.96194568524478e-05,4.833766108372641e-05,-33.04597576828698,-33.14726394640492
24,24,4.916509145183114e-05,4.836629255135593e-05,-33.08094452559318,-33.14469228551698
25,25,4.874297204522234e-05,4.75166674923936e-05,-33.12343422601742,-33.221660525238235
26,26,4.831211312587575e-05,4.6847669804456495e-05,-33.16528580485262,-33.28324032973149
27,27,4.796694690984501e-05,4.6491600139569e-05,-33.19852733021758,-33.316375330866094
28,28,4.793250443925121e-05,4.603625386248735e-05,-33.19589367865872,-33.35912050723578
29,29,4.7514813915543144e-05,4.5907918032944985e-05,-33.23008476512213,-33.371244294453085
30,30,4.800483353373585e-05,4.67131247109807e-05,-33.19405589115435,-33.29573108127874
31,31,4.710111665490237e-05,4.5697545206885e-05,-33.27048216093223,-33.39119155848857
32,32,4.689267854663524e-05,4.511602597439809e-05,-33.28463509322224,-33.446811889779234
33,33,4.680036798481993e-05,4.6138079931935004e-05,-33.29191570438349,-33.34952509900355
34,34,4.615741160058551e-05,4.599101119215208e-05,-33.35593546497164,-33.36339068600171
35,35,4.61847718640653e-05,4.480814918918584e-05,-33.35453382476084,-33.47655021345687
36,36,4.637060638489538e-05,4.483938276902527e-05,-33.336022107385894,-33.473524012595135
37,37,4.6540750190615654e-05,4.4681905771875263e-05,-33.32218927251978,-33.488803386372716
38,38,4.61599288568904e-05,4.4449173162176615e-05,-33.35408533518993,-33.51148340305578
39,39,4.543530809952272e-05,4.44178063174293e-05,-33.42791251569176,-33.514549209553074
40,40,4.62180501439359e-05,4.4348031224217266e-05,-33.35047235209939,-33.521376823652545
41,41,4.6139964679335294e-05,4.4236833529889975e-05,-33.3540738303663,-33.532279943625824
42,42,4.544636459220633e-05,4.503255523128533e-05,-33.433631941272886,-33.45485436654573
43,43,4.5685598641134725e-05,4.4042918919953276e-05,-33.40647188417274,-33.55135933117896
44,44,4.625814835890196e-05,4.475448689558298e-05,-33.35127203517516,-33.481754446339146
45,45,4.599378045201878e-05,4.5608331627016397e-05,-33.382792614702986,-33.39967841149764
46,46,4.547538846213918e-05,4.343156002792775e-05,-33.422077981405586,-33.61206597833529
47,47,4.5193070242752694e-05,4.348234410587649e-05,-33.45799781154333,-33.60699078408381
48,48,4.481132126193657e-05,4.475363311939873e-05,-33.48562388484612,-33.48183729698678
49,49,4.453467341384745e-05,4.302171663240235e-05,-33.49989727029116,-33.65324291584306
50,50,4.487180547247468e-05,4.307610192642498e-05,-33.48487646976652,-33.647756310809974
51,51,4.5057851296115055e-05,4.3438560647988e-05,-33.46611067380291,-33.611366006781196
52,52,4.4596913868030916e-05,4.2635415172155357e-05,-33.50855743196463,-33.69241530614394
53,53,4.43959540190036e-05,4.277364113429365e-05,-33.532389571113036,-33.67835805563216
54,54,4.402750016300526e-05,4.256618022305989e-05,-33.5585186435098,-33.69947347514319
55,55,4.4502246421017714e-05,4.2732491764534066e-05,-33.515216660217014,-33.682538093950846
56,56,4.420919278870606e-05,4.273545767462469e-05,-33.53993306036074,-33.68223667607546
57,57,4.381147420607488e-05,4.263998543089991e-05,-33.57970687254688,-33.691949793665195
58,58,4.3832791936775844e-05,4.2146695417805426e-05,-33.58996853972527,-33.74248498286747
59,59,4.3395517723089965e-05,4.221661947667599e-05,-33.62558538317491,-33.735285730464504
60,60,4.354861227239808e-05,4.2394025130258674e-05,-33.61418762825736,-33.717073740785615
61,61,4.3604559323284775e-05,4.2045156940156103e-05,-33.60971449751815,-33.75296049105247
62,62,4.344748392504323e-05,4.3486141964278525e-05,-33.618053739204626,-33.606611476814564
63,63,4.335663511811458e-05,4.1385872655633936e-05,-33.63424255770148,-33.821599099039524
64,64,4.247618093846615e-05,4.117492139094362e-05,-33.71673981545578,-33.84379248286902
65,65,4.226881738412482e-05,4.100288922353158e-05,-33.738931103044834,-33.861975671152635
66,66,4.2456624064517695e-05,4.1097864595940337e-05,-33.719958577735355,-33.851927700425385
67,67,4.190606349081847e-05,4.034305120034045e-05,-33.77039312597911,-33.93243285589919
68,68,4.161706380456081e-05,4.0086032592961074e-05,-33.81022874929012,-33.96018951745064
69,69,4.1372788942193364e-05,4.0646628277547856e-05,-33.83324619370715,-33.89987501204027
70,70,4.146443457899557e-05,3.9375365304294974e-05,-33.823406921534904,-34.03787431020487
71,71,4.1278588994209335e-05,3.960227772231998e-05,-33.84172082458291,-34.0129186193509
72,72,4.067706506304472e-05,4.029116232566977e-05,-33.910435443004474,-33.938022308333046
73,73,4.153995609364578e-05,3.956701555963311e-05,-33.811087336065235,-34.01678733234624
74,74,4.04031853042735e-05,3.926139681042466e-05,-33.93333549036968,-34.05046280477731
75,75,4.099249324014833e-05,3.9335252375550276e-05,-33.8802458399651,-34.04230086042858
76,76,4.011143958160039e-05,3.9384392661495916e-05,-33.95974645318298,-34.03687874304291
77,77,4.106116834121814e-05,4.022093669750335e-05,-33.87066203753895,-33.94559846419169
78,78,4.018007125195414e-05,3.9540584111819044e-05,-33.96425388889179,-34.019689463724056
79,79,4.0304788591438595e-05,3.9051328808694196e-05,-33.94321974195064,-34.0737621069204
80,80,4.06146459353454e-05,3.9565970502352634e-05,-33.90319104787992,-34.01690204117572
81,81,4.096205985970488e-05,3.922198122477551e-05,-33.87889666527539,-34.05482499540063
82,82,4.0401468778355525e-05,3.923087991241022e-05,-33.93906177443527,-34.05383977933674
83,83,4.06444123655092e-05,3.897487285461179e-05,-33.905468530170054,-34.08227319906277
84,84,4.0537137184148056e-05,3.897260103258304e-05,-33.92166863537393,-34.082526354097055
85,85,4.0478892543367544e-05,3.935471537069565e-05,-33.925571781194634,-34.040152512473334
86,86,4.091609564769447e-05,3.9646179318783414e-05,-33.883960321117954,-34.00810686054749
87,87,4.092963995530808e-05,3.9309492613507534e-05,-33.880587478154055,-34.04514588787751
88,88,4.0622753264879344e-05,3.98452880050938e-05,-33.912883560074356,-33.986350567069806
89,89,4.01305541973417e-05,3.90968148406644e-05,-33.96853899238525,-34.06870649484911
90,90,4.026912079707566e-05,3.87618868109329e-05,-33.94743892977041,-34.106071179669264
91,91,4.01531273307706e-05,3.894842953549845e-05,-33.95558702258478,-34.085220761001935
92,92,4.053453149120371e-05,3.8932289738257074e-05,-33.91421484156132,-34.08702080215376
93,93,4.014954047119149e-05,3.8974023099351475e-05,-33.961043899896886,-34.082367887772854
94,94,3.969402674443962e-05,3.93490713337853e-05,-33.9989460133452,-34.04077539840873
95,95,3.9966452999410135e-05,3.929481930467055e-05,-33.984351420473494,-34.04676730964883
96,96,4.062279542042759e-05,3.884347040040762e-05,-33.913259219616485,-34.0969400276333
97,97,4.04104895031046e-05,3.8859260760210945e-05,-33.93771364786909,-34.09517492462552
98,98,3.99603914891336e-05,3.9415696511768096e-05,-33.986820144246934,-34.03342821645257
99,99,4.054500365698201e-05,3.884046868494663e-05,-33.916742888240954,-34.097275651309694
100,100,4.020522217465488e-05,3.9076666565195316e-05,-33.96505673385593,-34.07094517857983
101,101,3.988160471973182e-05,3.897190024298126e-05,-33.98888088678126,-34.08260444788226
102,102,4.0203595810603424e-05,3.8755006435645844e-05,-33.96170717101888,-34.10684213652867
103,103,3.997796532708777e-05,3.9228826177637335e-05,-33.97030788547153,-34.05406713825097
104,104,4.019045329337085e-05,3.8635231536126845e-05,-33.953286648552925,-34.12028507735104
105,105,4.0050599036663865e-05,3.9110790614933266e-05,-33.97166316343438,-34.067154318005294
106,106,4.04594395205873e-05,3.943613946352056e-05,-33.93753176730694,-34.031176331958314
107,107,4.0187576777282524e-05,3.983210799082084e-05,-33.953824579898615,-33.9877873629015
108,108,4.020770638911101e-05,3.873258538078517e-05,-33.956951922380895,-34.10935540102636
109,109,4.0086801913950935e-05,3.900085146980066e-05,-33.97512194464661,-34.079379383137564
110,110,4.007238287871137e-05,3.8622426042198445e-05,-33.96879324487431,-34.12172476775233
111,111,3.9867072832139364e-05,3.8706561578070055e-05,-33.99090634174115,-34.11227433667755
112,112,3.93390781909213e-05,3.881813685630301e-05,-34.03767128810386,-34.09977340159776
113,113,4.013761588925563e-05,3.865525267381025e-05,-33.962971892056686,-34.11803510572758
114,114,3.955030700398283e-05,3.869634670799745e-05,-34.02911933482354,-34.11342061446733
115,115,4.035526768516836e-05,3.860102189815064e-05,-33.94280873011326,-34.12413224945272
116,116,3.962974857206495e-05,3.9391836349080366e-05,-34.01251145726468,-34.03605799990932
117,117,3.950495911058826e-05,3.851478897176046e-05,-34.03143790147354,-34.13384504356768
118,118,3.9992709342599124e-05,3.865627226523908e-05,-33.98315201219455,-34.11792055542432
119,119,4.0333918750360514e-05,3.846377206316806e-05,-33.94401863246316,-34.13960154637351
120,120,3.977889126375529e-05,4.0016468885464985e-05,-33.999388261965315,-33.96773263816311
121,121,3.9982000333149006e-05,3.888389428060404e-05,-33.98234184744118,-34.092422733174324
122,122,3.996288879281246e-05,3.888946536646568e-05,-33.99031830219804,-34.09180054278342
123,123,3.999758040869714e-05,3.841534328928805e-05,-33.98312661522562,-34.14507308489136
124,124,3.9793956809084304e-05,3.956971953524963e-05,-34.00481761625692,-34.01649054939493
125,125,4.002576446809959e-05,3.8721422721497025e-05,-33.97503490418518,-34.11060721006364
126,126,4.041003531832776e-05,3.8435366724642285e-05,-33.943918903471925,-34.142809978232144
127,127,4.0146276041548504e-05,3.888646441689496e-05,-33.96184129340867,-34.09213568396226
128,128,4.0242044183428006e-05,3.862904907835304e-05,-33.9544093727592,-34.12098009638963
129,129,3.9898761465291005e-05,3.8846983347627285e-05,-33.99039976456689,-34.096547275751924
130,130,3.99854819913822e-05,3.885933294536938e-05,-33.98264030564201,-34.09516685715685
131,131,4.016078467608055e-05,3.909966950519256e-05,-33.96666968687171,-34.06838940513256
132,132,3.9655549380299397e-05,3.8933600750935605e-05,-34.02250621114252,-34.0868745595388
133,133,3.961055343322571e-05,3.830791703014831e-05,-34.02365792948224,-34.15723488871733
134,134,3.9893513249555004e-05,3.8277234316889296e-05,-33.99192518046817,-34.16071476269729
135,135,3.9311890637672496e-05,3.866187149756833e-05,-34.055626077432784,-34.117291539881684
136,136,3.973118314722351e-05,3.828400785048296e-05,-34.008708018227445,-34.15994630383034
137,137,3.9856727170510715e-05,3.825481785737027e-05,-33.99757784997091,-34.16325888497671
138,138,3.974339835490964e-05,3.830747491998696e-05,-33.99917648176548,-34.15728501076164
139,139,3.948662395993507e-05,3.863664613546509e-05,-34.028683220037884,-34.12012606667205
140,140,3.9334930782566405e-05,3.8802052777579154e-05,-34.04508513121529,-34.101573249490215
141,141,4.005071687717327e-05,3.8811764840686104e-05,-33.970889197675824,-34.10048635657174
142,142,3.926479932732074e-05,3.809088536256336e-05,-34.056961774041845,-34.18190959728007
143,143,3.94927059104018e-05,3.861958956756433e-05,-34.02972081921005,-34.122043730242495
144,144,3.98211354361583e-05,3.965362587845639e-05,-34.00005369493599,-34.00729122177597
145,145,3.9141087907728904e-05,3.846890046445065e-05,-34.075479871974196,-34.13902253714164
146,146,3.945723321671674e-05,3.8277629516271284e-05,-34.04115182698307,-34.16066992350556
147,147,3.9158740018484825e-05,3.79921211309633e-05,-34.075319596505565,-34.19318485751568
148,148,4.031892502698423e-05,3.8092714308540486e-05,-33.95118955992519,-34.181701074409226
149,149,4.01462919061365e-05,3.8028055936784334e-05,-33.963789178887936,-34.1890790293946
150,150,3.976235319962293e-05,3.807276248392698e-05,-34.00776390636985,-34.18397637495132
151,151,3.957434504271303e-05,3.813945620908941e-05,-34.024909182490234,-34.1763753039666
152,152,3.997371778055334e-05,3.865909323059512e-05,-33.99066305226568,-34.11760363790593
153,153,3.991871127845556e-05,3.843946691823045e-05,-33.988873468253026,-34.14234670790884
154,154,3.887008511510524e-05,3.9022548949823864e-05,-34.09100287489626,-34.07696392930256
155,155,4.0181828320708085e-05,3.8300436771303216e-05,-33.963098368693366,-34.15808300383501
156,156,3.8541188427863985e-05,3.806049751706029e-05,-34.13545396116979,-34.185375660224786
157,157,3.9037237452107875e-05,3.81060019303971e-05,-34.07735273278647,-34.180186418731736
158,158,3.9029595933880986e-05,3.7992663189805554e-05,-34.08443645681626,-34.19312289427761
159,159,4.050263275539973e-05,3.839982022519076e-05,-33.92628238788084,-34.14682835842408
160,160,3.948677765516344e-05,3.841630122654973e-05,-34.032717550004946,-34.144964789183405
161,161,3.914314621613006e-05,3.931006243587226e-05,-34.06809112661176,-34.04508293389398
162,162,4.012735855175163e-05,3.8400285503532936e-05,-33.96901526672237,-34.1467757366693
163,163,3.8806875120817216e-05,3.812093066364085e-05,-34.113549219809855,-34.17848532271965
164,164,3.9249862311407924e-05,3.804855709619771e-05,-34.06254614817412,-34.18673835194685
165,165,3.9250758904411656e-05,3.838341408960619e-05,-34.065606355079055,-34.14868425687008
166,166,3.942922666817711e-05,3.785874114806862e-05,-34.04555759768195,-34.20845857979981
167,167,3.9212512533173214e-05,3.957940708986778e-05,-34.06551687012346,-34.01542742925344
168,168,3.964417893379523e-05,3.8203262336441856e-05,-34.0180873615772,-34.16911576278153
169,169,3.957479375176919e-05,3.941013825456857e-05,-34.02730268492904,-34.03404068581415
170,170,3.9214252724705896e-05,3.786978777498007e-05,-34.06584657769882,-34.20719155686577
171,171,3.9144380203539445e-05,3.793626781675572e-05,-34.06534824402912,-34.199574243848716
172,172,3.8945762425260235e-05,3.8901333219224687e-05,-34.10127220050593,-34.090475413565315
173,173,3.885137236475484e-05,3.8077784809406456e-05,-34.105762963350365,-34.1834035180717
174,174,3.9439553427317936e-05,3.822262806352228e-05,-34.03847757640636,-34.166914825757424
175,175,3.9548210815596156e-05,3.810318766658096e-05,-34.025777826657,-34.18050717250251
176,176,3.9410067159027224e-05,3.7845488182746954e-05,-34.044579198445895,-34.20997915264435
177,177,3.9237868345340176e-05,3.820187990449516e-05,-34.05640114927935,-34.16927292041478
178,178,3.9208316780955615e-05,3.79833800252527e-05,-34.0649162119922,-34.19418418333383
179,179,3.892268233760932e-05,3.844653474516235e-05,-34.08965590693902,-34.141548248325094
180,180,3.9441919576235055e-05,3.8276591352003285e-05,-34.03402936560733,-34.1607877142708
181,181,4.0011899568291724e-05,3.8503700412356444e-05,-33.990050510129784,-34.13509557450725
182,182,3.8775995206603895e-05,3.810773399125441e-05,-34.10792079867053,-34.17998902007028
183,183,3.941828377794513e-05,3.80194672432385e-05,-34.04687515875394,-34.19006000078554
184,184,3.9194515114470106e-05,3.83331659433775e-05,-34.063930099219775,-34.15437337798164
185,185,3.8817242872853256e-05,3.8064873048202377e-05,-34.108111902028824,-34.18487641299134
186,186,3.925474301627453e-05,3.7915379691280816e-05,-34.06724737211797,-34.20196617550964
187,187,3.9281117012448246e-05,3.785888092304384e-05,-34.05711955215439,-34.20844254561945
188,188,3.877316388396364e-05,3.8211339798229014e-05,-34.112659521211334,-34.16819761441799
189,189,3.957675942297804e-05,3.7914280830208504e-05,-34.02690944202301,-34.20209204427836
190,190,3.940444539412712e-05,3.8523963762839375e-05,-34.046769326749214,-34.13281061322825
191,191,3.8440381160267565e-05,3.7893188020557556e-05,-34.14270906694733,-34.20450882225934
192,192,3.8778839693476745e-05,3.8313091384847407e-05,-34.10976931856664,-34.15664831494517
193,193,3.960433391465316e-05,3.819572769938723e-05,-34.020555133461045,-34.16997238439525
194,194,3.960548790403373e-05,3.827644487548816e-05,-34.02666018881844,-34.16080433384473
195,195,3.956993960039738e-05,3.890827678045944e-05,-34.031643051551754,-34.08970030356617
196,196,3.903210966472188e-05,3.842267113596838e-05,-34.08316794290765,-34.14424473360952
197,197,3.944748137074225e-05,3.898478156004689e-05,-34.04286958816593,-34.08116921876712
198,198,3.946566072589065e-05,3.815509281642e-05,-34.04170013588699,-34.17459512636252
199,199,3.9152026184853745e-05,3.789242921476742e-05,-34.06706209259714,-34.20459578999267
200,200,3.9411682871676807e-05,3.8114437062942764e-05,-34.04259454375749,-34.17922517222567
201,201,3.955133310153111e-05,3.795594526117815e-05,-34.02556735297549,-34.19732215358134
202,202,3.935613768618103e-05,3.8202663410246664e-05,-34.0532387714653,-34.16918384921307
203,203,3.9113077833725274e-05,3.794722674923067e-05,-34.07487210779258,-34.19831984617984
204,204,3.954027375847236e-05,3.78668779663521e-05,-34.03277510696026,-34.207525269425936
205,205,3.9537221606768015e-05,3.7814094723312575e-05,-34.03180982101264,-34.21358319233343
206,206,3.9491379960888956e-05,3.7899988360310855e-05,-34.042167810724706,-34.20372950407297
207,207,3.923822381712506e-05,3.776933801035691e-05,-34.065642159023845,-34.21872654056032
208,208,3.922823891547729e-05,3.821196591352897e-05,-34.0653120463534,-34.16812645329318
209,209,3.898124303248682e-05,3.8084159314166754e-05,-34.0887422172898,-34.18267653761431
210,210,3.89139192342667e-05,3.808468433195039e-05,-34.09152232038376,-34.18261666737986
211,211,3.888913330960462e-05,3.798525109519496e-05,-34.09971611022853,-34.193970254152966
212,212,3.97107599467548e-05,3.806345500235789e-05,-34.01087918629098,-34.185038205454454
213,213,3.898814667859979e-05,3.8100439843746194e-05,-34.085106248777265,-34.18082037656743
214,214,3.9091823336346673e-05,3.824773662735855e-05,-34.08312355454308,-34.164062868359665
215,215,3.900415806091371e-05,3.7856549935991336e-05,-34.089502987515544,-34.20870995077137
216,216,3.881603045078215e-05,3.853771283358679e-05,-34.10019759953364,-34.13126090761997
217,217,3.961656221156201e-05,3.783176036545468e-05,-34.026129003651945,-34.21155476895662
218,218,3.969971170515715e-05,3.83176294762004e-05,-34.011839741643335,-34.15613393428605
219,219,3.9229377115279745e-05,3.816239998406289e-05,-34.05866855631605,-34.17376347886496
220,220,3.888318641441298e-05,3.796593457656471e-05,-34.09484813784816,-34.196179319767246
221,221,3.846873665473318e-05,3.793143466617422e-05,-34.15082528791761,-34.20012757828799
222,222,3.853004544879761e-05,3.790014651665268e-05,-34.1429730291707,-34.20371138103753
223,223,3.949053051158997e-05,3.8373084910410016e-05,-34.03213429688571,-34.14985312351017
224,224,3.899742378709243e-05,3.763758458693414e-05,-34.08586743016161,-34.23390282438702
225,225,3.9140157560282626e-05,3.787340009646294e-05,-34.07316032754018,-34.2067773120123
226,226,3.892965156110316e-05,3.767502551598131e-05,-34.08922395049872,-34.229584718773665
227,227,3.933296049825041e-05,3.783301010691119e-05,-34.0516452457919,-34.211411305673764
228,228,3.940835670890892e-05,3.776022276724689e-05,-34.04410458983427,-34.21977479233416
229,229,3.9357925546487565e-05,3.8454687838614186e-05,-34.052073928970906,-34.14062736738436
230,230,3.9632665518474446e-05,3.848644298973101e-05,-34.01098128112449,-34.13704252595127
231,231,3.9247055366976166e-05,3.840813377265524e-05,-34.070996390785815,-34.14588821417729
232,232,3.927951397646708e-05,3.8124862935786185e-05,-34.05509998873981,-34.178037359883945
233,233,3.8855347812977455e-05,3.76672974916322e-05,-34.10678892592332,-34.23047564918532
234,234,3.9408737346505955e-05,3.786018140473109e-05,-34.03823071986708,-34.2082933646858
235,235,3.9457437131054625e-05,3.768681352467913e-05,-34.045305894102434,-34.22822608229743
236,236,3.907646641516866e-05,3.8102477877768446e-05,-34.080771494087294,-34.180588073932185
237,237,3.903944112964157e-05,3.762769349697536e-05,-34.0871507327985,-34.235044292517664
238,238,3.9532926879023904e-05,3.781383680976241e-05,-34.02958802871619,-34.213612813778674
239,239,3.9210686192802184e-05,3.80680543649329e-05,-34.06437556353845,-34.184513461414674
240,240,3.9001976398777546e-05,3.805064759370381e-05,-34.089319063858206,-34.18649974458288
241,241,4.0031887936530655e-05,4.2789044145090307e-05,-33.978498893313535,-33.67679442011883
242,242,3.889665799995539e-05,3.786170188839989e-05,-34.091147791330755,-34.2081189533694
243,243,3.9165911637366625e-05,3.78069843894704e-05,-34.06994879000833,-34.21439989021648
244,244,3.859517089518498e-05,3.779355239729691e-05,-34.137370686318235,-34.21594311739216
245,245,3.8930917784005175e-05,3.770304982409518e-05,-34.09382755362334,-34.22635545008277
246,246,3.934242306865233e-05,3.786447862359254e-05,-34.05405088823043,-34.20780045829563
247,247,3.9067973084831805e-05,3.78027218271439e-05,-34.08297784899357,-34.214889564728324
248,248,3.9361961752706755e-05,3.8411286942918145e-05,-34.05954680033254,-34.14553168859204
249,249,3.860549870446401e-05,3.779061903754298e-05,-34.13164105100387,-34.2162802096513
250,250,3.8695064430021846e-05,3.7732285579151815e-05,-34.12287996933773,-34.22298914232708
251,251,3.845307541850321e-05,3.817516928967578e-05,-34.14434013793923,-34.17231055363565
252,252,3.90307842027732e-05,3.787143099256546e-05,-34.08906813305996,-34.20700311513177
253,253,3.93067864033864e-05,3.810795303587312e-05,-34.05732163069246,-34.17996405673979
254,254,3.922090827566619e-05,3.7839737304143217e-05,-34.06407288530418,-34.21063914271042
255,255,3.9215335117163345e-05,3.7726670837544495e-05,-34.06184991777848,-34.22363544103506
256,256,3.942826792949417e-05,3.8277484763009275e-05,-34.04257510448504,-34.16068634710926
257,257,3.873532241601593e-05,3.769273921773818e-05,-34.12253904472605,-34.227543272249164
258,258,3.871220868643728e-05,3.7618619037522494e-05,-34.11633984600972,-34.236091782435246
259,259,3.897054737479397e-05,3.8105623580601166e-05,-34.08788897348031,-34.180229539509575
