,epoch,train_loss,test_loss,train_dbs,test_dbs
0,0,0.00045750400509934913,0.0004252296302614636,-6.304461040609587,-6.619565832410728
1,1,0.0003966909941866725,0.0003743153984511369,-6.927121092125496,-7.173424087217658
2,2,0.0003545774961821735,0.00034031709257856404,-7.410459534167986,-7.586963397739188
3,3,0.00032315014371859656,0.00030988653184306855,-7.812958281944111,-7.99377400525617
4,4,0.00029462671295029215,0.0002838249293793189,-8.214648529588382,-8.375295635865807
5,5,0.0002714410167998759,0.0002616453918897988,-8.571712011292739,-8.728670117231642
6,6,0.0002496850368694028,0.00024266497884558417,-8.93357253367051,-9.05572998121033
7,7,0.00023340009010070455,0.00022617221417787828,-9.223477391927675,-9.361408523492694
8,8,0.00021825219698360708,0.00021204701854577777,-9.516157819277547,-9.641479315441615
9,9,0.00020642634124144643,0.00020323650019954105,-9.759232666230682,-9.825783944460788
10,10,0.0001996701270325071,0.00019538461224568126,-9.905949402537516,-9.996897447166193
11,11,0.0001928028379046099,0.00018902126880436155,-10.056977367893898,-10.140694280133314
12,12,0.00018592317859863038,0.00018237060315808967,-10.212985185151052,-10.296252675949479
13,13,0.00017958665182621976,0.0001757927966536954,-10.367844240213735,-10.45579026750827
14,14,0.00017283303745945473,0.000171199305393537,-10.532296942309875,-10.57078103769679
15,15,0.00017226385999802193,0.0001720519028726573,-10.546953806575361,-10.549206218261094
16,16,0.0001689783068248983,0.00016410798707511276,-10.629969094882085,-10.754503835331128
17,17,0.0001623647505916732,0.00015731732204777042,-10.800160002900105,-10.93803557079797
18,18,0.00015686820259680202,0.00015376863915375188,-10.950250465285906,-11.03712331159689
19,19,0.00015579979655515287,0.0001530723307759648,-10.982248015884835,-11.056834069605191
20,20,0.00015423189384800373,0.00015087167067624825,-11.02494980358312,-11.119724025288846
21,21,0.00015245697469469735,0.00015035594773699383,-11.075401420477819,-11.134594895810439
22,22,0.0001515064804968376,0.0001492193681004114,-11.104156626724999,-11.167549055029317
23,23,0.00014970287996867538,0.0001472741239826734,-11.15444171909725,-11.224536539114007
24,24,0.00014884636796514032,0.0001489236662899585,-11.180488600350769,-11.176163826589566
25,25,0.00014929717212204928,0.0001470398197661301,-11.166798626222525,-11.231451403461412
26,26,0.00014864478268379768,0.00014730708636833648,-11.18524449454549,-11.223564624968736
27,27,0.00014767556617182882,0.0001452759254454194,-11.209798618265674,-11.283864513642044
28,28,0.00014677462919636812,0.0001455427999118049,-11.240799552944743,-11.27589376550649
29,29,0.00014447397979986903,0.00014055879039101695,-11.31232188102337,-11.427220909641033
30,30,0.0001423629406586376,0.00013815106840889998,-11.37435777753382,-11.50225854115341
31,31,0.00013914081718371796,0.00013586757497825218,-11.473500646946107,-11.574642780517792
32,32,0.00013714609615151895,0.00013461232294120187,-11.533886142861377,-11.614952833206935
33,33,0.00013511336896719758,0.00013221538814066567,-11.601427457180616,-11.692980977679056
34,34,0.00013164851039506437,0.00012762107890969339,-11.71238939070892,-11.84657690221442
35,35,0.00012896613943385747,0.00012678100105595628,-11.801390107187203,-11.875259254372665
36,36,0.00012996739071203376,0.00012688427753011254,-11.768592138846186,-11.871722908715526
37,37,0.00012906635524861072,0.00012629170401181144,-11.799894292361323,-11.89205278973322
38,38,0.0001280781307099291,0.00012457845878088847,-11.832766359799445,-11.951371483439532
39,39,0.00012768799258748876,0.00012493629152518943,-11.846299116107941,-11.938914913826453
40,40,0.00012733305824834124,0.00012582374275600734,-11.859342464787856,-11.908175024776131
41,41,0.00012736183481072507,0.0001244166208045116,-11.85781119346331,-11.957017004637569
42,42,0.0001256013339800645,0.0001222199896705876,-11.917028185666753,-12.034378593731542
43,43,0.00012513118957771833,0.0001238633144806188,-11.931799442042475,-11.976374048597238
44,44,0.0001234601224177354,0.00012177213380039718,-11.989884902070358,-12.050321858520768
45,45,0.00012324876049965542,0.00012143934566809453,-11.999939129847835,-12.062206835333226
46,46,0.00012434743955064105,0.00012225559131413894,-11.9610351816672,-12.033113715056293
47,47,0.00012248868013782542,0.0001207880291315776,-12.026079504393998,-12.085562070035163
48,48,0.00012279898780350064,0.00012126495053771098,-12.016563416540524,-12.068448080916053
49,49,0.00012242734651549326,0.00011988260360483669,-12.03056870615907,-12.118239356891127
50,50,0.00012058988600590065,0.00012018457039774053,-12.09517424834817,-12.107313866425029
51,51,0.00011999272543651331,0.00012011044409040264,-12.114601069880305,-12.109993293406102
52,52,0.0001201318476718764,0.00011873868367585696,-12.109967208149753,-12.159878719773031
53,53,0.00012031532527000364,0.00011963356863768575,-12.103443254714126,-12.127270442349447
54,54,0.00011920887092068388,0.00011772510027329095,-12.145711948044513,-12.197110330239028
55,55,0.00011894499031543616,0.00011879395491345541,-12.15440405402131,-12.15785760856299
56,56,0.00011917275704261031,0.0001163921953871307,-12.14697045074589,-12.246562421334094
57,57,0.00011917280287364229,0.00011703206377875943,-12.145796459405112,-12.222752384735585
58,58,0.00011952150546760807,0.00011708883348068124,-12.135231338151772,-12.22064622769828
59,59,0.0001186637065196938,0.00011675765142028563,-12.166171888589897,-12.232947514806172
60,60,0.00011738726959837427,0.00011620714940363541,-12.211172009555604,-12.253472541098805
61,61,0.00011679084555092315,0.00011668780835431167,-12.234128557956566,-12.235546191095356
62,62,0.00011679039091608708,0.0001158474455893922,-12.233583284192521,-12.266936399185104
63,63,0.00011744466767773589,0.00011477246306113604,-12.20831217344106,-12.307424001852363
64,64,0.00011789075491383442,0.00011785421635355114,-12.192154784255537,-12.192349775908568
65,65,0.00011922619355057567,0.00011886967618729134,-12.144023900577878,-12.155090224058254
66,66,0.00011871465847565859,0.00011678169156718803,-12.161986812645766,-12.232053403942693
67,67,0.00011833560643729648,0.00011663152690744027,-12.175794292834901,-12.237641407272486
68,68,0.00011843216987134715,0.00011577443671596579,-12.17111526369018,-12.269674253794829
69,69,0.00011650386700567491,0.00011506422360023287,-12.243105840946756,-12.296397906578417
70,70,0.00011598795645488618,0.00011483177858233256,-12.264673781023932,-12.30518010566512
71,71,0.00011555117966916853,0.0001152499810957938,-12.278906202218277,-12.28939239227298
72,72,0.00011611032928580168,0.0001142841398464761,-12.26062035557095,-12.325941381060176
73,73,0.00011626516893978912,0.00011394784049020688,-12.251783020268052,-12.338740030941162
74,74,0.00011615183127302312,0.0001155329645323371,-12.257709357621723,-12.278741847344683
75,75,0.00011629129502833485,0.00011538179349276776,-12.252703768691537,-12.284428167114733
76,76,0.00011639202203536791,0.00011624556684278344,-12.247049492305411,-12.252037024899883
77,77,0.00011656641983847163,0.00011530153546788681,-12.244180773473968,-12.287450112298
78,78,0.00011537802395454041,0.00011287597283769988,-12.288002635187887,-12.379785956858635
79,79,0.00011513356880594486,0.0001128898549818826,-12.293588440946806,-12.379251869066755
80,80,0.00011441768193557455,0.00011387851593194922,-12.322048063909428,-12.341383032788158
81,81,0.00011496831065574276,0.0001134198732631232,-12.29995124246618,-12.358909443887875
82,82,0.00011480949135297986,0.00011219907173654065,-12.310081317452983,-12.405908381927597
83,83,0.00011315805135119572,0.00011090670848620663,-12.370933990437798,-12.456222856561412
84,84,0.00011146375640912327,0.0001099168523643656,-12.436878028472815,-12.495158188396726
85,85,0.0001121844691146386,0.00011011437661516921,-12.407199635178197,-12.487360775674194
86,86,0.00011185673177998378,0.00010970993332050152,-12.418864318193199,-12.503341509502953
87,87,0.00011197745746911321,0.00010947738605624948,-12.415322670555444,-12.512556826504609
88,88,0.00011120742247211891,0.0001091078217876585,-12.446189278631364,-12.527242163821864
89,89,0.00011006846289467259,0.00010878453299243886,-12.490292870213695,-12.54012950381081
90,90,0.0001103334579966031,0.0001087770445002733,-12.478923214513188,-12.540428473037274
91,91,0.00011060504669133938,0.0001085975221174426,-12.469247209546921,-12.547601860354865
92,92,0.00011023966085163338,0.0001067577410905965,-12.481955795082026,-12.62180726167816
93,93,0.00010948811218768992,0.00010770362438817851,-12.515206474954166,-12.58349783849315
94,94,0.00010860361107541056,0.00010855084723229275,-12.549433283227744,-12.549468846087885
95,95,0.00010863975188202829,0.00010686938797957019,-12.54616978435987,-12.617267797760016
96,96,0.00010825604825645455,0.00010588993571122716,-12.561747973150027,-12.657254174199581
97,97,0.00010792177883708926,0.00010772853611821407,-12.576379934216806,-12.582493436280231
98,98,0.0001077084764886225,0.00010627314584685097,-12.584203836726779,-12.64156565505944
99,99,0.00010787489331632219,0.0001062441017558357,-12.576514348892768,-12.642752729396289
100,100,0.00010775353679416662,0.00010675251044296219,-12.585130902647954,-12.622020051592319
101,101,0.00010780087004886153,0.0001077154807525834,-12.578260052021387,-12.583019779349945
102,102,0.00010799631869754053,0.00010507378618441228,-12.575825664399398,-12.690857203292701
103,103,0.00010728844475677986,0.00010456259769853204,-12.602553813050879,-12.712037379609452
104,104,0.00010607397596630239,0.00010519253440801741,-12.649573322942327,-12.685951833418432
105,105,0.00010549532798342119,0.00010650806583917553,-12.676678053958458,-12.631976039792193
106,106,0.00010676515038418056,0.00010575747690286095,-12.622382880414598,-12.662690209193169
107,107,0.00010725487273824929,0.0001059266570863608,-12.60203242878422,-12.655748353476323
108,108,0.00010718946870519616,0.00010622366780329398,-12.60597155702089,-12.643588089307878
109,109,0.00010678689552113395,0.00010612631089507456,-12.62214638585853,-12.647570342683794
110,110,0.00010762586909137455,0.00010616765326918347,-12.587749644384072,-12.64587884238684
111,111,0.00010728803625301525,0.00010467372186739292,-12.603458555119555,-12.707424354683381
112,112,0.0001064787505400972,0.00010420249677018116,-12.633106406818941,-12.727019769420567
113,113,0.00010753066836167415,0.00010592852662452252,-12.592247022016235,-12.655671703937411
114,114,0.00010754226106242997,0.00010555323043311211,-12.588802938322956,-12.671085727196232
115,115,0.00010827890443963661,0.00010604504304386577,-12.56275697998073,-12.650897293321275
116,116,0.00010792304260341796,0.00010590649617370218,-12.578750458370163,-12.656575020408242
117,117,0.0001074455754372973,0.00010642101245282806,-12.595687951822708,-12.635527157162482
118,118,0.0001077562225976546,0.00010631603340459008,-12.583032275821964,-12.639813371148596
119,119,0.00010782982063414914,0.00010591438560942678,-12.580285777184168,-12.656251507601263
120,120,0.00010717423622539631,0.00010618902313964147,-12.60820723112867,-12.645004764207886
121,121,0.00010734492299007732,0.00010716918806888556,-12.598618903527758,-12.605101616129062
122,122,0.00010897070609006704,0.00010867767942775237,-12.533801278607818,-12.544397456089353
123,123,0.00011106736148820383,0.00010770551115887141,-12.450721588567093,-12.583421758702151
124,124,0.00010948280696445097,0.00010888760535683679,-12.512254778908973,-12.536016550928563
125,125,0.0001100017399630346,0.00010908876375699612,-12.494810969205218,-12.528000818917494
126,126,0.0001104583526594257,0.00010812799959431256,-12.475382825718917,-12.566419335872363
127,127,0.00010903550501848024,0.00010784715145985644,-12.530352614412077,-12.577714233753108
128,128,0.00010770470964285478,0.00010654235742741118,-12.585031347642433,-12.630578000074955
129,129,0.00010732880464368548,0.0001057754557941256,-12.600571668580596,-12.661951966387546
130,130,0.00010640069841738484,0.00010409990040658925,-12.636325897555183,-12.731297880357193
131,131,0.00010577863141997554,0.0001034795557069102,-12.662793586175427,-12.75725546662632
132,132,0.00010531740689160513,0.0001029117468677118,-12.684295483299639,-12.781151518902208
133,133,0.00010504996121714622,0.00010285257801450298,-12.692773037191627,-12.783649202324455
134,134,0.00010533689025587872,0.00010319057994485392,-12.683116409077533,-12.769400487991655
135,135,0.0001050618400805649,0.00010255554240613587,-12.690335233105543,-12.796209661501818
136,136,0.00010526876478964827,0.00010313781967852265,-12.683738292545073,-12.77162155819553
137,137,0.00010573958810634872,0.00010403875057818368,-12.66562785052673,-12.733849740252921
138,138,0.0001062049792080964,0.0001042740217311994,-12.647950897967764,-12.72403977941204
139,139,0.00010611949165678132,0.00010518705599487906,-12.64928525589273,-12.68617801929431
140,140,0.00010709126060468519,0.0001052785346952365,-12.608840456447702,-12.68240270408497
141,141,0.00010675227651480567,0.00010524022601250755,-12.620882489869821,-12.683983299528897
142,142,0.00010713933195652364,0.0001059356957404433,-12.607297257115702,-12.655377788574926
143,143,0.00010736957715989869,0.00010588908901952796,-12.59766615992385,-12.657288900351833
144,144,0.00010725736254094092,0.00010640223320622586,-12.60134242261638,-12.636293588777558
145,145,0.00010706862472549811,0.00010673322609172349,-12.609658558197882,-12.622804655518443
146,146,0.00010804735773996709,0.00010449381883709545,-12.571835910020074,-12.714895008336299
147,147,0.0001082373473951689,0.00010517257109504978,-12.563104772533373,-12.686776110493058
148,148,0.00010639475073458954,0.000105882595801775,-12.637496002429934,-12.657555221946541
149,149,0.00010680885953689474,0.00010567181092674697,-12.622228002383851,-12.666209519420333
150,150,0.0001066402436447685,0.00010376557781312026,-12.62565898042832,-12.745267932908519
151,151,0.00010536227524688602,0.00010326367689566196,-12.677470408544849,-12.76632517201685
152,152,0.00010514439039530003,0.00010377400720148886,-12.68964203596209,-12.744915148464429
153,153,0.00010452628159384272,0.00010285617157167412,-12.714660651067781,-12.783497467208363
154,154,0.00010437718387057084,0.00010018634661958601,-12.719547985272609,-12.89771562076229
155,155,0.00010258709854619174,0.00010146807203694295,-12.796370973009626,-12.842506934930853
156,156,0.00010225787549099606,0.00010013728139088734,-12.810774259853124,-12.899843054127478
157,157,0.00010192221988919046,9.855118734872361e-05,-12.824625992975498,-12.969182410079924
158,158,0.00010090005548356447,9.873773141359714e-05,-12.868623576831386,-12.960969573529526
159,159,9.97396383570152e-05,9.850124211209875e-05,-12.917677224052662,-12.971383950166222
