,epoch,train_loss,test_loss,train_dbs,test_dbs
0,0,0.00021778759213534097,0.00021224532285582667,-20.599681961761462,-20.71750812211033
1,1,0.0001856072698707798,0.00018915923321497088,-21.29053275021086,-21.217613960320705
2,2,0.0001740446092186438,0.0001713277662546668,-21.57873665956275,-21.647611882458733
3,3,0.00015405157079005652,0.0001512545897735675,-22.10545640491679,-22.188803788462018
4,4,0.00014294782511232247,0.00013508850985856138,-22.42516442939928,-22.67970529831274
5,5,0.0001260774598196485,0.00012133954288928133,-22.972070269086963,-23.145865863663488
6,6,0.00011065130347935675,0.00010734873304547938,-23.53505636284779,-23.677920177430664
7,7,9.99164670050509e-05,9.667252590205815e-05,-23.985225845299148,-24.132858747244867
8,8,8.928501236218882e-05,8.777351084925038e-05,-24.467668270408808,-24.552254708697554
9,9,67002.13994684596,9.258451839406534e-05,64.27615586061886,-24.32050569102686
10,10,9.291416190723053e-05,9.267814733137034e-05,-24.302390149785694,-24.31611597395993
11,11,216338.51555390586,9.541151781664475e-05,69.37648110971662,-24.189881361948636
12,12,9.374292213325724e-05,9.592365485763079e-05,-24.269607872169363,-24.1666322312279
13,13,9.369725169741174e-05,9.48087154507735e-05,-24.266142926032135,-24.21740678477335
14,14,9.057745038946975e-05,9.418499777032259e-05,-24.404408505043087,-24.246072090690703
15,15,9.256596525485348e-05,9.29166597320306e-05,-24.317115469589233,-24.30495351977965
16,16,9.179592553223723e-05,9.436512444058041e-05,-24.351833648219525,-24.237774239507427
17,17,9.058483781175419e-05,9.43254153274833e-05,-24.40710261221095,-24.239602147676553
18,18,9.003971826666774e-05,9.243634275136221e-05,-24.446955214571318,-24.3274618663833
19,19,9.17526307340577e-05,9.171075285657455e-05,-24.36354026004452,-24.361686823038685
20,20,8.878318352724386e-05,9.217110652427532e-05,-24.493588496456272,-24.339941396276423
21,21,8.696578384542684e-05,9.088782060548271e-05,-24.584423702024026,-24.400832512797063
22,22,8.923599866132453e-05,9.063272476563917e-05,-24.469535091249362,-24.413039041629013
23,23,8.734798581086186e-05,9.100045242935027e-05,-24.566751645187168,-24.395453893820868
24,24,8.665436790888822e-05,8.981999379006753e-05,-24.600205741401112,-24.45215920201232
25,25,8.53975592709156e-05,8.895602360625114e-05,-24.665561696594978,-24.494135794838165
26,26,8.646878065810222e-05,8.753383735893294e-05,-24.60705722731925,-24.564129731646588
27,27,8.421263229353929e-05,8.782881789221919e-05,-24.730478477516233,-24.549519033773638
28,28,6791.860265967969,9.056954877451062e-05,54.34254474554997,-24.416067368471893
29,29,9.005177224063333e-05,8.954138052343439e-05,-24.441260017689807,-24.46565154974538
30,30,8.949290319842756e-05,8.983217527489422e-05,-24.46634236471919,-24.451570247069306
31,31,8.600205366803362e-05,8.875814245057929e-05,-24.628698118157743,-24.503807362547644
32,32,8.411189823557824e-05,8.823581026119523e-05,-24.73285242427402,-24.5294406277123
33,33,8.660630150770135e-05,8.544425892116698e-05,-24.602731525159985,-24.669060535129983
34,34,8.672127116425923e-05,8.825212908528843e-05,-24.598432342179954,-24.528637493481003
35,35,8.590498815540263e-05,8.583689333662685e-05,-24.64381518028221,-24.649149499213344
36,36,8.894682810257775e-05,8.640819712462344e-05,-24.488165224598987,-24.620339970673427
37,37,8.589939455670957e-05,8.732473954870856e-05,-24.639608039834545,-24.574516418996964
38,38,8.380514074965457e-05,8.414004179557148e-05,-24.752042801969708,-24.73586217490199
39,39,8.184162836243427e-05,8.464474299934839e-05,-24.85102378138542,-24.709889501907764
40,40,7.721257902959064e-05,8.247643716841642e-05,-25.101073223768715,-24.822590489503412
41,41,7.785433791871855e-05,8.194374267508178e-05,-25.065152146498182,-24.850731449897197
42,42,8.051088140568139e-05,8.060557880334703e-05,-24.92367741423317,-24.92223840043895
43,43,7.643758910546108e-05,7.992777529197108e-05,-25.14110978484696,-24.958912159073204
44,44,7.826078888814963e-05,7.80646001466697e-05,-25.04135884265606,-25.061348013426333
45,45,7.710530744870338e-05,7.840376527287605e-05,-25.112191152671457,-25.04252021100519
46,46,7.460246755370688e-05,7.633547379794579e-05,-25.25098768452905,-25.158625353916545
47,47,7.542653358691449e-05,7.594666634471842e-05,-25.20201787375597,-25.180802255058154
48,48,7.269094304629295e-05,7.529142117403496e-05,-25.375948799837637,-25.218434460959752
49,49,7.227492415509427e-05,7.438708723240875e-05,-25.39327799613147,-25.270913874853175
50,50,7.217457977341987e-05,7.340732477850427e-05,-25.39196690867007,-25.328495437627808
51,51,7.218168789644475e-05,7.218056768914194e-05,-25.38795448769166,-25.401686475051836
52,52,7.198774477091291e-05,7.196649637894313e-05,-25.411454621197223,-25.414585809173204
53,53,6.727789322840837e-05,7.026754629853378e-05,-25.69671196167394,-25.51834152408243
54,54,7.125380906257203e-05,7.041282132329223e-05,-25.457720967681272,-25.509371947857346
55,55,6.746210498566087e-05,6.992044425140576e-05,-25.686741529634453,-25.53984761903093
56,56,6.557040933799239e-05,6.707296051899903e-05,-25.804181165408306,-25.720414649073014
57,57,6.627955128313955e-05,6.596238898438107e-05,-25.770061059842888,-25.792925646397453
58,58,6.441427248103434e-05,6.528201916616556e-05,-25.890304417687734,-25.837953622644992
59,59,6.306795608138272e-05,6.487407785913859e-05,-25.98312353584127,-25.865177432019596
60,60,5.975135590955519e-05,6.475121240088668e-05,-26.210853300204256,-25.87341036348045
61,61,6.051226119245595e-05,6.375357713152066e-05,-26.158996305393067,-25.940843834053574
62,62,5.997963660437441e-05,6.379940972884039e-05,-26.205775480408903,-25.937722802480128
63,63,6.294214048485282e-05,6.063099595178899e-05,-25.987792867824897,-26.158942386934093
64,64,5.6909367165494636e-05,5.9548322353389505e-05,-26.41599972291294,-26.237194102288232
65,65,5.901688770613076e-05,5.836616343769588e-05,-26.259611649043894,-26.324277939785432
66,66,5.485118847516169e-05,5.6697603500460424e-05,-26.58263921588786,-26.450242384202916
67,67,5.792462147415865e-05,5.758912084274925e-05,-26.357910810262602,-26.382484922739913
68,68,5.8564832572076355e-05,5.741843759958436e-05,-26.304207428916065,-26.395375700717807
69,69,5.677606704640058e-05,5.601304196476887e-05,-26.436328191106316,-26.502997818621516
70,70,5.5357734605966415e-05,5.648489049666463e-05,-26.54199641173133,-26.46656649746102
71,71,5.3329185152740806e-05,5.3433374169368396e-05,-26.712797889379264,-26.707763413611374
72,72,5.412461044769086e-05,5.307044748884724e-05,-26.64496843755851,-26.73736191295528
73,73,5.238078106746807e-05,5.317946440635225e-05,-26.78844095145645,-26.72844981854004
74,74,5.4056116457957744e-05,5.2449617023261165e-05,-26.642661061599192,-26.788466194932127
75,75,4.967641503641324e-05,5.260076068225317e-05,-27.011141570099433,-26.775969161831945
76,76,5.318025423267247e-05,5.0149360264951705e-05,-26.71686233244506,-26.98323543628664
77,77,5.303909017232765e-05,5.036630538693556e-05,-26.73076860330369,-26.964488464848294
78,78,5.4370453710230935e-05,5.115989714747564e-05,-26.62525747408127,-26.896592782056775
79,79,4.9814263529134625e-05,5.1122967833132284e-05,-27.01298132044256,-26.899728829945097
80,80,4.885839134845979e-05,5.0305648887603494e-05,-27.094040825322253,-26.969721856080046
81,81,5.022619104435302e-05,4.9662903333419785e-05,-26.963631673657652,-27.025568357351695
82,82,5.027110995628784e-05,5.2131551695454524e-05,-26.964981830281594,-26.81488289008736
83,83,4.8267618694808334e-05,5.0118880704088186e-05,-27.13562287551649,-26.985875774917034
84,84,4.919484188613967e-05,5.1008372362335454e-05,-27.06265619714028,-26.909474751502287
85,85,4.919180426759809e-05,5.074728477139663e-05,-27.05883425773752,-26.931761305796012
86,86,210.32155141182477,5.471630184298479e-05,39.252195856551964,-26.604722042267326
87,87,5.066781046742708e-05,5.53446803487053e-05,-26.925941554372457,-26.55513057443789
88,88,5.449151034291699e-05,5.459462772705592e-05,-26.62485221618524,-26.61439031956952
89,89,5.160449947333731e-05,5.398124142773572e-05,-26.8565819149482,-26.663460729263676
90,90,5.558815975802514e-05,5.345935240161213e-05,-26.531026353786782,-26.70565247426179
91,91,5.7784726674615685e-05,5.230156354005694e-05,-26.361280709321345,-26.80074268733096
92,92,0.00033235701381066244,5.253537337442762e-05,-18.76012715232745,-26.781371177207774
93,93,5.164674300815641e-05,5.325598996071341e-05,-26.849794972538007,-26.72220478827112
94,94,5.083629407964349e-05,5.383363800080444e-05,-26.917261521381526,-26.675352110901418
95,95,5.647548598587782e-05,5.314161458763441e-05,-26.46498983714119,-26.73154195572678
96,96,5.215612972532063e-05,5.36311076996897e-05,-26.810939586439154,-26.69172173905347
97,97,5.25753246282753e-05,5.216258719692154e-05,-26.765753539603303,-26.812298171986953
98,98,5.099548650026374e-05,5.282088635507726e-05,-26.901599330296655,-26.757832563390167
99,99,5.2513321392813015e-05,5.254346443076716e-05,-26.780058271166517,-26.780702364875744
100,100,5.4035291167068504e-05,5.01213735811976e-05,-26.660788480427236,-26.985659765334727
101,101,5.254624345080001e-05,5.4626945616052436e-05,-26.77137800855966,-26.61182022634747
102,102,5.287527059896167e-05,5.334942819133989e-05,-26.741705322059683,-26.714591719619484
103,103,5.269670886657868e-05,5.2406527653434556e-05,-26.754799661816058,-26.792035556871852
104,104,5.363763201100867e-05,5.280613272349767e-05,-26.686715788286065,-26.759045779644985
105,105,5.191744939926964e-05,5.170703700155412e-05,-26.8337854406369,-26.850392890463418
106,106,5.165571754557661e-05,5.272671995427165e-05,-26.85252880326366,-26.765581855019068
107,107,5.304650600460123e-05,5.247968060996898e-05,-26.730629507571297,-26.785977576316505
108,108,5.151522829279558e-05,5.337968976068384e-05,-26.867211138189294,-26.712128955345932
109,109,5.402227652291575e-05,5.242066838132144e-05,-26.652642840202155,-26.790863868538878
110,110,5.299921685571124e-05,5.3333945145009477e-05,-26.74044211132694,-26.7158523099854
111,111,5.477414195354999e-05,5.250188214152953e-05,-26.59145289852581,-26.784140681810925
112,112,5.274206405468333e-05,5.226145271751049e-05,-26.75508723067219,-26.804074632099667
113,113,5.3663935554159815e-05,5.361677396745348e-05,-26.68257585835251,-26.69288261249089
114,114,4.899971810521764e-05,5.387206558799861e-05,-27.073535698289387,-26.67225313114021
115,115,5.168926850508553e-05,5.3916431505441374e-05,-26.843977543642374,-26.66867800489991
116,116,5.2922128291066124e-05,5.291855297017671e-05,-26.74086969493526,-26.749809807768088
117,117,5.510986999613977e-05,5.174925478824758e-05,-26.566331015612022,-26.846848407571237
118,118,6.265429728205397e-05,5.486404408752845e-05,-26.008490006594435,-26.593011241414636
119,119,5.112742352120569e-05,5.285558472678531e-05,-26.890783024414997,-26.754980592322035
120,120,5.4573767069011886e-05,5.251192248435569e-05,-26.619720021180445,-26.78331022613614
121,121,4.7593469942737485e-05,5.171873147590208e-05,-27.204076999638282,-26.849410766612756
122,122,5.154140403787678e-05,5.303034001707075e-05,-26.855756037724113,-26.740645291884828
123,123,5.3804670408015264e-05,5.518016137342018e-05,-26.663381385089,-26.56805974670215
124,124,5.372904551100855e-05,5.4610749142930694e-05,-26.67587555847668,-26.613108067320333
125,125,5.2236548915821054e-05,5.238694977474791e-05,-26.79577771503152,-26.79365828473404
126,126,5.59192864887702e-05,5.424344147429924e-05,-26.501420636985905,-26.642417053621244
127,127,4.978490355871642e-05,5.246414375984674e-05,-26.99861753441683,-26.78726351541089
128,128,5.029267242544969e-05,5.4114322426214224e-05,-26.959439639529513,-26.652767159532292
129,129,5.245158333600182e-05,5.207187496125698e-05,-26.783494923535876,-26.819857252260462
130,130,5.202183137484586e-05,5.235080808281629e-05,-26.814691645660492,-26.79665551100976
131,131,4.9127195939270437e-05,5.198506426639046e-05,-27.062315791841016,-26.827103556981164
132,132,5.1684300057420786e-05,5.2551415520658915e-05,-26.846284949061143,-26.78004522259188
133,133,5.095175460080578e-05,4.8678531751839295e-05,-26.90199607028454,-27.112514703925527
134,134,5.1226848975686864e-05,5.41854539111036e-05,-26.882694530869866,-26.64706225101559
135,135,5.379757554298531e-05,5.1157380527767694e-05,-26.666920574650423,-26.896806422231194
136,136,5.047214609035531e-05,5.2021952414131524e-05,-26.942216079661762,-26.824022934116552
137,137,5.08210711448499e-05,5.234719135746433e-05,-26.914984125486214,-26.796955559505804
138,138,5.2069247384182386e-05,5.2516341384034604e-05,-26.80680160398765,-26.78294478093557
139,139,5.280320486413872e-05,5.3826245819341e-05,-26.757414824417765,-26.675948504564488
140,140,5.347243036199289e-05,5.229623533714881e-05,-26.68856889004058,-26.801185145804904
141,141,5.5241720399431666e-05,5.268031600280665e-05,-26.56349004974992,-26.769405694894406
142,142,5.271104415329581e-05,5.3746155332957736e-05,-26.762413965155755,-26.682415379402933
143,143,5.2055606032546475e-05,5.1396808454515654e-05,-26.818511872367772,-26.87652789097784
144,144,4.644350501058801e-05,5.237290574050827e-05,-27.30447850566813,-26.79482270913697
145,145,5.09306413095118e-05,5.11916521071199e-05,-26.913674552960657,-26.893897951487137
146,146,5.366742707619122e-05,5.219822589041494e-05,-26.683011556421263,-26.809331984187104
147,147,5.0767972781388906e-05,5.1155510319452e-05,-26.93040431831303,-26.896965194238295
148,148,5.419076917382178e-05,5.0652301740085116e-05,-26.642483051815752,-26.93989755562843
149,149,5.353175608255809e-05,5.3207528062079e-05,-26.6961440449637,-26.726158581458495
150,150,4.922142060300739e-05,5.149558178106274e-05,-27.052269625936653,-26.86818971868786
151,151,5.015259090758207e-05,5.1329891951019435e-05,-26.97471589568979,-26.88218590826302
152,152,5.2010933303012576e-05,5.320797582068113e-05,-26.813976217535508,-26.726122034323346
153,153,5.4960751645152995e-05,5.373807892426971e-05,-26.577810813958354,-26.68306804065277
154,154,5.1613024176553265e-05,5.437479969834002e-05,-26.859263692206845,-26.631912707564915
155,155,5.126419545348719e-05,5.163901828621563e-05,-26.873288816987863,-26.856109636384836
156,156,5.041410142589437e-05,5.230788395381655e-05,-26.95047188002838,-26.800217893273015
157,157,4.8959422126723235e-05,5.095113967974229e-05,-27.07769392474787,-26.914350381121835
158,158,4.832369472517046e-05,5.231769366793359e-05,-27.127545399883843,-26.799403502601173
159,159,5.1637577008037135e-05,4.9256759762341206e-05,-26.852753316754573,-27.0612310147877
160,160,4.98948074610527e-05,5.010758286516648e-05,-27.003079541639018,-26.98685487543543
161,161,5.054487159326265e-05,5.013024431383727e-05,-26.941188138973487,-26.984891197140655
162,162,5.0336784512445465e-05,5.204247004018582e-05,-26.957313871497778,-26.822310400345174
163,163,5.0559614089824084e-05,5.114239234229133e-05,-26.934960407111774,-26.898079012797147
164,164,4.956314210316704e-05,5.142674710537234e-05,-27.023446664311813,-26.873998861290175
165,165,5.0048152880878766e-05,5.1790991978793355e-05,-26.989807732581937,-26.84334711544727
166,166,5.0442640094468175e-05,5.210252177340934e-05,-26.950063764709682,-26.81730197146079
167,167,5.0969155240964777e-05,5.123775257456337e-05,-26.90583505432003,-26.889988687338246
168,168,5.317158764828304e-05,5.214200006632478e-05,-26.723719912723535,-26.81401255053292
169,169,5.011813439138968e-05,5.095758703981502e-05,-26.976419777377924,-26.913800859408372
170,170,4.8505890760876807e-05,5.081066056415071e-05,-27.124650728726213,-26.926340999081223
171,171,5.056169244461362e-05,5.026561053742434e-05,-26.942046432871706,-26.97317978940322
172,172,5.059395720984201e-05,5.0585709782593e-05,-26.932592473259433,-26.94561092818761
173,173,4.82330649845739e-05,5.089389713631183e-05,-27.13723946106921,-26.919232332002693
174,174,4.6979729566223845e-05,5.241036418929549e-05,-27.26297116129924,-26.79171763362008
175,175,5.119115102735526e-05,4.96940652067822e-05,-26.89349393710982,-27.022844153847974
176,176,4.9236696644790575e-05,5.0326781332076186e-05,-27.054432399399136,-26.967897850808885
177,177,4.8088539825613157e-05,4.9592171451781485e-05,-27.163317479229583,-27.031758160977684
178,178,5.22114297785537e-05,5.1242629859571985e-05,-26.814475925671466,-26.889575305202623
179,179,4.968855720323621e-05,4.848763963213729e-05,-27.013105698447,-27.12957897633714
180,180,5.001766941259308e-05,5.026756058980123e-05,-26.983787798499968,-26.97301130829846
181,181,5.081997690083262e-05,4.953932559721196e-05,-26.92333700777507,-27.036388508725526
182,182,5.054926443391974e-05,4.80851015852654e-05,-26.941442646005058,-27.165784030221296
183,183,4.923016416627827e-05,4.778159525717216e-05,-27.061199851480122,-27.193282957010467
184,184,4.571338985508341e-05,4.910252171516492e-05,-27.38215144840511,-27.074851445251696
185,185,4.8179318179519245e-05,4.9267952004141224e-05,-27.146909586782705,-27.060244312307148
186,186,4.954656274609997e-05,4.896078969881943e-05,-27.035711317925962,-27.08740526881334
187,187,5.022899684488423e-05,4.9227577236658695e-05,-26.963998213039623,-27.06380478654249
188,188,4.896938463792411e-05,4.751974799881665e-05,-27.079006922488897,-27.217148120224643
189,189,4.709980641995777e-05,4.872660926929185e-05,-27.24997667423458,-27.10822749649274
190,190,5.0452354454258985e-05,4.9872231676617e-05,-26.96243085198034,-27.007301384915216
191,191,4.730578540457105e-05,4.846264671773257e-05,-27.229013775922454,-27.131818120843413
192,192,4.711482834704604e-05,4.72335171875066e-05,-27.2497579878014,-27.243386549006008
193,193,4.988071147458071e-05,4.634406056873942e-05,-27.00096772186143,-27.325948578152456
194,194,4.812979810575945e-05,4.8751130012341924e-05,-27.15430065473853,-27.10604254150673
195,195,4.433395830328101e-05,4.717031046503076e-05,-27.51168630924202,-27.249202062121274
196,196,0.004530116570432377,4.5590439089880275e-05,-7.420882976407285,-27.39715165909971
197,197,4.71866208021517e-05,4.594322844671919e-05,-27.246089815436164,-27.363674309455476
198,198,4.7107827825682984e-05,4.636066641021324e-05,-27.24160776084355,-27.324392708105357
199,199,4.5609816842227596e-05,4.587732445016675e-05,-27.391065360660903,-27.36990858839413
200,200,4.4976283329420185e-05,4.5916555073314446e-05,-27.460622409479644,-27.366196435845307
201,201,4.6188181962880316e-05,4.648436869932706e-05,-27.32365627901062,-27.31282003687167
202,202,4.5820305195334606e-05,4.4698952861883876e-05,-27.374271103871422,-27.48291591631967
203,203,4048462.845411759,4.845576347035699e-05,82.08871257959446,-27.132435001857456
204,204,4.727838951140191e-05,4.65954059396417e-05,-27.228731702397276,-27.30245841237992
205,205,4.809077650749067e-05,4.8018162296533485e-05,-27.155076783834417,-27.171834057503613
206,206,4.982877357010177e-05,4.6696941832411345e-05,-27.009091790879896,-27.293005012093765
207,207,4.829545731499633e-05,4.7114516315846946e-05,-27.140985991972833,-27.254342039521404
208,208,4.756217595527654e-05,4.632236844994814e-05,-27.202318775074797,-27.3279818425749
209,209,4.65174147693594e-05,4.712325244327076e-05,-27.30217612783132,-27.253536831165096
210,210,4.619699127230428e-05,4.755485612182192e-05,-27.330256937173463,-27.213940688560797
211,211,4.6171335758192505e-05,4.6065469225715405e-05,-27.33125776177896,-27.35213441630178
212,212,4.65527605463405e-05,4.7437189335285345e-05,-27.312894333809968,-27.224699918344072
213,213,4.90809864262251e-05,4.6738522781340995e-05,-27.060909076810276,-27.289139589485927
214,214,4.871442441296879e-05,4.7936085282248985e-05,-27.100280081459076,-27.179263765721412
215,215,4.374095414343323e-05,4.709472073284958e-05,-27.567554702914727,-27.256167149851912
216,216,4.720898306407706e-05,4.787787187715845e-05,-27.248184852374465,-27.18454102687709
217,217,4.7370293763491386e-05,4.8869119908838334e-05,-27.21950730689172,-27.09554423076427
218,218,4.843818103686364e-05,4.7558831475295226e-05,-27.139579550243145,-27.21357765478055
219,219,4.836578349587051e-05,5.023855862275109e-05,-27.136346829163493,-26.975517701879763
220,220,4.9852769922095435e-05,4.727866134520522e-05,-26.999965300162145,-27.239237695308184
221,221,4.66870397880503e-05,4.826551297523302e-05,-27.289842684230017,-27.14952014585242
222,222,4.252706069742886e-05,4.808189978097002e-05,-27.692174820619563,-27.166073220051146
223,223,4.5305693084188044e-05,4.699681831928166e-05,-27.407147874770942,-27.265204836715156
224,224,4.734816258823014e-05,4.743610655790881e-05,-27.23265158346647,-27.22479904934513
225,225,4.592700801386507e-05,4.643384464112674e-05,-27.36076844418848,-27.317542969234108
226,226,4.60622107583703e-05,4.872619884784064e-05,-27.3475164350167,-27.108264077023353
227,227,4.318668926344733e-05,4.662890310818942e-05,-27.618288680932558,-27.299337416100236
228,228,4.657568686375318e-05,4.788697649354091e-05,-27.29952108192795,-27.183715236467783
229,229,4.774421115106418e-05,4.794217899248715e-05,-27.185375886425692,-27.178711718861926
230,230,4.8178363078815106e-05,4.921444020797744e-05,-27.149264705122814,-27.064963913355783
231,231,4.548753267298116e-05,4.820727420002712e-05,-27.395567147397383,-27.154763651822922
232,232,4.797110768870964e-05,4.8902192104019616e-05,-27.172529290363457,-27.092606135299707
233,233,5.00187647442535e-05,4.907569334471574e-05,-26.977744479101233,-27.077224968446725
234,234,4.654497566549515e-05,4.723956599742738e-05,-27.31056649522358,-27.242830419220525
235,235,4.8524806919248445e-05,4.85095997167886e-05,-27.123434760986257,-27.12761249897899
236,236,5.163917586221792e-05,4.753318027819899e-05,-26.848992357832273,-27.21592068516089
237,237,4.67731893764984e-05,4.792821221742901e-05,-27.280323035568866,-27.179977113381355
238,238,4.7311702802130404e-05,4.836534035827131e-05,-27.230573416230598,-27.140546925493876
239,239,4.507139209701713e-05,4.662117565825802e-05,-27.43500079459826,-27.30005719862835
240,240,4.9190236786296396e-05,4.928263421645266e-05,-27.057350823524004,-27.058950275593475
241,241,4.775208009922392e-05,4.683463023531275e-05,-27.190801803531457,-27.28021845126179
242,242,4.7865908593089394e-05,4.718072513672891e-05,-27.184929847274436,-27.248243294803274
243,243,4.5723020841401144e-05,4.829989264085031e-05,-27.378488247856385,-27.146427754824217
244,244,4.655457349744933e-05,4.710855453020869e-05,-27.299658051931246,-27.254891622672368
245,245,4.6983470852377576e-05,4.770883797870116e-05,-27.26094024750782,-27.199901021166667
246,246,4.5675780448928166e-05,4.678390149293639e-05,-27.383251772779637,-27.284925043992416
247,247,4.5371463427952605e-05,4.704172811455608e-05,-27.417513361586487,-27.261056733943793
248,248,4.621289675943097e-05,4.774070494979816e-05,-27.339445702034944,-27.19700113295516
249,249,4.5128972787912885e-05,4.830753708742314e-05,-27.430548299829425,-27.145740449307432
250,250,4.525141325898075e-05,4.822090293026505e-05,-27.415953949232133,-27.15353602675456
251,251,4.888043573729876e-05,4.893544313458015e-05,-27.089871584331988,-27.089654154784068
252,252,4.894236728207559e-05,4.720357738781451e-05,-27.077035299977087,-27.24614027417929
253,253,4.7332883771081674e-05,4.843539356538953e-05,-27.227505447677917,-27.134261079226178
254,254,4.7728502377327626e-05,4.629610138133438e-05,-27.183960312816403,-27.330445205072976
255,255,4.757966750740079e-05,4.890810630872453e-05,-27.212681914762676,-27.092080933656728
256,256,4.3289023263232315e-05,4.7670676059696184e-05,-27.6171421902066,-27.203376298199515
257,257,4.792175993137902e-05,4.603643461259229e-05,-27.172526194873647,-27.35487259480967
258,258,4.44197751104306e-05,4.601120140011373e-05,-27.507916836614665,-27.35725367610395
259,259,4.9860674518696994e-05,4.7317731993021685e-05,-27.008107657939235,-27.235650208065355
260,260,4.7444191670702945e-05,4.772955569358984e-05,-27.221603882357797,-27.19801549291144
261,261,4.603555759420431e-05,4.793609083495348e-05,-27.347937173530656,-27.179263262653887
262,262,4.839723166612399e-05,4.7502993191684305e-05,-27.135004539181683,-27.218679652627763
263,263,4.8233336314034514e-05,4.789735430676956e-05,-27.142810698328304,-27.182774158318693
264,264,4.6927484308793115e-05,4.838821319265806e-05,-27.272642842016555,-27.138493554722444
265,265,4.977437260395069e-05,4.830208998004979e-05,-27.01247857267772,-27.14623018283584
266,266,4.586658938070783e-05,4.656527045498431e-05,-27.36029787990323,-27.30526811184952
267,267,4.7728545545509146e-05,4.788441200569076e-05,-27.192610950553494,-27.183947820110962
268,268,4.628304606702625e-05,4.642892245580075e-05,-27.324776946601137,-27.318003364286895
269,269,4.744957880472246e-05,4.774346464393219e-05,-27.209243740293466,-27.196750092402663
270,270,4.635021236326699e-05,4.623791976069027e-05,-27.319369537425565,-27.335906539144894
271,271,4.630117799718288e-05,4.803920005782091e-05,-27.32435603143962,-27.169931739230265
272,272,4.783986133991947e-05,4.798020314697887e-05,-27.17517362109379,-27.17526858474214
273,273,4.6421357764461626e-05,4.6981747609128145e-05,-27.311749088071743,-27.266597734393365
274,274,4.674950455925691e-05,4.646419543668775e-05,-27.287123127658923,-27.3147051949406
275,275,4.722197173606153e-05,4.822280243388377e-05,-27.233368736396926,-27.153364954119606
276,276,4.7748261796683796e-05,4.93102015752811e-05,-27.190718422305203,-27.056521630137507
277,277,4.522038805064476e-05,4.597278750320823e-05,-27.430509481485977,-27.36088103443516
278,278,4.648943333037452e-05,4.687891908504657e-05,-27.29915425798527,-27.276113515610383
279,279,4.479726261162852e-05,4.758653956646173e-05,-27.466262424856772,-27.21104816305518
280,280,4.547659855890424e-05,4.756368913436554e-05,-27.404714722443778,-27.213134089047113
281,281,4.7178257820220456e-05,4.653804382159203e-05,-27.241383147137253,-27.30780816685659
282,282,4.52865704423904e-05,4.633517624154736e-05,-27.42352271002804,-27.326781216490783
283,283,4.73226826347245e-05,4.9150564288873666e-05,-27.232624816245867,-27.07060432647517
284,284,4.49207970641791e-05,4.701536071431627e-05,-27.444435871304638,-27.263491684221087
285,285,4.615932658387315e-05,4.593241129968144e-05,-27.336776546811908,-27.364696958615387
286,286,4.562456961514155e-05,4.756950434775239e-05,-27.381313439652544,-27.21260314606166
287,287,4.708557357797375e-05,4.8032990602414906e-05,-27.247322877788022,-27.170493136280477
288,288,4.4996170903143194e-05,4.708736713310875e-05,-27.449990384356152,-27.256845331418795
289,289,4.375159266235585e-05,4.7141061785575735e-05,-27.56822835371636,-27.251895807359922
290,290,4.846738508050978e-05,4.714279097434452e-05,-27.132066534704453,-27.251736506033435
291,291,4.583651602889901e-05,4.7203421624879794e-05,-27.3670722140867,-27.2461546051047
292,292,4.615869280670952e-05,4.79653769472957e-05,-27.338837298091313,-27.176610790762453
293,293,4.8678183749458544e-05,4.621233270690458e-05,-27.099664219371494,-27.33831049505727
294,294,4.698577811854493e-05,4.684484051004371e-05,-27.263165603627822,-27.27927176231134
295,295,4.805589025973981e-05,4.749742593527404e-05,-27.152846162432056,-27.219188666959134
296,296,4.731286509885433e-05,4.6667079387637054e-05,-27.229437766353946,-27.29578319050862
297,297,4.9339988745674585e-05,4.648309061993036e-05,-27.04881967976589,-27.31293944700368
298,298,4.52283043487864e-05,4.428823730880762e-05,-27.425129937450386,-27.523005453832575
299,299,4.400829504785301e-05,4.5482605664322985e-05,-27.541698576547017,-27.40743603768736
300,300,4.49607619678496e-05,4.6146706919994596e-05,-27.456194962587965,-27.344482261683957
301,301,4.4001787810162735e-05,4.527713453602413e-05,-27.54859406545542,-27.42710007142405
302,302,0.1643278834259767,4.706847721536178e-05,8.182786694587548,-27.258587928961827
303,303,4.952438596483637e-05,4.658256339577125e-05,-27.030997339185664,-27.303655572183175
304,304,4.6679763811683645e-05,4.722228693840167e-05,-27.29141988923348,-27.244419251079698
305,305,4.655999911153334e-05,4.744779614970627e-05,-27.302317971497647,-27.22372895734972
306,306,4.416734676870527e-05,4.716609117550481e-05,-27.525526767744175,-27.249590547187065
307,307,4.809961880250599e-05,4.8936974053503945e-05,-27.16175117521494,-27.08951829022488
308,308,4.3643196871007325e-05,4.811714059446546e-05,-27.57101181717698,-27.16289129818088
309,309,4.814132185369015e-05,4.708185482932573e-05,-27.14899293329132,-27.25735376996557
310,310,4.642953599707737e-05,4.752243541205596e-05,-27.317639770019188,-27.21690251796702
311,311,4.571322770249195e-05,4.5873681876018004e-05,-27.38461694268748,-27.370253423817065
312,312,5.034580422456127e-05,4.563492199706257e-05,-26.957767473516547,-27.39291628366699
313,313,4.4558025318523146e-05,4.7437421400038724e-05,-27.49336529996246,-27.22467867252476
314,314,4.623119554904856e-05,4.6456465880558094e-05,-27.327582310449998,-27.315427726083797
315,315,4.6417184702730405e-05,4.7328477050637286e-05,-27.317776328696816,-27.234664110619423
316,316,4.7143928783306055e-05,4.7349211040694316e-05,-27.26336248201325,-27.23276193962326
317,317,4.6286548221707055e-05,4.5974402095644586e-05,-27.318520264616367,-27.360728510233223
318,318,4.619171143990711e-05,4.671327798477203e-05,-27.33548686435593,-27.291485970406036
319,319,4.6639019967994135e-05,4.7504530141994016e-05,-27.289857541808786,-27.218539139747293
320,320,4.6599256709612876e-05,4.658656938485556e-05,-27.294006518648285,-27.303282105370073
321,321,4.6105814165916997e-05,4.598355620768607e-05,-27.34228087098385,-27.359863858509144
322,322,4.673242859933021e-05,4.603408811626172e-05,-27.278923549716115,-27.355093962165515
323,323,4.64759579943385e-05,4.501329299512834e-05,-27.31087032038415,-27.452481555283757
324,324,4.899883298872437e-05,4.629873049117649e-05,-27.07017984973108,-27.330198580531633
325,325,4.51675282935876e-05,4.727279060477342e-05,-27.43602311757121,-27.23977700594275
326,326,4.656504768849418e-05,4.61916450532092e-05,-27.31441758418507,-27.34025511567022
327,327,4.738894472445947e-05,4.583856580690113e-05,-27.215630458549455,-27.373579198983236
328,328,5.00937869369362e-05,4.7910029695087454e-05,-26.98154176736564,-27.181625008638445
329,329,4.9663557275408425e-05,4.556704257801788e-05,-27.030662460834844,-27.399380982691106
330,330,4.433498920146112e-05,4.522822851676641e-05,-27.514922781838898,-27.431793631152747
331,331,4.511517211530818e-05,4.726065296716498e-05,-27.43965719695009,-27.24089223223018
332,332,4.4730390410344644e-05,4.6732948057500546e-05,-27.47050061958881,-27.289657623872934
333,333,4.5471765147762124e-05,4.6191834802524876e-05,-27.40213032736505,-27.340237275450114
334,334,4.7586179958277184e-05,4.766526964024371e-05,-27.209500595200424,-27.20386886752798
335,335,4.4306468497751735e-05,4.703327890877661e-05,-27.516933461738017,-27.26183684410747
336,336,4.521097348656112e-05,4.6479518507686934e-05,-27.42609100779658,-27.313273204554456
337,337,4.783130620144783e-05,4.7089993658071185e-05,-27.177217430586943,-27.256603089485388
338,338,4.522676505244424e-05,4.582175403667957e-05,-27.433090480522154,-27.375172311277105
339,339,4.4147147285180724e-05,4.600170943472461e-05,-27.534310135644134,-27.358149704317412
340,340,4.7845093203503306e-05,4.733052283929857e-05,-27.186571037860748,-27.234476389488226
341,341,4.5644810954174844e-05,4.737573573564939e-05,-27.384616178691754,-27.230329733674083
342,342,4.5695986364549265e-05,4.8307508270801536e-05,-27.370522554856876,-27.14574303998049
343,343,4.2815770451777574e-05,4.58291825021948e-05,-27.66324516527036,-27.374468305030977
344,344,4.428364327489446e-05,4.617497143044602e-05,-27.517871521883492,-27.341823054978533
345,345,4.545875736701269e-05,4.6959898674303026e-05,-27.404540223866324,-27.26861789741509
346,346,5.068646101584087e-05,4.877576190521818e-05,-26.928793125491065,-27.103848788548518
347,347,4.520189986109959e-05,4.575870221551189e-05,-27.428675379403714,-27.381152421762316
348,348,4.437596660714054e-05,4.659213932188179e-05,-27.506301727473183,-27.302762889563912
349,349,4.980698952177712e-05,4.541415584849586e-05,-27.006047557754083,-27.4139769490302
350,350,4.665652181522335e-05,4.7765982105231254e-05,-27.288858537227906,-27.194702293006333
351,351,4.378877614370365e-05,4.701228164393749e-05,-27.565808339377313,-27.263776116169357
352,352,4.583192960651395e-05,4.597063448990842e-05,-27.368297582423814,-27.361084429474296
353,353,4.768882196735034e-05,4.636909953229693e-05,-27.19531586077202,-27.323602787337403
354,354,4.880074826810274e-05,4.6955753388924915e-05,-27.098727383505224,-27.269001278571956
355,355,4.605067748418582e-05,4.718690960496468e-05,-27.345178383552366,-27.2476740571744
356,356,4.815331998280581e-05,4.503570916743851e-05,-27.154757223215924,-27.450319350282705
357,357,4.530593761637178e-05,4.620191602474446e-05,-27.4133169336734,-27.339289544860335
358,358,4.5374072215054184e-05,4.7690746405829775e-05,-27.409366133262854,-27.201548212904846
359,359,4.668212681018613e-05,4.6714092509079675e-05,-27.284633317376997,-27.291410244543194
360,360,4.3699120200021895e-05,4.641816696293015e-05,-27.574922466613895,-27.31900954579544
361,361,4.525557411285525e-05,4.5439651186921094e-05,-27.427183397833005,-27.411539520056273
362,362,4.732519167744838e-05,4.749779710484865e-05,-27.229173292276343,-27.219154729063533
363,363,4.6271327518457164e-05,4.603869226565095e-05,-27.327045672592476,-27.354659619536356
364,364,4.328057913937169e-05,4.7450736976890384e-05,-27.619583479626858,-27.22345978880167
365,365,4.344836966036795e-05,4.6186412012167765e-05,-27.60159313331018,-27.34074715478048
366,366,4.4311949394111636e-05,4.630281306928833e-05,-27.51592361279436,-27.32981564066284
367,367,4.640918926917348e-05,4.567785636984474e-05,-27.315097245604008,-27.388832263250393
368,368,4.6713763499001196e-05,4.479281683176707e-05,-27.28858632453832,-27.473805666459214
369,369,4.750042689076658e-05,4.643593303243458e-05,-27.208708875431675,-27.317347646957273
370,370,4.345215749014745e-05,4.5427707798233697e-05,-27.600000669016296,-27.412681172656278
371,371,4.576309287792177e-05,4.508772517989488e-05,-27.367914225529482,-27.445306165897883
372,372,4.5904787370578635e-05,4.8065034877110614e-05,-27.358950604222816,-27.167596791194658
373,373,4.660294141957042e-05,4.735743210690807e-05,-27.303357238258528,-27.232007955830298
374,374,4.63178954286724e-05,4.552482105760933e-05,-27.32915905731405,-27.40340693493586
375,375,4.5430872071931646e-05,4.7267021536275645e-05,-27.406225404678896,-27.240307041820895
376,376,4.332923667460978e-05,4.597992330290206e-05,-27.61856074377527,-27.360206983956378
377,377,4.605881449887673e-05,4.81591903639798e-05,-27.345744306793165,-27.159097638026857
378,378,4.337410478610858e-05,4.656920808836156e-05,-27.600918746776593,-27.304900881050518
379,379,4.6431091608066764e-05,4.521206248778311e-05,-27.311155667622074,-27.433346217323916
380,380,4.9027729060587275e-05,4.629486686194708e-05,-27.083822062811244,-27.330561014415487
381,381,4.583493928387809e-05,4.682387981646523e-05,-27.370956889437817,-27.28121544504304
382,382,4.607144021684155e-05,4.65200108393267e-05,-27.346542370842872,-27.30949133653312
383,383,0.0009758073603696869,4.527336999384907e-05,-14.09707898826585,-27.427461178168393
384,384,4.766004797405463e-05,5.008248952339942e-05,-27.19756849971434,-26.98903032053294
385,385,4.3765403686322934e-05,4.776266244956978e-05,-27.564017041747366,-27.195004130877663
386,386,4.7403639008425485e-05,4.848429115985422e-05,-27.219118359445087,-27.1298789029291
387,387,6.064513099866501e-05,4.86970852522829e-05,-26.152769373949877,-27.110859734599927
388,388,4.5692404605641474e-05,4.9061995684353045e-05,-27.37513363208108,-27.07843730968035
389,389,4.575478418438561e-05,4.874055440794971e-05,-27.366721915428545,-27.106984760666375
390,390,4.4976834108160096e-05,4.9102299798457684e-05,-27.442333220349937,-27.074871073045912
391,391,5.356994974060877e-05,5.036258765980356e-05,-26.689097699460163,-26.96480904583167
392,392,4.6247218857932184e-05,4.844035816188951e-05,-27.32306208553699,-27.133815953004543
393,393,4.466009961537772e-05,4.78493075206643e-05,-27.47775840987858,-27.18713283891015
394,394,4.601204516840187e-05,4.867842366557421e-05,-27.345524811002594,-27.11252434705134
395,395,4.274011050640802e-05,4.7620537818721986e-05,-27.667477799583974,-27.20794644953049
396,396,6.273702947697698e-05,4.911288756135802e-05,-26.004868956593103,-27.073934719484978
397,397,4.7990919915015913e-05,4.733798548266733e-05,-27.165364616430033,-27.233791687700982
398,398,4.7673058942723636e-05,4.70178473685672e-05,-27.191061836513025,-27.26326199085172
399,399,4.8693687258679514e-05,4.768602057562308e-05,-27.10247438765294,-27.201978590668283
400,400,5.0018802155427315e-05,4.6297155054880455e-05,-26.99504326056423,-27.330346363186557
401,401,4.5000365248925685e-05,5.053700681999448e-05,-27.446218929320764,-26.949794247278497
402,402,4.65272305800025e-05,4.783058676893186e-05,-27.30044817668386,-27.188832322242273
403,403,4.3332755462729765e-05,4.810690485388286e-05,-27.61680815634938,-27.16381525136727
404,404,4.6556102142389625e-05,4.725707329175508e-05,-27.306810570700026,-27.24122119343985
405,405,4.916162378293913e-05,4.98721807449137e-05,-27.065781181968994,-27.007305820122593
406,406,4.6875308004187504e-05,4.7396976936541156e-05,-27.2622331783016,-27.228382984186673
407,407,4.4899389659175794e-05,4.8629634540319734e-05,-27.453667107276587,-27.116879351157092
408,408,4.8952342507449826e-05,4.889359690040644e-05,-27.084573831504756,-27.09336953207735
409,409,4.751612536939816e-05,4.761095806316007e-05,-27.213197911505993,-27.208820201424025
410,410,4.553795271518895e-05,4.683361820705039e-05,-27.394848240841373,-27.280312296998673
411,411,4.8978701126599715e-05,4.862433735596776e-05,-27.085287282232827,-27.117352450176313
412,412,4.7117117854626126e-05,4.6373773473437484e-05,-27.25064045199555,-27.32316504656401
413,413,4.7630213247402094e-05,4.7902720804191436e-05,-27.203413654982178,-27.182287594979947
414,414,5.126341634469596e-05,5.0114506321781514e-05,-26.8840940324478,-26.986254844238164
415,415,4.737889493927216e-05,4.628394545809562e-05,-27.226740205036457,-27.331585677690047
416,416,4.73803612885135e-05,4.8106531865318846e-05,-27.22677392085209,-27.16384892376911
417,417,4.668787926103627e-05,4.67949311745255e-05,-27.28254421177605,-27.283901280447402
418,418,4.8610407604203445e-05,4.8546724141679555e-05,-27.114544414786245,-27.124290111932105
419,419,4.308149059913385e-05,4.626250110480836e-05,-27.629508231245392,-27.333598324271993
420,420,4.614972974579978e-05,4.618877420924898e-05,-27.333590365773148,-27.34052504120221
421,421,4.657400924920647e-05,4.7717053109265274e-05,-27.290861304243133,-27.19915326060814
422,422,4.864647135692985e-05,4.665946327900441e-05,-27.113982750108363,-27.296492020786815
423,423,4.7618721884983767e-05,4.673611558820611e-05,-27.202737014371742,-27.289363271698306
424,424,4.782731006925292e-05,4.7737780110573545e-05,-27.182551023174227,-27.19726721206928
425,425,5.008061889759457e-05,4.792783482499592e-05,-26.977456611213945,-27.180011310379093
426,426,4.846325149272386e-05,4.7801889051793534e-05,-27.12810506905079,-27.191438813491935
427,427,5.1513065533147234e-05,4.6417334344464745e-05,-26.86194735291004,-27.31908744737403
428,428,4.694701134756486e-05,4.690275703691632e-05,-27.26818252376056,-27.27390568746997
429,429,4.5195241553526486e-05,4.855866274355274e-05,-27.42562020925943,-27.123222227006746
430,430,4.887293111208884e-05,4.670677471470921e-05,-27.088894975181997,-27.29209062309581
431,431,4.521656490996787e-05,4.6529921938168916e-05,-27.427453720013986,-27.30856616970612
432,432,0.005506551637791773,4.673823490233381e-05,-6.572631588676434,-27.289166339293555
433,433,4.799949935668619e-05,4.752041451482862e-05,-27.164358668347226,-27.217087206139805
434,434,4.481756703396443e-05,4.814138743600588e-05,-27.467110976045127,-27.160703384045316
435,435,4.5507678543199476e-05,4.7827027102405404e-05,-27.39807010767524,-27.189155546597974
436,436,4.7814643789699644e-05,4.7033460999189535e-05,-27.184641958904052,-27.261820030330014
437,437,4.683307937758053e-05,4.776130289859506e-05,-27.27758257182428,-27.19512775336006
438,438,4.4742358066699676e-05,4.813928477999166e-05,-27.468754615358165,-27.16089307360262
439,439,4.6004996922007553e-05,4.941048820527565e-05,-27.345481001110436,-27.047697959011558
440,440,4.493105455170285e-05,4.562728731559075e-05,-27.451773779281247,-27.39364291521953
441,441,4.585166851067004e-05,4.687247909666774e-05,-27.37285635765858,-27.276710168348387
442,442,4.554182584994573e-05,4.789149878840697e-05,-27.40035613509153,-27.18330512183575
443,443,4.848538360560851e-05,4.782631673917518e-05,-27.131038010048727,-27.18922005178277
444,444,4.3103320384728144e-05,4.767279211879022e-05,-27.63247446998991,-27.20318352300356
445,445,4.77884270142183e-05,4.7385136943040906e-05,-27.196304014615418,-27.229468008282296
446,446,4.577036429743868e-05,4.868929318035953e-05,-27.373046590393688,-27.11155470937989
447,447,4.778806966718661e-05,4.7263650948910875e-05,-27.1981270165581,-27.240616746058777
448,448,4.5699181616337506e-05,4.910310829137942e-05,-27.379844863659283,-27.07479956496476
449,449,4.559647146079536e-05,4.659104122669975e-05,-27.396868985861556,-27.302865246378815
450,450,4.318771823012323e-05,4.947907540267088e-05,-27.623735612550956,-27.04167365370623
451,451,4.402921997060514e-05,4.81137275959267e-05,-27.539609569544776,-27.163199358673445
452,452,4.7364733787973596e-05,4.812186498862789e-05,-27.22013818948178,-27.162464905928733
453,453,4.733955852456929e-05,4.706176380415471e-05,-27.225900286531463,-27.259207410525953
454,454,4.698937362301183e-05,4.866922867413929e-05,-27.254059804760246,-27.113344774448866
455,455,4.487186583666942e-05,4.7209831456329034e-05,-27.45758661405847,-27.24556490941225
456,456,4.855298839081031e-05,4.796849507807852e-05,-27.10833706457005,-27.17632847400306
457,457,4.7930995953214096e-05,4.776385896165218e-05,-27.169380104590143,-27.194895336254504
458,458,4.786013024508084e-05,4.7794388305383585e-05,-27.17577357932976,-27.192120332244073
459,459,4.703271593994548e-05,4.697751817155605e-05,-27.24673578390913,-27.2669887168867
