,epoch,train_loss,test_loss,train_dbs,test_dbs
0,0,0.00023610388785696675,0.00021475200820101522,-9.177378658538153,-9.586428683314326
1,1,0.00019779319865341038,0.0001852321354243414,-9.949530964954413,-10.228637685901628
2,2,0.00017176924490000208,0.00016426452738845624,-10.558117158824933,-10.750363135580933
3,3,0.00015822816211082157,0.0001546386254056798,-10.914163980106498,-11.012621214911151
4,4,0.00014878894078194826,0.00014596593360980287,-11.181663214018283,-11.263285926489914
5,5,0.000141671307105331,0.0001396471458352416,-11.395647737433789,-11.455480382108663
6,6,0.00013723224213949318,0.00013941220210031852,-11.53293611063232,-11.462793148550476
7,7,0.00013724728596946416,0.00013689556018155264,-11.529449934122379,-11.541907387974984
8,8,0.0001351745404181858,0.00013549235192936306,-11.596795043627504,-11.586653205589075
9,9,0.00013397343651170735,0.00013364161369329515,-11.636696842304119,-11.646383910438374
10,10,0.00013023983984501532,0.00012853614393143768,-11.76164180994833,-11.815548350640155
11,11,0.00012654086390987863,0.0001262967343791388,-11.885803637584797,-11.89187980788287
12,12,0.00012342719578414617,0.0001219609464322658,-11.992211920084506,-12.043593161664433
13,13,0.00012043866730347928,0.00011867656652803386,-12.10292536412492,-12.162151289468833
14,14,0.00011280160736335806,0.00011094275817556895,-12.38541168607258,-12.454811432721835
15,15,0.00010665219114222036,0.00010614614170902457,-12.629197727420747,-12.646758893719074
16,16,0.00010244735980468812,0.00010046333505000036,-12.803270930479549,-12.885725108513
17,17,9.997953440557167e-05,9.942695836989994e-05,-12.905966400837892,-12.930759481993109
18,18,9.723610188283947e-05,9.667142799834867e-05,-13.027324269363358,-13.05281968157939
19,19,9.434961353203032e-05,9.37284092192146e-05,-13.160515622401823,-13.187088559127087
20,20,9.160364320028823e-05,9.216448157339503e-05,-13.287564252891507,-13.260165175351595
21,21,8.968582783991318e-05,8.997935449434935e-05,-13.379636183478546,-13.364372288103802
22,22,8.808848353285227e-05,8.85485875953332e-05,-13.45927738748525,-13.433984637365022
23,23,8.531356726643466e-05,8.608399060138159e-05,-13.596562254991422,-13.556577106449218
24,24,8.361666018056884e-05,8.360615672580407e-05,-13.684942848702757,-13.683418421543635
25,25,8.229016444583413e-05,8.190650566432036e-05,-13.753835141322098,-13.77261703809818
26,26,8.061656664028408e-05,7.99313768909901e-05,-13.842498217178056,-13.878628078990783
27,27,7.851923071508075e-05,7.909527783723254e-05,-13.953124704080178,-13.924295461206672
28,28,7.805109106408691e-05,7.886226491169317e-05,-13.983519687910157,-13.937108562679043
29,29,7.778794304275712e-05,7.839317435067834e-05,-14.001095369574301,-13.963018514967832
30,30,7.68798721783804e-05,7.683334996200804e-05,-14.050200753977391,-14.050303330543075
31,31,7.606396984462579e-05,7.670440467527921e-05,-14.096256264923571,-14.057597984524685
32,32,7.599292473163044e-05,7.68732520794545e-05,-14.097989047806532,-14.04804848012255
33,33,7.582982217763387e-05,7.720259715202509e-05,-14.110010311369042,-14.02948191486026
34,34,7.49140828664861e-05,7.546643763290424e-05,-14.160914214428013,-14.128262522982133
35,35,7.449371831584002e-05,7.62321563486598e-05,-14.184950578611845,-14.084418973936959
36,36,7.52479387189204e-05,7.641480586148406e-05,-14.14199006086747,-14.074025879668973
37,37,7.536957120239619e-05,7.643851859029382e-05,-14.136064308040234,-14.072678403924822
38,38,7.529886858447782e-05,7.596377154665166e-05,-14.13963165757595,-14.099735830434852
39,39,7.47592196969037e-05,7.57784467790962e-05,-14.1711521122708,-14.110344026995437
40,40,7.447529761642745e-05,7.487894579657892e-05,-14.18863169032371,-14.162203806114334
41,41,7.400848462754025e-05,7.637651632601199e-05,-14.215389145195857,-14.076202565370776
42,42,7.302098029614762e-05,7.516337485101663e-05,-14.272494115306781,-14.145738302746105
43,43,7.297137360473778e-05,7.470909431025288e-05,-14.273929960336034,-14.1720663051354
44,44,7.319156260958142e-05,7.407862147757489e-05,-14.260541742013505,-14.208872100506023
45,45,7.293630105121657e-05,7.500679011603719e-05,-14.278327389150192,-14.154795216416359
46,46,7.413308798952374e-05,7.511908877763505e-05,-14.207282743747706,-14.148297909154879
47,47,7.397577612265973e-05,7.629134051967412e-05,-14.216143751276347,-14.081048560760586
48,48,7.334537429077377e-05,7.427954704709057e-05,-14.254783995335716,-14.19710855282501
49,49,7.439698678466549e-05,7.439813711435388e-05,-14.193799611591654,-14.190180408492681
50,50,7.283699349350219e-05,7.392768671515544e-05,-14.284762984181523,-14.21772985230996
51,51,7.235537239316774e-05,7.49184090588977e-05,-14.311442416562802,-14.1599155577703
52,52,7.284878943350704e-05,7.274748388322463e-05,-14.282325382815221,-14.287621250754585
53,53,7.257945272266221e-05,7.291916584730835e-05,-14.298515858475804,-14.277384101166056
54,54,7.23765186513006e-05,7.233593197796788e-05,-14.31282079926887,-14.312260207566405
55,55,7.183937873144048e-05,7.317058388205049e-05,-14.344239928065658,-14.262435814494271
56,56,7.172492716807065e-05,7.20863942038513e-05,-14.352039159480128,-14.327267996048477
57,57,7.174553519286474e-05,7.311345957293127e-05,-14.349619201521367,-14.26582767773624
58,58,7.156717971887814e-05,7.236941095662157e-05,-14.362552854958022,-14.310250643074369
59,59,7.135423482995787e-05,7.240107783888418e-05,-14.375153451497125,-14.308350704411524
60,60,7.142048122387706e-05,7.208818408942439e-05,-14.36915430002609,-14.32716016324787
61,61,7.10772996940578e-05,7.347709546784724e-05,-14.390907383672804,-14.24428121637366
62,62,7.108905914175976e-05,7.244600802598717e-05,-14.389626741003408,-14.305656424048333
63,63,7.06272950298729e-05,7.132339535593546e-05,-14.416919472685862,-14.37348092433644
64,64,7.018534916383454e-05,7.150702922923589e-05,-14.444487623224466,-14.362313664694303
65,65,7.003444902834089e-05,7.122382674807388e-05,-14.454623524850827,-14.379547981043594
66,66,7.102796525097951e-05,7.167665496940332e-05,-14.392736551619475,-14.352023727287166
67,67,6.99725960001479e-05,7.092809602526311e-05,-14.45766883403686,-14.397618001318886
68,68,6.97852499553809e-05,7.059860715679334e-05,-14.468175743244295,-14.417839691323252
69,69,6.937739401353648e-05,7.127943229677744e-05,-14.494329421953164,-14.376158699373452
70,70,6.933740144997556e-05,6.959715066937191e-05,-14.499127133240158,-14.479886422394433
71,71,6.897444848046812e-05,7.125142024290796e-05,-14.519767672514966,-14.377865765648878
72,72,6.868014690891082e-05,6.959949793159275e-05,-14.541016768073325,-14.479739952915399
73,73,6.90409491203495e-05,7.052406956637769e-05,-14.515211759408801,-14.422427368934496
74,74,6.87369258942913e-05,6.980110093105682e-05,-14.536068917427363,-14.467178295080604
75,75,6.870080158984547e-05,6.869012117692221e-05,-14.538557793833046,-14.536858195323003
76,76,6.781950392418291e-05,6.858078306418305e-05,-14.592735535790919,-14.543776624152311
77,77,6.762077801917276e-05,6.850104297260067e-05,-14.609113720368175,-14.548829180959864
78,78,6.70995412048759e-05,6.812776605090078e-05,-14.642038094932236,-14.572559536485484
79,79,6.771106942774027e-05,6.925050049750625e-05,-14.599011377389303,-14.501571855071663
80,80,6.761181857748936e-05,6.838996533157402e-05,-14.606753337912188,-14.555877184732475
81,81,6.728696792276057e-05,6.85290000738429e-05,-14.626423155136802,-14.547057071034473
82,82,6.701322149403739e-05,6.791931943888285e-05,-14.648254285488054,-14.585867764865894
83,83,6.69740552767348e-05,6.908874925820303e-05,-14.648722628361684,-14.511727715076201
84,84,6.676577150127995e-05,6.731240653990474e-05,-14.66267606063726,-14.624849844074888
85,85,6.644075511223829e-05,6.798750377799336e-05,-14.682181409606237,-14.581510060960898
86,86,6.631308403400195e-05,6.707700499406967e-05,-14.689493316296268,-14.640064390485916
87,87,6.571831729217461e-05,6.7346207192474e-05,-14.729764344902396,-14.622669599262178
88,88,6.613329650903812e-05,6.717357552444905e-05,-14.703325315239429,-14.633816364513885
89,89,6.564036279481105e-05,6.704097904730588e-05,-14.735212158831047,-14.642397540715244
90,90,6.585492613424125e-05,6.62498680053671e-05,-14.72011284241904,-14.693950847207038
91,91,6.611997580585387e-05,6.698197198841769e-05,-14.703669783953256,-14.646221727770712
92,92,6.563877914888189e-05,6.77244338715498e-05,-14.733729532039398,-14.598347187274559
93,93,6.54817606456285e-05,6.674717894240625e-05,-14.747672671289445,-14.661471870067974
94,94,6.603752296644782e-05,6.729454061745568e-05,-14.709968193951468,-14.62600269268236
95,95,6.579839614413188e-05,6.666324694187527e-05,-14.723904358225802,-14.66693639193772
96,96,6.519470607787466e-05,6.647341529299553e-05,-14.764146353093107,-14.679321093804896
97,97,6.548701801256891e-05,6.654771718067902e-05,-14.74591873428569,-14.67446939805222
98,98,6.513171053681158e-05,6.651404060233433e-05,-14.768777825275574,-14.676667708475957
99,99,6.427509967026483e-05,6.624657812369008e-05,-14.825290553457751,-14.69416651751375
100,100,6.582967323561909e-05,6.729018768007671e-05,-14.725229248258467,-14.626283624509961
101,101,6.522822581452423e-05,6.665631180543354e-05,-14.760127051881028,-14.667388222339637
102,102,6.477038205610876e-05,6.603757662416778e-05,-14.796150594535732,-14.707889744403772
103,103,6.512920415693817e-05,6.605206707670157e-05,-14.770325597831011,-14.706936887930755
104,104,6.445460774594937e-05,6.688136157830933e-05,-14.813122103486009,-14.65274996115552
105,105,6.423987769707797e-05,6.567053443225297e-05,-14.830963266411757,-14.73209551426131
106,106,6.399952052533146e-05,6.518168466802883e-05,-14.844910838357384,-14.764545211217916
107,107,6.355705885390617e-05,6.506654340467464e-05,-14.874564830585498,-14.772223661678252
108,108,6.52630886779474e-05,6.511460512564027e-05,-14.760816504024001,-14.769016908413262
109,109,6.419905286147884e-05,6.562185865875922e-05,-14.83203978689868,-14.735315749691797
110,110,6.459418694145458e-05,6.518763506104925e-05,-14.80498199830067,-14.764148764743993
111,111,6.395601978754749e-05,6.489505080696147e-05,-14.850157235529128,-14.783685252705096
112,112,6.33683810463612e-05,6.493963308840696e-05,-14.887009752244342,-14.78070271537339
113,113,6.368327072759149e-05,6.51374658015189e-05,-14.867316870313838,-14.767492438910715
114,114,6.328112367461388e-05,6.548141506132914e-05,-14.891852747876637,-14.744620460548099
115,115,6.355814810976693e-05,6.432078608716103e-05,-14.876483162441529,-14.82228758612732
116,116,6.330547244174013e-05,6.50163078956355e-05,-14.89547972224566,-14.775577986285652
117,117,6.334860776893113e-05,6.53513347252125e-05,-14.890202566112949,-14.75325640084391
118,118,6.314536536948938e-05,6.465197714676738e-05,-14.904041058468316,-14.799982913079395
119,119,6.339021657021073e-05,6.466543058386857e-05,-14.88745224991388,-14.79907928322487
120,120,6.343738446564213e-05,6.516506867850886e-05,-14.88565851675537,-14.765652447480226
121,121,6.310716704207415e-05,6.453169809997474e-05,-14.905647145182481,-14.808070086834952
122,122,6.276767926090205e-05,6.440941663305766e-05,-14.92953821263157,-14.81630736357198
123,123,6.217255074646055e-05,6.40728610864914e-05,-14.970599282784692,-14.83905984798172
124,124,6.206085047019722e-05,6.384888796386996e-05,-14.977536786105162,-14.854267643585803
125,125,6.2500516223642e-05,6.413187120894068e-05,-14.949970472090218,-14.835061903146592
126,126,6.254600704834825e-05,6.395280682849453e-05,-14.945372551251587,-14.847204920436162
127,127,6.218119173373106e-05,6.394386620836725e-05,-14.969441596168824,-14.847812107769531
128,128,6.417573754286835e-05,6.418550841963703e-05,-14.833669605063928,-14.831431164106526
129,129,6.230487727491694e-05,6.347471092962415e-05,-14.96251414460148,-14.879793703241706
130,130,6.227854719702347e-05,6.320045347245851e-05,-14.962385954373897,-14.898599076328761
131,131,6.163326381902527e-05,6.450946066730754e-05,-15.008621357567073,-14.809566910714544
132,132,6.216629649831712e-05,6.445421374672533e-05,-14.9737471033389,-14.8132878707954
133,133,6.215919448859683e-05,6.336328538293999e-05,-14.971678222520291,-14.887424147418272
134,134,6.30394713449071e-05,6.405997115316016e-05,-14.912795714630857,-14.839933632918632
135,135,6.25024401518569e-05,6.366952086529254e-05,-14.94581553266611,-14.866485203895209
136,136,6.247988659600468e-05,6.380832698931427e-05,-14.949331236584204,-14.857027441851711
137,137,6.247739394293791e-05,6.396565731847659e-05,-14.950774934365867,-14.846332349467623
138,138,6.247039765963264e-05,6.393309702520798e-05,-14.952656975616069,-14.848543591644885
139,139,6.243092183908208e-05,6.257911005186064e-05,-14.953239388474318,-14.941507193740073
140,140,6.2152850003577e-05,6.454737147003853e-05,-14.971770285573173,-14.807015406446
141,141,6.213994305484841e-05,6.303635784302299e-05,-14.97094543273273,-14.909889898041717
142,142,6.19130010237154e-05,6.305765571979512e-05,-14.988968043281952,-14.908422810083298
143,143,6.212765565016019e-05,6.339090013122921e-05,-14.973628926976957,-14.885531833891545
144,144,6.158879230347385e-05,6.344933430419157e-05,-15.010596676367243,-14.881530321156971
145,145,6.183800926628839e-05,6.340015859582069e-05,-14.993725800927866,-14.884897577796439
146,146,6.148890634463409e-05,6.23106454057913e-05,-15.020009731776337,-14.96017852407178
147,147,6.155830720372345e-05,6.340011417418474e-05,-15.014009489606824,-14.88490062070336
148,148,6.160007232557694e-05,6.347753208645277e-05,-15.010885795913742,-14.879600683754324
149,149,6.098247992958557e-05,6.342508736691486e-05,-15.056249965810217,-14.883190279255983
150,150,6.104749368627306e-05,6.274576911604719e-05,-15.048191880740461,-14.929956549513433
151,151,6.076778607297756e-05,6.170534853529381e-05,-15.067587671182007,-15.002572923355476
152,152,6.056205923405005e-05,6.181459052880343e-05,-15.085496773554198,-14.994891053091859
153,153,6.126846860705385e-05,6.303962685419002e-05,-15.034545408693631,-14.909664682507632
154,154,6.0934100662221285e-05,6.248826493423334e-05,-15.056999681208143,-14.947816359537551
155,155,6.083161039811981e-05,6.228469244792665e-05,-15.066005304985842,-14.961987777410927
156,156,6.0678418110948076e-05,6.154450391860384e-05,-15.077399413841599,-15.013908266601351
157,157,6.016126494661463e-05,6.199170169757533e-05,-15.114145142992236,-14.9824654397618
158,158,6.045398279723289e-05,6.216512414730939e-05,-15.093288446346678,-14.970332967555409
159,159,6.15570689032464e-05,6.181252473125871e-05,-15.01357579276596,-14.995036193496148
160,160,6.054847419607578e-05,6.15110314500175e-05,-15.0845249694611,-15.0162709248463
161,161,6.0822801201210656e-05,6.25706913859559e-05,-15.066167728820947,-14.942091482346358
162,162,6.058279942623916e-05,6.171293659319513e-05,-15.08399363615666,-15.002038893624691
163,163,6.0408690336133955e-05,6.165902710850595e-05,-15.09681619891273,-15.00583434155474
164,164,6.040951762001568e-05,6.144129675751748e-05,-15.097014539302709,-15.02119728872064
165,165,6.019765553610716e-05,6.257155799080225e-05,-15.109109841843356,-14.942031332923658
166,166,6.05311150738811e-05,6.12953377927433e-05,-15.087664183131,-15.031526593104756
167,167,6.0080195139234253e-05,6.121759456858087e-05,-15.121038493270593,-15.037038412492361
168,168,6.093842573145875e-05,6.12446117309829e-05,-15.058560180092307,-15.035122163374728
169,169,5.983986677127871e-05,6.0842731679593654e-05,-15.140742836083492,-15.063713975470288
170,170,6.013181254528127e-05,6.201892392709851e-05,-15.115384745339302,-14.980558754072995
171,171,6.104922821456039e-05,6.151318187843764e-05,-15.050875608759526,-15.016119097954434
172,172,6.024629966333057e-05,6.243288053634675e-05,-15.106941987578358,-14.951667291238675
173,173,6.047802754934666e-05,6.160542206520117e-05,-15.094244497426848,-15.00961164736077
174,174,6.016908731364367e-05,6.069909278793555e-05,-15.112861232838096,-15.07397901918659
175,175,6.025025523393703e-05,6.199030911758248e-05,-15.109272721031385,-14.982563000658347
176,176,6.061782007292873e-05,6.126907675551545e-05,-15.078540950283196,-15.033387659185589
177,177,6.0435542520243654e-05,6.191559518093097e-05,-15.094593024008256,-14.987800499956766
178,178,6.01350528592503e-05,6.182005362413627e-05,-15.118721681866433,-14.994507246081298
179,179,5.9835730389375045e-05,6.105428014722604e-05,-15.137601940501366,-15.048639869385418
180,180,5.9873438302245105e-05,6.064749399420658e-05,-15.135286720675749,-15.07767241894907
181,181,5.965472129113569e-05,6.072080233073058e-05,-15.147785887071642,-15.072426006028115
182,182,5.9116740323082285e-05,6.034269187550404e-05,-15.191021410235454,-15.09955421990876
183,183,5.89224914573109e-05,6.086799399590267e-05,-15.202596222614186,-15.061911129472982
184,184,5.958687182373041e-05,6.09676248323491e-05,-15.15500202697444,-15.054808258808873
185,185,5.9063859038191763e-05,6.067262055646432e-05,-15.193856077134548,-15.075873487661513
186,186,5.9230152512156435e-05,6.0355066173207505e-05,-15.180643100552762,-15.098663716337565
187,187,5.9317881358456176e-05,6.143603547427215e-05,-15.17695683509441,-15.021569195603881
188,188,5.876727915427782e-05,6.105432533475228e-05,-15.214160828263587,-15.048636655083982
189,189,5.901598091178439e-05,5.995323571321358e-05,-15.197005763105802,-15.127674748433913
190,190,5.916484749213476e-05,6.035092500448962e-05,-15.183946085686028,-15.098961710945119
191,191,5.9007600771344855e-05,6.072268756964293e-05,-15.200154338455441,-15.07229116984094
192,192,5.9082051445057945e-05,6.139759601577872e-05,-15.19274964129913,-15.024287351055854
193,193,5.9418701677770384e-05,6.045843129916313e-05,-15.168681356503491,-15.091232276023943
194,194,5.9544538802133644e-05,6.139554170658812e-05,-15.15959002560357,-15.024432664574546
195,195,6.008299683297495e-05,6.0930273703936686e-05,-15.11869222813967,-15.057469730362495
196,196,5.9863022618900655e-05,6.085464280515321e-05,-15.13620164152475,-15.062863844373837
197,197,6.003373687469986e-05,6.087490692152642e-05,-15.123883935693286,-15.061417918709513
198,198,5.968035418977097e-05,6.0348691476974636e-05,-15.151737251500002,-15.099122441973654
199,199,5.955242526509857e-05,5.955995967317569e-05,-15.160046980015661,-15.15625707024229
200,200,5.919645207672447e-05,6.075352939660661e-05,-15.184360885278545,-15.070085892810676
201,201,5.9255967309732064e-05,5.9816667137630774e-05,-15.17893105753513,-15.13757890683605
202,202,5.9049624452228204e-05,5.96295318054648e-05,-15.195481103496736,-15.151187026532202
203,203,5.91086855379639e-05,5.945197450560763e-05,-15.19052327069517,-15.16413819167699
204,204,5.8791694080111446e-05,6.027971999413383e-05,-15.213330738757453,-15.104088757505014
205,205,5.912530213743256e-05,5.988928904499564e-05,-15.190278113342393,-15.132309445146932
206,206,5.86448516411654e-05,5.891973801465754e-05,-15.222849699040307,-15.203192949587478
207,207,5.8612560341194676e-05,5.9358174583298694e-05,-15.22689715934128,-15.170995652497952
208,208,5.921523522384004e-05,6.0085228860292484e-05,-15.184013054362875,-15.118123823447904
209,209,5.9172971136315924e-05,6.001810221565201e-05,-15.186686310109623,-15.122978432246917
210,210,5.923765252425921e-05,6.021414772380682e-05,-15.181303793393619,-15.108815583611513
211,211,5.8609127814427845e-05,5.982468658322958e-05,-15.228206441660262,-15.13699669995383
212,212,5.909949566595276e-05,6.086962266157283e-05,-15.188735385353107,-15.061794925372249
213,213,5.931880983065564e-05,6.0342480106842946e-05,-15.177176589267967,-15.099569461211306
