,epoch,train_loss,test_loss,train_dbs,test_dbs
0,0,0.00042243594466948633,0.0004048310419373018,-16.756072558900815,-16.933854157174995
1,1,0.0003911438614091615,0.0003713596203229635,-17.09238595752932,-17.30864542892426
2,2,0.0003663583505015398,0.00034071043927197983,-17.373230259253408,-17.682737815505845
3,3,0.00033954591322306197,0.0003268521089155815,-17.706358486963616,-17.86307930516662
4,4,0.0003209864077417506,0.00030310438734503756,-17.944188140366467,-18.19066999287631
5,5,0.00029691204773118124,0.00028685188322254504,-18.288823580120653,-18.43001516551483
6,6,0.0002750658138220669,0.000267323661797778,-18.610316412007617,-18.73621820527648
7,7,0.00026344798370888555,0.0002537787337419822,-18.80081412445468,-18.962039958928674
8,8,0.00025315652541412983,0.00024452818156293546,-18.981231103229913,-19.12330303750482
9,9,0.00024174597728205365,0.00023376260804453572,-19.176885395000483,-19.318841780256314
10,10,0.00024043437790788097,0.00022799476880065508,-19.206350461918955,-19.42734339487283
11,11,0.00021814028427938537,0.0002172273885470962,-19.62145058236915,-19.63744640730201
12,12,0.00021422917614978998,0.00021010062674146242,-19.693330089396405,-19.78231874051365
13,13,0.00020896012762191792,0.0001986131507070049,-19.80985939301594,-20.026512210744173
14,14,0.00018920876095059435,0.00019487481844599212,-20.236203601954248,-20.109034983939114
15,15,0.0001952261914506305,0.00019031639270619243,-20.11277255433985,-20.21183024577626
16,16,0.00019179384050693976,0.00018523976637209815,-20.18015773116978,-20.329249974012576
17,17,0.00018240603634525935,0.00017851769639252635,-20.400750889332315,-20.48977947951159
18,18,0.00017928439061956711,0.0001782765098859703,-20.479462322795445,-20.49565098656066
19,19,0.00017807998942912163,0.0001768697754749538,-20.501146689170128,-20.53005597473165
20,20,0.0001726151684349518,0.00016789661994583808,-20.63918796018455,-20.75617268868492
21,21,0.00016301263936257623,0.0001646738088119922,-20.885157182969408,-20.84034691380031
22,22,0.00016204713403904984,0.0001592663163472408,-20.91886073832757,-20.985352865543916
23,23,0.0001667017583254024,0.0001562736326473226,-20.788597925000634,-21.06773514352652
24,24,0.00016369564100480688,0.0001562402566809109,-20.86843577024657,-21.06866278217497
25,25,0.00015447310827007595,0.0001551257082610391,-21.113973275076432,-21.099754446033447
26,26,0.00015293566272149976,0.00014745348782621716,-21.163012218752485,-21.32004172285686
27,27,0.00015150589601991256,0.00014810943799889892,-21.217335786708787,-21.30076487970651
28,28,0.00015150786825448523,0.0001452082563589915,-21.202659817038338,-21.38667911478395
29,29,0.0001498588690739461,0.00014209158536304081,-21.25494727043792,-21.480908621315923
30,30,0.0001346795828625939,0.0001427679959114788,-21.725208224653215,-21.460283587782275
31,31,0.00014352823777745967,0.00013867954418712638,-21.441622637970546,-21.586468164383987
32,32,0.00013970928055116638,0.00014146657639158597,-21.557556303624857,-21.500053786127552
33,33,0.000132691475188302,0.00013829384184454714,-21.78308072449536,-21.59856380358733
34,34,0.00013714462848960486,0.00013293721942892787,-21.642388738770183,-21.770126313368642
35,35,0.0001342074704262279,0.00013279484846862033,-21.737795088950428,-21.77477994278192
36,36,0.00013274356489401004,0.0001329171067673566,-21.771835383938402,-21.770783426463503
37,37,0.00014165103955034733,0.00012755493126429714,-21.49628191871265,-21.949619689198183
38,38,0.00012830819919004498,0.0001318746290053241,-21.93198977769932,-21.804979711131487
39,39,0.0001246487642590379,0.00013386822377613403,-22.054238523354677,-21.73981720971237
40,40,0.00012043777464849384,0.00013061297776355212,-22.19013440576301,-21.846728912072038
41,41,0.00013036937671881554,0.00012746517849767484,-21.856060823233847,-21.952676635015152
42,42,0.00013082918573588555,0.00012888324923359935,-21.844624352307918,-21.904627455771877
43,43,0.00012707359489946406,0.00012304490691780016,-21.963610479363215,-22.10595579915541
44,44,0.00013452851853048976,0.000126462951333164,-21.718803132240797,-21.98695909026228
45,45,0.00012188938647519423,0.0001287690067424831,-22.153995018033466,-21.90847876198724
46,46,0.00012554988823411026,0.00012614010177601717,-22.02779131650257,-21.99806044915514
47,47,0.00011867611799071082,0.00012834723671212008,-22.26663246713091,-21.922726991399397
48,48,0.0001203910915418672,0.00012580643574198658,-22.20328764820178,-22.009563635785522
49,49,0.00012308822485849924,0.00012437834314033878,-22.106313059776802,-22.05914454758791
50,50,0.00013142804974196814,0.0001200176216355574,-21.82434819755624,-22.214142057918135
51,51,0.00012496140683201842,0.00012446698460017184,-22.04683902111471,-22.056050537437017
52,52,0.00012232961926576872,0.00011891277436485612,-22.13568270908644,-22.254307101888635
53,53,0.0001263647640577623,0.00011557837991092943,-21.998236554000286,-22.377826194169074
54,54,0.0001412407727537019,0.00012040907236759697,-21.51084300621299,-22.20000011383931
55,55,0.00011535350922807168,0.00012482099784967047,-22.384226491451727,-22.043715718676875
56,56,0.0001208186370501242,0.00011700652267839024,-22.182208815959044,-22.32449149260182
57,57,0.0001286456452399977,0.00011955556845733602,-21.91377493239157,-22.23089413225309
58,58,0.00012342221134062616,0.00012196170619541877,-22.0982376434361,-22.144357306413433
59,59,0.00011542383184597693,0.00011981085021704387,-22.384116227744858,-22.221630719096037
60,60,0.00012265858758743803,0.00011965612946752164,-22.130949441090774,-22.227242714302395
61,61,0.00014642145023825243,0.00011834505149684111,-21.35662708271258,-22.275091190127903
62,62,0.00012307135330047458,0.00011895556005918862,-22.110757107572997,-22.252744759326447
63,63,0.00011735329852732302,0.0001199359532237347,-22.312752510636606,-22.21709830826704
64,64,0.00011977319696860522,0.00011802236909524684,-22.22695067270696,-22.286948938808134
65,65,0.00015868421399590232,0.00012352314374048116,-21.00819734651184,-22.0891088578728
66,66,0.0001555943474402776,0.00011393018691083661,-21.088284734327345,-22.44020412110811
67,67,0.0001247762722283069,0.00012361002039764762,-22.055649679192225,-22.08605543891955
68,68,0.00011870643473080283,0.0001185159961000624,-22.27204576680277,-22.268822509689894
69,69,0.00012200997677150412,0.00011820121730316284,-22.147312265514753,-22.2803727280392
70,70,0.00011505690830388855,0.00011540972436226806,-22.405310013161262,-22.384168181984656
71,71,0.00012232309228172957,0.00011890371081933968,-22.146004367785377,-22.254638134264553
72,72,0.00011483621193226859,0.00011355989830151789,-22.41523010355959,-22.454342270611377
73,73,0.0001099190685073557,0.00012140455988915882,-22.596165328088638,-22.16424223073208
74,74,0.00011417945517546896,0.00011831178294654053,-22.440042629147506,-22.2763122280029
75,75,0.00011889365322128197,0.00012066301056428959,-22.255488700360033,-22.19085065140328
76,76,0.00011866925473741409,0.00011270060866464566,-22.277568241474516,-22.487329604268716
77,77,0.00011382736069133466,0.00011852804240525554,-22.445224283764105,-22.26838110277579
78,78,0.00010999657444568284,0.00011752819543624738,-22.598180388962234,-22.30517154069446
79,79,0.0001203220662572085,0.00011727684479984945,-22.20822910289169,-22.31446948727995
80,80,0.00011380019016532689,0.00011566219894264482,-22.445366674521352,-22.374677772319657
81,81,0.00011719842935695083,0.0001144896726289421,-22.32624016207332,-22.418929084297787
82,82,0.00011037088394736314,0.00011875084965140559,-22.579949147183605,-22.26022496337944
83,83,0.00011466458771295591,0.00011668931486048295,-22.41547766944027,-22.336281320866537
84,84,0.00011039712945162559,0.00011508148753292564,-22.574700828214198,-22.396537550771704
85,85,0.00010327072822733077,0.00011612541589113932,-22.867127883556382,-22.357319395978816
86,86,0.00011387269001978584,0.00011418566282372922,-22.45015101619098,-22.43047644758212
87,87,0.00011601805304100296,0.00011122956168133227,-22.365039512900573,-22.54438996167975
88,88,0.00011921809766004727,0.00011452236503828317,-22.247508007723972,-22.417689137854964
89,89,0.00011329490029986362,0.00011014543078521168,-22.468038961226753,-22.58692736165136
90,90,0.00010985871357633252,0.00011523610718493154,-22.598416998311478,-22.390706431197
91,91,0.00010103524727662833,0.00010873169115879328,-22.96171288409606,-22.643030790977026
92,92,0.00011194357554729519,0.0001119839569008419,-22.524916274270183,-22.515034129601613
93,93,0.00010963513438779496,0.00010802733576335748,-22.60398836543014,-22.67125556597818
94,94,0.0001123711139296143,0.00010851115726645251,-22.505304662639794,-22.651848267465727
95,95,0.00010498403635304469,0.00011045317009311954,-22.79899156129735,-22.57481037002453
96,96,0.00010378726104126773,0.0001023970479237553,-22.841327999405145,-22.90371785742673
97,97,0.00010419332269070906,0.00020565069452890098,-22.83104573510699,-19.87529041424686
98,98,0.00010720751236748555,0.00011045104742822189,-22.709396234537238,-22.574893832591457
99,99,0.00010436351735312276,0.0001059936407009924,-22.82601633043661,-22.75379412296717
100,100,0.00010581960976327836,0.00010694410785187134,-22.763019369625397,-22.71502360124671
101,101,0.00010540589573793113,0.006971722037537563,-22.788546017042353,-4.573191585149687
102,102,9.970697152011874e-05,0.00010505826465209554,-23.022620703326933,-22.792289991143004
103,103,0.00010245458559945019,0.00010477883398906622,-22.911874373610527,-22.80385660806131
104,104,0.0001042536150822512,0.0001043914202646671,-22.826423970338187,-22.819944157002084
105,105,0.00011366848599378106,0.00010346004637540318,-22.461863637640988,-22.85886553239785
106,106,0.00010454710975385958,0.00010299644418410026,-22.819162008171467,-22.878369904611667
107,107,0.00010395516100166769,9.930052788388964e-05,-22.849320745778705,-23.037076647620623
108,108,0.00010161817048468685,0.000105766912288106,-22.939804581336126,-22.76309396043393
109,109,9.881035933260849e-05,0.00010374118746288954,-23.054081620210948,-22.84708007189657
110,110,9.79823255209377e-05,9.847017932579068e-05,-23.098406734799525,-23.073544931614514
111,111,9.933811433603699e-05,0.00010029083817866386,-23.04688601525399,-22.993979610482327
112,112,9.440111546037892e-05,0.00010119783205721576,-23.260288534470455,-22.954880131914386
113,113,9.930514730963155e-05,9.846274636067009e-05,-23.03434996292954,-23.073872768691665
114,114,9.383348530259213e-05,0.000100542786400949,-23.29230503980345,-22.98308305067622
115,115,9.914760338097508e-05,9.904092746039264e-05,-23.044837134832562,-23.048445233739855
116,116,0.00010265433735822654,9.645559035370273e-05,-22.886146477070668,-23.163318185214607
117,117,9.075805368429991e-05,0.00010248417272937092,-23.433877541242246,-22.90002422220961
118,118,9.982093821967395e-05,0.00010351334889204928,-23.014820986171767,-22.856628627569307
119,119,8.946367335138536e-05,9.668606014058337e-05,-23.49083186183812,-23.152953584525108
120,120,9.607410332315227e-05,0.00012338601491616204,-23.173180809827514,-22.09393284238264
121,121,9.499278710735002e-05,9.982158007915132e-05,-23.235443957430697,-23.01434781936547
122,122,9.736377029822535e-05,9.862476336389878e-05,-23.130568254185704,-23.066732477921846
123,123,9.950616945435783e-05,0.00010050655213203037,-23.043341350075266,-22.984648471714895
124,124,9.410751491233576e-05,9.611636299891153e-05,-23.2705447284445,-23.178618930532863
125,125,0.00010026698907598441,9.166599786687202e-05,-22.997464334135024,-23.38450951495559
126,126,9.33084464253925e-05,9.57046146427992e-05,-23.309866597836397,-23.19726343081987
127,127,9.153370926478882e-05,9.232936434656087e-05,-23.391055069811507,-23.353193763685958
128,128,9.264923084497851e-05,9.398033044386753e-05,-23.344492635421716,-23.27622254272308
129,129,9.70552239768668e-05,9.230363445423886e-05,-23.13555617872128,-23.354404202816596
130,130,8.703883547250651e-05,9.216282533567497e-05,-23.611976534575135,-23.361034420054025
131,131,8.830441070178083e-05,9.308713752512918e-05,-23.54406963487846,-23.317695462409684
132,132,8.335001386756667e-05,8.781076528401555e-05,-23.797718162898995,-23.5711145987141
133,133,8.684942901906193e-05,9.266593310473438e-05,-23.623549743030573,-23.33739118732392
134,134,8.9984427120857e-05,8.982066241227777e-05,-23.46359703554954,-23.47282968395769
135,135,8.814166609489493e-05,9.54593652798059e-05,-23.55182153353897,-23.208406796166905
136,136,9.41959518705826e-05,9.400101848050805e-05,-23.26666541619282,-23.275266628719685
137,137,8.233878464490828e-05,9.053491847130078e-05,-23.852836388175355,-23.43843107147482
138,138,8.402232330255858e-05,8.838776461504351e-05,-23.761963990113376,-23.542670715394337
139,139,8.437411099631513e-05,8.80690793947954e-05,-23.747451551332478,-23.558357653905833
140,140,8.16546004532882e-05,9.183576529674036e-05,-23.889708401722096,-23.376473725242967
141,141,8.732149444299044e-05,8.755918392317223e-05,-23.59915632915078,-23.58357516818006
142,142,8.877130910816012e-05,9.194366391870732e-05,-23.523369985785866,-23.371374157602624
143,143,8.215447368709966e-05,8.7169970548099e-05,-23.86857602237494,-23.602923227313383
144,144,8.521736937424423e-05,8.723315936788965e-05,-23.706254823936995,-23.599776201572837
145,145,7.998250659567799e-05,8.618887525364316e-05,-23.97630364645385,-23.65208008684389
146,146,7.885822374988755e-05,8.769857633619962e-05,-24.04657368083228,-23.57666678723618
147,147,7.254209634355874e-05,8.656121826788876e-05,-24.396114055944228,-23.63335861890382
148,148,7.965618059052318e-05,9.079281689513377e-05,-24.000149532566155,-23.426077314598164
149,149,8.218146705854152e-05,7.826318726170269e-05,-23.86154091894353,-24.071016914520595
150,150,7.497569325649463e-05,9.46627860685112e-05,-24.25627733444763,-23.244799397215967
151,151,7.263153695264956e-05,8.228410335600769e-05,-24.400504141488195,-23.853432809579576
152,152,7.135935119709081e-05,8.255414286395535e-05,-24.47854985919291,-23.839203493774534
153,153,7.651572088865785e-05,8.20286592275615e-05,-24.17515457338997,-23.866936089914947
154,154,7.841013838205793e-05,8.803500953179441e-05,-24.062725940523922,-23.560038063915087
155,155,7.385845578797089e-05,0.0001772269484047827,-24.324629103822954,-20.521294623685037
156,156,7.363304692112298e-05,8.876433946026832e-05,-24.341726546610264,-23.524206963637837
157,157,8.139815687060298e-05,8.364448063060224e-05,-23.907511979873295,-23.782219331192472
158,158,7.510238076778028e-05,9.299559113921867e-05,-24.24717641950165,-23.321968625613177
159,159,7.253498655156419e-05,8.555090531253402e-05,-24.401562513078584,-23.684346123121365
160,160,8.043925196578074e-05,8.036318448782702e-05,-23.95773777330293,-23.956020841247284
161,161,0.00013875283576387877,7.868279566250031e-05,-21.586739071676142,-24.047794396321848
162,162,7.631279396198657e-05,8.212795192345144e-05,-24.19112172755712,-23.861682292961554
163,163,7.140832342687195e-05,9.38036835003387e-05,-24.47211735454154,-23.28439329313332
164,164,7.114092484923661e-05,7.375249649492999e-05,-24.479696830246077,-24.328824963752474
165,165,7.290503078562774e-05,6.976650384833767e-05,-24.38587685227767,-24.57012261902246
166,166,7.507050740406561e-05,8.142797569713653e-05,-24.260016155325083,-23.89885583634884
167,167,7.134397698613724e-05,7.834915662610193e-05,-24.47924575864451,-24.066248960297504
168,168,7.112209062039799e-05,7.810005339898023e-05,-24.484496682726636,-24.08007891167518
169,169,7.846993163915726e-05,8.123485818750371e-05,-24.064039361650842,-23.909167953283546
170,170,6.78162624288084e-05,7.705348157048177e-05,-24.691222865581448,-24.13866955402462
171,171,7.110390447685615e-05,7.833713597823302e-05,-24.49207967202401,-24.066915323763233
172,172,7.072047534053389e-05,7.45030293297819e-05,-24.52188570388386,-24.284852902486875
173,173,7.047227757435937e-05,7.529216006667794e-05,-24.522099327650714,-24.23909465132155
174,174,6.474297845567523e-05,7.55458243618609e-05,-24.903378488264867,-24.22448757367801
175,175,6.680299023726773e-05,7.515880631552519e-05,-24.75739869994652,-24.24679348035881
176,176,0.00020735130978603584,7.608948247874842e-05,-19.837523867657456,-24.193345917185724
177,177,7.180791719067726e-05,7.233488098503777e-05,-24.444023033055828,-24.4131145074258
178,178,6.913580007901531e-05,7.891401401138864e-05,-24.614872223647637,-24.035050873747366
179,179,6.437701372727967e-05,7.904443995549197e-05,-24.91836405458058,-24.02787895236282
180,180,6.76203442933386e-05,7.866022669508024e-05,-24.704960097195663,-24.049040282911946
181,181,6.844779942259697e-05,7.315706113187939e-05,-24.661342344239635,-24.36402971321955
182,182,6.514698402825911e-05,7.94832147604259e-05,-24.877336557978573,-24.003837978120014
183,183,6.82281236165472e-05,7.662222244681815e-05,-24.669096563303224,-24.163044773326924
184,184,6.975205975585286e-05,7.496521223066865e-05,-24.581719659620095,-24.257994471406377
185,185,6.887371180653776e-05,7.924335152079278e-05,-24.630439732624218,-24.016963866636537
186,186,6.737228036352874e-05,7.297642227250005e-05,-24.729386590709627,-24.37476654067012
187,187,6.42374772686492e-05,7.353782233334833e-05,-24.93192195209093,-24.34148456969815
188,188,7.274887030155125e-05,7.38390605731279e-05,-24.39095473503526,-24.32373059297003
189,189,6.594228998250233e-05,7.374787099634934e-05,-24.817463579738792,-24.329097346600662
190,190,6.785010724886832e-05,7.289557470357977e-05,-24.69274538476244,-24.37958057727487
191,191,6.474284486309265e-05,7.498424910361217e-05,-24.900198137886598,-24.256891752017737
192,192,6.709017571600121e-05,7.373049189290644e-05,-24.741038410693292,-24.330120906750466
193,193,7.111049358782205e-05,7.346371019498053e-05,-24.494896055667304,-24.345863639073634
194,194,7.138649569467291e-05,7.334724068641663e-05,-24.482723985340694,-24.352754415979202
195,195,7.076892308253536e-05,7.203502603883145e-05,-24.507377742778054,-24.431155044883106
196,196,6.78257177232527e-05,7.5138551294099e-05,-24.68883370538842,-24.24796404572728
197,197,6.87900810589781e-05,6.88131566628152e-05,-24.623618543700168,-24.62987741308602
198,198,6.247760151400707e-05,6.862382839531882e-05,-25.052144370575448,-24.64184279108367
199,199,6.228523536790198e-05,7.824709226904241e-05,-25.070333674451227,-24.071910142306557
200,200,6.537493199803722e-05,7.028764191904644e-05,-24.85062796288402,-24.537802485728612
201,201,6.579611989454673e-05,7.426049045247247e-05,-24.822982832966566,-24.29901408790993
202,202,6.301589401681264e-05,7.39599755003215e-05,-25.0114588993575,-24.316624633584844
203,203,6.496325026204169e-05,7.237893642971023e-05,-24.888066895012386,-24.410470248922785
204,204,6.687364912443055e-05,7.116665610259301e-05,-24.75496693458051,-24.483826618089015
205,205,6.675284373731179e-05,7.22397644973458e-05,-24.767277526154892,-24.4188290048143
206,206,6.745943787838357e-05,7.1617720574355e-05,-24.722631194154175,-24.45638727671476
207,207,7.012926983303803e-05,7.230867576206372e-05,-24.554755207521254,-24.414688139064168
208,208,6.646332270431286e-05,7.657953852015596e-05,-24.789967547572665,-24.16546477087499
209,209,6.828120979090395e-05,7.232846052686095e-05,-24.66564818866639,-24.41350000516561
210,210,6.483287210564235e-05,7.348927168717829e-05,-24.89361836228523,-24.34435278642124
211,211,5.959654218085487e-05,7.127355581216857e-05,-25.257447004034002,-24.477307958494528
212,212,6.306204273435647e-05,7.195783990410794e-05,-25.0083602981047,-24.43581104160642
213,213,6.832625113770285e-05,7.26085439198773e-05,-24.657432196241253,-24.396714944105653
214,214,6.802195202533429e-05,6.805048925391595e-05,-24.68702781028611,-24.67827970040856
215,215,6.344961330637255e-05,7.112337420709848e-05,-24.997771421663128,-24.48646869904415
216,216,6.97324247591224e-05,7.203426981792098e-05,-24.57819914344151,-24.43120063718874
217,217,6.558534078442218e-05,7.110666449175609e-05,-24.8402165360566,-24.48748914975444
218,218,6.892505339190805e-05,7.106521068061211e-05,-24.6310107694833,-24.490021740946904
219,219,6.467973359117282e-05,7.144715192752253e-05,-24.904336006055978,-24.46674300637902
220,220,6.330034178522651e-05,6.721459354402644e-05,-24.999513788605245,-24.731956452453602
221,221,6.920485088578305e-05,6.776431014019948e-05,-24.608869509281234,-24.696582005373955
222,222,6.292203178202623e-05,7.072099872043749e-05,-25.025113630086153,-24.511108368372874
223,223,6.862238658812334e-05,6.384398253239372e-05,-24.654244498347936,-24.95539251881333
224,224,6.112726154729974e-05,6.97730695384579e-05,-25.14854764955909,-24.56971392592959
225,225,5.971734404250963e-05,6.811698193288114e-05,-25.25042561944081,-24.674038246028132
226,226,6.608685635938789e-05,7.128920314196301e-05,-24.80894880203435,-24.4763546170941
227,227,5.9194191288549246e-05,7.113069276735922e-05,-25.291136617501845,-24.486021835146737
228,228,6.024105941739351e-05,7.207494414423739e-05,-25.209164846344972,-24.428749074869064
229,229,6.286362939548424e-05,6.860272629924829e-05,-25.02894148497447,-24.643178469002955
230,230,6.14278424953077e-05,6.702291054687904e-05,-25.12910146777893,-24.74435938337519
231,231,6.199980047894474e-05,6.75887629193695e-05,-25.0984894525522,-24.707847243812047
232,232,6.2965885985081e-05,7.445462822368809e-05,-25.01538208212367,-24.28767522587455
233,233,6.539365479971052e-05,6.960924082178328e-05,-24.86052377845496,-24.579923247357947
234,234,6.129755801686264e-05,6.837862824077571e-05,-25.132110262228554,-24.657388379155144
235,235,5.939672642928121e-05,6.921118332875746e-05,-25.27386705505294,-24.6048294738819
236,236,6.34742332341872e-05,7.507757417395049e-05,-24.985802872808524,-24.251489902645087
237,237,6.286579364595381e-05,7.239468418686699e-05,-25.02568485216582,-24.40952544087925
238,238,5.724774571005123e-05,6.944972090806052e-05,-25.42944073567794,-24.5898871716977
239,239,5.9399786203863824e-05,6.887612337442605e-05,-25.276026119523646,-24.6259052669182
240,240,6.416340696999861e-05,7.566373537165898e-05,-24.945668851239834,-24.217714442219854
241,241,6.098746566702588e-05,7.000167151042995e-05,-25.166514412277344,-24.55550811696073
242,242,5.6517523928013144e-05,6.707476916888386e-05,-25.483297009157116,-24.7410003521755
243,243,6.166680485847857e-05,6.539633460833054e-05,-25.115051321431405,-24.851058146983096
244,244,6.0422051422758215e-05,7.722155753167739e-05,-25.19785298221848,-24.129206650395865
245,245,6.086857617268946e-05,8.852730273869575e-05,-25.160840903432504,-23.535819897022535
246,246,5.8020347554252254e-05,7.033145735285391e-05,-25.37810092564539,-24.535096053694964
247,247,0.000279152900269033,7.00763969354356e-05,-18.5627817583743,-24.550874580365555
248,248,6.0218860676989786e-05,0.0008157854748500732,-25.213505932188262,-13.890832535940392
249,249,5.69633338151088e-05,7.035933154647385e-05,-25.46249825046836,-24.533375172217255
250,250,6.0557455925067485e-05,6.93686134151281e-05,-25.18745457968045,-24.59496208356745
251,251,6.662072198580682e-05,6.88620959025636e-05,-24.781729817280006,-24.626789851266388
252,252,6.0918836528255325e-05,7.591063867470151e-05,-25.16986471134953,-24.203565766021782
253,253,5.326901273948942e-05,6.910091111709143e-05,-25.741241444020524,-24.611754482627198
254,254,5.866640060855023e-05,7.104415970771745e-05,-25.323784279547734,-24.491308400849586
255,255,5.580204339549737e-05,6.959292831628485e-05,-25.541324368441643,-24.580941109536425
256,256,6.256319387286622e-05,6.562534250214842e-05,-25.04148341111662,-24.835876389571343
257,257,6.208571040147457e-05,7.382087604032437e-05,-25.08237908311208,-24.324800272732002
258,258,6.36778374625005e-05,6.466305603680667e-05,-24.972772908556355,-24.90002996057042
259,259,6.150440925377608e-05,6.812493474602601e-05,-25.129584656284276,-24.673531226903247
260,260,5.881337517738635e-05,6.293360179130871e-05,-25.31148399886696,-25.017766341521597
261,261,5.70406763163004e-05,6.825562195444945e-05,-25.450897153598415,-24.665207936220312
262,262,6.123943425449135e-05,6.813938451063892e-05,-25.144820934393373,-24.672610156281984
263,263,0.0008113832230630634,6.318581941549813e-05,-13.923609277475034,-25.000396000395572
264,264,6.050214359834406e-05,6.809683748686343e-05,-25.198219482426985,-24.675322788499304
265,265,5.642961036990284e-05,6.551463181829986e-05,-25.49512526468414,-24.843209172844304
266,266,5.717988576939253e-05,6.291660256944229e-05,-25.43443397666026,-25.01893958845205
267,267,5.720742288739877e-05,6.0595676921749196e-05,-25.43778571729833,-25.182175805890306
268,268,6.0270021779231065e-05,6.662662312201543e-05,-25.21073693172027,-24.770114197705677
269,269,5.580351283889595e-05,6.682658453141095e-05,-25.550524142186298,-24.757099568351958
270,270,6.174606450886787e-05,6.470439400704651e-05,-25.104351183213986,-24.897254478333863
271,271,5.7396538593202044e-05,6.195974013902934e-05,-25.412816554016345,-25.085496343358624
272,272,5.719754919726294e-05,6.775129125009316e-05,-25.439839178321773,-24.697416452787103
273,273,6.289621127432406e-05,6.574029018673555e-05,-25.018893882235037,-24.828276051972715
274,274,6.0013912328022065e-05,6.590462180611212e-05,-25.228262109536054,-24.817433498092466
275,275,0.01565946143353958,6.318369186804997e-05,-1.0613247974634359,-25.000542235370673
276,276,5.9483570843552765e-05,6.843872094912895e-05,-25.25883335496013,-24.653573375652567
277,277,2.951896853516691e+19,6.0741827071883325e-05,211.69128628773325,-25.17171370928559
278,278,5.968771149559167e-05,6.776029113098048e-05,-25.24387016814128,-24.696839587172484
279,279,5.348562061363296e-05,6.363646073288309e-05,-25.726453709958985,-24.969532044799223
280,280,8.420441368248898e+23,6.114387322572599e-05,256.24701902170983,-25.143062758611837
281,281,6.01251118290016e-05,6.327711114289214e-05,-25.219910698935784,-24.994125783477052
282,282,2.295476509562127e+24,6.207795530300293e-05,260.59797447882175,-25.07721818102216
283,283,5.360394316460198e-05,6.477738756266742e-05,-25.71633977398347,-24.89235792819461
284,284,5.684157734969031e-05,6.0183217245043796e-05,-25.462437124432125,-25.21183821656031
285,285,6.125737200284103e-05,6.308627062504744e-05,-25.14317222227083,-25.00724367343494
286,286,5.5270798576512065e-05,6.445902238881804e-05,-25.589463433071195,-24.913755074396885
287,287,0.03818710367012659,6.235785679707892e-05,2.8058438901161113,-25.057680416560494
288,288,5.8581775952053744e-05,6.337452108901313e-05,-25.331591632000507,-24.98744531522268
289,289,5.5485594033992116e-05,6.317228412387379e-05,-25.563996010238547,-25.001326419944654
290,290,4.993501163683964e-05,6.469679503520877e-05,-26.02003775165711,-24.897764549619218
291,291,6.699927165150695e+20,6.433650158118996e-05,225.2545137092969,-24.922017803579028
292,292,6.113630916308804e-05,6.512333349842505e-05,-25.14328151505844,-24.869225990988436
293,293,1.451846161586822e+17,6.377428613440746e-05,188.6021914553873,-24.960136160045813
294,294,5.6963943270321325e-05,6.492497031056126e-05,-25.45450365449051,-24.882474622794955
295,295,4.744275889995871e+24,6.362451131280977e-05,263.7508063137191,-24.97034762354762
296,296,5.6228843061841507e-05,6.632444752827531e-05,-25.51196388259526,-24.789855809151074
297,297,5.931356294634488e-05,6.260088402517507e-05,-25.275873025322507,-25.04078755792658
298,298,1.4485789583023967e+26,7.139312727208323e-05,278.5927291061472,-24.470028159697712
299,299,5.6354355018408297e-05,6.57834584432605e-05,-25.503891936373297,-24.82542520009681
300,300,4.4156215661054376e+24,6.238387140911072e-05,263.4338699194815,-25.055868993425587
301,301,5.781079054247233e-05,6.614906717578905e-05,-25.38726101851209,-24.801354977718916
302,302,5.718590722439724e-05,6.443038594290173e-05,-25.436512173277496,-24.915684891719874
303,303,5.697888673708316e-05,6.495992008575213e-05,-25.46054591199891,-24.880137400223617
304,304,5.678846938496566e-05,6.405028359854201e-05,-25.46438440885458,-24.94138164951364
305,305,2.702723833165506e+25,6.423796778682644e-05,271.30895469071805,-24.928674287056786
306,306,6.003519854520042e-05,6.640879234366462e-05,-25.217894403128934,-24.784336393989292
307,307,5.927284765328801e-05,6.679043901002795e-05,-25.276135396598246,-24.759449239142253
308,308,5.6248532028175104e-05,6.402855375965469e-05,-25.509157597020074,-24.942855296434026
309,309,5.971101713792863e-05,6.592913173096206e-05,-25.24995778093423,-24.815818657438804
310,310,2.634127854912109e+19,6.658483480829378e-05,211.2028129247268,-24.772838953508916
311,311,5.857104113920755e-05,6.318320370873583e-05,-25.33755179625325,-25.00057578923705
312,312,5.530501542678619e-05,6.592248523941778e-05,-25.58025044473951,-24.81625650335537
313,313,5.489373414974645e-05,6.163343928882999e-05,-25.612377063417323,-25.10842818937011
314,314,5.5319740971116485e-05,6.293843025081227e-05,-25.58807760419169,-25.017433150218416
315,315,6.809524728755344e+24,6.697843501139065e-05,265.3188596371678,-24.74724226194198
316,316,5.89816665299238e-05,6.501788151294214e-05,-25.304486282138484,-24.87626407272449
317,317,5.904027653441611e-05,6.283336379534663e-05,-25.29969222812497,-25.024689116121127
318,318,5.9904015261045326e+19,6.454731144338821e-05,214.7595102201708,-24.90781064452905
319,319,6.029278091839082e-05,6.198223807012637e-05,-25.20323356113948,-25.083919681830675
320,320,5.5067948084900673e-05,6.658086366721698e-05,-25.60452210764909,-24.773097975866285
321,321,9.36791653961874e+23,6.146124369958048e-05,256.71419819804544,-25.120578778036432
322,322,830905.2371725448,6.429196841245836e-05,76.19390875868595,-24.925024993233933
323,323,5.8270860978323585e-05,6.376871610164496e-05,-25.359391293416458,-24.960515488500047
324,324,5.7918179101255463e-05,6.598039946861958e-05,-25.381515639806274,-24.812442813937135
325,325,5.696106245054158e-05,6.511587219536427e-05,-25.447302682450797,-24.86972359886824
326,326,6.261482222732535e+22,6.433258137181646e-05,244.95650776560825,-24.92228243984755
327,327,5.782576843876555e-05,6.322409832424263e-05,-25.38554664410754,-24.99776577649441
328,328,5.7169957725227975e-05,6.260436604957489e-05,-25.44021071007696,-25.040545998729634
329,329,5.683014644522906e-05,6.167799036024677e-05,-25.468400367324744,-25.105290072266758
330,330,5.812594712758077e-05,6.600866005388333e-05,-25.37097757220217,-24.810583051246596
331,331,5.13397984757399e-05,6.605282281893061e-05,-25.89852576022495,-24.80767839722283
332,332,5.857799922373535e-05,0.0002691857844183687,-25.330637345580115,-18.70607100724084
333,333,5.593639336214053e-05,6.335007032918695e-05,-25.530923483872435,-24.98912120623701
334,334,5.5510856515125456e-05,6.279795707087032e-05,-25.562067825013667,-25.02713706387228
335,335,5.651247101923218e-05,6.732073913888981e-05,-25.487840367781487,-24.72510346375934
336,336,2343.1724181568848,6.31298701735336e-05,50.685791651687204,-25.004243257805946
337,337,5.776421622828924e-05,6.286769214631549e-05,-25.398645178463713,-25.022317041573693
338,338,5.553047534722844e-05,6.977991238512147e-05,-25.563102828167953,-24.569288021658984
339,339,5.390410498557216e-05,6.261813972454739e-05,-25.694374256508397,-25.039590606402477
340,340,5.821480821039811e-05,6.183746853294954e-05,-25.36125823798247,-25.094075196088923
341,341,5.594509157256737e-05,6.593283174688143e-05,-25.542938705894265,-24.815574933402736
342,342,5.901138860112435e-05,6.473083416686247e-05,-25.297911665230338,-24.89548018306195
343,343,6.0842991036590375e-05,6.251992253007637e-05,-25.171536579279028,-25.04640790780176
344,344,5.505060162062195e-05,6.241193650088175e-05,-25.597273569197355,-25.05391564020005
345,345,6.0127862356633146e-05,6.438099932749633e-05,-25.223951113500014,-24.91901508424228
346,346,5.6828163690521795e-05,6.460930624023986e-05,-25.464140352011,-24.903641442713457
347,347,5.6059362146491546e-05,6.356986829670954e-05,-25.52681295758029,-24.974079103177406
348,348,5.858074951696104e-05,6.187011891406176e-05,-25.327836123295025,-25.091782712503885
349,349,5.7970610645704076e-05,6.275278352213239e-05,-25.38010607168731,-25.03026227423724
350,350,5.829713814612838e-05,6.866146740273842e-05,-25.349724042424725,-24.639461412431103
351,351,5.724873519340559e-05,6.487430638164944e-05,-25.435482437579196,-24.885864944595827
352,352,5.545858054115202e-05,6.158207208117299e-05,-25.56360333811327,-25.112049242576894
353,353,5.49529306095492e-05,6.442478144507684e-05,-25.604216715811532,-24.916062680601776
354,354,5.72261688108652e-05,6.281213867815065e-05,-25.437496120830247,-25.0261564111985
355,355,6.207264444119293e-05,6.378205867612881e-05,-25.084874035293954,-24.959606892452086
356,356,5.572790936658401e-05,6.766864259445451e-05,-25.541841511224582,-24.70271757183482
357,357,5.6599301856716846e-05,6.394097391947933e-05,-25.487287222959885,-24.948799750233654
358,358,5.828201219909968e-05,6.544819313459907e-05,-25.354699745806897,-24.847615607449217
359,359,5.670534016278851e-05,6.429173443297929e-05,-25.468563506961463,-24.925040798657854
360,360,5.5446418665485104e-05,6.71127023739054e-05,-25.565701535084564,-24.73854495423541
361,361,5.998142692125426e-05,6.567831492008593e-05,-25.226137702445854,-24.832372202330394
362,362,6.991646198715448e-05,6.452647626007859e-05,-24.563576258488958,-24.909212727071196
363,363,6.082595688529125e-05,6.179040553290274e-05,-25.173818270981265,-25.097381764670473
364,364,5.689983921461275e-05,6.491373958277491e-05,-25.458434034611606,-24.88322593080187
365,365,5.789502417250445e-05,6.236325900413488e-05,-25.382168683838017,-25.057304193384347
366,366,5.9030500319609346e-05,6.255998117634782e-05,-25.295223047484953,-25.043626126059454
367,367,5.782086988154933e-05,6.481481662041533e-05,-25.38969338745535,-24.88984925357221
368,368,5.7598424560994095e-05,6.086496212351209e-05,-25.403392279054067,-25.162918658930003
369,369,5.4774259156475476e-05,6.350766153972425e-05,-25.6136635918029,-24.978331004121426
370,370,5.6075307454484195e-05,6.346001282508951e-05,-25.523354018982598,-24.981590664489413
371,371,5.5542899232379346e-05,6.249378460971026e-05,-25.55951229307693,-25.04822395741881
372,372,5.400753211360257e-05,6.30077439908698e-05,-25.687477418195954,-25.012652921196384
373,373,5.63369353444942e-05,6.370425877608603e-05,-25.502215098204204,-24.964907550930718
374,374,5.917440135892752e-05,7.105761381497264e-05,-25.28305627065826,-24.49048602623561
375,375,6.005521848321936e-05,6.375046704258574e-05,-25.222580810042345,-24.961758511786115
376,376,5.561704936028655e-05,6.304188996421687e-05,-25.553478483386485,-25.010299973757935
377,377,5.870432944424671e-05,6.526221640294687e-05,-25.321010213337786,-24.85997402987442
378,378,6.259339745118962e-05,6.598087882019555e-05,-25.05041167029959,-24.812411262296074
379,379,5.3036847367769314e-05,6.17922612850395e-05,-25.760863170792355,-25.097251334904943
380,380,5.837088672743664e-05,6.215498261123062e-05,-25.350441910921383,-25.071832726928026
381,381,6.015382342345979e-05,6.366396212941159e-05,-25.219260522321566,-24.967655585212647
382,382,5.5574865420811e-05,6.474052507225056e-05,-25.557946469410773,-24.894830045955594
383,383,5.748444274694961e-05,6.285194285737816e-05,-25.418410694638887,-25.02340514993719
384,384,5.824016827937532e-05,6.408181807752331e-05,-25.35463559152827,-24.939243972802085
385,385,5.8898254801815055e-05,6.291425147777006e-05,-25.314439376046373,-25.01910188030766
386,386,5.4467491431704235e-05,6.691215075031658e-05,-25.651477825471005,-24.751542323967925
387,387,5.6674087196351485e-05,6.104974425780758e-05,-25.47865784533347,-25.149753729921493
388,388,6.503102176606094e-05,6.467200335847385e-05,-24.889694257967395,-24.899429075945285
389,389,5.872953343643212e-05,6.436143475615321e-05,-25.32419709521227,-24.92033505080979
390,390,6.302909466669626e-05,6.139292791455151e-05,-25.01471685770948,-25.12540875997896
391,391,5.8863381446385995e-05,6.184842564643507e-05,-25.308001171368918,-25.09330572856502
392,392,5.284472861359935e-05,6.434649137525794e-05,-25.771684114968814,-24.92134350896587
393,393,0.00010465973916803498,6.141654481134058e-05,-22.815259159985764,-25.12373841845661
394,394,5.558237139619863e-05,6.460046336685896e-05,-25.55733218798554,-24.904235888649108
395,395,6.048052984118202e-05,6.200028005160245e-05,-25.19663426466078,-25.082655707978287
396,396,5.936465019199064e-05,6.653087362601103e-05,-25.27957264704446,-24.776359957192355
397,397,5.821204671257274e-05,6.707537958343317e-05,-25.347452638512035,-24.740960829346356
398,398,5.9267702547997744e-05,6.295154918533579e-05,-25.28234518822518,-25.01652799781182
399,399,5.524663378985013e-05,6.526941002735647e-05,-25.57927807072602,-24.859495348734132
400,400,5.9794379847085816e-05,6.334729885948993e-05,-25.243231040389528,-24.989311207655994
401,401,5.903704925341239e-05,6.561374625322826e-05,-25.307768303637033,-24.83664387233546
402,402,5.2176131642217746e-05,6.581612816310218e-05,-25.83938870002124,-24.823268919866774
403,403,6.523488682245275e-05,6.526492698436701e-05,-24.86328894008158,-24.859793655046147
404,404,6.094414200879797e-05,6.565508642540265e-05,-25.158089311510416,-24.833908446281395
405,405,5.651286302082488e-05,6.403575935109984e-05,-25.483153078972506,-24.94236658126728
406,406,5.724050661041305e-05,6.0743708002662876e-05,-25.428553684193776,-25.171579227784076
407,407,5.7566949302800475e-05,6.078218948938516e-05,-25.412779161891834,-25.16882881848986
408,408,6.15626339794355e-05,6.184577365562099e-05,-25.12444727065461,-25.093491953138734
409,409,5.881491580515375e-05,6.063517953168086e-05,-25.310626541114495,-25.17934554194214
410,410,5.623658977203808e-05,6.632165174156206e-05,-25.50368518675031,-24.79003888196648
411,411,5.527538996830117e-05,6.29166362686144e-05,-25.58395575884811,-25.018937262299655
412,412,5.6811461570422456e-05,6.344608740810624e-05,-25.473052458290407,-24.98254376788904
413,413,5.522636334698638e-05,6.273632951840562e-05,-25.59729501601758,-25.031401159179776
414,414,5.72055500690356e-05,6.330912459050428e-05,-25.42728241977997,-24.99192913644659
415,415,6.0781462773015797e-05,6.3543576049453e-05,-25.16658872853572,-24.975875699614853
416,416,5.846759690892626e-05,7.451636089459306e-05,-25.339074636507455,-24.284075845885134
417,417,5.976064440079595e-05,6.509863784518337e-05,-25.244378112062588,-24.870873207037736
418,418,5.284022514275683e-05,6.463731417744911e-05,-25.782743171402306,-24.901759197323898
419,419,5.245109441227786e-05,6.228816930256711e-05,-25.820202384330972,-25.062536551717713
420,420,5.98629012904322e-05,6.255288663899257e-05,-25.237584607229163,-25.044118660277903
421,421,5.373233373753352e-05,6.223578432247068e-05,-25.7076181282817,-25.066190548956037
422,422,5.570036731667867e-05,6.364195676149776e-05,-25.54998436159176,-24.96915697808356
423,423,0.0009178193598946216,6.384201361996882e-05,-13.381256492524214,-24.955526454848183
424,424,5.2838598300517444e-05,6.569413878758879e-05,-25.7896467312497,-24.831325983252018
425,425,5.8336738183027486e-05,6.561546002845524e-05,-25.351458836958315,-24.836530439793204
426,426,6.041856344494328e-05,6.253710068305831e-05,-25.20020448667904,-25.045214791748847
427,427,5.940040716371552e-05,6.423160563204682e-05,-25.269704821101023,-24.929104435401257
428,428,6.077789301568757e-05,6.050432650801284e-05,-25.17274966022669,-25.188727909442193
429,429,5.857962668480618e-05,6.386396623718993e-05,-25.342632798029435,-24.954033353174005
430,430,5.840399415357058e-05,6.497130064082357e-05,-25.345273148172403,-24.879376611207164
431,431,5.881756483505182e-05,6.566309897798898e-05,-25.324814572364502,-24.833378465248252
432,432,5.8737117543977986e-05,5.814390236704831e-05,-25.323667126358657,-25.361550456046757
433,433,5.926909726281103e-05,6.242109616562772e-05,-25.273880770150733,-25.05327831019573
434,434,5.544827167186574e-05,6.496187387184411e-05,-25.564455047759893,-24.8800067803341
435,435,6.159802028050013e-05,6.443302031823948e-05,-25.117816318493865,-24.915507324681133
436,436,5.8138801156844436e-05,6.002293574917865e-05,-25.366220594571168,-25.223419888334174
437,437,5.9473540992239014e-05,6.22259717362651e-05,-25.2741761756538,-25.06687534598704
438,438,5.799200476458376e-05,6.0012794883253885e-05,-25.38513806172286,-25.22415369019469
439,439,5.749216053146418e-05,6.403970952593035e-05,-25.41235445097412,-24.942098686228988
440,440,5.6531489622336935e-05,6.546816171306234e-05,-25.487134116861682,-24.846290754872108
441,441,5.691706074057291e-05,6.322854565759802e-05,-25.46084165513529,-24.99746029417701
442,442,5.906937560174595e-05,6.414401459072618e-05,-25.292138294027534,-24.935030842883727
443,443,5.720653726458886e-05,6.501153314418748e-05,-25.445086036192947,-24.8766881400832
444,444,5.7171160977342186e-05,6.363285855944636e-05,-25.43131610287725,-24.969777886303767
445,445,5.8871669755989356e-05,6.298761457544874e-05,-25.310755086835833,-25.014040606300846
446,446,5.201152771874571e-05,6.239039861324464e-05,-25.839403405979738,-25.05541461629484
447,447,5.80584916495298e-05,5.999949471994401e-05,-25.37012962676677,-25.225116289537908
448,448,5.7145443523828344e-05,6.311746772936251e-05,-25.442780012479513,-25.005096553118534
449,449,5.9041994307373205e-05,6.241751792626211e-05,-25.303088152249288,-25.053527273166548
450,450,5.499383092383235e-05,6.460203401634077e-05,-25.607262064099025,-24.904130298677277
451,451,5.693277030191312e-05,6.731522348433685e-05,-25.462306696333833,-24.725459300088815
452,452,5.6212331335550566e-05,6.330062646348349e-05,-25.507715611019577,-24.992512138884628
453,453,5.332922034174715e-05,6.710962607987887e-05,-25.74286014730546,-24.738744029536228
454,454,5.4392171984273804e-05,6.212532207428012e-05,-25.65875492760216,-25.07390568737096
455,455,5.3621042977668076e-05,6.421832767955493e-05,-25.720238033251718,-24.930002301421123
456,456,5.3923724605278806e-05,6.190081857264311e-05,-25.68760241853793,-25.08962829841245
457,457,5.410948481945412e-05,6.188618805792525e-05,-25.67826296678064,-25.090654892723418
458,458,5.0724248439175574e-05,5.9080092270098826e-05,-25.95695456289933,-25.292180570702115
459,459,5.4602293510976506e-05,6.047463322925308e-05,-25.636790291945395,-25.190859788804016
460,460,5.8845224537941886e-05,6.483512841345816e-05,-25.314983667571212,-24.88848846630679
461,461,6.042441111145008e-05,6.41601633871783e-05,-25.19149521907344,-24.93393760752131
462,462,5.561317506287674e-05,6.520724319240176e-05,-25.557535902416127,-24.86363382328188
463,463,5.90085019962082e-05,6.388034594956e-05,-25.306974249692043,-24.952919625507434
464,464,5.491751554219854e-05,6.443764045558821e-05,-25.614358907372928,-24.915195927169083
465,465,6.073048370098215e-05,6.345124615779098e-05,-25.18082971612126,-24.98219066093874
466,466,5.5618649714664775e-05,6.086384430665547e-05,-25.5613166570598,-25.162998420115027
467,467,5.616114759908031e-05,5.992226378063941e-05,-25.51425835666665,-25.23071009934
468,468,5.5636345856215744e-05,6.31542348664401e-05,-25.56002812243255,-25.002567440915055
469,469,5.41429294430928e-05,6.173973968926523e-05,-25.67894112467766,-25.100944279311253
470,470,5.72179859088849e-05,6.303069216971237e-05,-25.438123093900163,-25.011071456390127
471,471,6.05622024841537e-05,6.290641297374877e-05,-25.18217623735524,-25.019643002715817
472,472,6.544352730735536e-05,6.337123781313973e-05,-24.860490561851346,-24.98767031819036
473,473,5.75538058760732e-05,6.208156925200264e-05,-25.416100419454107,-25.076965358193704
474,474,5.113649034889753e-05,6.034540599916669e-05,-25.92688105350724,-25.200150084469904
475,475,5.421628166285953e-05,6.22005694535083e-05,-25.672039815772038,-25.068648612570968
476,476,5.794596783987837e-05,6.328215893422327e-05,-25.3786748957938,-24.993779348495128
477,477,5.801503608644143e-05,6.179932442089347e-05,-25.378228878469507,-25.096754944974812
478,478,5.427521508179254e-05,6.157371277176456e-05,-25.654567913197273,-25.1126388051311
479,479,5.516342927651365e-05,6.327695231639634e-05,-25.588796553745027,-24.994136684347215
480,480,5.4408216174030626e-05,6.133972860162e-05,-25.65472919989132,-25.12917371873566
481,481,5.219453258590518e-05,6.144338304262706e-05,-25.82986238505596,-25.12184102259439
482,482,5.4631715580192756e-05,6.293526635808551e-05,-25.635276359616288,-25.0176514740128
483,483,5.508319191931994e-05,6.635374484176282e-05,-25.60043920432583,-24.78793783581096
484,484,6.211602052194535e-05,6.146421755578271e-05,-25.0734320830092,-25.120368645924557
485,485,5.650368110923644e-05,6.217105290392953e-05,-25.484944879658727,-25.070709995160435
486,486,0.00011634711638142802,6.006645516639477e-05,-22.350340305466933,-25.220272192532587
487,487,5.795831443673209e-05,5.9951289681760644e-05,-25.379012727439353,-25.228606918351126
488,488,5.892960723134276e-05,5.647171574788732e-05,-25.300765607974807,-25.488282391244937
489,489,5.4978981331925715e-05,5.747885399231516e-05,-25.604630078972992,-25.41151121354792
490,490,5.642351246108577e-05,5.9328228847956974e-05,-25.494512393192416,-25.273978386386755
491,491,6.05954976506218e-05,6.136593018661523e-05,-25.18376219147324,-25.127319003302667
492,492,5.82520620416299e-05,5.76780162909448e-05,-25.36160329501506,-25.396489066224078
493,493,5.615879443624734e-05,6.191838819129196e-05,-25.51209276750162,-25.088395793588845
494,494,5.548696902120899e-05,6.037813660728525e-05,-25.57149695700152,-25.197795163045864
495,495,5.6231218962042024e-05,5.962106555862671e-05,-25.508118639120738,-25.252594884263676
496,496,5.8771770145352836e-05,6.313228655735177e-05,-25.318773220872814,-25.004077028717884
497,497,5.400363364426141e-05,5.8994212802070634e-05,-25.68622226735933,-25.29849811551045
498,498,5.908457269563853e-05,5.901005763581978e-05,-25.293326786042396,-25.2973318316328
499,499,5.6681953078482693e-05,6.034455069120189e-05,-25.481171461197654,-25.20021163980386
500,500,5.5945676246393336e-05,6.133661765105851e-05,-25.52909229732428,-25.1293939842887
501,501,5.235599009839208e-05,6.151997733564043e-05,-25.817706690039067,-25.11643055186539
502,502,5.5466545295671166e-05,6.348229094567757e-05,-25.571176626305956,-24.98006630820305
503,503,5.5271031304017145e-05,5.956902819697892e-05,-25.591655747373427,-25.25638706862065
504,504,5.711477326220813e-05,5.8910601518092385e-05,-25.44166975064715,-25.30465764776583
505,505,5.219261388025263e-05,5.925001555863817e-05,-25.829236495220037,-25.279707532581938
506,506,5.6832293452804226e-05,5.7876849831173836e-05,-25.459666112610012,-25.381543370303255
507,507,5.6197193658853084e-05,5.7112474774169785e-05,-25.5144034718828,-25.439282427413993
508,508,5.48899297240327e-05,6.202251633543423e-05,-25.620293407264576,-25.081098398233472
509,509,5.6701367536812337e-05,6.219624705600406e-05,-25.468737504931482,-25.0689504198741
510,510,5.558522754710662e-05,5.892244888328653e-05,-25.558144925239333,-25.303784336699245
511,511,5.445805883712253e-05,6.088858581757737e-05,-25.64825745811394,-25.16123334621806
512,512,5.831670666535951e-05,6.19824710922426e-05,-25.357865161084156,-25.083903354567877
513,513,5.658601918353786e-05,5.9098338169860654e-05,-25.486861577316013,-25.290839531797236
514,514,5.5806287332181696e-05,6.271779937761541e-05,-25.551775193758516,-25.032684104272683
515,515,5.621198138636753e-05,6.017127069705901e-05,-25.51305331987426,-25.212700389624786
516,516,5.608528414255095e-05,5.9671993623947184e-05,-25.524756200451392,-25.248886742442522
517,517,5.454377513104322e-05,5.875639707435192e-05,-25.639705183528164,-25.316040648631308
518,518,6.044126901767797e-05,5.946571543877086e-05,-25.18672613911943,-25.26392573686082
519,519,5.963694590165462e-05,5.971166090028802e-05,-25.249571405506725,-25.246000705835655
520,520,5.5744929331641034e-05,5.899362182198705e-05,-25.55041718122019,-25.298541621587166
521,521,5.48333322062858e-05,6.268434663070366e-05,-25.630160489976134,-25.035001184832364
522,522,5.8607695153995405e-05,6.08388928460619e-05,-25.33897577196017,-25.16477919876579
523,523,5.575819569954903e-05,5.958750855490124e-05,-25.546892390700975,-25.255039946968346
524,524,5.6365342351989626e-05,5.7448813286579313e-05,-25.50659982250508,-25.41378160036418
525,525,5.494464238433194e-05,5.88857495274983e-05,-25.607645691515142,-25.306490146386317
526,526,5.596259164768835e-05,6.012120827922205e-05,-25.52563604984212,-25.216315217959455
527,527,5.8168768894753046e-05,6.088530627541906e-05,-25.36433707090511,-25.161467269440582
528,528,5.5797861913907984e-05,6.008702506446034e-05,-25.539132807150715,-25.21878519551955
529,529,5.36140967165714e-05,5.846475783312742e-05,-25.718818733093542,-25.337650668529335
530,530,5.665085452924406e-05,6.489152254193629e-05,-25.47221131385356,-24.884712579058913
531,531,5.6515509087832996e-05,5.943696774729209e-05,-25.49187145620262,-25.266025767522102
532,532,5.46626259952954e-05,5.953765733130766e-05,-25.63428317141788,-25.258674798164662
533,533,5.955123477403888e-05,5.846616333751866e-05,-25.25406935845369,-25.337546264528186
534,534,5.373315625828835e-05,6.144504732219502e-05,-25.705989723646212,-25.121723389481065
535,535,5.487321017351429e-05,5.73053738136016e-05,-25.619688448318666,-25.424638721244797
536,536,5.347570914665019e-05,6.050383585955531e-05,-25.717928910470267,-25.18876312787928
537,537,5.501358456742835e-05,5.9540222776520656e-05,-25.6063872351665,-25.258487667070494
538,538,5.4563992270016464e-05,5.937731600026478e-05,-25.641173214813907,-25.270386594508455
539,539,5.3199311737772244e-05,5.603613422671946e-05,-25.746567152787513,-25.521910550751024
540,540,5.2922019564256207e-05,6.072772980826956e-05,-25.77609957346231,-25.17272175837742
541,541,5.703258250729594e-05,6.317233926797359e-05,-25.450223300765053,-25.001322628920132
542,542,6.189388742060736e-05,5.9782014336394096e-05,-25.094478655528633,-25.240886776156323
543,543,6.0355079336453125e-05,5.898992956070671e-05,-25.206441207650286,-25.298813444003343
544,544,5.259485021373077e-05,5.917522972403707e-05,-25.794157970450225,-25.285192694049286
545,545,5.597798461111001e-05,6.0918681188731604e-05,-25.52413371725411,-25.159087291354453
546,546,5.357285759207125e-05,5.9756528858806156e-05,-25.712712454071074,-25.24273859769555
547,547,5.371548248843179e-05,5.759750006530483e-05,-25.702179322449282,-25.402555880633738
548,548,5.3853207346131144e-05,5.893583568793378e-05,-25.698090046567028,-25.30279775939842
549,549,5.396236294998125e-05,5.861947628497881e-05,-25.68843788332793,-25.326172879140483
550,550,5.215162489492417e-05,5.805742378135236e-05,-25.838295674939786,-25.368014612825192
551,551,5.500292087331734e-05,5.930141014687251e-05,-25.599112859623162,-25.27594201270981
552,552,5.572247958945209e-05,5.654297820001375e-05,-25.545089424288165,-25.482805423118748
553,553,5.4729379399694005e-05,5.8967604625075565e-05,-25.624230396478364,-25.300457357049872
554,554,5.238023538002324e-05,5.802211269742417e-05,-25.81783623856616,-25.37065683725824
555,555,5.658265412815117e-05,6.0350806865914675e-05,-25.48801644397045,-25.199761411690197
556,556,5.853501914822756e-05,5.763270210560509e-05,-25.34379596341394,-25.399902400549227
557,557,5.738176465812787e-05,6.0128227663594056e-05,-25.427115685540826,-25.215808191896727
558,558,5.180959155059662e-05,5.7310385895298645e-05,-25.85933885849753,-25.42425889225256
559,559,5.513743520534319e-05,6.002678942183449e-05,-25.59194004493376,-25.223141065743334
560,560,5.407032377783271e-05,5.794312078490437e-05,-25.68255389147664,-25.376573396212684
561,561,5.9471460584054234e-05,5.8462222736316584e-05,-25.26833570484071,-25.337838987521387
562,562,5.3719924394921617e-05,5.8062002752098795e-05,-25.71184845588743,-25.367672099640558
563,563,5.175903912534044e-05,5.673500489042214e-05,-25.865780443126866,-25.468081253490915
564,564,5.164647291635869e-05,6.1032922148067305e-05,-25.88073685923694,-25.150950582791026
565,565,6.060038826616779e-05,5.798392962070035e-05,-25.188981729470964,-25.373515774567146
566,566,5.400870200507607e-05,5.8384150658017266e-05,-25.682110931698166,-25.34364255281089
567,567,5.6072078954570056e-05,5.748977405585863e-05,-25.518909795208458,-25.41068620181494
568,568,5.459477014267474e-05,5.778047891094742e-05,-25.641314115253294,-25.388780848293052
569,569,5.5368654543177473e-05,5.521329761617572e-05,-25.585650406967602,-25.58615535814811
570,570,0.0004178363394587614,6.0634487454080954e-05,-16.80534719209833,-25.179395111713404
571,571,5.0979807580456366e-05,5.6915844987471296e-05,-25.92898039943078,-25.454260340999237
572,572,5.5731708288448385e-05,5.959224817113289e-05,-25.552456685411688,-25.25469452099445
573,573,5.166265899666523e-05,5.923331493824279e-05,-25.885366522433614,-25.280931837688772
574,574,5.609880364064929e-05,5.723694477254819e-05,-25.523903586859973,-25.42982778304026
575,575,5.3040766174162106e-05,5.8774009870065035e-05,-25.7712312253362,-25.31473900418963
576,576,5.6141799402596626e-05,5.9565046524910846e-05,-25.521226789053948,-25.25667736645737
577,577,5.3780653859613483e-05,6.232721391011422e-05,-25.70319955972475,-25.059815080624254
578,578,5.189022859789493e-05,6.174321903304907e-05,-25.858695764421658,-25.100699539499054
579,579,5.3198856868530314e-05,5.858895077069878e-05,-25.75131585192747,-25.328435013876323
580,580,5.492708931473617e-05,5.750542253448848e-05,-25.598068300983247,-25.40950423106093
581,581,5.220381623900918e-05,5.749153560349154e-05,-25.831350085198544,-25.410553131419604
582,582,5.291509118363785e-05,6.127720371296164e-05,-25.78442988833459,-25.13360283239344
583,583,5.5649406781459715e-05,7.417620260017237e-05,-25.554319692218176,-24.30394625829543
584,584,5.6140920680694966e-05,6.285360148850534e-05,-25.51532479466804,-25.02329054332221
585,585,5.822527607248498e-05,6.41791751772153e-05,-25.357956610925385,-24.93265090686399
586,586,5.5012745722650054e-05,5.823465605652401e-05,-25.608312196081883,-25.35477707182979
587,587,5.6071596603586154e-05,5.97810951723276e-05,-25.52337701144243,-25.240953550579256
588,588,5.320489915752707e-05,5.8675056559303285e-05,-25.75294303521777,-25.322057050778653
589,589,5.429586813126249e-05,5.892579582378905e-05,-25.659199226220494,-25.303537653722252
590,590,5.407031243258953e-05,5.868110757115861e-05,-25.686947263797176,-25.32160919683242
591,591,5.532500721735054e-05,5.565867631000736e-05,-25.57560061851118,-25.55126348373355
592,592,5.5921919991624706e-05,5.897317982759743e-05,-25.53315685933425,-25.30004676461507
593,593,5.238145773152619e-05,5.748662634256394e-05,-25.81081487908608,-25.410923995746582
594,594,5.472706268228274e-05,6.07283149484398e-05,-25.622308846947334,-25.172679912267974
595,595,5.0451466346747055e-05,5.906204100220317e-05,-25.982179509770745,-25.293507712151538
596,596,5.546613957664807e-05,5.966056874297608e-05,-25.566478544569176,-25.249718328168814
597,597,5.719507082420061e-05,6.211183857598563e-05,-25.4415410103637,-25.07484836972114
598,598,5.883437267218995e-05,6.0872262015197376e-05,-25.32112384042673,-25.1623978153337
599,599,4.9723078659225554e-05,6.055519033428649e-05,-26.03836251999339,-25.185078484604695
600,600,5.087864145625457e-05,5.820014858296705e-05,-25.94609413795296,-25.357351285929326
601,601,5.44863576288128e-05,5.976222354021095e-05,-25.653922335308124,-25.24232474318945
602,602,5.129682639815974e-05,5.7937668507771666e-05,-25.898185280743228,-25.376982073766357
603,603,5.170065490994002e-05,5.6528121173247006e-05,-25.880861864247127,-25.483946709409437
604,604,5.533135995345632e-05,5.889154023239634e-05,-25.57781121682811,-25.306063091019237
605,605,5.623472482971151e-05,5.779668390459847e-05,-25.50950057195802,-25.387563005737203
606,606,5.9462813333459394e-05,5.651790649464697e-05,-25.268477322474162,-25.484731554070326
607,607,5.489042788334719e-05,5.746123459079842e-05,-25.61175882857897,-25.412842691365178
608,608,5.439233907814061e-05,5.807167786099997e-05,-25.648144555213975,-25.366948477277926
609,609,5.8918756040679674e-05,5.660987335431855e-05,-25.314467013441888,-25.477670386861817
610,610,5.5834373363057276e-05,5.8779227593300964e-05,-25.54248763546779,-25.31435347190488
611,611,5.4753321088243215e-05,6.1834237050406e-05,-25.625270096519635,-25.094302154232786
612,612,5.559028619414282e-05,5.9019875487521e-05,-25.550773742951407,-25.296609330362998
613,613,5.4720604257266874e-05,6.0265184641282664e-05,-25.629412275330928,-25.205927304863643
614,614,5.995215950364225e-05,6.111837166444227e-05,-25.236062147180796,-25.14487446876259
615,615,5.333981684576504e-05,6.0267577282502316e-05,-25.741492975695735,-25.205754885205714
616,616,5.19328384809304e-05,5.910241241891574e-05,-25.84866384779325,-25.29054013879433
617,617,5.35850379576717e-05,5.796534136798551e-05,-25.72829322674692,-25.374908241390372
618,618,5.78261018388955e-05,6.114134885137901e-05,-25.38864262300733,-25.143242064308907
619,619,0.0025262449262487448,6.0609104222844746e-05,-8.981911175465086,-25.181213566159922
