,epoch,train_loss,test_loss,train_dbs,test_dbs
0,0,9.011823920108204e-05,6.109721078629311e-05,-28.693426299198034,-30.373191906183493
1,1,5.963045901039222e-05,5.454493600011215e-05,-30.498491031175593,-30.86586138360653
2,2,5.689132166546337e-05,5.313855083506113e-05,-30.70292729551351,-30.979308684757434
3,3,5.358738608546699e-05,5.1197894974489156e-05,-30.945099926214898,-31.14088469753268
4,4,5.0854724792874005e-05,4.763742100821171e-05,-31.172442385356895,-31.453923332354368
5,5,4.779579669666793e-05,4.533869133937467e-05,-31.44418087429914,-31.668715944234137
6,6,4.638366444101173e-05,4.367988444037588e-05,-31.570376576401117,-31.830590941469566
7,7,4.592475400470706e-05,4.235188891087953e-05,-31.61938493246185,-31.964677900713117
8,8,4.3235600950885275e-05,4.1017426203899576e-05,-31.876297749862495,-32.103721694640846
9,9,4.1950753903929766e-05,3.916548370111023e-05,-32.01410421519633,-32.304370803439596
10,10,3.977008761757668e-05,3.783489113342703e-05,-32.23860787180753,-32.45448086213271
11,11,3.861187349347225e-05,3.667443017643803e-05,-32.37258706011304,-32.589772000933266
12,12,3.670519934943157e-05,3.512396573282067e-05,-32.59125570970146,-32.77737030093485
13,13,3.577953334429695e-05,3.365634371508158e-05,-32.707880018381104,-32.96273640614721
14,14,3.528940974366875e-05,3.364017950508768e-05,-32.763159576549555,-32.964822703329816
15,15,3.4593280136120775e-05,3.30011085009717e-05,-32.84164546754812,-33.04812046882341
16,16,3.374846492829185e-05,3.254156428355552e-05,-32.94696462010143,-33.10902149095152
17,17,3.397987797912138e-05,3.189937993547095e-05,-32.925456652985275,-33.19558333611034
18,18,3.321357384190856e-05,3.161194380434034e-05,-33.024999666235594,-33.23489373639626
19,19,3.3199066801336305e-05,3.096393629675731e-05,-33.03387369515598,-33.32484409578881
20,20,3.210837390143592e-05,3.085397417491645e-05,-33.17205528294369,-33.340294631964696
21,21,3.309246233950091e-05,3.006920403430214e-05,-33.03657948782092,-33.45218642885874
22,22,3.20527688205571e-05,3.0364904887392186e-05,-33.180303555985915,-33.40968649763171
23,23,3.160392626557144e-05,2.9563378407864977e-05,-33.23797184532934,-33.525865125381664
24,24,3.0245031497936898e-05,2.897910484247596e-05,-33.43473672552524,-33.61255608783389
25,25,3.0205825825441464e-05,2.8834739503891844e-05,-33.44155325849815,-33.634245425724366
26,26,3.0286092970930712e-05,2.86202186161015e-05,-33.4265561590987,-33.66667628071115
27,27,2.9500338117491222e-05,2.8033654464371993e-05,-33.53690571251899,-33.7566085883881
28,28,3.087180470849733e-05,2.8067698191367335e-05,-33.343747838204585,-33.7513377690968
29,29,3.0249973448364246e-05,2.7688527361054805e-05,-33.4283432031667,-33.810407168528045
30,30,2.8627099362490026e-05,2.730532325681691e-05,-33.66821880692725,-33.87093252533545
31,31,2.8179496851960947e-05,2.7129034462727997e-05,-33.74075782312239,-33.89906237617522
32,32,2.82027391672132e-05,2.655233919013929e-05,-33.73357713958995,-33.992377875880734
33,33,2.7770781728286612e-05,2.6260555482861636e-05,-33.81120462040069,-34.040366665029495
34,34,2.8626244756262316e-05,2.6027402686610768e-05,-33.67876338426981,-34.07909743497968
35,35,2.7758905733995543e-05,2.5994459735413427e-05,-33.80601296399913,-34.084597793163304
36,36,2.7211644994599035e-05,2.5394614567630924e-05,-33.887404271007135,-34.18598949260206
37,37,2.6356254163625428e-05,2.5274590849508777e-05,-34.02681407551793,-34.206564410066335
38,38,2.6545202456769947e-05,2.4882742716152662e-05,-34.00397193274944,-34.27442325831541
39,39,2.561690189864261e-05,2.48022668912247e-05,-34.15251197097709,-34.2884919834834
40,40,2.6508520753962976e-05,2.438359440834335e-05,-34.01720771566795,-34.36242849119296
41,41,2.5906301893836328e-05,2.4219310178427566e-05,-34.113897917207844,-34.39178805595458
42,42,2.6154984786360017e-05,2.3879060838800414e-05,-34.06320713015096,-34.453233328420616
43,43,2.637672970223255e-05,2.393072808397272e-05,-34.01868947229953,-34.4438466280338
44,44,2.4882894480863788e-05,2.3364274583352534e-05,-34.28514957354934,-34.54788273329146
45,45,2.5141584271680295e-05,2.328603956189717e-05,-34.242885828248966,-34.562449439040726
46,46,2.501996270214092e-05,2.307762234091857e-05,-34.25702264022694,-34.60149512912914
47,47,2.408107187519133e-05,2.3141991301886983e-05,-34.43111326846578,-34.58939848858
48,48,2.40695148978872e-05,2.2528843673123783e-05,-34.420777307967285,-34.70601673397822
49,49,2.4196982830636845e-05,2.256287878385353e-05,-34.405801009576635,-34.69946064661559
50,50,2.401285354673896e-05,2.2396055531939246e-05,-34.43302652107301,-34.73169039199184
51,51,2.3457832811022245e-05,2.206839723696344e-05,-34.53199719943686,-34.79569782103329
52,52,2.401202755677754e-05,2.2134204444132354e-05,-34.44444641317662,-34.78276657854038
53,53,2.3141529925045144e-05,2.179686797669427e-05,-34.603794744423894,-34.84946481185466
54,54,2.355163081860549e-05,2.1648820907821093e-05,-34.51896877815474,-34.87906327172222
55,55,2.217356414643966e-05,2.1818838400864288e-05,-34.777933817394945,-34.845089491319186
56,56,2.2629592515925453e-05,2.154142672033662e-05,-34.69534569022236,-34.90066110998393
57,57,2.254645678664188e-05,2.1660574259983962e-05,-34.69926509240745,-34.87670608520703
58,58,2.1864729562141818e-05,2.130977966436675e-05,-34.828710407605506,-34.94761615589375
59,59,2.3442727379193627e-05,2.1254875383946408e-05,-34.53551897141991,-34.95882011806236
60,60,2.2715899887639962e-05,2.109134727920479e-05,-34.68034750288329,-34.992362522598846
61,61,2.2396576916678933e-05,2.094040763423484e-05,-34.74342024844124,-35.02355443301664
62,62,2.2619553832199243e-05,2.0870836650781138e-05,-34.69864372678899,-35.03800715864854
63,63,2.21797404968307e-05,2.068322445618258e-05,-34.78398194146522,-35.077223298933134
64,64,2.1818088704825752e-05,2.0522324695392807e-05,-34.85076233893418,-35.11114020325672
65,65,2.1316979195803797e-05,2.0363154410580664e-05,-34.952057730548404,-35.14495520414265
66,66,2.1640560205305145e-05,2.0290971071134616e-05,-34.88798830807207,-35.160377431814986
67,67,2.153146276223478e-05,2.023493327310701e-05,-34.91225767187325,-35.17238798277801
68,68,2.1557263026647653e-05,2.0100617850977487e-05,-34.90646352093163,-35.201311679442156
69,69,2.176772535132897e-05,2.008583253068776e-05,-34.85337723639624,-35.20450737512752
70,70,2.1097352502467928e-05,1.9849049988950258e-05,-34.99080874632165,-35.25600849388933
71,71,2.0924299926414232e-05,1.9650295622628427e-05,-35.03964391229958,-35.299714865085406
72,72,2.0846810837179666e-05,1.9773968233494088e-05,-35.04453339593916,-35.27246742739651
73,73,2.0400959835297754e-05,1.93497264837405e-05,-35.13781873269298,-35.366657444054134
74,74,2.041088282567216e-05,1.944290536477255e-05,-35.138613164931286,-35.34579412555331
75,75,1.976781786464757e-05,1.9180269335169885e-05,-35.277991684909495,-35.40485873501927
76,76,1.990574348627016e-05,1.9108239078042588e-05,-35.24255645813088,-35.42119908433073
77,77,2.07024163735452e-05,1.906093544484496e-05,-35.07952794733566,-35.43196364376709
78,78,1.9727405405197696e-05,1.8792531734920647e-05,-35.28236624082942,-35.49355282563261
79,79,2.0245219725298157e-05,1.8674586978082325e-05,-35.180022894900105,-35.52089569480646
80,80,1.9723246857876765e-05,1.8603739159803617e-05,-35.28572128495182,-35.53740333169156
81,81,2.1111304244955464e-05,1.8855088503761708e-05,-34.990715639472526,-35.479119995963565
82,82,1.968578001736008e-05,1.850475449540873e-05,-35.29558370467434,-35.56057247237257
83,83,1.9881949857832652e-05,1.8475309604438832e-05,-35.25265201099856,-35.56748849952514
84,84,1.935758759780996e-05,1.8287843072596987e-05,-35.37056658715195,-35.61178088474483
85,85,1.9784404872721614e-05,1.8218251936655417e-05,-35.27102120029956,-35.628338713201
86,86,1.939031530521779e-05,1.808539165818059e-05,-35.37357920335042,-35.66012656571141
87,87,1.9241184193176486e-05,1.8051441321930677e-05,-35.390067117486616,-35.668286908948055
88,88,1.9100985059829082e-05,1.8096973642394387e-05,-35.426866783755045,-35.65734621016331
89,89,1.8942149883101948e-05,1.8032949619258654e-05,-35.46678914300833,-35.67273805523319
90,90,1.9220905977414714e-05,1.7861075177375153e-05,-35.403224071554796,-35.714329764503475
91,91,1.9496424861291914e-05,1.7992060412851923e-05,-35.33802687359429,-35.68259674191877
92,92,1.923711507637582e-05,1.7918548540987295e-05,-35.407143273957644,-35.700377473480145
93,93,1.9027961467689182e-05,1.7851260628575754e-05,-35.44460736653819,-35.716716841347974
94,94,1.9174185600257768e-05,1.791347739000278e-05,-35.41596846404346,-35.70160674971946
95,95,1.9169223940986468e-05,1.7917568727984633e-05,-35.41227559183994,-35.700614958683836
96,96,1.881191598943953e-05,1.7752648282590887e-05,-35.482085280996955,-35.740774260058984
97,97,1.9252151114696316e-05,1.7689969402119077e-05,-35.393067723630665,-35.756134931519846
98,98,1.8838899703360327e-05,1.7486714233727024e-05,-35.48394257648581,-35.80632361977779
99,99,1.8748763546476036e-05,1.7526062612504528e-05,-35.50433025981643,-35.79656215981459
100,100,1.8514148492969754e-05,1.735354257298719e-05,-35.56746481341762,-35.83952429300786
101,101,1.830324887948533e-05,1.7180079866145542e-05,-35.60564009059968,-35.883153964417744
102,102,1.8104556325739658e-05,1.6934993877121567e-05,-35.66802838876625,-35.945555309137625
103,103,1.737685987294397e-05,1.6705321956435098e-05,-35.83423617356791,-36.00485724798203
104,104,1.733604625132074e-05,1.6557590242882725e-05,-35.840062987352866,-36.04343444138828
105,105,1.827069804535641e-05,1.6386257572632628e-05,-35.620094720066184,-36.08860797700663
106,106,1.794026565287063e-05,1.6278122769252052e-05,-35.6991486159023,-36.11736255277225
107,107,1.757183114941935e-05,1.6337428046666135e-05,-35.79625612207409,-36.10156887002293
108,108,1.8070194706411975e-05,1.6229465329256765e-05,-35.67226094551912,-36.13036362403643
109,109,1.7629433593178075e-05,1.6108689698356964e-05,-35.78006921881071,-36.16280359093141
110,110,1.7620432108461247e-05,1.5990549304421476e-05,-35.77834160463291,-36.19477192067467
111,111,1.733302388791194e-05,1.5962732744044745e-05,-35.85673907149983,-36.20233332341917
112,112,1.7048211562142408e-05,1.5883116248005535e-05,-35.92575259663362,-36.22404860376608
113,113,1.7218765315567335e-05,1.5811137353394817e-05,-35.884335816401084,-36.24377463415549
114,114,1.7348477824983554e-05,1.575975248239334e-05,-35.85154242526086,-36.25791182556898
115,115,1.6829131606389582e-05,1.5800639582601817e-05,-35.973720723059046,-36.24665908073659
116,116,1.713138839683601e-05,1.5671255201404594e-05,-35.90523267040339,-36.2823679185757
117,117,1.7166981884544192e-05,1.5530106314767372e-05,-35.89646146231983,-36.32166146077086
118,118,1.6357066369985743e-05,1.5280497169250768e-05,-36.10765693046656,-36.39203090114534
119,119,1.630224838644955e-05,1.4940199051986719e-05,-36.116198613521355,-36.489841911431725
120,120,1.664880587621568e-05,1.4891344586718141e-05,-36.02412075556114,-36.5040666152604
121,121,1.606838904803057e-05,1.445702913004329e-05,-36.184989624762245,-36.63261518775479
122,122,1.544827652660669e-05,1.4049386807432471e-05,-36.35214341063574,-36.75683205221257
123,123,1.4838763969031057e-05,1.3632142279101045e-05,-36.5182662887708,-36.887764646829126
124,124,1.4161563121513272e-05,1.3326565558121442e-05,-36.71896286289461,-36.98622334788255
125,125,1.4556578076435566e-05,1.306997187624036e-05,-36.60863384620355,-37.07065921800941
126,126,1.4618725087070602e-05,1.3128125876966423e-05,-36.59047662446501,-37.051378426452544
127,127,1.449023921409629e-05,1.303702533493235e-05,-36.62885997107007,-37.0816206538023
128,128,1.3951065945370032e-05,1.2865481326834446e-05,-36.789674517949244,-37.13914536082638
129,129,1.3329211207146914e-05,1.262146284524964e-05,-36.986922224391435,-37.22230881709458
130,130,1.4057296492368195e-05,1.278702955843121e-05,-36.76258346868959,-37.16570905783627
131,131,1.3516156811710597e-05,1.2692675370903759e-05,-36.92804790587407,-37.19787402239254
132,132,1.3515261925181456e-05,1.2494375943405381e-05,-36.93505719198846,-37.26626005576762
133,133,1.3584117865677175e-05,1.2690949532904932e-05,-36.910144805428246,-37.19846457785776
134,134,1.3161183167389982e-05,1.2454462337604797e-05,-37.047841953734114,-37.28015591203585
135,135,1.3511651503126204e-05,1.2505365942304611e-05,-36.9328141324224,-37.26244169939631
136,136,1.3501032683671302e-05,1.2326217505400755e-05,-36.93231210989869,-37.32510747958641
137,137,1.3995388369424e-05,1.2355378538287417e-05,-36.778453184251376,-37.31484519222079
138,138,1.3124897272926732e-05,1.2352254088909831e-05,-37.056441371435454,-37.3159435824643
139,139,1.2899484327417012e-05,1.2414709568762e-05,-37.12668804145648,-37.29404010803407
140,140,1.3510383536244657e-05,1.2277060609209767e-05,-36.92583322626381,-37.3424617500793
141,141,1.3170861850610272e-05,1.232864542544121e-05,-37.04574076141636,-37.32425212518234
142,142,1.3247943917525208e-05,1.235463639061077e-05,-37.0209201235004,-37.315106066721874
143,143,1.3047772891067579e-05,1.213672892749616e-05,-37.07888981171459,-37.39238922744886
144,144,1.2976293470911542e-05,1.2267395648354737e-05,-37.10668930008472,-37.345882024979716
145,145,1.3330738933216276e-05,1.2196203658133623e-05,-36.99238652502922,-37.37115907060332
146,146,1.2589699902482326e-05,1.2300729969482697e-05,-37.23814969992502,-37.33409690076408
147,147,1.2983258925159294e-05,1.2229695465449416e-05,-37.09550528456964,-37.35924932173547
148,148,1.2845156280238052e-05,1.2266021593332929e-05,-37.13921431760915,-37.346368499822205
149,149,1.339942639216255e-05,1.2397526437493262e-05,-36.96878726028038,-37.3000553178547
150,150,1.2946917785925085e-05,1.224845680936644e-05,-37.1137081107761,-37.352591997571224
151,151,1.2589735644686483e-05,1.2208998668938875e-05,-37.23910420306334,-37.36660528487906
152,152,1.3370000197403325e-05,1.2258389496740787e-05,-36.98103646186873,-37.3490715841329
153,153,1.3417919926161125e-05,1.2209237148023308e-05,-36.96172559752863,-37.36652045471262
154,154,1.4785434968965177e-05,1.2471350744722018e-05,-36.5480969577374,-37.27427081363022
155,155,1.33361762300879e-05,1.2350316577986201e-05,-36.99312779259059,-37.316624847840146
156,156,1.3197486004708143e-05,1.2309478016073913e-05,-37.03527587579683,-37.331009378282154
157,157,1.4083309212868154e-05,1.2497474926931318e-05,-36.75026482684032,-37.26518300752601
158,158,1.3188514092633472e-05,1.2298155142113837e-05,-37.038523924693486,-37.33500607475075
159,159,1.3454550678512327e-05,1.2332470233607301e-05,-36.95578082982787,-37.32290498978331
160,160,1.3264593202545735e-05,1.224362356304865e-05,-37.005856947724126,-37.35430606367
161,161,1.2915086634016053e-05,1.2272980137296193e-05,-37.12927245254576,-37.34390543522039
162,162,1.333296306031641e-05,1.2043876124248767e-05,-36.99728188728092,-37.42574294891255
163,163,1.3257083064110197e-05,1.2231210587886285e-05,-37.015949800055516,-37.358711312789154
164,164,1.3036736547910924e-05,1.2179919490575374e-05,-37.087938587902855,-37.37696157260237
165,165,1.30116527590459e-05,1.2047249727306495e-05,-37.0966000916423,-37.42452661953823
166,166,1.351162326190928e-05,1.2200344778983363e-05,-36.93158145322773,-37.369684709624885
167,167,1.2746253522675839e-05,1.2188619094606684e-05,-37.18235841284269,-37.373860697124876
168,168,1.4074780046564801e-05,1.2208793936894691e-05,-36.75716031239386,-37.36667811209853
169,169,1.3334928825287599e-05,1.213612239026636e-05,-36.9868869707068,-37.39260627304319
170,170,1.2723584676649872e-05,1.211198143305649e-05,-37.18559774527143,-37.401253784654365
171,171,1.2897692519715943e-05,1.1943809544103906e-05,-37.133069066600875,-37.461977053587844
172,172,1.2580948744461867e-05,1.1988462478927287e-05,-37.23986549228413,-37.44577086499095
173,173,1.3698306322543636e-05,1.2310262239847553e-05,-36.87340335136111,-37.33073270269253
174,174,1.3510811101893064e-05,1.2163374872455423e-05,-36.93123350077319,-37.38286483068555
175,175,1.2843293072514779e-05,1.2070929474966282e-05,-37.147990922667255,-37.415998623324455
176,176,1.21816271727307e-05,1.1927675682512162e-05,-37.37451537923321,-37.467847528810864
177,177,1.2757138674058615e-05,1.1941711722772053e-05,-37.18322375510554,-37.46273991927589
178,178,1.6420985516982836e-05,1.3081803109870586e-05,-36.08547660287122,-37.06672966459822
179,179,1.3437038761207752e-05,1.2538086450245158e-05,-36.95275628498044,-37.251093148959306
180,180,1.3180566918553146e-05,1.2495082668656801e-05,-37.03870104147859,-37.26601441068842
181,181,1.356526805353759e-05,1.2345603384969045e-05,-36.91740164166248,-37.318282541700036
182,182,1.2740433741089068e-05,1.2435822100087535e-05,-37.189240214680844,-37.2866607423272
183,183,1.2872274861909263e-05,1.2291766851328583e-05,-37.1495373306625,-37.33726260854536
184,184,1.3483694686131917e-05,1.2225266992142056e-05,-36.9398350312491,-37.360822222568984
185,185,1.4376929835428378e-05,1.2297322906593572e-05,-36.66477834578554,-37.335299978608624
186,186,1.3374455352511842e-05,1.2169612187120182e-05,-36.97785559403108,-37.38063836223472
187,187,1.3081114394884298e-05,1.2199826606344064e-05,-37.08245855184539,-37.36986916695053
188,188,1.2956352668307895e-05,1.21206344135173e-05,-37.11599272865625,-37.39815222776949
189,189,1.3109822098205355e-05,1.2059053532491243e-05,-37.06078431438982,-37.42027351792273
190,190,1.3165202965199606e-05,1.2036808967470853e-05,-37.04206514579668,-37.42829206848105
191,191,1.2890720398965791e-05,1.1971141774617871e-05,-37.133954618123,-37.452050006778975
192,192,1.2914930604105412e-05,1.1999571956709443e-05,-37.12382746576357,-37.44174820506396
193,193,1.2833189599011357e-05,1.2011502995416154e-05,-37.156853876643,-37.43743220945737
194,194,1.4036666114632156e-05,1.2599785134769167e-05,-36.759957401431095,-37.22977435755295
195,195,1.3148755588002873e-05,1.2322717913392759e-05,-37.04806032608191,-37.326340679708345
196,196,1.35402932727695e-05,1.2243393987438666e-05,-36.92604538418238,-37.35438749736881
197,197,1.3240208786977672e-05,1.2136317357209536e-05,-37.0219934966635,-37.39253650414607
198,198,1.3089582615666399e-05,1.2191190858414446e-05,-37.08149597215041,-37.37294444483516
199,199,1.2976037302821365e-05,1.22281027008859e-05,-37.107711360398326,-37.35981497270468
200,200,1.2972723235395382e-05,1.2050756834612816e-05,-37.10436367402694,-37.42326251716742
201,201,1.2327263884236749e-05,1.2067826853461539e-05,-37.31745386566526,-37.41711504488987
202,202,1.2825486272649682e-05,1.1975854201744751e-05,-37.159815870169545,-37.450340747608415
203,203,1.2675658525171757e-05,1.1956057565648256e-05,-37.20324977868599,-37.45752577474836
204,204,1.269347005065881e-05,1.1893703422653121e-05,-37.19592586794416,-37.48023469995809
205,205,1.3686121962667495e-05,1.2021471488160865e-05,-36.88266653205606,-37.43382944139954
206,206,1.2786258303469704e-05,1.1985053501312473e-05,-37.17168036983977,-37.447005978086786
207,207,1.3127573503279751e-05,1.1930114277148326e-05,-37.05650033726289,-37.46695971128916
208,208,1.2826432700337333e-05,1.1861178743282308e-05,-37.15910178076511,-37.49212724272418
209,209,1.260435198401893e-05,1.1866814738344769e-05,-37.23399911036145,-37.49006412550057
210,210,1.2711152080977552e-05,1.1819445908737467e-05,-37.19554347854761,-37.507434574170645
211,211,1.2924405907433164e-05,1.1965260694667354e-05,-37.12351070892411,-37.45418409574644
212,212,1.2803973572538115e-05,1.1915998823640525e-05,-37.16623549830616,-37.47210123205448
213,213,1.2511010467766102e-05,1.1798995489554823e-05,-37.261219588876926,-37.51495539764365
214,214,1.2625462696848548e-05,1.1826657292227824e-05,-37.219718831229066,-37.504785626792525
215,215,1.2430425993012044e-05,1.1843955402774123e-05,-37.28987339676522,-37.49843811446427
216,216,1.3680680774658745e-05,1.197787835400576e-05,-36.88803469420654,-37.44960676750111
217,217,1.2857564835246298e-05,1.2025910731800219e-05,-37.14584638841877,-37.43222599116062
218,218,1.351477588933758e-05,1.2105906582866355e-05,-36.9269458909696,-37.4034325658673
219,219,1.2570167772415498e-05,1.1934175170991742e-05,-37.24899066106284,-37.46548166702671
220,220,1.272549550626583e-05,1.1893488351090223e-05,-37.190299420519466,-37.4803132333082
221,221,1.3243926820070987e-05,1.2093740463713307e-05,-37.01563441606814,-37.40779930629894
222,222,1.3191134721918642e-05,1.1901607649633661e-05,-37.034890704484,-37.4773494573343
223,223,1.2657850271990383e-05,1.1870281875752353e-05,-37.21610280921778,-37.48879542892886
224,224,1.2623663097496993e-05,1.1842211279144976e-05,-37.22652011540629,-37.499077697288655
225,225,1.290266712756645e-05,1.1864868467551118e-05,-37.13390955394811,-37.490776468287656
226,226,1.3659464691711e-05,1.1900564794287724e-05,-36.88309568302205,-37.477730016145486
227,227,1.2662496561629783e-05,1.1813570764436582e-05,-37.21195134875031,-37.509593877689205
228,228,1.2492357331511718e-05,1.1724732614407243e-05,-37.280569151438876,-37.542376275736196
229,229,1.2431546527989563e-05,1.1777456931763721e-05,-37.29391543182213,-37.52289050105273
230,230,1.2873629774609053e-05,1.174881167810925e-05,-37.14712011076072,-37.53346632329542
231,231,1.2284192081031356e-05,1.1718004794889375e-05,-37.33993526149047,-37.544869034940085
232,232,1.2646458635197295e-05,1.169533075689718e-05,-37.22032595012693,-37.55328066227023
233,233,1.2364996662879479e-05,1.1717334401557883e-05,-37.311810355865376,-37.54511750424724
234,234,1.3019617616703623e-05,1.1679578978816463e-05,-37.086984837125875,-37.559133871042775
235,235,1.3044726965182639e-05,1.1653588923141606e-05,-37.09447020756171,-37.56880880457898
236,236,1.2313115990933117e-05,1.1806535439973231e-05,-37.333776572555614,-37.512180997879724
237,237,1.2736036381087165e-05,1.1685627980209814e-05,-37.18091495483349,-37.55688518735728
238,238,1.3431652264772151e-05,1.1753143218428655e-05,-36.9563153906191,-37.53186546575957
239,239,1.2765726591844458e-05,1.1701682045608514e-05,-37.17635328185321,-37.55092281451305
240,240,1.2366691642211626e-05,1.1675326277327258e-05,-37.31735239393356,-37.56071548723013
241,241,1.2739886928496153e-05,1.1729194499677856e-05,-37.187582205589685,-37.5407238683028
242,242,1.287849341472971e-05,1.173610034081656e-05,-37.1411876134195,-37.53816760910689
243,243,1.2257911697178287e-05,1.1645074520952461e-05,-37.35788664512181,-37.57198302790808
244,244,1.2525781318059277e-05,1.1636384538417732e-05,-37.263255295307395,-37.57522510275254
245,245,1.3066944786222633e-05,1.1677447745521357e-05,-37.0795751508373,-37.559926423000014
246,246,1.2760601307912947e-05,1.1635830704012493e-05,-37.184996461202424,-37.57543181038533
247,247,1.2705163039613909e-05,1.162801106003922e-05,-37.198027120585486,-37.57835138694571
248,248,1.2456453959268551e-05,1.2052063826367407e-05,-37.27967424711928,-37.422791518925806
249,249,1.2305064553130279e-05,1.156554423543735e-05,-37.33567796032313,-37.60174500855929
250,250,1.268588866222081e-05,1.1530922021943537e-05,-37.20437654651468,-37.61476539649798
251,251,1.273731091133254e-05,1.1748208874594543e-05,-37.186265286870835,-37.533689155155805
252,252,1.2226118903442708e-05,1.1597112461458892e-05,-37.36758731678219,-37.589907061787756
253,253,1.269576084278296e-05,1.167478029329734e-05,-37.20567779050169,-37.56091858510527
254,254,1.2124196351559823e-05,1.1731742951700366e-05,-37.407903406320685,-37.53978036068941
255,255,1.2372936729774402e-05,1.1488729366024736e-05,-37.32487083101381,-37.630685757630765
256,256,1.2739599931348456e-05,1.1533488759596366e-05,-37.18990047358078,-37.61379878173008
257,257,1.255763260074279e-05,1.1656278298974748e-05,-37.25578433125304,-37.56780667009391
258,258,1.2352562398237497e-05,1.1461872322558376e-05,-37.32508650232606,-37.640850084701654
259,259,1.2226034086029593e-05,1.1521557242208233e-05,-37.35852870807175,-37.61829393010203
260,260,1.2801889470117118e-05,1.1474443071117429e-05,-37.16589400234288,-37.6360895927172
261,261,1.2767367760969455e-05,1.1622438298792603e-05,-37.17798381469349,-37.58043325596026
262,262,1.248391532667999e-05,1.1527384422630635e-05,-37.27888121462156,-37.61609798341326
263,263,1.2124629814859441e-05,1.1413803229898852e-05,-37.39792366671444,-37.65910193686735
264,264,1.232728118338855e-05,1.157326713789524e-05,-37.33861339792905,-37.59884597110039
265,265,1.2423183274147528e-05,1.1417799884695437e-05,-37.29731122538803,-37.65758147846305
266,266,1.1997512881431043e-05,1.1514071717867505e-05,-37.445774348696254,-37.62111644650511
267,267,1.2498956259394655e-05,1.1365457650849988e-05,-37.274556503679946,-37.677536468031704
268,268,1.2176421487592305e-05,1.1458636292541327e-05,-37.37746748413978,-37.64207640128355
269,269,1.2158516490428118e-05,1.1417570883503159e-05,-37.38613664285097,-37.657668583643144
270,270,1.1910661416231492e-05,1.128444541552055e-05,-37.48446830801215,-37.708603547391554
271,271,1.2263462634006463e-05,1.1396488078293929e-05,-37.35476107022401,-37.66569534344696
272,272,1.2113333871910954e-05,1.1405777417837127e-05,-37.40782397722082,-37.66215682739205
273,273,1.2537870818575647e-05,1.1354228502712335e-05,-37.25662101079528,-37.68182944764136
274,274,1.1916401734234784e-05,1.13519529469685e-05,-37.475795863791895,-37.68269992540823
275,275,1.2117859826962699e-05,1.1297684642685405e-05,-37.405634767369165,-37.70351126960704
276,276,1.2114812522771355e-05,1.1323168875701653e-05,-37.406907371610345,-37.69372590368546
277,277,1.2370006881666864e-05,1.1379774916445298e-05,-37.31796644601592,-37.672069027549995
278,278,1.2534384369086857e-05,1.1785416590052927e-05,-37.25605357702453,-37.51995636332871
279,279,1.1973778679564874e-05,1.1433120801628224e-05,-37.46257090131984,-37.6517578263048
280,280,1.2232780605212537e-05,1.1335742927162515e-05,-37.35976813792112,-37.688905864865696
281,281,1.2504206341001224e-05,1.1604590374765011e-05,-37.25982937408502,-37.58710759778258
282,282,1.242758604423647e-05,1.1426891768152067e-05,-37.3050041421169,-37.654124609721904
283,283,1.2182341247962635e-05,1.1421509569979543e-05,-37.38790985993175,-37.656170668853555
284,284,1.226867726407213e-05,1.1259711707105835e-05,-37.347165983997655,-37.71813303863218
285,285,1.2358597964474442e-05,1.1326330757966437e-05,-37.31852011498505,-37.69251334883776
286,286,1.222256592019718e-05,1.1300951643390458e-05,-37.37202829913558,-37.702255582874
287,287,1.2484925587768979e-05,1.1312844962001117e-05,-37.28119793777922,-37.69768739539934
288,288,1.4111671561360858e-05,1.1950375665037427e-05,-36.73719228573235,-37.45959017147761
289,289,1.2505650599835172e-05,1.1794972315807459e-05,-37.26988442864331,-37.516436489920764
290,290,1.2877190052564664e-05,1.1753987133775617e-05,-37.140594802415166,-37.53155363886021
291,291,1.2617227597373354e-05,1.1528983553657063e-05,-37.23395722602031,-37.61549555220428
292,292,1.2396529613041136e-05,1.1517622097974373e-05,-37.31365091725152,-37.61977749982267
293,293,1.2364545712903377e-05,1.1412860993387816e-05,-37.318732375048604,-37.659460472055514
294,294,1.2358736085778069e-05,1.1372781524474512e-05,-37.31874541363683,-37.67473878612964
295,295,1.2228469956623026e-05,1.1366215068463995e-05,-37.36305953484163,-37.677247054846454
296,296,1.2385236220428307e-05,1.1398128328054505e-05,-37.30765121558113,-37.665070326198595
297,297,1.231297304086896e-05,1.1404027789371627e-05,-37.33477574250492,-37.66282307945561
298,298,1.1594668832031792e-05,1.135649099045335e-05,-37.587847403094294,-37.68096414177129
299,299,1.2137379767925277e-05,1.1270923191899018e-05,-37.404204114474396,-37.71381084673361
300,300,1.2003657118220498e-05,1.1268973666071696e-05,-37.44229966984249,-37.71456210865515
301,301,1.1676051060218465e-05,1.1308701399876123e-05,-37.56781189005443,-37.699278379638564
302,302,1.1989832217427038e-05,1.1219629988389849e-05,-37.449454038591334,-37.733620402939174
303,303,1.2105944396231261e-05,1.1216238865592076e-05,-37.41199160644226,-37.73493325241189
304,304,1.178059394134703e-05,1.128438859603576e-05,-37.52184580243331,-37.708625415059764
305,305,1.1871881696672212e-05,1.1200848109039821e-05,-37.487526142685674,-37.74089666924723
306,306,1.231220604617211e-05,1.1293524278842501e-05,-37.342598257596066,-37.70511085029915
307,307,1.2004803503475263e-05,1.1257656536288682e-05,-37.44185080616027,-37.71892580387729
308,308,1.2038595961956199e-05,1.1480879612990017e-05,-37.4298700960864,-37.63365411861863
309,309,1.2103932153267939e-05,1.1178425330926026e-05,-37.41913250268732,-37.749599446921
310,310,1.1781979908133958e-05,1.1303247926039866e-05,-37.53441390609541,-37.7013732133091
311,311,1.1795249989030634e-05,1.1175264645364797e-05,-37.53018927226217,-37.7508275826864
312,312,1.2597141097468976e-05,1.129466492880295e-05,-37.240286902344,-37.70467223348089
313,313,1.2008917626199318e-05,1.127590281899565e-05,-37.439837873323604,-37.7118925061174
314,314,1.2393234401221804e-05,1.165138349422609e-05,-37.3120519106106,-37.569630779901615
315,315,1.2343372001157253e-05,1.1283826145364928e-05,-37.3251611550311,-37.70884188696553
316,316,1.1581262003449775e-05,1.1471166401047652e-05,-37.597880767579774,-37.63732995178608
317,317,1.1344667017482672e-05,1.1354779800106036e-05,-37.69052530504381,-37.68161858381779
318,318,1.314414852852669e-05,1.1477233305126183e-05,-37.053824839360495,-37.635033649596245
319,319,1.2141170635604607e-05,1.1276301943565303e-05,-37.40132536882286,-37.71173878491804
320,320,1.222259997467921e-05,1.1292172147429818e-05,-37.36555641711679,-37.70563084596451
321,321,1.2156726754874773e-05,1.1218143203893161e-05,-37.39389533830993,-37.734195952302386
322,322,1.2327707276968213e-05,1.127804783831571e-05,-37.32612349679589,-37.711066424628406
323,323,1.2018616055768493e-05,1.118115826676857e-05,-37.43225295846863,-37.748537800172045
324,324,1.226163717500143e-05,1.1202811851705375e-05,-37.35711277929263,-37.74013532703153
325,325,1.2389512870793192e-05,1.1171961599948669e-05,-37.306599117391855,-37.75211140591564
326,326,1.1679611619461097e-05,1.1193871375182521e-05,-37.56579578262438,-37.74360262599395
327,327,1.207014984456035e-05,1.1284986516999962e-05,-37.41381483600875,-37.70839530343804
328,328,1.1901687661726832e-05,1.1331618847371397e-05,-37.48523679944204,-37.69048616797622
329,329,1.1858960580453996e-05,1.1123460928119081e-05,-37.49136391923848,-37.77100641213813
330,330,1.1950997337482908e-05,1.1260575631336236e-05,-37.46919907112652,-37.71779983016056
331,331,1.2333936424933125e-05,1.1152191051989671e-05,-37.336232462462256,-37.75980374009865
332,332,1.193763529448278e-05,1.1095731439893011e-05,-37.474641493706514,-37.78184638307435
333,333,1.2348679080890544e-05,1.1179872049787695e-05,-37.32245182571406,-37.74903741662981
334,334,1.1830503953928032e-05,1.1150392262942133e-05,-37.50496601373363,-37.76050429047715
335,335,1.2057413983974275e-05,1.1214039563798762e-05,-37.4207737569492,-37.735784908925154
336,336,1.2027441632958517e-05,1.1195412920833883e-05,-37.4414677605809,-37.74300458564375
337,337,1.2180661964446268e-05,1.1510983696146132e-05,-37.37471927584097,-37.62228136079306
338,338,1.1353604931332719e-05,1.1066001781345173e-05,-37.68521775446268,-37.79349839085946
339,339,1.2044182373765861e-05,1.1277520522861251e-05,-37.43287076760551,-37.71126948773767
340,340,1.3785728425346796e-05,1.1170554372304315e-05,-36.8424942297022,-37.75265848056228
341,341,1.2582926389121585e-05,1.1932432100461723e-05,-37.23686003482317,-37.46611603110325
342,342,1.2767581876649968e-05,1.1691828101328084e-05,-37.17271452433544,-37.55458153340747
343,343,1.2141305597117362e-05,1.149766591735993e-05,-37.39156641290045,-37.62730889485623
344,344,1.2515340900209435e-05,1.1446452749384517e-05,-37.26324832158304,-37.646696550152974
345,345,1.1852768140445347e-05,1.1381869530611622e-05,-37.50356883282028,-37.671269718538
346,346,1.180809661106941e-05,1.1326714708335012e-05,-37.51072309621064,-37.69236613019851
347,347,1.2202973247787162e-05,1.1319111189023764e-05,-37.37752045927182,-37.69528248804651
348,348,1.1996792092815536e-05,1.1328438440135582e-05,-37.444025089181906,-37.691705258735134
349,349,1.2375071670136357e-05,1.131626983183914e-05,-37.31853432362753,-37.6963728039124
350,350,1.2402355976744205e-05,1.1255252071637906e-05,-37.31514909965181,-37.71985349007895
351,351,1.2054972271987035e-05,1.1191210720234698e-05,-37.43089407481493,-37.74463501690733
352,352,1.2037640997207455e-05,1.123760634264296e-05,-37.43651032435403,-37.72666760339675
353,353,1.2155809552908621e-05,1.1166266009049172e-05,-37.39159363141996,-37.754326052301856
354,354,1.1991501843422344e-05,1.1164313563265177e-05,-37.445798245692586,-37.755085492001676
355,355,1.1666907159882818e-05,1.1134770877680766e-05,-37.56689190366381,-37.76659289973442
356,356,1.1646896401197006e-05,1.1073961104557384e-05,-37.57605931718632,-37.79037581082853
357,357,1.2475757974937447e-05,1.1181843738564854e-05,-37.28178405167631,-37.748271559871526
358,358,1.165215946888772e-05,1.1197021146807329e-05,-37.581650835161646,-37.74238076452184
359,359,1.2047039115376597e-05,1.1118430512923575e-05,-37.42139698435916,-37.77297088679096
360,360,1.177196728096214e-05,1.1221109688401492e-05,-37.52430106991528,-37.733047671772454
361,361,1.2184745023706951e-05,1.1120400526315758e-05,-37.38391532035035,-37.772201452510686
362,362,1.2159940477844074e-05,1.1178241948073264e-05,-37.39251824958966,-37.74967069382023
363,363,1.1698116236168306e-05,1.1078536150116155e-05,-37.55134248499502,-37.788581957028626
364,364,1.1723949851845655e-05,1.1155158781069699e-05,-37.54081503859701,-37.75864818519813
365,365,1.16650677115366e-05,1.1044520378115857e-05,-37.57562778907739,-37.801937140296545
366,366,1.177096711807721e-05,1.1035448934355946e-05,-37.52856249410118,-37.80550569434092
367,367,1.258434043772946e-05,1.1311391110786262e-05,-37.24285359122544,-37.698245557503874
368,368,1.2118477008192075e-05,1.119468431984148e-05,-37.40294002598056,-37.74328723505543
369,369,1.2359007837169219e-05,1.1176568286349433e-05,-37.320735637699286,-37.75032098970283
370,370,1.1982697297125268e-05,1.1195613536217838e-05,-37.458344687598085,-37.74292676325861
371,371,1.1938587347910855e-05,1.1108507447045812e-05,-37.472725160502065,-37.77684864363569
372,372,1.173385470858343e-05,1.1070930572474791e-05,-37.54353499210177,-37.79156447626714
373,373,1.1751344212000535e-05,1.1033648900736712e-05,-37.53681823816016,-37.806214146200304
374,374,1.1580689490599361e-05,1.102826957465272e-05,-37.599500908783334,-37.80833201431186
375,375,1.2173999934508248e-05,1.1004941897178805e-05,-37.38415199899718,-37.81752820924784
376,376,1.2284735996367953e-05,1.134280860002802e-05,-37.3527959791824,-37.686199710698816
377,377,1.209986059864642e-05,1.1158480207852431e-05,-37.4095178415512,-37.7573552743151
378,378,1.2201073078949307e-05,1.109801924988125e-05,-37.37685583923036,-37.78095101097529
379,379,1.1562488860775928e-05,1.114556547882354e-05,-37.60169752750903,-37.76238467235181
380,380,1.2041713977016547e-05,1.1093805656664221e-05,-37.42700452591992,-37.782600213159284
381,381,1.2044243131762433e-05,1.109749585961445e-05,-37.43000978692066,-37.781155832087734
382,382,1.133402273686424e-05,1.0976502380799502e-05,-37.69301388223208,-37.82876598941086
383,383,1.2041052764992124e-05,1.1010185086266383e-05,-37.42891919026751,-37.81545955151711
384,384,1.1714803776223712e-05,1.099635459180909e-05,-37.55141171556266,-37.82091839084712
385,385,1.1963358336232108e-05,1.0995602200350013e-05,-37.457581827567026,-37.821215553543574
386,386,1.1781275546680487e-05,1.0977518573590236e-05,-37.52827125402996,-37.82836394285839
387,387,1.2109392571932703e-05,1.119663839314231e-05,-37.404490063774965,-37.74252922422703
388,388,1.1498304291345663e-05,1.1075683304577405e-05,-37.63162804357008,-37.78970045735276
389,389,1.2062966805425491e-05,1.112598233464125e-05,-37.42121858876567,-37.77002208823306
390,390,1.2571162178292726e-05,1.1233148813373287e-05,-37.24859244182349,-37.72839062549965
391,391,1.183905444178759e-05,1.1108191230098447e-05,-37.49863482131397,-37.77697227251262
392,392,1.1893738335800794e-05,1.103926373808032e-05,-37.479836096077605,-37.804004657160405
393,393,1.1811538448436641e-05,1.1021607382357807e-05,-37.51208922842533,-37.810956385817185
394,394,1.1609482545778875e-05,1.0933126472273694e-05,-37.59784150579388,-37.84596202906834
395,395,1.1804931297596453e-05,1.0960525191637172e-05,-37.523960487121116,-37.835092102913265
396,396,1.1842418686130035e-05,1.0916729144427287e-05,-37.50517107306979,-37.852480397393904
397,397,1.161773738222672e-05,1.1029243930687172e-05,-37.59172699435152,-37.80794832877147
398,398,1.1450858671862042e-05,1.0883118480514417e-05,-37.65514515243387,-37.865872176719826
399,399,1.1673641480585278e-05,1.0832959129689507e-05,-37.569609112581645,-37.88593470219973
400,400,1.184691783921678e-05,1.0939665834915726e-05,-37.49906392795359,-37.84336518715137
401,401,1.3401146884227518e-05,1.1621460209043058e-05,-36.97511530598075,-37.58079875315182
402,402,1.2119246206303924e-05,1.1442959045158013e-05,-37.40386705587447,-37.64802231290509
403,403,1.2134540475486087e-05,1.1280330813621587e-05,-37.400760077735626,-37.71018738664757
404,404,1.1520682436611488e-05,1.1243505947564508e-05,-37.631645925503385,-37.7243882091314
405,405,1.1852043967009354e-05,1.1140427838989509e-05,-37.495790773296314,-37.76438704993277
406,406,1.1828025618370638e-05,1.1038520106491265e-05,-37.50817236969952,-37.80429721831427
407,407,1.211276289676292e-05,1.0977268366810963e-05,-37.403089237897944,-37.828462931223775
408,408,1.2210132086861964e-05,1.1092966671735907e-05,-37.36549300338125,-37.78292866699614
409,409,1.1726829349576405e-05,1.1035775251481314e-05,-37.54574913538046,-37.80537727579403
410,410,1.1845322013559593e-05,1.0947792313680494e-05,-37.50254969263663,-37.840140248903126
411,411,1.2634733945194911e-05,1.1041312638170845e-05,-37.224540141173954,-37.80319867638284
412,412,1.1746141982004383e-05,1.1031611536868455e-05,-37.53632645691288,-37.80701614524367
413,413,1.2217980951128393e-05,1.1022567713026595e-05,-37.37788230415079,-37.81057799442017
414,414,1.16181402321222e-05,1.101151902778503e-05,-37.5812775351261,-37.814933412905454
415,415,1.165237058417334e-05,1.1013439689122606e-05,-37.56843472712624,-37.81417596983067
416,416,1.1560895276038677e-05,1.0929125988025734e-05,-37.607313475170315,-37.847551424540164
417,417,1.1799380154491128e-05,1.0927633698692693e-05,-37.5162785560782,-37.84814446123274
418,418,1.1533583675213541e-05,1.0907509788107985e-05,-37.620226671072345,-37.856149634911624
419,419,1.1299089359472981e-05,1.0869831863888785e-05,-37.69893850060066,-37.87117748465268
