,epoch,train_loss,test_loss,train_dbs,test_dbs
0,0,0.0013457171261291375,0.001342279597577688,-1.6173184285424322,-1.6373509729254807
1,1,0.0013337538195965985,0.001333826399212213,-1.6550836574600394,-1.6647877756466531
2,2,0.001327877837838125,0.0013284960357276233,-1.676911910980855,-1.6821782352750771
3,3,0.0013226351998362345,0.0013250421953240508,-1.690588614946189,-1.693483779383421
4,4,0.0013200122054147813,0.0013225109279645902,-1.7001548853205612,-1.701788170118563
5,5,0.0013188497456193891,0.001320509080726065,-1.707527533908177,-1.7083669426794479
6,6,0.0013161345190589421,0.0013189353477699977,-1.7134324746212595,-1.713545787230373
7,7,0.0013152261303027266,0.0013176402640774061,-1.718124618611555,-1.7178122891581253
8,8,0.0013134333511488033,0.0013162230178223628,-1.7225878638107572,-1.7224860494986616
9,9,0.0013127817613908003,0.0013153475807293465,-1.7260800668486256,-1.7253755597628735
10,10,0.0013115524876017852,0.0013142720134438652,-1.7297801104598571,-1.7289282634625573
11,11,0.0013107512825523916,0.0013134791148140242,-1.7329909152164418,-1.7315491472014806
12,12,0.001309814078003629,0.0013125365918600245,-1.735922004170035,-1.7346666650025042
13,13,0.0013091886804928793,0.0013115510932709042,-1.7388576084340155,-1.7379287253499978
14,14,0.0013080009381699655,0.0013109109989416442,-1.741942281998463,-1.7400487898606807
15,15,0.0013066646486962425,0.0013098389547514288,-1.7446865991877514,-1.7436018407839828
16,16,0.0013065997705574042,0.0013090795408444184,-1.7472409650129042,-1.7461205085401101
17,17,0.0013045843296981964,0.0013082693882384582,-1.7502327946151293,-1.7488090672843817
18,18,0.0013043290789037482,0.0013073100156984047,-1.7532041816404567,-1.7519949787370603
19,19,0.0013036868779814428,0.001306481169242608,-1.7554382856371014,-1.7547493185346454
20,20,0.0013025844032808986,0.001305703484257193,-1.7584852253699945,-1.7573352330284833
21,21,0.001301697715780861,0.0013049259708311997,-1.761199604028585,-1.7599221171980477
22,22,0.001301521346568293,0.0013040253451388133,-1.7635746445229512,-1.7629205386833884
23,23,0.0013005311310425708,0.0013033640877294697,-1.7665451769023308,-1.7651233584580819
24,24,0.0012995343206488748,0.0013024623959178203,-1.7686847710132945,-1.7681289292147204
25,25,0.0012991017873216536,0.0013017025960021112,-1.7716023659611988,-1.770663153590903
26,26,0.0012980629870015168,0.0013009267123906237,-1.774313534259665,-1.7732525502442327
27,27,0.001297431337867969,0.0013001254134762444,-1.7767560208200512,-1.7759283882593049
28,28,0.0012963360401120076,0.0012993186859315948,-1.7790316455841824,-1.7786240210091586
29,29,0.0012958524016586622,0.0012986213030097516,-1.782235895632724,-1.7809556342357462
30,30,0.0012952554658938623,0.0012977765015277423,-1.7841752831886253,-1.7837818008135073
31,31,0.0012942513969448424,0.0012971967042080667,-1.7869867574471356,-1.785722497389418
32,32,0.001293458500588985,0.0012964755296707153,-1.789466091182403,-1.7881376223696768
33,33,0.0012922379039419988,0.0012956670742776048,-1.7919891193043354,-1.7908466378917591
34,34,0.0012917896317433297,0.0012947885981319767,-1.7946454069682218,-1.7937921996415205
35,35,0.0012914494025645796,0.001294164268888141,-1.7974092657801257,-1.795886812905429
36,36,0.001290791588787412,0.001293313027800698,-1.7997714766690767,-1.7987443399713174
37,37,0.001289201413098838,0.0012927264845194785,-1.8024949045128205,-1.8007143989250625
38,38,0.0012890434471083824,0.0012919231759090173,-1.8050291049300622,-1.8034139718177706
39,39,0.0012882731341248013,0.0012909941571323496,-1.8074677789918534,-1.8065380961598752
40,40,0.0012877064051356206,0.0012901925457347381,-1.8101845926223457,-1.8092355795880901
41,41,0.0012867986092574358,0.0012895773275216158,-1.8127974440798833,-1.8113069727224953
42,42,0.0012857333502549794,0.0012886843423506147,-1.8150359932384543,-1.8143153450085714
43,43,0.0012857588788148823,0.0012878967620628444,-1.8174957375712653,-1.8169703499925107
44,44,0.0012844097716541787,0.001287291665855599,-1.8201038018042992,-1.8190112876249933
45,45,0.0012836892892289715,0.0012865358730778098,-1.8231497204102802,-1.8215618597773648
46,46,0.001283211093491961,0.0012858010350579494,-1.825251685327468,-1.8240431529920285
47,47,0.0012817304898245434,0.0012852557211820233,-1.827887682913663,-1.825885405678178
48,48,0.0012813058703388903,0.00128433122422154,-1.8301160392560463,-1.8290104522660475
49,49,0.0012807480981285424,0.0012835936963950332,-1.8326708689417313,-1.8315051067751225
50,50,0.0012804195260840286,0.0012827931082268294,-1.8357016642392567,-1.8342146830118784
51,51,0.0012795118190175325,0.0012822178082148496,-1.8376090082632832,-1.836162819943614
52,52,0.0012783830248529917,0.0012813185304893476,-1.8403717998176248,-1.8392097934856513
53,53,0.0012779790600857784,0.0012805235547650802,-1.8432860658800148,-1.8419051476088864
54,54,0.0012768018551497268,0.0012796296627799932,-1.845414891680761,-1.8449378752570285
55,55,0.0012765360369644675,0.001279081554936343,-1.8480322836999696,-1.8467985011375723
56,56,0.0012752201129711165,0.0012784031967289354,-1.8508405367550633,-1.8491023837546492
57,57,0.001274775923709817,0.0012776419937022422,-1.8529017720536287,-1.851689085156576
58,58,0.0012734100611438764,0.0012768448183411046,-1.8555306042819297,-1.8543996794728814
59,59,0.0012725968413131753,0.0012760362587869167,-1.8578231249583412,-1.8571507121595343
60,60,0.0012726509096292952,0.001275352239118595,-1.8606386211438335,-1.859479373394988
61,61,0.001272093897118934,0.001274640714798711,-1.8626765763204445,-1.861902996514499
62,62,0.001270817593940217,0.0012740397482718293,-1.8654954638502106,-1.8639510873211107
63,63,0.0012699538258566837,0.0012731773129321243,-1.8677084228083722,-1.866891951129298
64,64,0.0012701333178802557,0.0012725238063323655,-1.8703113024251965,-1.8691217047657274
65,65,0.0012686087776301908,0.0012716873683721612,-1.8732927041177059,-1.8719772885102712
66,66,0.0012682613907093853,0.0012709891582888208,-1.8752259031408725,-1.874362403493211
67,67,0.0012676192930006643,0.001270097827440814,-1.878392291226234,-1.8774091318176591
68,68,0.0012664441931416694,0.0012699042900318378,-1.8807609755142738,-1.8780709598401217
69,69,0.0012655588762220187,0.0012687770159620988,-1.883224440879281,-1.8819278357630718
70,70,0.0012650947907421085,0.001267989754284683,-1.8855144635720689,-1.8846234199003444
71,71,0.0012648961946041776,0.001267602930678741,-1.887875873646788,-1.885948517261842
72,72,0.001263470536568346,0.0012666045222431421,-1.8904125488775791,-1.8893705204305258
73,73,0.001263073649132605,0.0012659281921131831,-1.8930351785764363,-1.891690146540024
74,74,0.0012622440435453173,0.0012652188122860696,-1.8953120012729343,-1.894124455981708
75,75,0.0012619616463780403,0.0012643639868321387,-1.8983045692848253,-1.8970596909294932
76,76,0.0012608678152151022,0.0012637897468122997,-1.9005156864549964,-1.899032587378582
77,77,0.0012599448145357605,0.001262980611308625,-1.9030359829614827,-1.9018140280840268
78,78,0.0012592689359810243,0.001262320469035522,-1.9052784369633626,-1.9040846179573832
