,epoch,train_loss,test_loss,train_dbs,test_dbs
0,0,4.085582047091802e-05,3.938217071807134e-05,-29.915560668852805,-30.061416758765468
1,1,3.451830313688615e-05,3.3882853466294414e-05,-30.639981496717546,-30.714613487626107
2,2,2.7791146439807392e-05,2.9689267983868423e-05,-31.581541561079803,-31.28841836551232
3,3,2.5216395846017776e-05,2.7250406051998172e-05,-31.997445659538045,-31.660683483680106
4,4,2.4358043559651687e-05,2.534970505956536e-05,-32.15940559853526,-31.97468415610095
5,5,2.3741233216589028e-05,2.6496720142619635e-05,-32.26849612907903,-31.78249207587982
6,6,2.1413189014563932e-05,2.1780875469726436e-05,-32.72214250770776,-32.6336599436373
7,7,2.1796635918849696e-05,3.573391241891506e-05,-32.64203148110192,-30.48360757701259
8,8,2.5391016531580837e-05,2.569633258979976e-05,-31.972593884872637,-31.915701816054494
9,9,2.1230067619567824e-05,2.0236428051583444e-05,-32.753785228728546,-32.95307469091232
10,10,1.9077276201923522e-05,1.917510891010017e-05,-33.21512176635517,-33.18703487032175
11,11,1.976318551746819e-05,1.9886348079461114e-05,-33.064172032297805,-33.02886289558736
12,12,1.8259057910232588e-05,1.847731571041023e-05,-33.401287236701364,-33.348024469573
13,13,1.6833201529546377e-05,1.8392161923417772e-05,-33.748131234712304,-33.368085445716105
14,14,1.7266522638575345e-05,1.807297925743593e-05,-33.64870133099049,-33.44411576201667
15,15,1.6973132540105205e-05,1.812647611873935e-05,-33.727123346146854,-33.431279431560476
16,16,1.717366557358284e-05,1.783572468794821e-05,-33.669516061980445,-33.50150566386097
17,17,1.7359283990970782e-05,1.7972505510873527e-05,-33.623162096216255,-33.468327009000745
18,18,1.677113808928533e-05,1.7840461815036467e-05,-33.77704082162842,-33.50035234094826
19,19,1.6659401020679633e-05,2.120514478807117e-05,-33.812970952361326,-32.75000084195409
20,20,1.724956643190979e-05,1.7729010850368803e-05,-33.65520808061676,-33.52756820541488
21,21,1.6363355666492015e-05,1.8844145511378118e-05,-33.884350751471295,-33.26264877221141
22,22,1.7075383550842706e-05,1.7397447233011726e-05,-33.698484513097206,-33.60955798409883
23,23,1.5938775617279444e-05,1.701419674454404e-05,-33.99409034527397,-33.70629875865895
24,24,1.576974840851839e-05,1.6679631698934827e-05,-34.04124877381169,-33.7925486955037
25,25,1.7061537628532532e-05,1.884820396394628e-05,-33.69976392946557,-33.26171353543962
26,26,1.6302252108814464e-05,1.7305689222044557e-05,-33.909712526145135,-33.6325242602172
27,27,1.594932631839405e-05,1.7126939335292646e-05,-33.993493366812004,-33.67761566920098
28,28,1.5933872484461016e-05,1.704003812176923e-05,-34.00276646140166,-33.69970764320336
29,29,1.5798786999138682e-05,1.844537416074768e-05,-34.03989501275738,-33.35553857121123
30,30,1.5999603823091974e-05,1.6302741019707785e-05,-33.98640761676947,-33.891806968143506
31,31,1.5187851635552583e-05,1.6492692817624438e-05,-34.209796999555415,-33.84149756190673
32,32,1.5184258606411473e-05,1.6276882362083262e-05,-34.20553786360579,-33.89870101632964
33,33,1.7886880629806366e-05,1.6509470362124328e-05,-33.50102806831946,-33.837081854012546
34,34,1.5358520866675933e-05,1.6026630586757644e-05,-34.1582393633767,-33.96599099778682
35,35,1.5360888909592325e-05,1.6332778326805535e-05,-34.15346878634012,-33.883812586152025
36,36,1.568857323101988e-05,1.6026966573247736e-05,-34.07144002274546,-33.9658999521061
37,37,1.540048986536237e-05,1.5692590175986926e-05,-34.14467224860271,-34.05746693388388
38,38,1.4861237011161589e-05,1.586010172391788e-05,-34.29712153268732,-34.01135357871169
39,39,1.4606880418777456e-05,1.621829553761544e-05,-34.38869658401209,-33.9143611627221
40,40,1.4979686553844434e-05,1.557046260514701e-05,-34.265597429286956,-34.09139810514697
41,41,1.411765767733948e-05,1.5338572666223627e-05,-34.51765908604136,-34.15656378212373
42,42,1.4531927816503797e-05,1.537460708564858e-05,-34.401957927869745,-34.14637300616242
43,43,1.502847079950932e-05,1.5498464132466133e-05,-34.2460537593153,-34.111526637830615
44,44,1.4134962051703605e-05,1.526972099734274e-05,-34.51956267258392,-34.17610224488692
45,45,1.4339623534790908e-05,1.5397494424082413e-05,-34.44978673898183,-34.139912708599056
46,46,1.3808130395623312e-05,1.5320808415708598e-05,-34.61468398681131,-34.161596445253195
47,47,1.3639312295633795e-05,1.5330991309862218e-05,-34.672381986921145,-34.158710888814085
48,48,1.390772331902066e-05,1.5010116935866935e-05,-34.587390503383,-34.250572507359
49,49,1.3510956002213901e-05,1.5225990816696522e-05,-34.711847292560584,-34.188557628306505
50,50,1.3694991823810887e-05,1.502957959593531e-05,-34.655586005686544,-34.24494493582571
51,51,1.3721139477694901e-05,1.4744262635327973e-05,-34.65025400149003,-34.32818268107365
52,52,1.3909664977694137e-05,1.4870774688652569e-05,-34.59060923736606,-34.29107732795383
53,53,1.3224263141440592e-05,1.470082239201905e-05,-34.80092666269192,-34.3409969566183
54,54,1.4260799851155715e-05,1.4732441071062471e-05,-34.473609661547805,-34.33166613733413
55,55,1.3765055338864709e-05,1.4762645198635782e-05,-34.63060586737944,-34.322771441857675
56,56,1.3745397464123185e-05,1.4637808865365131e-05,-34.63777649167838,-34.35965254334418
57,57,1.3670821308269952e-05,1.4305400997584097e-05,-34.669762025595055,-34.4594129024229
58,58,1.3004029290069533e-05,1.4305493766043678e-05,-34.88856807708715,-34.45938473914425
59,59,1.3896062884350144e-05,1.426046621513945e-05,-34.59396808677304,-34.47307602282591
60,60,1.3325684055426163e-05,1.39498381605862e-05,-34.772141001391034,-34.56872157190513
61,61,1.2990298648556868e-05,1.4306433800620174e-05,-34.89837108109978,-34.45909936736804
62,62,1.3233990637335287e-05,1.4070989029852698e-05,-34.793456448907506,-34.53116701900024
63,63,1.3472475384520463e-05,1.4821461072164024e-05,-34.7358330972705,-34.30550308651757
64,64,1.338461852449739e-05,1.47835657787111e-05,-34.74882837765282,-34.31662128337524
65,65,1.2854652380052902e-05,1.4335998936363275e-05,-34.92836432063921,-34.450133662542584
66,66,1.3358287490228041e-05,1.4128288871449369e-05,-34.76417396272732,-34.51351760304321
67,67,1.3371350722025586e-05,1.4027016205593673e-05,-34.75961584008812,-34.54476027614436
68,68,1.2430275870128847e-05,1.3867631040691203e-05,-35.08195722890483,-34.59439047961159
69,69,1.3103006663702227e-05,1.4340858940972554e-05,-34.84424634275712,-34.448661623162906
70,70,1.3038206141329246e-05,1.3583885016774538e-05,-34.86504135822543,-34.68417329598439
71,71,1.3082272650451356e-05,1.387883266464709e-05,-34.854907801400536,-34.59088386789461
72,72,1.2727180874958086e-05,1.3553809750240026e-05,-34.97069842394016,-34.693799410329966
73,73,1.2642903279764554e-05,1.3619072983840996e-05,-35.00384692641625,-34.6729377910445
74,74,1.2368531587498247e-05,1.3455013829929827e-05,-35.092940383184754,-34.72557177854675
75,75,1.2384241101957291e-05,1.3755968786043874e-05,-35.09130263579539,-34.62950144666105
76,76,1.2136087901023164e-05,1.325754041509323e-05,-35.18201059898467,-34.78978366628165
77,77,1.2188428130328472e-05,1.3271091934017787e-05,-35.165180109701,-34.78534668639908
78,78,1.2188932431076255e-05,1.3529331514100226e-05,-35.16359939777728,-34.70164987765442
79,79,1.2188297341239864e-05,1.3052354820262591e-05,-35.16636634400363,-34.8575245504501
80,80,1.2304046762925356e-05,1.3816678323277493e-05,-35.11890449684834,-34.61037679785846
81,81,1.2233467892543821e-05,1.5317365499580965e-05,-35.1453110884182,-34.16257250830859
82,82,1.3686850045993084e-05,1.3171653144557863e-05,-34.656400884654836,-34.818010406443804
83,83,1.2049984917146353e-05,1.2305224165749295e-05,-35.20951166983083,-35.11351796644798
84,84,1.1130085506910919e-05,1.1486258603997013e-05,-35.562416246663844,-35.412627364996936
85,85,1.0414370502910538e-05,1.121413314601676e-05,-35.840729965435216,-35.51675618155272
86,86,1.0634819393521162e-05,1.1181960249622966e-05,-35.74932252781319,-35.529233822840695
87,87,9.856935766666285e-06,1.0746826199848377e-05,-36.08364239648122,-35.70161100927242
88,88,9.911747369675215e-06,1.082823418504344e-05,-36.051790060170575,-35.66883686550507
89,89,1.008113829193087e-05,1.0724160466978853e-05,-35.989331606347626,-35.71078022587415
90,90,1.0142452561715978e-05,1.0778026391658626e-05,-35.96009343486886,-35.68902083652242
91,91,9.565634172759019e-06,1.0809354917958109e-05,-36.20638467282393,-35.6764154950457
92,92,9.514828190693846e-06,1.0338811869970462e-05,-36.23708524238598,-35.869706935852044
93,93,9.982411554410272e-06,1.0755580804375073e-05,-36.034055245226334,-35.69807458970178
94,94,9.237455737861965e-06,1.1010105481545907e-05,-36.36464799644223,-35.59649846630911
95,95,9.733418041317227e-06,1.0442376079529487e-05,-36.13831482064295,-35.82641996188401
96,96,9.842164016254642e-06,1.0502564308760492e-05,-36.089914635653265,-35.801459768827584
97,97,1.013401263372009e-05,1.0506881416835026e-05,-35.96558166280427,-35.79967495616244
98,98,9.73630152863556e-06,1.0740737180688148e-05,-36.139812228398085,-35.70407236558857
99,99,9.548793068742524e-06,1.0578671351954414e-05,-36.2251690707056,-35.77010201255256
100,100,9.272423872952805e-06,1.0645980781095874e-05,-36.35140685605595,-35.74255648533277
101,101,1.0317917595906711e-05,1.0479456585399979e-05,-35.88677716106173,-35.811025635578716
102,102,9.91230959679689e-06,1.0140366492506522e-05,-36.06131331479066,-35.953876748249044
103,103,9.76180179575224e-06,1.0866463885337763e-05,-36.12151136489164,-35.65353085385728
104,104,9.689699634260045e-06,1.011429580294613e-05,-36.16186042649802,-35.965056754810576
105,105,9.414187093405172e-06,1.0959754658152202e-05,-36.2800848822664,-35.61640494082029
106,106,9.389361858881888e-06,1.0412179778397426e-05,-36.293510481758815,-35.838996682490944
107,107,9.331857012343274e-06,1.0011946582572387e-05,-36.3145900048189,-36.009228025293886
108,108,9.6277780001626e-06,1.0127053715941178e-05,-36.1926873162031,-35.959582127792366
109,109,9.502719834570823e-06,1.0675183602870675e-05,-36.24836423613455,-35.73065973142648
110,110,9.370817013442535e-06,1.0212923538538713e-05,-36.30573245856944,-35.92291245878727
111,111,9.660260537802782e-06,1.0189125580501768e-05,-36.169183183620405,-35.93304411417457
112,112,9.406429131727751e-06,1.0554104464015262e-05,-36.28057539732231,-35.780199378623735
113,113,1.0030928460202125e-05,1.0200742149448305e-05,-36.00664266091596,-35.92809556580261
114,114,9.317584222914128e-06,1.0189049733430453e-05,-36.32117352866484,-35.93307644284388
115,115,9.829212056914556e-06,9.994535981891922e-06,-36.099914818625855,-36.01678690495861
116,116,9.418626463623686e-06,1.0141732745021153e-05,-36.286606985466456,-35.953291645176684
117,117,9.697770035496227e-06,1.0170611164396273e-05,-36.14328512449214,-35.94094275359946
118,118,9.997237227543872e-06,1.0301953113268705e-05,-36.021110574371264,-35.88521757382838
119,119,9.314381324807026e-06,9.98403014531696e-06,-36.32152260254212,-36.021354427216
120,120,9.20830409329975e-06,1.0162491602578053e-05,-36.38573835977788,-35.94441126612406
121,121,9.649083724595875e-06,1.0156019303203242e-05,-36.170783390664845,-35.9471780869918
122,122,9.197788656201363e-06,1.0009002284947966e-05,-36.38780949526775,-36.010505379558204
123,123,9.36040065032112e-06,1.0162874930660779e-05,-36.311327475735794,-35.94424745380526
124,124,9.028465200637734e-06,1.0117440356943438e-05,-36.463751474450696,-35.96370673477346
125,125,9.316534445686781e-06,9.95396840153262e-06,-36.331690474491715,-36.03445068590475
126,126,9.68543105214455e-06,1.0364269272893006e-05,-36.1583188017666,-35.859026385349566
127,127,9.319121554935263e-06,1.0269977505422981e-05,-36.328853612113356,-35.89871833997775
128,128,9.763779810773204e-06,9.879128188721983e-06,-36.121742522876595,-36.06722705602276
129,129,9.457868150234062e-06,9.762883349283488e-06,-36.25766797344005,-36.11863226127411
130,130,9.143976264389607e-06,1.0115748265984861e-05,-36.41329768566516,-35.96443313117256
131,131,9.012704679465519e-06,1.0140075765344878e-05,-36.472360384679874,-35.95400126348441
132,132,9.36951824563217e-06,9.84340098703366e-06,-36.301932085814606,-36.08296149188635
133,133,9.581041097393159e-06,1.0131303258132998e-05,-36.212158579581015,-35.957760111570664
134,134,8.914765109609303e-06,9.742105224799352e-06,-36.52507563285435,-36.12788510260433
135,135,9.553906805841816e-06,1.0101501558031151e-05,-36.222427570594476,-35.97055391191929
136,136,9.056685110071035e-06,9.821147279198109e-06,-36.4487917972049,-36.09279102522703
137,137,9.7702136184866e-06,1.0121142311522577e-05,-36.114532067426815,-35.962117949145295
138,138,8.6583774749126e-06,9.699526033632297e-06,-36.64518736136222,-36.14690813322131
139,139,9.039411105328964e-06,9.679132074923377e-06,-36.45561249372176,-36.15604910361424
140,140,9.956768716966912e-06,9.672893874697988e-06,-36.041693051217884,-36.15884903374639
141,141,9.073439324526693e-06,9.71806783031513e-06,-36.44841839293285,-36.13861400317835
142,142,8.90805880978227e-06,9.766899701820589e-06,-36.51371079855118,-36.116845984627545
143,143,8.990137485880886e-06,9.64188922424862e-06,-36.487179265614884,-36.17279188788048
144,144,8.859537408086195e-06,9.496197531246397e-06,-36.5573076454197,-36.238915865120205
145,145,8.857138611122151e-06,9.875695755717492e-06,-36.54316006367334,-36.06873624358378
146,146,8.819641982309926e-06,9.618205240258249e-06,-36.56761266147037,-36.183472862223574
147,147,8.685457810925167e-06,1.0011075573856942e-05,-36.61771172239524,-36.009605864639106
148,148,9.139136758695367e-06,9.620693258751233e-06,-36.41379623247176,-36.1823495830416
149,149,9.425944122038758e-06,9.4535871539847e-06,-36.28020848179353,-36.25844693970812
150,150,9.381003274404403e-06,9.544339766427201e-06,-36.29859874625367,-36.21695435078637
151,151,9.370864344671964e-06,9.592724190473459e-06,-36.29372154441738,-36.194993685142784
152,152,9.011465239776034e-06,1.0028562021608722e-05,-36.47601228324848,-36.00202661610431
153,153,8.659392996068886e-06,9.382961994369429e-06,-36.64913437067193,-36.291013691283695
154,154,8.840498866419758e-06,9.487836761859638e-06,-36.55165929503964,-36.242741222984435
155,155,8.426276053796755e-06,9.567075673993186e-06,-36.75620139268548,-36.20662117176474
156,156,8.831823402736696e-06,9.356716227078945e-06,-36.56017666463537,-36.303178680698814
157,157,8.703438450857462e-06,9.359270136069666e-06,-36.62457604929446,-36.30199343877
158,158,8.733932926841908e-06,9.406449479636075e-06,-36.61001894648087,-36.280155990314945
159,159,8.789597031114007e-06,9.244123080670283e-06,-36.58221205215248,-36.355756071007725
160,160,8.545808078011273e-06,9.333856652167588e-06,-36.70880888956385,-36.31380199573254
161,161,8.764566846178982e-06,9.179299970702759e-06,-36.59697065879702,-36.386317639350246
162,162,8.817460554579607e-06,9.196205682153385e-06,-36.56907198986255,-36.37832650222906
163,163,8.798922877271178e-06,9.257462902735968e-06,-36.58875927976715,-36.34949345965991
164,164,9.30366189367277e-06,9.244355648039154e-06,-36.3286144688375,-36.355646810828496
165,165,8.126048622628886e-06,9.253673421258818e-06,-36.910795974164856,-36.35127157947815
166,166,8.245077625951567e-06,9.202418607999693e-06,-36.85401200005112,-36.37539341389426
167,167,8.60240798200974e-06,9.230756045565757e-06,-36.66917885648573,-36.36204052955127
168,168,8.314084331602513e-06,9.061271516417802e-06,-36.82166523081874,-36.44252182336214
169,169,8.374847860152644e-06,9.183401241324119e-06,-36.79288782561243,-36.38437766417045
170,170,8.314420028909808e-06,9.061188584861443e-06,-36.822064512009206,-36.44256157151675
171,171,8.316035347757561e-06,9.174195742831981e-06,-36.818154755477806,-36.388733242448865
172,172,8.410809140017235e-06,8.938056429255276e-06,-36.770250339856204,-36.50198234155869
173,173,7.965942455184726e-06,8.850886172838632e-06,-37.00681147675453,-36.54454570827087
174,174,8.068874105503578e-06,8.883805836184796e-06,-36.947648285275015,-36.528422682790136
175,175,7.765499039752031e-06,8.810072813503211e-06,-37.11550895655928,-36.56461828565942
176,176,8.231852668181204e-06,8.921337618965864e-06,-36.86905750980715,-36.51011351236336
177,177,8.88606579801771e-06,8.7884757129742e-06,-36.5426897387765,-36.57527769462079
178,178,7.899103014462581e-06,8.888018543841195e-06,-37.04037829715211,-36.52636374310652
179,179,8.117000748994147e-06,8.935658785814762e-06,-36.92388780189838,-36.50314749755396
180,180,8.171767857084447e-06,9.423460883944676e-06,-36.90045181505898,-36.27230894177573
181,181,8.199716952750004e-06,8.919911890284551e-06,-36.88109105520326,-36.5108076185693
182,182,8.303366128754918e-06,8.777890678557972e-06,-36.826898448971455,-36.58051158590103
183,183,8.496286972865736e-06,9.110613135769535e-06,-36.732111855045,-36.418937207802735
184,184,8.342409944010252e-06,8.937726833162168e-06,-36.81453944735999,-36.50214249315866
185,185,7.95022411768945e-06,8.676190334785803e-06,-37.01953245247272,-36.631122555255956
186,186,7.960831024639006e-06,8.76165153098746e-06,-37.01809446097733,-36.58855349955147
187,187,8.232016944489682e-06,8.778425748651467e-06,-36.868369994039796,-36.58024686295636
188,188,8.187872242263803e-06,8.62190029836615e-06,-36.89889564431202,-36.65838329883191
189,189,8.115140349452969e-06,8.641725703216108e-06,-36.922088422732486,-36.64840849086046
190,190,8.320839847282017e-06,8.700447515844931e-06,-36.812160856054554,-36.61899734805055
191,191,8.056589307408413e-06,8.72633654580568e-06,-36.961627811690974,-36.606093680815846
192,192,8.14405936964868e-06,8.999600786888837e-06,-36.91185332938795,-36.47218081344151
193,193,8.322235630985983e-06,8.528176462469242e-06,-36.815858284723035,-36.70585148283901
194,194,7.80412238248001e-06,8.419355301731757e-06,-37.09642863913095,-36.76162488962503
195,195,7.710175672513024e-06,8.664565029903315e-06,-37.14502294961524,-36.63694560784059
196,196,7.747613943644593e-06,8.201841099339377e-06,-37.12288376672503,-36.87529975243062
197,197,7.816081018897899e-06,8.466264501437667e-06,-37.09134773301234,-36.73749493854339
198,198,7.474361511187978e-06,8.390340290612872e-06,-37.293526968622174,-36.77661751297926
199,199,7.793755343037756e-06,8.458691569869284e-06,-37.10568749306647,-36.741381368260086
200,200,7.895743889543924e-06,8.28166359592854e-06,-37.0441938074292,-36.833237410196055
201,201,7.767016948904355e-06,8.348837989040858e-06,-37.118410749324234,-36.79815292790913
202,202,7.728926382546934e-06,8.267618532523843e-06,-37.14268783787881,-36.84060896257127
203,203,8.072590263350086e-06,8.162300984718298e-06,-36.95239884105358,-36.89628721015914
204,204,7.5200323970927184e-06,8.086770728703796e-06,-37.26409639817477,-36.93666195923256
205,205,7.830762977804269e-06,8.172534954179642e-06,-37.075332676148214,-36.890845396034806
206,206,7.731047680488363e-06,8.28293399248842e-06,-37.139549988559594,-36.832571259130304
207,207,7.370323423059482e-06,8.261905565488728e-06,-37.33881198557214,-36.843610997164305
208,208,7.782172510768263e-06,8.325888565626596e-06,-37.106485052587026,-36.81010732393722
209,209,7.789989519279543e-06,8.228051611743132e-06,-37.10449557600833,-36.86144319139093
210,210,7.660971807558077e-06,8.102108231947855e-06,-37.17749318759822,-36.92843285944845
211,211,7.648164364113232e-06,8.366489438278796e-06,-37.1936120533631,-36.78898059205809
212,212,7.385155322012484e-06,7.999373625161274e-06,-37.33025764602064,-36.98385344581851
213,213,7.397060157599458e-06,7.895884305310718e-06,-37.32434858484259,-37.04040550155662
214,214,7.473286183722876e-06,8.05747827383273e-06,-37.2885950409882,-36.95242183195284
215,215,7.42184228488675e-06,7.991921919663008e-06,-37.31999607852925,-36.98790094128732
216,216,7.602238936894921e-06,7.970729951155495e-06,-37.207174703258524,-36.99943230896369
217,217,7.3986443192215e-06,8.160589818305053e-06,-37.32891057891847,-36.897197772071955
218,218,7.690831174953665e-06,7.936158980507907e-06,-37.161026434900656,-37.01830967145709
219,219,7.157394928484435e-06,7.793014901835704e-06,-37.47344696918766,-37.09735819650816
220,220,7.187065467902714e-06,8.047375798158005e-06,-37.45890278050555,-36.957870437689934
221,221,7.869833107460435e-06,8.221289446833238e-06,-37.05640253975425,-36.86501387675889
222,222,7.111429961687182e-06,8.433351755038051e-06,-37.49216386163515,-36.75441111226066
223,223,7.4007732447293185e-06,7.891925777489392e-06,-37.33274261004287,-37.04258334232905
224,224,7.258924630225442e-06,7.653804244144244e-06,-37.40985424108675,-37.175639759581365
225,225,7.674069548585002e-06,7.84219221378934e-06,-37.17560225453335,-37.07003843606297
226,226,7.1326298659430945e-06,7.65704668849235e-06,-37.49105072039164,-37.17380031157745
227,227,7.51221258508746e-06,7.67980164757893e-06,-37.26488459314126,-37.160913230474414
228,228,7.128155100441084e-06,7.777777778085837e-06,-37.48853297306776,-37.10585795758385
229,229,7.228197590820011e-06,7.460441266678237e-06,-37.428674666027135,-37.2867681067198
230,230,7.544071317188917e-06,7.824256978270377e-06,-37.24037129435824,-37.079982204590074
231,231,7.163793847230971e-06,8.108976712001573e-06,-37.463932060833976,-36.92475273171461
232,232,7.25422365370101e-06,7.600082306836205e-06,-37.416355194280385,-37.2062303075246
233,233,7.306463032232996e-06,8.151268957590219e-06,-37.38439402963018,-36.90216103085348
234,234,7.099580328678112e-06,8.166617949188404e-06,-37.50840808658489,-36.89399087456068
235,235,7.176766593681922e-06,7.959057280746301e-06,-37.46659056153065,-37.0057969605203
236,236,7.13311272324363e-06,7.690519396419404e-06,-37.4863701128558,-37.15485654509884
237,237,7.220546897948113e-06,8.486126453614193e-06,-37.43089278971436,-36.72731827355263
238,238,7.311539545683154e-06,7.67350138630718e-06,-37.37526395377685,-37.16447750436702
239,239,7.400728412266262e-06,7.667411385850037e-06,-37.33031006237111,-37.16792560914611
240,240,6.8367519900478786e-06,7.604629923949496e-06,-37.66968307866594,-37.20363242201776
241,241,6.914651519239378e-06,7.556727436358894e-06,-37.63218505845557,-37.23107568420168
242,242,7.416092450005908e-06,7.680844359320441e-06,-37.33134163651644,-37.16032361470429
243,243,7.3914424760492766e-06,7.599441352412166e-06,-37.33413937653226,-37.20659658606848
244,244,7.458132511170127e-06,7.89287107756153e-06,-37.28836684717386,-37.04206317268819
245,245,6.96559842141404e-06,7.809988633916395e-06,-37.59136551199016,-37.08790924513037
246,246,7.120463785035211e-06,7.76122545319499e-06,-37.50325486188379,-37.11511027058576
247,247,6.82511180335477e-06,7.475322395054575e-06,-37.67321535844242,-37.27811398735471
248,248,6.867751624705522e-06,7.527621044956552e-06,-37.64687897342932,-37.24783578607564
249,249,7.5388978065976264e-06,8.123776727810955e-06,-37.25418415347514,-36.91683347512893
250,250,3.240501268216398e-05,3.865348318006574e-05,-30.917430882159014,-30.142526907683127
251,251,3.182786206979444e-05,2.0383145965752192e-05,-30.99322102701145,-32.92170111835926
252,252,2.3127338132213744e-05,2.2160884519077006e-05,-32.39139065327783,-32.558542357233705
253,253,2.0784917641200063e-05,2.1245296777219903e-05,-32.84146866586208,-32.74178524188872
254,254,1.7976423946164848e-05,2.0057482384129943e-05,-33.467041241113,-32.99164906903308
255,255,1.5397289203487088e-05,1.74932275560997e-05,-34.15039894589791,-33.585713807662835
256,256,1.5627466916729525e-05,1.9696497618401498e-05,-34.08377002283684,-33.070523184746975
257,257,1.5303427324997567e-05,1.728855443759944e-05,-34.17133525809646,-33.63682644587264
258,258,1.5758697532198977e-05,1.6947615078702494e-05,-34.05635241650286,-33.723327347868405
259,259,1.519993492900202e-05,1.7742503012797035e-05,-34.20410341584065,-33.52426438703447
260,260,1.4755306353632927e-05,1.7475073275962034e-05,-34.33293573292982,-33.59022320858165
261,261,1.436181103309002e-05,1.5702180845485264e-05,-34.44567122747454,-34.0548135143271
262,262,1.4044880502006355e-05,1.4075737262349944e-05,-34.542982610968885,-34.52970174650603
263,263,1.4433905384179262e-05,1.3430051359663545e-05,-34.42845778384343,-34.733636528347574
264,264,9.081420492143526e-06,9.272555225355686e-06,-36.43652074055869,-36.34241897777122
265,265,8.223306619968462e-06,8.736472840322868e-06,-36.86504931834432,-36.60105195222245
266,266,8.086210391880253e-06,8.447418789920017e-06,-36.937716284852975,-36.747173010156466
267,267,7.72708600126543e-06,8.456644752042944e-06,-37.142161619915555,-36.74243239281539
268,268,7.698679500086636e-06,8.665838849035362e-06,-37.160323612471835,-36.63630717768645
269,269,7.712791154245706e-06,8.474191609390178e-06,-37.15698823105966,-36.73343046770508
270,270,7.692840103418254e-06,8.447345384123956e-06,-37.168718302191714,-36.747210749342216
271,271,7.825772163133225e-06,8.187872146280776e-06,-37.082546040918196,-36.88270273820513
272,272,7.517862338046171e-06,8.123498350629999e-06,-37.254624659510654,-36.91698229722125
273,273,7.962035542544813e-06,8.7725431369204e-06,-37.01239062851335,-36.58315813916715
274,274,7.540463347018867e-06,8.269363326306981e-06,-37.24986019581322,-36.839692526523436
275,275,7.387365361320974e-06,8.32823269248413e-06,-37.34060165800962,-36.80888475403989
276,276,7.568086820140604e-06,7.94953274108641e-06,-37.23934594153909,-37.010997239747454
277,277,7.298749898330515e-06,8.312207300102608e-06,-37.38553756227845,-36.81724960693599
278,278,7.342623238278956e-06,8.009229340562965e-06,-37.36229061447615,-36.978505966885955
279,279,7.534747191570692e-06,1.4879857429294038e-05,-37.25843047946841,-34.28842556294389
280,280,8.098206256635394e-06,8.028266740056048e-06,-36.93796194736773,-36.96819532812853
281,281,7.815364407394658e-06,8.080839674412824e-06,-37.09651443962273,-36.939848359945785
282,282,7.210134894775524e-06,7.96552778506578e-06,-37.43317221274696,-37.00226769496755
283,283,7.257817184470639e-06,7.981268338067151e-06,-37.409623504697514,-36.993694138902825
284,284,7.031164827400137e-06,8.30210542277966e-06,-37.547639107973524,-36.822530824633084
285,285,7.440439773192113e-06,8.004868193797607e-06,-37.3015239662536,-36.98087141023076
286,286,6.905820466328674e-06,8.078248595809687e-06,-37.626978178334,-36.941241125589926
287,287,7.415536636228316e-06,8.269353968085183e-06,-37.32651254475192,-36.83969744132307
288,288,7.751805012433288e-06,8.299614077450793e-06,-37.125858405108396,-36.82383427700975
289,289,7.198818605399172e-06,8.109324641593144e-06,-37.44353828442877,-36.924566394195736
290,290,7.305940550967412e-06,7.955216484620714e-06,-37.38872030279987,-37.00789323788794
291,291,7.129560391646366e-06,7.999484392042322e-06,-37.49051758843331,-36.983793309719836
292,292,7.117646522057896e-06,7.954710302951035e-06,-37.48990749876146,-37.00816958347896
293,293,7.166464245566419e-06,7.771262421317116e-06,-37.46325253578528,-37.1094975181247
294,294,7.76250774449472e-06,8.792956051413631e-06,-37.12215465311401,-36.5730642385957
295,295,7.295810542721661e-06,7.770262096815522e-06,-37.386154180916705,-37.11005658221297
296,296,7.16719971736443e-06,7.702378082429181e-06,-37.47048234492019,-37.1481649356437
297,297,7.4012130088582105e-06,8.390145467274124e-06,-37.32138742404119,-36.77671835714097
298,298,7.352749308506411e-06,8.033597910788989e-06,-37.3669637920479,-36.965312352625055
299,299,7.5128412428273e-06,7.867758756076096e-06,-37.26967168711478,-37.05590291385781
300,300,7.315162419377209e-06,7.847841468327188e-06,-37.38115460629626,-37.06691104930475
301,301,7.1557624276878055e-06,7.771986977451506e-06,-37.47196044482034,-37.10909262115219
302,302,7.077977072898198e-06,8.082344361594695e-06,-37.52106415119557,-36.93903976017917
303,303,7.755673332493897e-06,7.899908221014285e-06,-37.12754504331271,-37.03819280545974
304,304,7.107369574160404e-06,7.964864978834827e-06,-37.50619615925386,-37.0026290835323
305,305,7.603274293474315e-06,7.817221582004813e-06,-37.211953155817035,-37.08388903983
306,306,7.317624627812058e-06,8.041024222237817e-06,-37.37492630431771,-36.96129955993123
307,307,7.10087899803802e-06,8.498539955326123e-06,-37.50321789220158,-36.72097005790365
308,308,7.105757635445022e-06,7.710085738883782e-06,-37.51218221369313,-37.14382118764273
309,309,7.408452760144653e-06,7.859281954312647e-06,-37.32377966378071,-37.060584568409794
310,310,7.165119923322975e-06,8.111362962824243e-06,-37.46881307003003,-36.92347490943349
311,311,6.941372797057541e-06,8.322194293884278e-06,-37.61061304344609,-36.8120347553084
312,312,6.975586984481197e-06,8.122282428015942e-06,-37.58606627193702,-36.91763239645611
313,313,7.370754654815399e-06,8.572450138001985e-06,-37.34946536053458,-36.6833635864736
314,314,7.220755078472478e-06,7.974041445298721e-06,-37.436093472932995,-36.997628377608166
315,315,7.32716622580258e-06,7.751614104659224e-06,-37.36525025076777,-37.12049182068982
316,316,7.415198665184266e-06,7.846771352074269e-06,-37.31198997821213,-37.06750328511161
317,317,7.074141466518151e-06,7.782595969872905e-06,-37.524404236079334,-37.10316841528025
318,318,7.284371471560569e-06,8.389491396979123e-06,-37.400906700903136,-36.77705693314513
319,319,7.394582426809159e-06,7.958349981077175e-06,-37.33195112576593,-37.006182923307456
320,320,7.047959884731267e-06,7.72880010021924e-06,-37.53764047550527,-37.133292516175494
321,321,6.887815860742175e-06,7.798798594050918e-06,-37.63211740044949,-37.09413621629403
322,322,7.4433903615293454e-06,7.735218524000007e-06,-37.292344664922005,-37.12968739093825
323,323,6.989333574967963e-06,7.792421480476869e-06,-37.57269344771346,-37.0976889150269
324,324,7.143201630767471e-06,7.938985187425523e-06,-37.4876617155611,-37.016763347128915
325,325,7.1002409875047265e-06,7.743651813622196e-06,-37.50827862656625,-37.12495509274114
326,326,7.184936200162353e-06,7.766273699273466e-06,-37.45261944805514,-37.11228634450353
327,327,6.9045686171934385e-06,7.810587895188578e-06,-37.62926471829799,-37.08757602328882
328,328,7.0091832030718164e-06,7.702739175759857e-06,-37.56343109137445,-37.14796133986658
329,329,6.909992332590057e-06,7.560380421828565e-06,-37.62865717538682,-37.22897677549809
330,330,7.0161337678599144e-06,7.734374560784904e-06,-37.560835642037546,-37.130161260632946
331,331,7.024724053144851e-06,8.040130835165895e-06,-37.549592864907005,-36.96178210372183
332,332,7.218927355106925e-06,7.54828033677768e-06,-37.432413382453234,-37.23593305226627
333,333,7.373359217923542e-06,7.642478522029705e-06,-37.34677048321062,-37.1820709946624
334,334,6.896044907858295e-06,7.73984914447187e-06,-37.643121632862474,-37.12708830313866
335,335,7.046562300790365e-06,7.76286706719762e-06,-37.536413742291245,-37.11419177064191
336,336,7.07319876588353e-06,7.607874163352933e-06,-37.52683552544941,-37.201780057299686
337,337,7.257937158073284e-06,7.778180349161726e-06,-37.41868087419596,-37.10563317631941
338,338,7.430842724153484e-06,7.695107246706213e-06,-37.31816251070546,-37.152266493788446
339,339,6.750077932572578e-06,7.373095094839013e-06,-37.72579418030328,-37.33791491077894
340,340,7.130223380467139e-06,7.574476967420196e-06,-37.48135600814523,-37.220886770317094
341,341,7.105074304884501e-06,7.693635636410603e-06,-37.50084996644499,-37.15309711684544
342,342,6.8862816650713264e-06,7.700012151632874e-06,-37.636580522162156,-37.149499158036285
343,343,6.86489668333172e-06,7.861891079205394e-06,-37.65063541880844,-37.05914303659598
344,344,7.150648226464928e-06,7.628365102917949e-06,-37.48733328560857,-37.19009855612099
345,345,6.964463250135184e-06,7.3960027293651365e-06,-37.59179980785043,-37.32444263594589
346,346,7.472896840292528e-06,7.6222030848408685e-06,-37.2853552289993,-37.193608104828876
347,347,7.4627222152371035e-06,7.741021937889806e-06,-37.290210204430394,-37.126430281108654
348,348,7.3522459125652134e-06,7.783643157285711e-06,-37.34832612716009,-37.102584089532876
349,349,7.194281862990165e-06,7.545629877744145e-06,-37.451316602559054,-37.23745827631789
350,350,7.088168720506521e-06,7.99016537425096e-06,-37.51030525903795,-36.98885558252874
351,351,6.974569719345381e-06,7.910353073576085e-06,-37.59383169218036,-37.03245457962364
352,352,7.215138475189211e-06,7.79690399691677e-06,-37.44027314447456,-37.09519139553978
353,353,7.003959539004652e-06,8.002878985280404e-06,-37.56414458962249,-36.9819507654669
354,354,7.085137923175203e-06,7.506230256120417e-06,-37.51575978711319,-37.2601944394082
355,355,7.242142943404051e-06,7.5221378210699186e-06,-37.42465709774568,-37.25100040021142
356,356,7.183404690782556e-06,7.716746973815852e-06,-37.46129111924634,-37.14007066048356
357,357,7.0771383922040035e-06,7.575031639517922e-06,-37.51850232890427,-37.220568752039846
358,358,7.4261383018630426e-06,7.574839760069919e-06,-37.31699970853035,-37.22067876245943
359,359,6.803799754651636e-06,7.976219493636899e-06,-37.69503169536624,-36.996442297475575
360,360,6.875363701557532e-06,7.383272867101416e-06,-37.65129261021944,-37.33192407205232
361,361,6.978042212309803e-06,7.678038041615908e-06,-37.57863053607217,-37.16191066807874
362,362,6.97182171860891e-06,7.61254774548242e-06,-37.581064685480584,-37.199112968298465
363,363,6.959942086339033e-06,7.793630797287302e-06,-37.58921151641805,-37.09701497962704
364,364,6.909284061246993e-06,7.495424214491657e-06,-37.62565358153944,-37.26645108939499
365,365,6.9738430987123025e-06,7.742595244053518e-06,-37.58381607630883,-37.125547698983866
366,366,7.54795007299801e-06,7.36032794329252e-06,-37.25129161727056,-37.34544161362288
367,367,7.2313693317014015e-06,7.631909834584038e-06,-37.42127144058006,-37.18808095494878
368,368,6.84741436210989e-06,7.602093367160323e-06,-37.660734376425786,-37.205081271458496
369,369,6.649853838604668e-06,7.331153698798612e-06,-37.791741047414156,-37.362690016963775
370,370,6.980700580936979e-06,7.606041723001429e-06,-37.57967333633109,-37.20282622942639
371,371,6.9561320958303805e-06,7.2424939533352456e-06,-37.60396861964138,-37.41553185061427
372,372,6.824195468690266e-06,7.422039288940141e-06,-37.67367438376758,-37.309180773718765
373,373,6.957268096905948e-06,7.769735451515053e-06,-37.59475861440208,-37.11035094409725
374,374,6.785353500313202e-06,7.3734160986005965e-06,-37.695757356899676,-37.33772583532846
375,375,6.883463783262564e-06,7.599006996889856e-06,-37.64488777555387,-37.20684481957527
376,376,6.922583921062976e-06,7.529707976286054e-06,-37.624175003084204,-37.24663193011282
377,377,6.925416626697754e-06,7.708883745899106e-06,-37.62071849437771,-37.144498300237196
378,378,6.7614392184960826e-06,7.297035369303653e-06,-37.71982567659446,-37.382948750332794
379,379,6.88425119939715e-06,7.383099728031084e-06,-37.64293287589498,-37.332025916079836
380,380,7.233219131409999e-06,7.208903896657591e-06,-37.43472819385485,-37.435720904551296
381,381,6.984383378142777e-06,7.353236756707223e-06,-37.5797578326205,-37.34962776905887
382,382,6.8784133263667995e-06,7.269386538897188e-06,-37.64334031060646,-37.39943563911448
383,383,6.747340784827007e-06,7.305931783201614e-06,-37.728244268655615,-37.377657135413365
384,384,7.120549952626029e-06,7.519591953927088e-06,-37.493507153760646,-37.252470518447666
385,385,6.879376495320328e-06,7.855860363442365e-06,-37.64727006640419,-37.06247571012233
386,386,6.90455485288187e-06,7.410998813084964e-06,-37.624929188364774,-37.31564582638561
387,387,6.728605559643613e-06,7.538063982792664e-06,-37.737960017103404,-37.24181506946688
388,388,6.7676277157983185e-06,7.1077897222207145e-06,-37.70862230168083,-37.4970675525187
389,389,7.042455772815882e-06,7.292144561544869e-06,-37.55002326138232,-37.38586056705084
390,390,6.961591239327315e-06,7.434617121984238e-06,-37.59138982664973,-37.301827188040605
391,391,6.88253047761445e-06,7.509533708415754e-06,-37.63823433626871,-37.25828355278315
392,392,6.872300654669237e-06,7.48167287000749e-06,-37.658151678295994,-37.27442611242212
393,393,6.567399616204094e-06,7.430997165532685e-06,-37.83818601144541,-37.30394230701559
394,394,7.2519847965372015e-06,7.247516470287289e-06,-37.421459810334156,-37.41252115369809
395,395,7.137817567464603e-06,7.470688304142402e-06,-37.48624780829929,-37.28080709418675
396,396,6.983666433783226e-06,7.549689646686219e-06,-37.58661634951147,-37.235122273705954
397,397,6.8211479113406034e-06,7.613472677660052e-06,-37.67915436624869,-37.198585328205766
398,398,6.9470991116552975e-06,7.4886374932248145e-06,-37.59684931610795,-37.27038518397555
399,399,6.6439475237539505e-06,7.439064263867055e-06,-37.79969395763366,-37.29923015884871
400,400,6.924775132893515e-06,7.4158047027594876e-06,-37.621265165038224,-37.31283042327172
401,401,6.724458615412304e-06,7.294113976585274e-06,-37.74212426346149,-37.38468781107975
402,402,6.551600216477437e-06,7.47546664570109e-06,-37.85724829901427,-37.2780301827346
403,403,6.9778000851301e-06,7.514222201471536e-06,-37.58561750265115,-37.255572930032244
404,404,6.5374632324221105e-06,7.466453242063596e-06,-37.86903613918955,-37.28326976635858
405,405,6.99616390830698e-06,7.3234087291271674e-06,-37.569364440647206,-37.36728052987814
406,406,6.815357627386117e-06,7.1611059291554786e-06,-37.68509639744706,-37.46461228366674
407,407,7.158334080214473e-06,7.390272051117408e-06,-37.471118022752,-37.32780900388117
408,408,6.772358082128346e-06,7.6861731127122e-06,-37.70448917003693,-37.15731164664941
409,409,7.393382681406477e-06,7.179453668389837e-06,-37.34144190889949,-37.45349929159892
410,410,6.896321000445805e-06,7.274908464176788e-06,-37.63844420110764,-37.39613793125977
411,411,7.018318144415839e-06,7.395917332599454e-06,-37.56009166067502,-37.32449278135494
412,412,6.795630771690769e-06,7.403049566116686e-06,-37.699081639422204,-37.32030669198642
413,413,6.72767945494324e-06,7.182864608598481e-06,-37.73740621995229,-37.45143645952683
414,414,6.666133596865489e-06,7.369265188715776e-06,-37.78166545622253,-37.34017141123201
415,415,6.619684399149414e-06,7.359024039033102e-06,-37.8089602959394,-37.34621104753133
416,416,6.958385969033002e-06,7.29448966969932e-06,-37.59882603585942,-37.38446412764806
417,417,6.946858958172859e-06,7.131206769516116e-06,-37.60270242098862,-37.48278297340903
418,418,6.4066076569379785e-06,7.09620673277593e-06,-37.94927737938791,-37.504150671035134
419,419,6.876108137035284e-06,7.075206906991202e-06,-37.64357164276263,-37.517021814827245
