,epoch,train_loss,test_loss,train_dbs,test_dbs
0,0,0.0011694005182848225,0.0010952278358959838,-13.309328356353092,-13.590459246495374
1,1,0.0010924901922483036,0.0011165043596472394,-13.597151876265839,-13.506899745667154
2,2,0.0010953028362301975,0.001101163240443719,-13.583945970563626,-13.566986926420272
3,3,0.0010901409664584958,0.0010923534742017325,-13.599847782900001,-13.60187203499776
4,4,0.0011025441092794243,0.0010838292931255541,-13.565601248719489,-13.63589513079062
5,5,0.0010807379448939999,0.0011101237767817157,-13.636799078698887,-13.531789932487348
6,6,0.0010868100678673033,0.0011023480726994183,-13.61509572043227,-13.562316506466875
7,7,0.001083394418321742,0.0011116938395915848,-13.632636846109351,-13.525651987382917
8,8,0.001097422174763741,0.0010627074179386622,-13.562786932704034,-13.721366857165728
9,9,0.0010456998782117188,0.0010240848764385049,-13.783706944308346,-13.882144452012676
10,10,0.0009643439612754611,0.0009544609960070566,-14.13474539374096,-14.18792212106231
11,11,0.0009455365925720058,0.000942734891156617,-14.221611644030352,-14.241608169142236
12,12,0.0009315487461827081,0.0009570077404771981,-14.275507311199974,-14.176349473249115
13,13,0.0009384027888671946,0.0009438990229299586,-14.261183447516657,-14.236248612465552
14,14,0.0009352716955730749,0.0009323397075365248,-14.275891106277726,-14.289762169412064
15,15,0.0009315035872391818,0.0009332762412285726,-14.283476640737458,-14.285401878120517
16,16,0.0009269518399678325,0.000938708501818933,-14.307119079010215,-14.260196465206572
17,17,0.0009236092332356907,0.0009203542170948104,-14.320011641517539,-14.345953911704987
18,18,0.0009104517053275072,0.0009360961389335754,-14.383138052302709,-14.272299438449137
19,19,0.0009178138006785788,0.0009372153926003529,-14.35693931045267,-14.267109850481637
20,20,0.0009076391423562753,0.0008970562607589129,-14.405679688258513,-14.457307161951576
21,21,0.0008850238968848644,0.0008946869914468966,-14.507532277680362,-14.468792749373925
22,22,0.000891327979187145,0.0008818579709010297,-14.48356159443578,-14.531517530345079
23,23,0.0008774198364879283,0.0008709602468450995,-14.538372624606545,-14.585520647811542
24,24,0.0008687495467608276,0.0008654460114868064,-14.588703633412145,-14.613104170123306
25,25,0.0008653066662313013,0.0008542174197684385,-14.614122081034598,-14.66981974177493
26,26,0.0008649583431872894,0.0008688377535068675,-14.602681165572708,-14.596117137769433
27,27,0.0008530137855223543,0.00086504345036749,-14.661586628432921,-14.615124755394184
28,28,0.0008599908888032756,0.0008554867634206618,-14.632613939793552,-14.663371035027787
29,29,0.0008462454551187603,0.00086014312814529,-14.706929832581764,-14.639796737552228
30,30,0.0008575006324519432,0.0008564349447720145,-14.64347960393866,-14.658560184521317
31,31,0.0008535252154334305,0.0008646421116090527,-14.668534620071032,-14.61714014148658
32,32,0.0008511740303857578,0.0008730628944345211,-14.679590997750989,-14.575048668784394
33,33,0.0008530756722674849,0.0008562693776758877,-14.662812352136733,-14.659399849319428
34,34,0.0008498601952673311,0.0008535687168324856,-14.689234791196977,-14.673119079004465
35,35,0.0008514182433274757,0.0008754344430359963,-14.67028931787775,-14.563267683126641
36,36,0.0008448044620646336,0.0008673685002385786,-14.702736972362352,-14.603467517228987
37,37,0.0008501689905089509,0.0008671470691057804,-14.679666882751977,-14.60457637230435
38,38,0.0008465893285771467,0.0008541610747526743,-14.692882185532527,-14.670106216107364
39,39,0.0008634067849812971,0.0008620397941405443,-14.617853853885627,-14.630230832582221
40,40,0.0008528321446159605,0.0008643067068126248,-14.672596135304424,-14.618825147457464
41,41,0.0008514594591520343,0.0008768501636376115,-14.6779714813242,-14.556250104171315
42,42,0.0008511020035060487,0.0008628899599180409,-14.680650073704317,-14.625949819574032
43,43,0.0008544002037937033,0.0008605309412814677,-14.6594473094852,-14.637839073275234
44,44,0.0008480400639134891,0.0008464121461943968,-14.690522690509182,-14.709685108258007
45,45,0.0008461198645893523,0.0008582476140490096,-14.700572709881676,-14.649377930304945
46,46,0.0008425406419153604,0.0008452732152746696,-14.715727368685439,-14.715532903595205
47,47,0.0008475776712563773,0.0008461324859557575,-14.703270937444358,-14.711120283404908
48,48,0.000843958063267133,0.0008531353393520572,-14.718654468210332,-14.675324657079873
49,49,0.0008343511348657464,0.0008568085521753682,-14.759870901471048,-14.656666050540528
50,50,0.0008466090795766447,0.0008564744616466525,-14.703971101730207,-14.658359800770302
51,51,0.0008347091755887359,0.0008582359847710713,-14.757646122772584,-14.649436777721148
52,52,0.0008437762207342024,0.0008368698150948866,-14.716194062540824,-14.758924941274644
53,53,0.0008334856331540444,0.0008486323150512027,-14.773024573707282,-14.698308325443872
54,54,0.0008405754822738392,0.0008590048160649052,-14.734212360370568,-14.645547990422667
55,55,0.0008459003568991788,0.0008604275032044633,-14.709869236851045,-14.638361138014911
56,56,0.0008412203943529694,0.0008529769348617839,-14.72887927676898,-14.676131101031677
57,57,0.0008372654868337835,0.0008390284645812292,-14.74632438622753,-14.74773702981116
58,58,0.0008428455006388813,0.0008533227159396598,-14.728343101419796,-14.67437090825366
59,59,0.0008364205006221981,0.0008464085740821534,-14.749811328278257,-14.709703436821895
60,60,0.000849336737973289,0.0008503275090142301,-14.693138566727011,-14.689641685800154
61,61,0.0008344959249220712,0.0008406686798767432,-14.761578643425024,-14.739255302248075
62,62,0.0008362871918769688,0.0008507236734179682,-14.753150852633457,-14.687618795256265
63,63,0.0008435571751048424,0.0008443208429717311,-14.716846952409504,-14.720428873460506
64,64,0.0008415887126286235,0.0008383085522310514,-14.730052854775156,-14.751465010261132
65,65,0.0008440532513951749,0.0008610436680579656,-14.715327484639786,-14.63525220407848
66,66,0.0008401305747180025,0.0008478126837871969,-14.739357190032539,-14.70250488192633
67,67,0.0008443033085060641,0.0008538034438204608,-14.71160008304993,-14.671924955794271
68,68,0.000839831756989558,0.0008474942603099503,-14.740065062281559,-14.704136321721755
69,69,0.0008379532313502403,0.0008528134969406222,-14.738975462030602,-14.676963327384788
70,70,0.0008361920991614845,0.0008426003194855232,-14.761390797011524,-14.729287783192238
71,71,0.0008346947850947527,0.000844969999314727,-14.760861701091715,-14.717091081950889
72,72,0.000834719634365252,0.0008606626192646983,-14.762337395943444,-14.637174569027396
73,73,0.0008366544810171748,0.0008471548269306751,-14.74949333658687,-14.705876080668599
74,74,0.0008330024033544835,0.0008426963069819306,-14.76818635178828,-14.728793070992477
75,75,0.0008486521924778665,0.0008533763037504334,-14.696215069386852,-14.67409818423782
76,76,0.0008382933279115361,0.0008479357899264677,-14.741741241030788,-14.70187431297231
77,77,0.0008434757155836703,0.0008575693324306293,-14.730961610663357,-14.652811559748782
78,78,0.0008421804559100227,0.0008590358254303666,-14.728109698970918,-14.645391216525896
79,79,0.0008373408891577466,0.0008412847742683402,-14.744842242290607,-14.736073687371523
80,80,0.0008433683842574199,0.0008378394781366774,-14.721156841346295,-14.753895777620789
81,81,0.0008409668735862162,0.0008565744807894685,-14.736739626111696,-14.657852661005839
82,82,0.0008380960093417502,0.0008545789843131052,-14.741651428446467,-14.667981892765312
83,83,0.0008331614674894696,0.0008529386342209028,-14.767249106930704,-14.676326113695755
84,84,0.0008345959862914973,0.0008464402696853014,-14.764275819052692,-14.709540808887333
85,85,0.0008352882878077169,0.0008672975481634861,-14.756521475466378,-14.603822791314599
86,86,0.0008455165529854058,0.0008427332504652441,-14.711428759025019,-14.728602682128379
87,87,0.00083304495975548,0.0008408527968353347,-14.764857615088378,-14.738304247140327
88,88,0.0008380268706421647,0.0008509642579347679,-14.742444501115743,-14.686390784798549
89,89,0.000837709087417605,0.0008505783227615451,-14.751092585766322,-14.688360873832803
90,90,0.0008371082067336003,0.0008486433101719932,-14.748143918798188,-14.698252057384444
91,91,0.0008370591172727651,0.0008479855237773767,-14.747710308390376,-14.701619594350106
92,92,0.0008422002741183663,0.000843853800018367,-14.723273461616198,-14.722831873451945
93,93,0.0008344039208130891,0.0008417998507962023,-14.761480564326684,-14.733415533438432
94,94,0.0008378457272012439,0.0008496173510425969,-14.750654326831468,-14.693270247097033
95,95,0.0008445727295655105,0.0008419204846416649,-14.716423239538903,-14.732793213776407
96,96,0.0008411517489183042,0.0008726482782022733,-14.728148935858925,-14.577111616515737
97,97,0.0008376931505200942,0.0008433408220298588,-14.745334987261941,-14.72547274859107
98,98,0.0008412891922076952,0.0008402627028867995,-14.737973183419047,-14.741353110305543
99,99,0.0008342150591563472,0.0008366862005603156,-14.765143465662657,-14.759877915405601
100,100,0.0008333924498898697,0.0008459904776444953,-14.766494887361787,-14.711849230738371
101,101,0.0008439717252652362,0.0008407033164985478,-14.724359303393335,-14.739076371068585
102,102,0.0008383810972631669,0.0008442501451722101,-14.743266748518165,-14.720792537937132
103,103,0.0008367920365213349,0.0008493520435877144,-14.756194442545368,-14.694626617199567
104,104,0.0008495170911101951,0.0008496352116038141,-14.690525374526139,-14.69317895115491
105,105,0.000842850892948582,0.0008524468193124784,-14.717352980574853,-14.67883103135323
106,106,0.0008457107589455302,0.0008483435345911666,-14.712229766331255,-14.699786434416515
107,107,0.0008436350521545127,0.00083898504779331,-14.72223184415586,-14.747961767827636
108,108,0.0008347192389132051,0.0008496561234718875,-14.762788949970902,-14.693072060609143
109,109,0.0008335499946248823,0.0008516853681373361,-14.766483733066064,-14.682712116025494
110,110,0.0008422552341518482,0.0008456282758791195,-14.725132131988463,-14.713709014216349
111,111,0.0008364663376549701,0.0008463177119234675,-14.757265530423036,-14.710169677991484
112,112,0.0008316418178830796,0.00084863868113117,-14.77981813209771,-14.698275746634625
113,113,0.0008450442338218317,0.0008389384418382848,-14.720898654813368,-14.748203026850726
114,114,0.0008494327452091366,0.0008790899883024395,-14.6974159057306,-14.545170637495094
115,115,0.000832398422062397,0.0008455127336722063,-14.769580137131284,-14.714302451933063
116,116,0.0008403019116682567,0.0008489494242607371,-14.73829794038931,-14.696685796427753
117,117,0.0008329379686740102,0.0008459739926222124,-14.77156186715591,-14.711933858451749
118,118,0.0008397076882604394,0.000862366280910608,-14.733531835973217,-14.628586308054052
119,119,0.0008403328655422042,0.0008564983390418714,-14.73260298349992,-14.658238726798988
120,120,0.000842156317733113,0.00084085122522849,-14.725474435704943,-14.738312364385353
121,121,0.0008446210737282544,0.0008509470162128931,-14.722722231443917,-14.6864787798049
122,122,0.000845376505953327,0.000854687241371721,-14.711869323457902,-14.667431768477588
123,123,0.0008368663605033737,0.000852885705075766,-14.755088177542985,-14.67659562369327
124,124,0.0008355058536423159,0.0008373519001332553,-14.759766539650856,-14.756423876142666
125,125,0.000836538395738786,0.0008421972253065752,-14.762141560949427,-14.73136591514923
126,126,0.0008427767645922902,0.0008407601241120382,-14.729309241445295,-14.738782921535487
127,127,0.0008369549873678648,0.0008411647286266088,-14.747408056590848,-14.736693440413491
128,128,0.0008426976879847419,0.0008385697943403533,-14.72771540478157,-14.750111829123568
129,129,0.0008448966221941501,0.0008620290594224475,-14.720557218398152,-14.63028491428348
130,130,0.0008516040193781103,0.0008416792383956674,-14.681217745473703,-14.73403783163539
131,131,0.0008466219224669423,0.0008417142242634375,-14.703309657639561,-14.733857313299586
132,132,0.0008410570012482325,0.0008539320674332741,-14.732726482010868,-14.67127074997581
133,133,0.0008498968516918111,0.0008354008283564134,-14.689731635769752,-14.7665549621819
134,134,0.0008386392962456364,0.000842693127005508,-14.742139367894612,-14.728809459444726
135,135,0.0008340799951801057,0.0008405310739027826,-14.761980544823112,-14.7399662411495
136,136,0.0008371757336210498,0.0008527105306520274,-14.755500107339666,-14.677487713911038
137,137,0.000842600072537232,0.0008280918271721978,-14.7203705864458,-14.804718993730614
138,138,0.0008393761626271935,0.0008470795000903308,-14.73487802293172,-14.706262261382808
139,139,0.0008393089417800231,0.0008469657684480282,-14.73751975166743,-14.706845398394092
140,140,0.0008388402422928472,0.0008553127776586303,-14.740723064268881,-14.66425437705385
141,141,0.0008443966759944853,0.0008453786109672173,-14.715046734647807,-14.71499142288299
142,142,0.0008381993261396347,0.0008444747164551364,-14.742296271187714,-14.719637464404908
143,143,0.0008426332557045845,0.0008365082291052922,-14.723878134696841,-14.760801801115164
144,144,0.0008396013350629238,0.0008356618560164383,-14.741896317710326,-14.765198186348714
145,145,0.0008385764385727187,0.0008434529759381947,-14.752481320290592,-14.724895228995676
146,146,0.00084137121400287,0.0008460781843352475,-14.733521203109962,-14.711399006315338
147,147,0.0008400082696210017,0.0008446464658175644,-14.730907941833916,-14.718754285608588
148,148,0.0008407070387884514,0.000851115539645482,-14.731106276343857,-14.685618778545464
149,149,0.0008393162729449032,0.0008294230333137277,-14.733348427466586,-14.797743061030062
150,150,0.0008307094259677243,0.000863849620432838,-14.785991086488025,-14.621122510190151
151,151,0.0008398205121095801,0.0008532200927699083,-14.742267344660164,-14.674893235336985
152,152,0.0008398877611604624,0.0008512233218521272,-14.731749468084397,-14.685068838475193
153,153,0.0008342078978138179,0.0008393181579824733,-14.761482565320549,-14.746237789485448
154,154,0.0008415172648251287,0.0008422249474709755,-14.728631547568131,-14.731222963064877
155,155,0.0008387690693255245,0.0008593282239560626,-14.745415519662375,-14.643913216942543
156,156,0.0008364597031817839,0.0008473365144853137,-14.76122711522429,-14.704944758084837
157,157,0.0008401204777891104,0.0008425366464316061,-14.738119068545462,-14.729615980324395
158,158,0.0008426460025822456,0.0008594866468277024,-14.72265029003596,-14.643112639983098
159,159,0.0008399388902897457,0.0008382526759401356,-14.733780711042943,-14.751754492857
160,160,0.0008312989849616418,0.0008502161271232916,-14.777248496804187,-14.690210592585725
161,161,0.0008397192529825129,0.0008433271738651552,-14.74500967230201,-14.725543032993615
162,162,0.000836253735073602,0.0008376636236023746,-14.762153509124401,-14.754807416090054
163,163,0.0008401614259784445,0.0008530314999485487,-14.738373355061455,-14.675853290962149
164,164,0.0008407283103880808,0.0008401678152088272,-14.737071693947044,-14.741843570274506
165,165,0.0008459457450728748,0.0008600457681735095,-14.705903927611848,-14.640288345173209
166,166,0.0008353050528142179,0.0008517901419269803,-14.759725318482797,-14.68217788258945
167,167,0.0008395937998711909,0.0008462159404237019,-14.739654692930909,-14.710691957719927
168,168,0.0008407024043785004,0.0008444675262772331,-14.730964850248242,-14.719674442041068
169,169,0.000838366307116584,0.0008479135944262931,-14.744047824496311,-14.701987995040287
170,170,0.0008391904045789282,0.0008582242697134222,-14.748142651331712,-14.64949606001305
171,171,0.0008363228275671063,0.000848481168137177,-14.75561306485281,-14.699081900947712
172,172,0.0008368247636286638,0.000847140801947956,-14.754827943248863,-14.705947980430363
173,173,0.0008458930485372998,0.000843747509765978,-14.71671045553325,-14.723378937143895
174,174,0.0008281659816161336,0.0008511147002297404,-14.789716439385359,-14.68562306179242
175,175,0.0008322635171070849,0.0008450638698904138,-14.770235115585294,-14.716608636316886
176,176,0.0008381752077653312,0.0008491051450714861,-14.745996648755519,-14.695889253251382
177,177,0.00083451620999186,0.0008420668615910568,-14.75835980089891,-14.732038211647666
178,178,0.0008352340922748536,0.0008447379008621761,-14.759426887732998,-14.718284176660624
179,179,0.0008366321814822551,0.0008561123671059153,-14.75118209815503,-14.660196270147184
180,180,0.0008449802978069896,0.0008525246276373142,-14.702434637328118,-14.678434640830606
181,181,0.0008412653078641935,0.0008438217919319868,-14.740682592533474,-14.722996608136254
182,182,0.0008443526650020449,0.0008400220907979497,-14.719522839425236,-14.742596905447574
183,183,0.0008413929632653665,0.0008458784095158702,-14.73455070759629,-14.712424577566953
184,184,0.0008383018076275811,0.0008571338839828968,-14.743173446285358,-14.655017339270962
185,185,0.0008464553291410131,0.0008550117766533635,-14.701733568962808,-14.665783011799283
186,186,0.0008410022866470528,0.0008556523090718608,-14.728163044107186,-14.662530711009722
187,187,0.0008392685816680878,0.0008423122252631737,-14.736078520248533,-14.730772937215736
188,188,0.0008389914477935311,0.0008404797745721513,-14.738001159961826,-14.740231308043573
189,189,0.0008390942149190712,0.0008499418832606784,-14.7394300577775,-14.691611669386049
190,190,0.0008410815864839812,0.0008492846728155488,-14.735466868947027,-14.694971114104948
191,191,0.0008365732891312273,0.0008408195480067087,-14.753459170344325,-14.738475978367855
192,192,0.0008432067919896973,0.0008511288109921703,-14.720945320781556,-14.68555106003452
193,193,0.0008425691462669176,0.0008546638051293007,-14.725306396595341,-14.667550857307015
194,194,0.0008405294502153993,0.0008363946537046056,-14.727367993202394,-14.76139149667228
195,195,0.0008414541233148541,0.0008548854078215204,-14.724730152138026,-14.666424936786964
196,196,0.0008308240542543534,0.0008436970345332826,-14.776397689831324,-14.72363875148995
197,197,0.0008413467655851285,0.0008396913150423451,-14.733739014515121,-14.744307364943388
198,198,0.0008421416007961656,0.0008541387046295169,-14.725344072025404,-14.670219957514632
199,199,0.0008442774445020123,0.0008480675567529703,-14.715434515915028,-14.701199484047294
200,200,0.0008383043933678995,0.0008526245426190527,-14.74596463763758,-14.677925682130276
201,201,0.0008369160248398704,0.0008427185086092274,-14.748323552644699,-14.728678653531142
202,202,0.0008411717117456815,0.0008494351549368156,-14.732896929013414,-14.694201669326656
203,203,0.0008364093157501181,0.000841593593481536,-14.752070859300868,-14.734479769661576
204,204,0.0008373715855978122,0.0008453892752234088,-14.749040037308959,-14.714936637981344
205,205,0.0008384540536652136,0.0008469656459055841,-14.741312114550713,-14.70684602674902
206,206,0.0008387372609391117,0.0008484515067385999,-14.742865520838661,-14.69923372525895
207,207,0.0008340508535446733,0.0008428369673263086,-14.757953137839193,-14.728068220140123
208,208,0.0008406059452831822,0.0008454983778248884,-14.732843688230183,-14.714376190836742
209,209,0.0008428122316602349,0.0008595429458900502,-14.719926238648341,-14.642828172836907
210,210,0.0008363971371472496,0.0008490717859546605,-14.75348669414329,-14.696059879528253
211,211,0.0008440276568265843,0.0008539501577615738,-14.71857251699947,-14.67117874679619
212,212,0.0008447119862935745,0.0008602899830102137,-14.722588133669273,-14.639055316601677
213,213,0.0008357205589004245,0.0008562932121812514,-14.755364411669422,-14.659278963878858
214,214,0.000838232879555717,0.0008483263357591472,-14.746098292028321,-14.699874481690438
215,215,0.000840510848967224,0.000852061049571555,-14.728082797689954,-14.68079685005888
216,216,0.0008436788801228647,0.0008441132867071582,-14.726584626467238,-14.72149661473934
217,217,0.0008391454448616228,0.000845920168917234,-14.73796993504588,-14.712210179968864
218,218,0.0008404017048023795,0.0008497919158176764,-14.7293135035708,-14.69237802507263
219,219,0.0008417921988101504,0.0008580605254361504,-14.728212504957623,-14.650324748077864
220,220,0.0008466603323221975,0.0008501882119545419,-14.709344125475251,-14.690353186949569
221,221,0.0008387228416413376,0.0008560087421516839,-14.745337632087846,-14.66072197765259
222,222,0.0008427426104971505,0.0008351621616288627,-14.725838728646723,-14.76779588089153
223,223,0.0008473161940424482,0.0008454938743900703,-14.705044995795362,-14.714399323017133
224,224,0.000843444342254517,0.0008432453124489831,-14.72003628369388,-14.725964621293443
225,225,0.0008335840125020939,0.0008599366778262743,-14.771722343339489,-14.640839250050252
226,226,0.0008378224465371945,0.000843538011203667,-14.747366678934508,-14.72445740393467
227,227,0.0008398882400234873,0.0008551910593125381,-14.738355332579262,-14.664872459340494
228,228,0.0008392288708416073,0.0008408297251566852,-14.734757729928345,-14.738423412352493
229,229,0.000840462279774863,0.0008426402101146156,-14.741350990652561,-14.729082183103783
230,230,0.0008510284518256553,0.0008524554095378047,-14.68794996492657,-14.678787267113915
231,231,0.0008379755824919522,0.0008492478304297516,-14.73627885931289,-14.695159517268548
232,232,0.0008394157234339293,0.0008552359772453967,-14.739837559534193,-14.664644357118458
233,233,0.0008359057834784779,0.0008515303948354957,-14.7535299537187,-14.683502433394327
234,234,0.0008423464035509711,0.0008455607917551932,-14.715632697014376,-14.714055610386037
235,235,0.0008308453798610909,0.0008490335588392458,-14.777495252361355,-14.696255413042557
236,236,0.0008399426071789384,0.0008430898367231222,-14.73261656080165,-14.726765437786366
237,237,0.000841698279249069,0.0008569999696000627,-14.741478352883028,-14.655695912621685
238,238,0.0008371959676841254,0.0008439206714300733,-14.754537393537548,-14.722487729307005
239,239,0.0008412399719296427,0.000845706102585322,-14.734785708752934,-14.713309333236616
240,240,0.0008352170386303639,0.0008500060434208104,-14.75964619095896,-14.691283842832314
241,241,0.0008367035986817221,0.0008513328962420163,-14.758890767847577,-14.68450982547525
242,242,0.0008408289670358537,0.0008464494971313366,-14.733875805263942,-14.709493464648226
243,243,0.000842295329028875,0.0008493693710893,-14.72666758651345,-14.694538018347993
244,244,0.0008367868014323266,0.0008654644418703882,-14.750499285939433,-14.613011684531418
245,245,0.0008382228870405672,0.0008590973448008299,-14.74949607172044,-14.645080210096399
246,246,0.0008459092956756424,0.0008524980144820324,-14.713603378328731,-14.678570216115066
247,247,0.0008404886196415449,0.0008534325813678535,-14.729877870459,-14.673811789446676
248,248,0.0008390921542478591,0.0008428611235055877,-14.735691805833666,-14.72794375069423
249,249,0.0008412359850049095,0.0008451742530604335,-14.722400309946888,-14.716041393145032
250,250,0.0008329350612913594,0.0008414830111800448,-14.770079772577294,-14.735050454124421
251,251,0.0008331407335606048,0.0008529874061136262,-14.76518856886645,-14.676077786823585
252,252,0.0008389260655883508,0.0008481242602053834,-14.745809664721072,-14.700909115985725
253,253,0.0008349957427048345,0.0008407533995954221,-14.761285508151264,-14.738817657152163
254,254,0.0008439968193679588,0.0008561844557621761,-14.722071487410231,-14.659830589323363
255,255,0.0008381639634854323,0.0008595178890238074,-14.744581620261531,-14.642954777533179
256,256,0.0008465947502907174,0.0008483519256850215,-14.71132602041401,-14.699743477906717
257,257,0.0008444568675165017,0.0008390921131266575,-14.714868871367079,-14.74740758730934
258,258,0.0008356014750273802,0.0008522669453860113,-14.751854706678095,-14.679747528370036
259,259,0.0008308919591915592,0.0008495285414698485,-14.78862681775479,-14.693724234098266
