,epoch,train_loss,test_loss,train_dbs,test_dbs
0,0,0.0004966902671401034,0.0004997394847266964,-19.067243534644984,-19.026976616758546
1,1,0.0004986900906438564,0.0005152207909544048,-19.042168494976067,-18.89447946349335
2,2,0.00048264665961188756,0.00045849703785375153,-19.184313139691245,-19.401047921196714
3,3,0.0004523286611542643,0.00043259597977770393,-19.45973472292694,-19.653588472355917
4,4,0.00037696126088759255,0.00036179967144945343,-20.26286241208204,-20.429731582096814
5,5,0.00035471447861090916,0.00035212931872688626,-20.5247397142777,-20.54739139873895
6,6,0.00035262024738182574,0.0003496639899247767,-20.55588355532223,-20.577904174677055
7,7,0.0003472868909401646,0.00034727524708662376,-20.61904227829013,-20.607674973639707
8,8,0.00034578264506111286,0.0003522266940164723,-20.63136284617546,-20.546190598278805
9,9,0.0003467912308046037,0.0003426988704105545,-20.622617932240622,-20.665286534212978
10,10,0.00034507497552225424,0.00034381225888960456,-20.641150782752817,-20.651199686207956
11,11,0.0003463500110341294,0.0003442085289862007,-20.627589448162098,-20.646196990406974
12,12,0.0003450216549045416,0.00034479729794455985,-20.637607357534037,-20.63877472597975
13,13,0.0003433819390958194,0.00034619642629925355,-20.652023975797455,-20.62118745903358
14,14,0.00034433891534680483,0.0003472664653887286,-20.65088908364297,-20.60778479693381
15,15,0.0003439508670744169,0.0003458315868077702,-20.659779285650117,-20.62576668963149
16,16,0.00034426215084356053,0.000345004141931177,-20.649253299717294,-20.636170173437467
17,17,0.0003449393813762353,0.0003494824004040933,-20.64105237566467,-20.580160163685036
18,18,0.00034279751197732603,0.00034749696925772647,-20.672289558333446,-20.604903051665016
19,19,0.00034485609941520566,0.00034358843511558677,-20.653185660850877,-20.654027889154438
20,20,0.0003454057039505773,0.00035028885682358553,-20.639694864802323,-20.57015004325436
21,21,0.0003444784061056706,0.0003436115343662861,-20.65145442252176,-20.653735925313804
22,22,0.0003436533062113929,0.0003412498473679941,-20.66098392471499,-20.68368860550066
23,23,0.0003429378395463273,0.00034520762672304715,-20.666485837538797,-20.633609442692666
24,24,0.0003425005307905952,0.00034395004101832837,-20.67288393128621,-20.649459607723916
25,25,0.0003406705455398475,0.00034533379948697984,-20.696599752669865,-20.632022394221067
26,26,0.00034255394742094443,0.000341650672979947,-20.684898812078654,-20.678590458222104
27,27,0.0003404543070799489,0.0003434367827139795,-20.700328475522774,-20.655945192931533
28,28,0.00034439038292063186,0.0003426260296500435,-20.65546968107885,-20.66620972671522
29,29,0.00034374737579221884,0.00034107578961227675,-20.663738538086612,-20.68590433125925
30,30,0.0003419807087750049,0.00034441486901701674,-20.687483825324225,-20.64359433880609
31,31,0.000341714960798986,0.0003411955197072147,-20.68812052697743,-20.68438006607697
32,32,0.0003413394505767747,0.0003421208683376838,-20.6876089296313,-20.67261760708312
33,33,0.00034229377957934647,0.0003468001193955149,-20.68238408633707,-20.613620880284557
34,34,0.0003410929483337539,0.0003443029555982273,-20.693005874313318,-20.645005755177838
35,35,0.00034004409309025356,0.00034293669465880255,-20.702279918567548,-20.66227368691972
36,36,0.00034397083410234717,0.00034359378868861024,-20.66205831996861,-20.653960220721174
37,37,0.0003414117342902866,0.0003433353910957904,-20.68723316443783,-20.657227534362647
38,38,0.00033964136328557795,0.00034320466128472045,-20.70746538328229,-20.658881486992424
39,39,0.0003425448067179046,0.00034846839691071133,-20.687097446531663,-20.592779289082902
40,40,0.0003411895724507913,0.00033946276495331213,-20.690667192390503,-20.70649182084984
41,41,0.00033880834144866574,0.0003404502471982452,-20.715744614855588,-20.693876724982367
42,42,0.00034100344895442815,0.00034088712326545075,-20.69760253213279,-20.688307299335385
43,43,0.00034061235168075056,0.0003376310571758567,-20.692597749513716,-20.72998937746041
44,44,0.0003418589011434773,0.00034373363872107704,-20.68404021813954,-20.652192908787722
45,45,0.0003394964973192624,0.000344402147579546,-20.706811257309386,-20.643754754416122
46,46,0.00033890276297581255,0.0003436367765779754,-20.715281687571657,-20.653416897879964
47,47,0.0003406489204936997,0.000339743264607693,-20.697236550994607,-20.70290470725847
48,48,0.0003398947226310859,0.0003421327641454378,-20.70650670987756,-20.672466602151008
49,49,0.0003393644478397694,0.0003385767662334011,-20.71204465742296,-20.717841736491533
50,50,0.0003405126854633317,0.000342683872747186,-20.699870821144692,-20.665476600347805
51,51,0.00034031812545661,0.00033987797704819396,-20.7053049880157,-20.701183016801092
52,52,0.0003405778525401982,0.00034159449186470166,-20.701611908413767,-20.679304671791364
53,53,0.00033878453211503624,0.0003423274212859963,-20.71540575147406,-20.669996377407887
54,54,0.00034018341042629455,0.00034175701378109425,-20.69791720054866,-20.67723890118209
55,55,0.0003418258178892747,0.00034152550965939695,-20.68033686827157,-20.680181782435128
56,56,0.0003416559211285689,0.00033944014055458337,-20.68345999916451,-20.706781277602737
57,57,0.0003412064838765631,0.00034325724271567245,-20.69753533839527,-20.658216167468517
58,58,0.00033918933189214814,0.00034591320620261525,-20.724925622664358,-20.624741836150257
59,59,0.00034348541101411986,0.0003406484841099499,-20.663802836157707,-20.691348656867234
60,60,0.0003410812380925282,0.00033718777979773124,-20.690457815502512,-20.735694996106897
61,61,0.0003417729113260572,0.00033813875358502726,-20.697186058990944,-20.723463788807067
62,62,0.00033779254455609033,0.00034150555362238695,-20.723864079521263,-20.680435557035505
63,63,0.0003393582979303583,0.00034053835062015995,-20.723722355481634,-20.692752981345237
64,64,0.00033926290187495043,0.0003393198743364529,-20.709524631320594,-20.70832028857257
65,65,0.0003392782677973131,0.00034064597045806676,-20.713407267158495,-20.691380703660947
66,66,0.0003408217567412816,0.000341916711094152,-20.69640871507927,-20.67520999000491
67,67,0.00034069976908606043,0.000341612603637929,-20.69765025013168,-20.67907440945294
68,68,0.00033930411619931153,0.00034164425635122155,-20.720873618789778,-20.678672024946174
69,69,0.0003370170195865416,0.00034107580339830175,-20.7414376257363,-20.685904155720714
70,70,0.00034021097775452684,0.0003374340150529813,-20.69973655923823,-20.73252466813439
71,71,0.00034003372912621606,0.0003404217361668615,-20.706519778982564,-20.694240440450564
72,72,0.0003391601218477122,0.0003386873378124284,-20.713972759946948,-20.716423659650705
73,73,0.0003388642361051566,0.00034529243068965644,-20.722057725631245,-20.63254268260969
74,74,0.0003390596239208292,0.0003402647179379863,-20.713361048799477,-20.6962440693213
75,75,0.0003379241511772972,0.0003386119267241539,-20.731804304660347,-20.717390754149754
76,76,0.0003380244174736946,0.0003396316789899413,-20.73331700227492,-20.704331342695696
77,77,0.000338664706844414,0.00033835378187512487,-20.726957717901193,-20.720702912726626
78,78,0.0003381073444880084,0.00033936821426706096,-20.73271004566636,-20.707701631327605
79,79,0.0003381255847886781,0.00033861270946401517,-20.73501641405207,-20.717380714952
80,80,0.0003385345383124791,0.0003372910662284611,-20.72335439419099,-20.73436488093616
81,81,0.00033762362772435644,0.00034031168079787965,-20.73647863319073,-20.69564470351971
82,82,0.0003387984455462315,0.00034013527329079807,-20.720021885286144,-20.697896541319793
83,83,0.00033847525831043107,0.0003408151372384868,-20.72410741944257,-20.689224507219592
84,84,0.000338118876805817,0.00034057921852524345,-20.73670707855485,-20.69223181711486
85,85,0.0003359530177495452,0.00033821228211500535,-20.754274741111836,-20.72251951480519
86,86,0.00033664438104228186,0.00033802812379833897,-20.74491001628501,-20.724884914506315
87,87,0.00033460401500258404,0.00033511591333846907,-20.77575018232202,-20.762462750864398
88,88,0.0003358182418112134,0.000339036591436812,-20.752249467096227,-20.71194753216766
89,89,0.00033697058937569947,0.0003358477230281814,-20.748507355009313,-20.75298918124467
90,90,0.00033557988173981226,0.00033620667282344873,-20.76356411921474,-20.74834997551517
91,91,0.0003321505605948839,0.0003361656486767491,-20.80017245248503,-20.7488799366688
92,92,0.0003345070164362641,0.0003349678284537635,-20.777042431515795,-20.76438228555288
93,93,0.0003369851502921125,0.000341125532653869,-20.75030231977648,-20.68527099538581
94,94,0.000332825717854688,0.00033404645019848093,-20.798002927023948,-20.776344653405864
95,95,0.0003337245515533291,0.00033524709655658195,-20.787087002433378,-20.76076301064511
96,96,0.00033495666941666264,0.0003377524661022778,-20.77093432117764,-20.72842797640311
97,97,0.000336150337519489,0.00033457256320520843,-20.75806056000861,-20.769510028058527
98,98,0.0003347623890467449,0.0003346146626618544,-20.776385796044437,-20.768963587211186
99,99,0.00033364775284558303,0.00033377449022066826,-20.791771847710606,-20.779881850790467
100,100,0.0003330706352891266,0.00033497065765244,-20.797976166343112,-20.764345604412778
101,101,0.000335705563481225,0.00033379271381387587,-20.763112325086087,-20.779644738903464
102,102,0.00033476897071298096,0.00033071084946737086,-20.775609926117333,-20.81992883518702
103,103,0.00033308190717265854,0.00034049713040554995,-20.791300792635305,-20.693278701730403
104,104,0.00033434334939547346,0.00033590090491710916,-20.783036686150513,-20.752301525178517
105,105,0.00033297631787568255,0.0003334362654162473,-20.79377966785776,-20.7842849326516
106,106,0.00033197254776599406,0.0003352488657631176,-20.808849534226276,-20.760740091591785
107,107,0.0003312829637074286,0.00033249271157393724,-20.812279733887365,-20.79659196584819
108,108,0.0003354376987266095,0.0003300958319175008,-20.771829293378836,-20.82801285772579
109,109,0.00033255620198276316,0.0003371700126751277,-20.808192973225363,-20.735923840895047
110,110,0.0003320994146633893,0.0003331045154482126,-20.810825930892424,-20.788608064754616
111,111,0.0003334462322227503,0.0003324285452866829,-20.788813434136802,-20.797430172305802
112,112,0.0003312780037546319,0.00033421793303109313,-20.812897270994036,-20.774115773595767
113,113,0.00033221572977202684,0.0003317306752586247,-20.805852075543,-20.806556936022655
114,114,0.0003315011416225857,0.0003361236196820085,-20.80935651591802,-20.749422945798308
115,115,0.00033426045328522697,0.0003343994413674074,-20.784251887833296,-20.77175783095666
116,116,0.000333530545119465,0.000336065974184557,-20.79512658686022,-20.750167828543876
117,117,0.0003324031248357454,0.00033910622618063107,-20.793352960470344,-20.711055626087997
118,118,0.0003353653796084379,0.00033693484912969564,-20.7647282761886,-20.73895394021804
119,119,0.0003351654167906333,0.00033643534927825004,-20.760470732781414,-20.74539705485234
120,120,0.00033328161465685774,0.00033276760031616216,-20.799421322505907,-20.793002914508545
121,121,0.00033363129087896613,0.0003351152699906379,-20.78297638000705,-20.762471088358087
122,122,0.00033367778469818,0.00033668316226746693,-20.791370822552246,-20.742199287541613
123,123,0.0003341298760995077,0.0003336064784027832,-20.7851187602624,-20.78206850610052
124,124,0.0003332739201441561,0.00033270945392647073,-20.791877459616465,-20.793761848451915
125,125,0.0003334651665147586,0.0003361969781843455,-20.793729668618784,-20.748475207680713
126,126,0.0003346035085359262,0.00033442919773637856,-20.774203435180763,-20.771371393352208
127,127,0.00033281324071252776,0.00033600397689856196,-20.800597417211044,-20.750969086782952
128,128,0.000333040426413231,0.0003320708301065392,-20.792952751569146,-20.802105985394242
129,129,0.000332240791170445,0.00033277754769905617,-20.801071003796245,-20.79287309330818
130,130,0.00033282412614519754,0.00033042548334618146,-20.802500582219277,-20.823677923939226
131,131,0.000332935980866788,0.00033613004243785615,-20.797304466628436,-20.749339960235552
132,132,0.0003318151575513184,0.00033030504403684874,-20.810142488173625,-20.82526120565118
133,133,0.0003330249788801272,0.00033356782085703393,-20.801517515811838,-20.78257178564352
134,134,0.0003332096420842962,0.0003321920965773691,-20.79899907861968,-20.800520307266176
135,135,0.00033162078716955385,0.00033177071140686934,-20.81782011822672,-20.806032823228627
136,136,0.0003314633228451244,0.00033278920148548325,-20.814129680869957,-20.79272100713064
137,137,0.0003311294202990446,0.000337259411983388,-20.81359497282779,-20.734772478719222
138,138,0.0003310667447500968,0.00032767689002579763,-20.820396931504327,-20.85995513250677
139,139,0.0003293150079979072,0.00033315471802396993,-20.840898641565836,-20.787953583718565
140,140,0.00033295872926078355,0.000330075227937318,-20.79897318877617,-20.82828394488624
141,141,0.00033156217325517196,0.00033201950473563845,-20.82048801075426,-20.802777289409335
142,142,0.00032756635085103513,0.0003346249056783946,-20.858548727617393,-20.76883064571244
143,143,0.00033087890142738125,0.00033009820617735386,-20.828151848461324,-20.82798162060781
144,144,0.0003304173479807208,0.0003320798032770031,-20.840789696540018,-20.801988632546195
145,145,0.0003277682663258357,0.00033221520348697116,-20.86042543651596,-20.8002182274023
146,146,0.000328463405915584,0.0003314269384932949,-20.85725230350203,-20.81053521230638
147,147,0.00032654807713247604,0.0003269156441092491,-20.86616756534664,-20.870056226935016
148,148,0.00032866485242866286,0.00032910565680236017,-20.855315365240852,-20.84105979161169
149,149,0.00032867014752556905,0.0003276360481609835,-20.855854493241818,-20.860496473765544
150,150,0.00032635711489926983,0.00032690394896474714,-20.884160770038886,-20.870211595075606
151,151,0.0003256363069312167,0.00032639104296992486,-20.884189846662018,-20.877030942898685
152,152,0.0003272478043260149,0.00032923482879261047,-20.875198988214958,-20.839355546330424
153,153,0.0003259125067828434,0.00032414247949705705,-20.89299860397569,-20.907053764591595
154,154,0.0003252197150020985,0.0003260870212934127,-20.894658374062573,-20.881078127111465
155,155,0.000325579471650927,0.00032769444576268524,-20.88598808181377,-20.859722459539817
156,156,0.00032540490417549213,0.00032606292179001396,-20.896439490738175,-20.88139910486998
157,157,0.0003246906433691338,0.0003262461947375222,-20.90678693628457,-20.87895871488117
158,158,0.0003240301775429206,0.0003212067408879337,-20.916262882798105,-20.946566754857376
159,159,0.00032418498921822566,0.000323581092647816,-20.913972682487714,-20.914581891785705
160,160,0.0003254373879507952,0.0003253475664869735,-20.901665786591536,-20.89093763675393
161,161,0.00032357513105266334,0.00032446458537474667,-20.924523878230797,-20.902740249542333
162,162,0.00032371429086797246,0.000324989857433952,-20.920888520613165,-20.895715189999567
163,163,0.00032584231224429516,0.0003264999433763717,-20.902979601619474,-20.87558216057439
164,164,0.0003213769622439922,0.0003234661018819009,-20.945006247561516,-20.916125515065573
165,165,0.00032122095311108554,0.0003224804577736282,-20.941551476563323,-20.929379247070756
166,166,0.00032137676781840316,0.0003247223671917853,-20.94581470201028,-20.899291220688127
167,167,0.00032215483322230735,0.0003209754313023663,-20.93473270056169,-20.949695352483346
168,168,0.0003214705757647945,0.0003217245669618837,-20.948397203594446,-20.939571013558602
169,169,0.0003231542764625214,0.0003228766727261245,-20.92855801292498,-20.924046572153117
170,170,0.0003230657114061652,0.0003246849840874539,-20.92747545069054,-20.899791223526513
171,171,0.0003225649256960095,0.00032454959459994967,-20.93114659872026,-20.901602553671683
172,172,0.0003216137882134848,0.0003229479954921101,-20.94528152433164,-20.923087330880623
173,173,0.0003203929236312349,0.0003191359926284732,-20.962353970207417,-20.974655390218288
174,174,0.00031903010856638634,0.0003241317784781323,-20.977460963041942,-20.907197141978962
175,175,0.00032101554247627475,0.00031902105241131623,-20.951942060209113,-20.97621982966114
176,176,0.0003209182282684121,0.00031947028535222143,-20.960089540255456,-20.970108566814535
177,177,0.00032311412457799175,0.00031866402500063966,-20.93622555446355,-20.981082890003584
178,178,0.0003211125914492289,0.0003201985857326929,-20.949582719048085,-20.9602191697412
179,179,0.0003214040204052112,0.0003205677708855977,-20.94733061231294,-20.95521469062669
180,180,0.00032124054748997017,0.00032272948699660207,-20.955308448364086,-20.926026787189524
181,181,0.00032119330687246754,0.00032080644833561227,-20.951414799515085,-20.951982371609972
182,182,0.00032292782765880383,0.000337750114819133,-20.928385619432916,-20.728458210167542
183,183,0.0003264329420791497,0.0003227887669039008,-20.88646379083972,-20.925229135487363
184,184,0.00032288200082737455,0.0003203526123941533,-20.93701636105454,-20.958130564470522
185,185,0.0003208472896319305,0.00032707175705581903,-20.960342419596305,-20.867982823306264
186,186,0.0003236596035703863,0.00032442467636428773,-20.926793539935534,-20.903274462822303
187,187,0.0003208954906758382,0.0003210440137129473,-20.959796407995263,-20.94876750013197
188,188,0.0003225607998529929,0.0003210700830861338,-20.944490347028637,-20.948414859223313
189,189,0.0003212627099068432,0.0003170228737872094,-20.946445591335912,-21.003507278514423
190,190,0.0003215082361214055,0.00032216407309629415,-20.94191145965869,-20.933642189637624
191,191,0.00032023981528011024,0.00032520162456325794,-20.96838680199025,-20.892886198802216
192,192,0.0003192098769263278,0.00031940381679879993,-20.9794994318369,-20.971012248024273
193,193,0.0003207996286591035,0.0003193656907809016,-20.955919795713097,-20.971530679759457
194,194,0.0003192757827004168,0.0003204183441611301,-20.978009569592988,-20.957239545815824
195,195,0.00031813066368730565,0.00032222736320507367,-20.989610368046886,-20.932789088756948
196,196,0.0003197193706825798,0.0003181730541032984,-20.966873993128132,-20.987779296376004
197,197,0.0003200377764890796,0.00031849764606082127,-20.969225813662312,-20.98335099432913
198,198,0.0003197676446360834,0.0003235727245306694,-20.98092278344316,-20.914694205952888
199,199,0.0003195715562282034,0.00032125949541008785,-20.97747400294892,-20.945853534562705
200,200,0.0003205748603765651,0.0003241790155267441,-20.958829718446125,-20.90656427299762
201,201,0.0003200685302366877,0.000319756601177352,-20.9685235222863,-20.966218073661892
202,202,0.0003199371756486518,0.00032204683061297005,-20.97323247874518,-20.935222968970024
203,203,0.00032012719875825667,0.0003198960697964618,-20.969302194780074,-20.964324219219115
204,204,0.00032051213262074616,0.00031929784975210697,-20.967848775119503,-20.97245332471077
205,205,0.00032040595884684514,0.0003209950074577998,-20.956367621086855,-20.949430486197578
206,206,0.0003195336732422914,0.00031971371591728374,-20.976767186800508,-20.966800581757504
207,207,0.000317680830983253,0.00031978176220467215,-20.99376734381826,-20.965876349194513
208,208,0.0003185962196607527,0.0003197388692857011,-20.985087407001707,-20.966458915483464
209,209,0.0003189397846785441,0.0003180438744541454,-20.982777342776615,-20.989542908975864
210,210,0.00031914103376563905,0.000325436103402784,-20.98050535416387,-20.88975595085745
211,211,0.0003210092425471191,0.00031910670651613096,-20.96400881122534,-20.975053946974597
212,212,0.000318855497285186,0.0003173797679329781,-20.977914893567945,-20.998620881003156
213,213,0.0003180968660390792,0.0003193561447245118,-20.989346187967485,-20.97166049525609
214,214,0.0003189581044896784,0.00031767678937237516,-20.986374759167596,-20.99455841506814
215,215,0.0003192993580032447,0.00032025537036947514,-20.98313283820033,-20.95944905178843
216,216,0.00031749624578935123,0.0003184846856655847,-20.999203912230726,-20.983527722249356
217,217,0.00031781534258679475,0.000318361340568548,-20.998683485257814,-20.98521001572301
218,218,0.00031839792986314015,0.0003185814543700728,-20.991056861375306,-20.98220835799305
219,219,0.0003180049144370078,0.0003234159881494155,-20.99665846549798,-20.916798407942494
220,220,0.0003184551818982804,0.000319423759049785,-20.993935588566217,-20.970741101007775
221,221,0.0003180543804474021,0.00031895777302500054,-20.991043951814163,-20.977081359457728
222,222,0.0003174556009399407,0.00032134635043085406,-20.994903294924953,-20.944679544107494
223,223,0.0003180858119842164,0.0003218261270759333,-21.000070607844567,-20.938200274691003
224,224,0.0003180888732871252,0.00031651167113235906,-20.993092334331187,-21.01051597416015
225,225,0.00032023921670132924,0.00032263690005301644,-20.971114414362578,-20.927272901018142
226,226,0.0003181154813891104,0.000320031885118959,-20.997699547997648,-20.962480766513202
227,227,0.000319696127223427,0.0003179611583044262,-20.975189533807228,-20.990672559394948
228,228,0.00031736103209340465,0.0003183184614356019,-21.002768383434933,-20.985794993314467
229,229,0.000317760113417891,0.0003172477728711735,-20.997981007488068,-21.000427443880465
230,230,0.00031923572022765493,0.00031710511048961624,-20.97531434857776,-21.00238085144762
231,231,0.000316337361864592,0.0003185645894662134,-21.01385797282635,-20.982438268694263
232,232,0.00032073341084394564,0.0003203076255311699,-20.9608225773465,-20.958740483589185
233,233,0.0003196425419708848,0.0003183291073104269,-20.974820184869294,-20.985649749857373
234,234,0.00031880472100234215,0.00032342916758927077,-20.985487420661592,-20.916621433346528
235,235,0.0003204945317042281,0.0003167867069255169,-20.967672543161026,-21.006743770126715
236,236,0.00031774014638996076,0.0003173132656803845,-20.99844007138958,-20.999530976432336
237,237,0.00031744309139351563,0.00032010797172245617,-20.999934922406386,-20.961448367363293
238,238,0.0003169367063464117,0.0003167540616184277,-21.005626883093523,-21.00719133964222
239,239,0.00031923872272282376,0.0003202350895949884,-20.981899087228225,-20.959724085657054
240,240,0.0003176261421854694,0.0003186740459090001,-20.999018938030233,-20.980946321190153
241,241,0.0003183160277837215,0.00031553416537415043,-21.001302968319525,-21.023949357334967
242,242,0.00032055386121279184,0.00031796666199194367,-20.974082862752077,-20.990597386677457
243,243,0.0003197557477702953,0.000318432249753785,-20.973247791231163,-20.98424281164118
244,244,0.0003172941556915679,0.0003173872874436998,-21.00004707256801,-20.99851798713097
245,245,0.00031859918795141976,0.0003184592749580349,-20.98850319695344,-20.9838742434744
246,246,0.0003187132128586359,0.00032326642662825947,-20.994336997833084,-20.91880723771788
247,247,0.0003184826535139156,0.00031637706132115503,-20.983455228506628,-21.012363385754
248,248,0.00031779345740640976,0.00032165569810833975,-20.99357525765223,-20.940500770494186
249,249,0.0003190800612408322,0.0003188764860265349,-20.988266048950486,-20.9781883083108
250,250,0.00031755138944700054,0.00032002804800868034,-21.005412666364638,-20.96253283775635
251,251,0.00031795292989514074,0.00031710437676673263,-20.997667387167205,-21.002390900234523
252,252,0.0003202944482705489,0.0003172924349966802,-20.97715304334415,-20.99981608735966
253,253,0.00031909649740405305,0.00031559772660808737,-20.979731374289273,-21.02307460219723
254,254,0.0003168115970803444,0.0003166488344217406,-21.00606354986112,-21.008634326138598
255,255,0.0003185385499706434,0.0003193391649371111,-20.99322162922568,-20.9718914106194
256,256,0.0003176392350086616,0.0003158637141735342,-21.003314490497832,-21.019415885091163
257,257,0.00031766923745738863,0.00031900989798534855,-20.999470707118903,-20.976371681405762
258,258,0.00031877409987218834,0.0003177842698182519,-20.996725334369483,-20.993089303331814
259,259,0.00031745895808178584,0.0003160141472778234,-21.005644837769097,-21.017348008613492
260,260,0.0003182927807240949,0.00031937287329990223,-20.994150157671946,-20.971433008238005
261,261,0.00031780292875296674,0.0003189672777233155,-20.99618435719414,-20.97695194494341
262,262,0.00031611636417831497,0.000315488994697501,-21.019693312992956,-21.02457112138065
263,263,0.0003176465796753188,0.0003162604912894925,-21.002854491662617,-21.013963851040014
264,264,0.00031683355487028577,0.0003171043139637301,-21.009746889520812,-21.002391760361412
265,265,0.00031684217800520667,0.00031585408693277523,-21.007084257913554,-21.01954825614452
266,266,0.0003162733613412597,0.00031690008319473187,-21.014540510958245,-21.005189731463076
267,267,0.00031802214000412483,0.0003167442352461972,-20.99774552226965,-21.007326068946412
268,268,0.00031921500100072514,0.0003181709310554556,-20.98365309218011,-20.98780827529258
269,269,0.0003182889069142492,0.00031796760710054323,-21.000888921262728,-20.990584477939258
270,270,0.0003177555780209716,0.00031927680921446726,-21.00865352800068,-20.972739518009178
271,271,0.0003169872383971113,0.00032259061883546804,-21.007400256493924,-20.92789592706223
272,272,0.00031650600776066714,0.0003174945151457857,-21.011748769032188,-20.997050992815616
273,273,0.0003178844365804965,0.000317485336716728,-20.99993909141199,-20.997176544550243
274,274,0.00031882893868971656,0.0003243108374973465,-20.98826319336034,-20.904798646135525
275,275,0.00031910256480260457,0.0003153571665997764,-20.986194496426705,-21.02638621417973
276,276,0.00031800994249876855,0.0003169814329962001,-21.004800014463502,-21.00407501935448
277,277,0.0003154929268255484,0.0003146366997450394,-21.02812611386973,-21.036319482820186
278,278,0.00031753985292863905,0.00031793023931401735,-21.002820665839934,-20.991094893994273
279,279,0.00031881924801429294,0.0003177832419935026,-20.99367200149734,-20.99310334994712
280,280,0.0003181624786745872,0.00031733600036731283,-20.995360671366758,-20.999219826648883
281,281,0.00031805234347930965,0.00031593734839637026,-21.00102076759359,-21.018403574770833
282,282,0.0003154253303289375,0.0003166522196567568,-21.023640447610525,-21.008587896754722
283,283,0.0003168070460813715,0.000318197041786717,-21.009735429904048,-20.98745188568796
284,284,0.0003168503801847242,0.0003192002783946105,-21.009369571923763,-20.973780648961675
285,285,0.0003166450997670517,0.0003198906641428996,-21.011782307529398,-20.96439760759648
286,286,0.00031556229685558024,0.00031851094497955943,-21.028279929867825,-20.98316965777872
287,287,0.00032556293887499066,0.00033967754049961895,-20.901588791088525,-20.703744941097032
288,288,0.000319718793706642,0.00031821334605889494,-20.972205148068962,-20.98722936086514
289,289,0.000316713899722054,0.0003140963917279518,-21.009479350586226,-21.043783790053112
290,290,0.0003163631001520979,0.0003232560013298337,-21.023623415880696,-20.918947299357914
291,291,0.00031717535835623585,0.00031619166992114564,-21.00815071723158,-21.014909021045312
292,292,0.0003164332790885927,0.0003152077797016031,-21.010450143580982,-21.0284439849816
293,293,0.0003166722017340362,0.0003176637906826248,-21.01020250432788,-20.994736123195356
294,294,0.0003195543075580457,0.0003189145293282835,-20.976728356155352,-20.977670207690227
295,295,0.0003158306275715226,0.00031804005878879443,-21.02234722539564,-20.98959501286719
296,296,0.00031758214499484557,0.0003208856199451379,-21.005416632772214,-20.95091071138494
297,297,0.0003156127899011463,0.00031476632054699093,-21.022870516476694,-21.034530689375977
298,298,0.00031983628467003786,0.000317268078154149,-20.982184063007775,-21.00014948479281
299,299,0.0003176139545814163,0.0003179213075016282,-21.008718051867046,-20.991216904764034
300,300,0.0003173819193424484,0.00031762405935870975,-21.007572517126626,-20.995279344500673
301,301,0.0003149902121615164,0.0003169990699174569,-21.035548990159526,-21.003833383608704
302,302,0.0003172653870052207,0.0003168492127626546,-21.005928725905573,-21.00588693927479
303,303,0.00031819281236691036,0.00031456648905173336,-20.996836475444987,-21.037288712389998
304,304,0.00031616977300763743,0.0003204577614700324,-21.02408167282466,-20.95670531713671
305,305,0.00031726550132026607,0.0003174057729713815,-21.007731232893185,-20.998265049184095
306,306,0.0003165797595673999,0.0003185785884086631,-21.013796132242312,-20.98224742733645
307,307,0.0003161054364400772,0.00031735759387773116,-21.018019363904244,-20.9989243157911
308,308,0.00031743032981391956,0.00031434116106921514,-21.011801914308762,-21.040400733800283
309,309,0.0003161128564166462,0.0003188098566361556,-21.022633232317464,-20.979095863475262
310,310,0.0003160842017453049,0.0003150527650416878,-21.023019807864884,-21.030580308231862
311,311,0.0003159330838561519,0.0003162680751349973,-21.029115671212857,-21.013859709585248
312,312,0.00031654718578025005,0.0003173454085634531,-21.01748929024088,-20.9990910714148
313,313,0.00031746087743439856,0.0003164153925976471,-21.007682791656464,-21.011837239723583
314,314,0.0003176977340079191,0.0003178156223025565,-21.00177844443975,-20.992660851058385
315,315,0.00031573755892243277,0.0003162287083748532,-21.021348222714717,-21.014400321558895
316,316,0.0003164607381025694,0.00031667518104720667,-21.010019521125074,-21.008272988378344
317,317,0.00031679839804317305,0.0003171381479325263,-21.013311872389153,-21.001928407405856
318,318,0.0003171699912498523,0.0003161205355641677,-21.011906647133113,-21.015886173109482
319,319,0.0003164718836694764,0.00031730698384834746,-21.01773634910135,-20.999616954306255
320,320,0.0003160701691984324,0.00032444993542556306,-21.02043962138785,-20.90293634292252
321,321,0.00031641488036707275,0.0003147195782634969,-21.01036368874672,-21.035175657464023
322,322,0.0003155915093003321,0.0003159330165209739,-21.018799518420014,-21.01846312209843
323,323,0.0003159408722812137,0.0003178274951336023,-21.02099300147985,-20.992498612063986
324,324,0.0003171372416395617,0.00032226505113373464,-21.01411836145756,-20.93228116471917
325,325,0.0003172010954435838,0.00031694678258837054,-21.00766273436406,-21.00454978859684
326,326,0.00031533559811896807,0.0003142284511245395,-21.02911860043911,-21.04195821626852
327,327,0.00031573628855523526,0.00031671533054721196,-21.027385222151022,-21.007722405254423
328,328,0.0003166591686187024,0.000316020522548474,-21.01418453472551,-21.017260394911382
329,329,0.0003154459544433492,0.0003179628892164481,-21.034183210118968,-20.990648917403654
330,330,0.0003175553697708648,0.00031780889472237935,-21.003619638579686,-20.992752784294733
331,331,0.0003155766090392567,0.00031395254068468744,-21.02483750103446,-21.045773243809784
332,332,0.00031486330895934294,0.0003152807950850968,-21.035919545030577,-21.02743809274008
333,333,0.0003172123655268788,0.00031656141264217074,-21.00992332271148,-21.00983351067115
334,334,0.0003157782565787934,0.0003174993938668386,-21.03530021634327,-20.996984258265826
335,335,0.00031474775895140296,0.0003177068490338953,-21.036560236869228,-20.994147490255266
336,336,0.00031704945698591696,0.00032203735501848554,-21.01172401323606,-20.935350753458124
337,337,0.0003175200653243234,0.0003200120010756348,-21.009101157690417,-20.96275060833132
338,338,0.00031972836886686227,0.00031561817128309295,-20.98073148437022,-21.022793271845064
339,339,0.0003171015855467389,0.00031544076811865365,-21.00689791450064,-21.025235047489375
340,340,0.0003159436686492535,0.0003185643734851558,-21.016290800049443,-20.982441213133676
341,341,0.00031564428024570047,0.0003189383653654276,-21.024556968510012,-20.977345623150654
342,342,0.00031538587003543053,0.00031578334624339873,-21.028006025081957,-21.02052103861614
343,343,0.0003163852241639163,0.0003174529594712351,-21.014813545125172,-20.99761946189051
344,344,0.00031762340492520904,0.00031488571518198833,-21.011662450904097,-21.032883670742596
345,345,0.00031469112439753164,0.0003173105375792243,-21.04183137671354,-20.999568315065833
346,346,0.00031861973765603816,0.00031554157919201414,-20.987518342721934,-21.02384731632909
347,347,0.00031522528650047084,0.0003186129585006519,-21.03297248512464,-20.98177891072225
348,348,0.0003161777408563138,0.0003200040113082842,-21.01321345278518,-20.962859040364428
349,349,0.0003174533842481942,0.000315019188412024,-21.0043914790668,-21.03104318060438
350,350,0.00031572731197379605,0.0003174038061651548,-21.022524203304442,-20.99829196034358
351,351,0.0003162002408176123,0.0003142682529103599,-21.02938392798159,-21.04140815145946
352,352,0.0003175392708520299,0.0003148564535781349,-21.004745418704253,-21.033287269349287
353,353,0.0003148747824694116,0.00031643984594235296,-21.036202070413466,-21.011501619441777
354,354,0.0003152481078040623,0.000314981316669697,-21.032717990796584,-21.031565322685214
355,355,0.00031686145554239063,0.00031667638349493866,-21.01463389461624,-21.008256497808368
356,356,0.00031648685083935784,0.0003165541872333147,-21.021037748702234,-21.009932638072097
357,357,0.0003151935783272475,0.00031892058139323796,-21.03130560427612,-20.977587792082502
358,358,0.00031811993427517026,0.0003179716372151712,-20.99872119916793,-20.99052943316698
359,359,0.00031669016629841526,0.00031656817392151996,-21.01620114680424,-21.00974075284165
360,360,0.00031657199814589214,0.00031658870284445584,-21.019524405597636,-21.00945912917836
361,361,0.00031643149475375017,0.0003178217846557106,-21.0131694315167,-20.99257664342865
362,362,0.0003157285970429285,0.0003168977181255621,-21.021388216825795,-21.00522214358213
363,363,0.0003146366507280618,0.00031989975526046594,-21.037174670939525,-20.96427418523585
364,364,0.0003167662629137565,0.00031338790186533804,-21.012594853545465,-21.053590995483248
365,365,0.0003145067618329308,0.0003183761758631782,-21.04223792662205,-20.985007643900076
366,366,0.00031739239882168927,0.0003147310191324275,-21.013616588297836,-21.035017783080683
367,367,0.00031526204973900905,0.00031765540418411166,-21.0267599223836,-20.99485078083695
368,368,0.0003156678780514901,0.0003201128963969256,-21.023696561493207,-20.96138155420384
369,369,0.00031516738878034975,0.0003188943573102159,-21.034449309919005,-20.977944916817744
370,370,0.0003171016878602047,0.0003157066591819258,-21.00667790418482,-21.021575838138183
371,371,0.0003165693484971626,0.00031640135076534197,-21.02295820111856,-21.012029974519272
372,372,0.00031431498259219543,0.00031717868497301087,-21.04053813199271,-21.001373321615734
373,373,0.0003165240911406839,0.00031761416099279334,-21.015078301299333,-20.99541468918114
374,374,0.00031328106601482506,0.00031766022622928416,-21.05214066036991,-20.994784854940917
375,375,0.00031529803107463824,0.00031740316128554315,-21.035745505696273,-20.998300784054447
376,376,0.00031609976599376996,0.0003162866678873175,-21.028615552859172,-21.013604404259425
377,377,0.00031627627532477924,0.0003226315786473845,-21.024511390957926,-20.927344531887407
378,378,0.0003155786427069148,0.0003153576169432582,-21.02914112033141,-21.02638001227376
379,379,0.00031548746370652824,0.0003197026288896603,-21.031678898202884,-20.966951188946613
380,380,0.00031629738190268965,0.0003168783793961139,-21.027088445629193,-21.005487180509903
381,381,0.00031483800872949137,0.00031634018217262467,-21.040166964394672,-21.012869659635
382,382,0.00031531704697738755,0.00031710525907232965,-21.03074849610662,-21.00237881651865
383,383,0.0003162761502083122,0.0003175081648422699,-21.018906284681957,-20.99686428532444
384,384,0.00031506477887550195,0.0003156887878982448,-21.03464396794567,-21.021821687230858
385,385,0.00031517497557887483,0.0003188011147645547,-21.037243570047586,-20.979214950089773
386,386,0.00031487935657142517,0.0003170494930696134,-21.03484413720915,-21.003142632203648
387,387,0.00031448167403103766,0.00031616589005448317,-21.041257291735803,-21.015263126208296
388,388,0.0003149538554764862,0.00031691167724171753,-21.030517614177278,-21.00503084420526
389,389,0.0003158745917578026,0.0003149860942932336,-21.03211760762544,-21.03149944957805
390,390,0.0003147028946466552,0.00031521053077947155,-21.039467644996645,-21.02840608069114
391,391,0.00031439499292263437,0.0003182430595380107,-21.040959560469602,-20.986823853122143
392,392,0.0003172037342908917,0.000320530484283441,-21.01579027494774,-20.95571986640757
393,393,0.0003147696624341968,0.0003150557060603444,-21.032191760788184,-21.0305397670161
394,394,0.00031571333613438705,0.0003167328893476607,-21.033099385457568,-21.00748163766186
395,395,0.00031590813077198937,0.00031615882395080437,-21.026294208157637,-21.015360189307945
396,396,0.0003220609520662806,0.0003182147384474152,-20.94807050159377,-20.98721035772352
397,397,0.00031607915598121425,0.0003155786865758465,-21.019770466110536,-21.023336620256437
398,398,0.0003142451610027323,0.0003172950390236158,-21.042198276485387,-20.999780444849364
399,399,0.00031647841732939416,0.0003168178955093026,-21.020514912770345,-21.00631621547211
400,400,0.00031600446475084067,0.0003168080139929723,-21.02838972990883,-21.006451673569735
401,401,0.0003146118911693698,0.00031483147789626136,-21.040946181535794,-21.033631782886324
402,402,0.00031479804046912906,0.0003216704476232591,-21.040401981574934,-20.940301629421377
403,403,0.0003162195051530587,0.00031527805166613117,-21.02291618248584,-21.02747588308192
404,404,0.00031494409969249335,0.00031558380578644574,-21.040793967805314,-21.023266171047496
405,405,0.0003148317112006516,0.00031505764376274064,-21.03717949883276,-21.030513056473996
406,406,0.00031600038871437924,0.000316304646395637,-21.02310672726746,-21.01335754766238
407,407,0.00031515057036681963,0.00031477714104479864,-21.034056679133442,-21.03438139761849
408,408,0.0003142087017041967,0.0003161666008006585,-21.03970621730565,-21.015253363207137
409,409,0.0003177642938680947,0.00031491175238778323,-21.008822813810344,-21.03252457705328
410,410,0.0003156808040527262,0.00031725325817732433,-21.032137142624837,-21.00035235375212
411,411,0.0003161625180527875,0.00031354359204047605,-21.023318353855505,-21.051433969205373
412,412,0.00031463276881714994,0.00031487239175476134,-21.04333986018135,-21.033067433074887
413,413,0.0003140219886302372,0.0003194716317873252,-21.046458534509128,-20.970090263137152
414,414,0.00031476520564762355,0.00031447681095941285,-21.040538396439622,-21.03852699601548
415,415,0.0003132782390427574,0.0003156433752002685,-21.05803085119961,-21.022446476694352
416,416,0.0003161537779024658,0.00031306719450329085,-21.024927423782444,-21.058037649381276
417,417,0.00031606791860222354,0.00031738912098501856,-21.02278307103393,-20.998492898080194
418,418,0.00031316108982433976,0.00031695418415198987,-21.057880706145863,-21.004448370286845
419,419,0.00031329439826952965,0.00031647232275358155,-21.057472325432677,-21.011055917791012
