,epoch,train_loss,test_loss,train_dbs,test_dbs
0,0,3.745757175304029e-05,3.1277350660131654e-05,-31.24833525665881,-32.047740677148006
1,1,3.260833345285795e-05,3.099763096925974e-05,-31.862389329578175,-32.08675523227901
2,2,2.99082135243975e-05,2.9154166105926332e-05,-32.23496314645804,-32.353034030117044
3,3,3.0498543863584402e-05,2.7773311701725777e-05,-32.14799024286591,-32.563763585589484
4,4,3.13499753922104e-05,2.905099934555198e-05,-32.029120102038924,-32.36842950277625
5,5,2.676171052090214e-05,2.274669053517037e-05,-32.720379523571715,-33.43085807706275
6,6,2.3429496406569125e-05,2.1611229002653426e-05,-33.29196916486893,-33.65324561507938
7,7,2.2167185419413127e-05,1.9506415236192926e-05,-33.53602875167038,-34.09826561984647
8,8,1.761753129855053e-05,1.6206818719710053e-05,-34.532299839275794,-34.90306252483625
9,9,1.6272233626727237e-05,1.503886702075282e-05,-34.86828240854396,-35.22788907702579
10,10,1.5674308144167e-05,1.459104575922921e-05,-35.04028103957657,-35.35917607399803
11,11,1.5501216975534e-05,1.4260763907115784e-05,-35.0875487575983,-35.458612368440924
12,12,1.5999719291414164e-05,1.432139762121216e-05,-34.953316564603,-35.44018624141408
13,13,1.4555382531585733e-05,1.4260565397930086e-05,-35.35813916182059,-35.45867282245626
14,14,1.4638710107993978e-05,1.374125297029662e-05,-35.338452234031415,-35.61977692004933
15,15,1.4393405885148804e-05,1.3592824918879687e-05,-35.41792752154358,-35.6669430381409
16,16,1.4794298529279294e-05,1.329280339153851e-05,-35.29206824592382,-35.76387445533874
17,17,1.3741909523813183e-05,1.317765877741438e-05,-35.613447363944644,-35.801657691329154
18,18,1.3452757211217835e-05,1.3178096340102216e-05,-35.70811846463365,-35.80151348672565
19,19,1.5337891229662382e-05,1.3583573825982106e-05,-35.13437296127731,-35.66989979395679
20,20,1.4405875948252343e-05,1.3583758501274707e-05,-35.40619537360811,-35.669840749911124
21,21,1.4361496647962695e-05,1.300906177149093e-05,-35.42312096420786,-35.857580509860966
22,22,1.3568109024322674e-05,1.2812484974825853e-05,-35.66775167629901,-35.92370657755277
23,23,1.2871279809071884e-05,1.2492602237264356e-05,-35.89784759460826,-36.03351114540188
24,24,1.3332141008373283e-05,1.2987138688913547e-05,-35.73868233708867,-35.86490548495589
25,25,1.4137055699130851e-05,1.2307960883175073e-05,-35.48092200948507,-36.09817919544421
26,26,1.273190816588335e-05,1.2390431182115877e-05,-35.94634481760754,-36.06917606943546
27,27,1.2877531263097573e-05,1.2271338834436488e-05,-35.88842484642718,-36.11112078909028
28,28,1.2525196081659272e-05,1.2135316482224306e-05,-36.00930410328354,-36.15952919887861
29,29,1.2974129089174706e-05,1.2251764641596788e-05,-35.85948379582525,-36.118053815125634
30,30,1.2894747604000305e-05,1.1970313129208271e-05,-35.88972836032754,-36.21898515675111
31,31,1.2899837155103895e-05,1.1956885540903864e-05,-35.8797225491248,-36.22385954944408
32,32,1.2716736950396713e-05,1.1947856077504662e-05,-35.94602615712108,-36.22714044356786
33,33,1.2188512282028972e-05,1.1589206702697802e-05,-36.12389354813803,-36.35950317938914
34,34,1.2055275227485067e-05,1.1363384577347652e-05,-36.179258459720856,-36.44496321862789
35,35,1.2532125418653505e-05,1.2120490856958846e-05,-36.009734016489105,-36.164838185675315
36,36,1.2267117396272484e-05,1.1591109269877626e-05,-36.104737431537174,-36.35879026897801
37,37,1.1846489936023946e-05,1.1577536449629789e-05,-36.25786651290339,-36.363878698990874
38,38,1.142804801967247e-05,1.0879161077594434e-05,-36.403947691026914,-36.634086198627124
39,39,1.1576489987888148e-05,1.083036788354787e-05,-36.35948227221549,-36.65360817964121
40,40,1.1656433025095371e-05,1.0928778752522225e-05,-36.32838780523264,-36.61432392875948
41,41,1.1220855947275473e-05,1.1007481493595007e-05,-36.48811581254556,-36.58316062887629
42,42,1.1474478666509499e-05,1.1209510328052075e-05,-36.39320427800523,-36.504173854033496
43,43,1.1194733515461024e-05,1.0398580487066953e-05,-36.49949895794866,-36.83029969167158
44,44,1.0942083388295736e-05,1.0546801460900737e-05,-36.5953445964972,-36.76883256182602
45,45,1.1071024496185104e-05,1.0316787043656836e-05,-36.54783936393897,-36.86459560814864
46,46,1.1410750077404897e-05,1.0141071398768537e-05,-36.419608017885224,-36.9392018645824
47,47,1.064560689611454e-05,9.991363616503996e-06,-36.714827095121414,-37.00379262285958
48,48,1.0703723382528214e-05,1.0119243525925986e-05,-36.687665362271396,-36.94855979256155
49,49,1.0821787430724781e-05,9.954457231000752e-06,-36.65532382304002,-37.01986441853622
50,50,1.0351776152149505e-05,9.923405669772029e-06,-36.836666681385985,-37.033432811408865
51,51,1.0396642824396378e-05,1.0168858089424535e-05,-36.825940908328796,-36.927318402398434
52,52,1.0579604457740698e-05,9.815135016603898e-06,-36.74191225812503,-37.081077487445796
53,53,1.0846059186152752e-05,9.764765931513944e-06,-36.649118516144355,-37.10342189462675
54,54,1.048069084249947e-05,1.0415925891337744e-05,-36.790410522116886,-36.8230614560219
55,55,1.0455831375345707e-05,9.999449981765601e-06,-36.790989874300905,-37.00027914504534
56,56,1.0131678453072924e-05,9.453462744683125e-06,-36.92443199176465,-37.24413109836811
57,57,1.0039020806514076e-05,9.60203995323115e-06,-36.96533179652204,-37.176405181617014
58,58,9.847723227609357e-06,9.422468673093184e-06,-37.05981343483776,-37.258393246351645
59,59,1.0303507289941034e-05,9.751590177505645e-06,-36.86125811313015,-37.109285856216815
60,60,9.755635885797806e-06,9.182606223284414e-06,-37.09896346139493,-37.370380659464566
61,61,1.0069332436558529e-05,9.347811101179104e-06,-36.96436078558119,-37.29294099192099
62,62,9.750135327475122e-06,9.731334007244042e-06,-37.09828201664743,-37.118316478166015
63,63,1.0456469657789789e-05,9.139751790299718e-06,-36.79105148108564,-37.39069625169868
64,64,9.610070302403177e-06,9.93427118756747e-06,-37.15447597097517,-37.028680155872756
65,65,9.651822316281487e-06,9.209400200473427e-06,-37.13767925209417,-37.35772680930212
66,66,9.578486439290687e-06,9.005444003138874e-06,-37.175335913170386,-37.454988967819745
67,67,9.173906802089667e-06,8.990612178949001e-06,-37.362374989449705,-37.4621476261341
68,68,1.2170720324742359e-05,9.29582124866245e-06,-36.14357351842989,-37.31716262874233
69,69,9.83490512338641e-06,9.09017925503002e-06,-37.06097330954899,-37.41431579423484
70,70,9.424160963913591e-06,9.070094404849346e-06,-37.246807156752666,-37.42392219480258
71,71,9.559960421329284e-06,8.894016302388321e-06,-37.17831420379807,-37.50906105700527
72,72,9.522829648481139e-06,8.776760583522877e-06,-37.19962788622421,-37.56669775223913
73,73,9.866411215325664e-06,8.732742954682754e-06,-37.05463424021612,-37.58853349822866
74,74,9.221636844944742e-06,8.850847997995229e-06,-37.33900186382246,-37.53019144499551
75,75,9.341934598064513e-06,9.023377946217998e-06,-37.28004907128632,-37.446348785883444
76,76,9.145177566247138e-06,8.809595280916638e-06,-37.38190396902659,-37.55048069786747
77,77,9.41357917120691e-06,9.735089310867662e-06,-37.246864812073895,-37.11664086715603
78,78,9.672560694169303e-06,8.742900406918794e-06,-37.13185529796672,-37.58348495625307
79,79,9.286630705263605e-06,1.0178211715882705e-05,-37.31549583396915,-36.923325465153326
80,80,9.332864502755105e-06,9.40486281826069e-06,-37.29655959947716,-37.266515616571965
81,81,8.855145242517951e-06,8.860195210122343e-06,-37.51541278005324,-37.52560736377886
82,82,9.087981033724308e-06,8.872678671124098e-06,-37.40614678245918,-37.51949273265926
83,83,9.334256943831636e-06,8.858065891552924e-06,-37.29955300052789,-37.52665120358239
84,84,9.607842420121311e-06,8.657356590303703e-06,-37.161300449353035,-37.62618720695506
85,85,9.090012652675272e-06,8.751787965210448e-06,-37.40697620694506,-37.5790723965394
86,86,8.844251905682859e-06,8.550387376185667e-06,-37.51659057832087,-37.680182359288054
87,87,9.415288121127775e-06,9.028400367433756e-06,-37.248633886036885,-37.443932170923766
88,88,8.99061977591926e-06,8.66785799907551e-06,-37.45236724947795,-37.62092238969486
89,89,8.930799426191688e-06,8.820497705049715e-06,-37.47605951036655,-37.54510935552946
90,90,9.235975549299182e-06,8.513311393854613e-06,-37.341452042483596,-37.69905507861332
91,91,9.065574164365504e-06,9.150530858230349e-06,-37.4216734495201,-37.38557736933447
92,92,9.143985626559294e-06,8.605322914502866e-06,-37.376733954684404,-37.65236855001478
93,93,8.758846804281798e-06,8.535523935087871e-06,-37.56293443169609,-37.687738423417855
94,94,9.240860154679148e-06,8.489044926375899e-06,-37.33845207590538,-37.71145194864558
95,95,8.900188483316128e-06,8.662911903612488e-06,-37.49266324152702,-37.623401289405535
96,96,8.828625553731623e-06,8.765427968395861e-06,-37.53460801534273,-37.572309016632175
97,97,8.977781395590204e-06,8.525705700441521e-06,-37.468573067033056,-37.69273689737399
98,98,9.166462212906294e-06,8.515080528588059e-06,-37.363251725037536,-37.698152673431736
99,99,8.809671130948868e-06,8.453679105227102e-06,-37.5399908365197,-37.72958268518081
100,100,9.084962758353549e-06,8.482046723656822e-06,-37.4019436124386,-37.71503366402262
101,101,8.960875365841107e-06,8.95304351376437e-06,-37.466332078668984,-37.48033331594258
102,102,9.219015578075658e-06,8.34960790023998e-06,-37.337120747054975,-37.78337945478624
103,103,8.94507385646179e-06,8.439834609338217e-06,-37.47257212542479,-37.73670090773284
104,104,9.506942430946474e-06,8.495755728769214e-06,-37.203597343370575,-37.70802009841738
105,105,8.83228184901191e-06,8.351922803596704e-06,-37.52491130095238,-37.78217555344543
106,106,8.99728205432748e-06,8.474723998867711e-06,-37.45089664993037,-37.718784636679075
107,107,8.954110408293926e-06,8.372961235038115e-06,-37.47282018667834,-37.77124946333798
108,108,9.006581004757312e-06,8.712526538913248e-06,-37.44329144555146,-37.598599128623235
109,109,8.647703579458956e-06,8.442877946148847e-06,-37.623280606531694,-37.735135158871806
110,110,9.184862547138522e-06,8.237951150429007e-06,-37.35904304863719,-37.84184814519436
111,111,8.786477562737382e-06,8.772547421119126e-06,-37.556747945011104,-37.56878302331418
112,112,8.717123809847836e-06,8.286354075512223e-06,-37.575950205457566,-37.81640540118035
113,113,8.429802455418784e-06,8.545396260734905e-06,-37.72812192572605,-37.68271820556036
114,114,8.688487206509495e-06,8.21009631947259e-06,-37.605862778880805,-37.856557746398536
115,115,8.902421545967299e-06,8.335430720762815e-06,-37.48929882980873,-37.79075980605482
116,116,8.792516940413462e-06,8.583868149894682e-06,-37.55204348212253,-37.663209887089465
117,117,8.752803690176452e-06,8.184903340167549e-06,-37.56020927788096,-37.86990471893106
118,118,8.602530346552063e-06,8.129287140802358e-06,-37.6478879972525,-37.89951562985846
119,119,8.831554684557259e-06,8.261564528909634e-06,-37.5389839035268,-37.82941727488992
120,120,8.678194853459477e-06,8.196860467011758e-06,-37.606569390933366,-37.863564845897635
121,121,8.652434686511473e-06,8.200803653093508e-06,-37.61797658430369,-37.861476128898815
122,122,8.325281453732349e-06,8.1141863215874e-06,-37.784995695965804,-37.90759050911601
123,123,8.816046318447052e-06,8.117335758135213e-06,-37.53862847885544,-37.90590516756361
124,124,8.680093779946323e-06,8.086744401225587e-06,-37.59282432108501,-37.92230310333401
125,125,8.15886409158732e-06,8.214535371639373e-06,-37.87703750980743,-37.85421022842175
126,126,8.601019432070334e-06,8.28230589066056e-06,-37.64369508631692,-37.818527605850335
127,127,8.45775194488617e-06,8.03078668659988e-06,-37.71688760036885,-37.952459365101674
128,128,8.536724977865251e-06,8.811107052583553e-06,-37.675102259197295,-37.549735490233836
129,129,8.3706530596228e-06,7.889847893238766e-06,-37.76422567475235,-38.02935396243402
130,130,8.408936316965955e-06,7.910748512298788e-06,-37.74341495016846,-38.017864486230366
131,131,8.536457262942855e-06,7.978971648538535e-06,-37.678401894865836,-37.980571049500455
132,132,8.541069418402238e-06,8.094163628189371e-06,-37.684868475046244,-37.918320472012816
133,133,8.354789132653488e-06,8.175493061763087e-06,-37.76771848429502,-37.874900725549146
134,134,7.954983630042989e-06,7.659208318057753e-06,-37.98005508729703,-38.15820145068312
135,135,8.06214890787684e-06,7.690734013234951e-06,-37.9282400119482,-38.14036235473248
136,136,7.831751903272702e-06,7.749111175239945e-06,-38.04836348506185,-38.10752135169082
137,137,7.678995325008632e-06,7.379304981058292e-06,-38.14097366685494,-38.319885670829244
138,138,7.688279554751022e-06,7.646558251987076e-06,-38.128533826927054,-38.16538025498018
139,139,8.007444100173612e-06,7.506382357142253e-06,-37.95919609252952,-38.24573344297747
140,140,7.485831852089589e-06,7.245845584915706e-06,-38.24232780833716,-38.399149522439636
141,141,7.461241168748904e-06,7.3061825404645216e-06,-38.25812476900255,-38.36313508267964
142,142,7.523596913106116e-06,7.655512346996387e-06,-38.21431457655371,-38.16029765590096
143,143,8.276173981151438e-06,7.302869059793393e-06,-37.81509453118258,-38.3651051303397
144,144,7.782532506586068e-06,7.243211736127514e-06,-38.07680713327825,-38.40072846022991
145,145,7.359420906891266e-06,7.317042026874046e-06,-38.32077310913847,-38.35668477362611
146,146,7.577753511157557e-06,7.168689583187715e-06,-38.185537796310484,-38.44564251777571
147,147,7.61020271628573e-06,7.232665139829471e-06,-38.17633912064302,-38.40705668397037
148,148,7.5716371546000165e-06,7.29115371493543e-06,-38.19203928866156,-38.37207772562318
149,149,7.354509110432586e-06,7.090990158375414e-06,-38.31862477490884,-38.49297144243947
150,150,7.652860277471283e-06,7.107757506961015e-06,-38.15299983005946,-38.48271424156022
151,151,7.475885060145076e-06,7.153150770471639e-06,-38.25049660639265,-38.45506647880206
152,152,7.483713385770841e-06,7.102948912736458e-06,-38.2575618692275,-38.48565335796367
153,153,7.444703517170844e-06,6.98587971208709e-06,-38.265351448034686,-38.5578292348864
154,154,7.258035336619905e-06,7.115966749743645e-06,-38.38956848432008,-38.47770116738552
155,155,7.3741848703405394e-06,7.002899110375438e-06,-38.30774279303079,-38.54726157275841
156,156,7.05189355245501e-06,7.196702570485956e-06,-38.50004904887802,-38.42870472576011
157,157,7.104412455276163e-06,7.307936357392464e-06,-38.467680430396186,-38.36209270301508
158,158,7.307833790768312e-06,7.163582076349198e-06,-38.3515192933445,-38.448737856997354
159,159,7.580111137077935e-06,7.160745673517292e-06,-38.19221682976635,-38.45045777591566
160,160,7.388510954283963e-06,6.95582210889705e-06,-38.3090314893733,-38.57655560215149
161,161,7.0328545419768714e-06,6.849319393758809e-06,-38.51511105784363,-38.64356608391609
162,162,7.228093369290552e-06,6.788273582826246e-06,-38.397772429797634,-38.68244689807903
163,163,7.2155365947746194e-06,6.87124788543626e-06,-38.412387055359744,-38.62968410535531
164,164,7.0548703567426146e-06,7.019733115349051e-06,-38.51575935390951,-38.5368342594512
165,165,7.12086943842467e-06,8.305813289074362e-06,-38.45871676109225,-37.806218627190944
166,166,7.3459276622482315e-06,7.0903936495214064e-06,-38.32511924617688,-38.49333679536605
167,167,7.247489581468753e-06,6.7570266238410685e-06,-38.39189631560936,-38.70248396736266
168,168,6.995059964575591e-06,6.8748891432110935e-06,-38.54296299846186,-38.62738327248498
169,169,7.551638322483902e-06,6.977482251769336e-06,-38.20514377508455,-38.56305286387648
170,170,7.358007083313009e-06,6.91035754578862e-06,-38.32684543834677,-38.60503508262723
171,171,7.331688796033838e-06,6.847565768303436e-06,-38.3374488445885,-38.64467814677381
172,172,7.521308746327497e-06,6.83099144800125e-06,-38.23515469563555,-38.655202852351344
173,173,6.997050618760038e-06,6.717850402836982e-06,-38.53300078262861,-38.727736983785114
174,174,6.968110956785092e-06,6.6704772411628114e-06,-38.55815584789788,-38.75847120110696
175,175,7.081224967552452e-06,6.798543022580959e-06,-38.48393362211314,-38.675881766604085
176,176,7.664872958502173e-06,7.137076097837723e-06,-38.14491515369118,-38.46483699487874
177,177,7.1587643274658154e-06,6.675667296612549e-06,-38.43676536748497,-38.75509342777349
178,178,6.986620392876596e-06,6.998410155670411e-06,-38.551948675551564,-38.55004635279242
179,179,7.144243775740309e-06,6.75440134345033e-06,-38.45511690276374,-38.70417164212842
180,180,6.803909273753327e-06,6.633555561788135e-06,-38.66144596866316,-38.7825765577592
181,181,7.246113117495024e-06,6.55667989983493e-06,-38.38182664833474,-38.83320045133911
182,182,6.925659002347659e-06,6.6540842214492025e-06,-38.58615129248645,-38.76915733380305
183,183,6.91659403583827e-06,6.466702655559761e-06,-38.58623929104863,-38.89321134679413
184,184,6.892287208606878e-06,6.534285172452464e-06,-38.603540788051035,-38.84805942615091
185,185,6.819824212123928e-06,6.6285816070663526e-06,-38.655442625366696,-38.78583419438697
186,186,7.029473110997435e-06,6.5125597853023605e-06,-38.52565712002367,-38.86252303709721
187,187,6.81454204035636e-06,6.461591223533584e-06,-38.65299022146269,-38.8966454686667
188,188,7.036648142828424e-06,6.560095219978585e-06,-38.51164779492896,-38.83093883640359
189,189,6.6838354438548724e-06,6.466300443494938e-06,-38.74520169138462,-38.89348147505286
190,190,7.029477578772955e-06,6.6006770171761195e-06,-38.52157837292789,-38.8041554438633
191,191,6.746468171541826e-06,6.502051794661001e-06,-38.692815597287826,-38.86953602141111
192,192,6.855614089742171e-06,6.627280574895466e-06,-38.63659857509126,-38.786686694340055
193,193,6.565068796936833e-06,6.530249648724413e-06,-38.81514783294355,-38.850742423695664
194,194,6.717857263772869e-06,6.914409248948734e-06,-38.7151566758824,-38.60248945939719
195,195,6.579676749227933e-06,6.672835489122295e-06,-38.8019535315495,-38.75693608893934
196,196,6.7456907176559065e-06,6.443560036323585e-06,-38.69954942732089,-38.90878147551476
197,197,6.701772540556291e-06,6.483567296144381e-06,-38.72447696489295,-38.88190003897917
198,198,6.521914253154164e-06,6.733869333019309e-06,-38.84316947038759,-38.71739341967678
199,199,7.676380429290579e-06,6.4971484933171025e-06,-38.14326642171446,-38.87281234113937
200,200,6.960035661154741e-06,6.428611150591965e-06,-38.55999032279613,-38.91886869609045
201,201,6.528024360451718e-06,6.333324850665552e-06,-38.84033454437129,-38.98372262306795
202,202,6.5905588955276995e-06,6.312032574466062e-06,-38.798087518256594,-38.99834795391284
203,203,6.552540826211868e-06,6.46923801564538e-06,-38.829354280341526,-38.89150896899741
204,204,6.651078468532489e-06,6.249936177482596e-06,-38.76341681474606,-39.041284443804905
205,205,6.820064098383696e-06,6.433829400377458e-06,-38.6491345450527,-38.91534485906685
206,206,6.692496308741536e-06,6.552130631270732e-06,-38.735089900093215,-38.83621479395815
207,207,6.6700731294236225e-06,6.460484871097019e-06,-38.743662670967744,-38.89738913053016
208,208,6.7692047092894375e-06,6.208619197423104e-06,-38.686937701816674,-39.07009003432831
209,209,6.482507183839694e-06,6.2079777164495015e-06,-38.87921116069441,-39.070538775073075
210,210,6.7611613772409255e-06,6.4173490213043375e-06,-38.688068362848256,-38.92648366887841
211,211,6.323808468822762e-06,6.122066990524457e-06,-38.969445603316395,-39.13105949318229
212,212,6.5115623938348195e-06,7.4481609820060455e-06,-38.84915846477992,-38.27954972091942
213,213,6.784494674780176e-06,6.227784835669138e-06,-38.66759117728583,-39.056704271852865
214,214,6.399949640028128e-06,6.228184941535705e-06,-38.93187339009217,-39.05642526704924
215,215,7.065036988558522e-06,6.283404050727289e-06,-38.487560641362315,-39.01809039185392
216,216,6.633934052721069e-06,6.2271115941831865e-06,-38.77057837186166,-39.05717378208006
217,217,6.388801916587327e-06,6.198941790851102e-06,-38.93614555661049,-39.07686468589694
218,218,6.223814486390635e-06,6.1551648190958845e-06,-39.056499167335794,-39.10764340174221
219,219,6.34745806424108e-06,6.135737318177953e-06,-38.962605369339315,-39.12137268439083
220,220,6.8195309282113085e-06,6.2047994393460134e-06,-38.64638382125671,-39.072762787025994
221,221,6.616266053936567e-06,6.130366010007779e-06,-38.782871589544975,-39.12517622262232
222,222,6.310509134075885e-06,6.27638880694959e-06,-39.00049107796909,-39.022941876290346
223,223,6.508487293797668e-06,6.200918027101771e-06,-38.85192591388649,-39.075480366205475
224,224,7.064769779952764e-06,6.113880173966448e-06,-38.492973298629984,-39.13687104130073
225,225,6.338283203580638e-06,6.178119436203576e-06,-38.96986366169648,-39.09147726975529
226,226,6.582486623732827e-06,6.422827482310822e-06,-38.80937462718116,-38.922777698749194
227,227,6.388894689735025e-06,6.0210906045349e-06,-38.937479040222335,-39.203288643998356
228,228,7.062028558233503e-06,6.122208991368289e-06,-38.503063445545166,-39.130958760100164
229,229,6.632412214926684e-06,6.062814535605292e-06,-38.772952235474214,-39.17329743696814
230,230,6.472175464671064e-06,6.049084277037764e-06,-38.88256895302626,-39.18314391633119
231,231,6.314457981922537e-06,6.139335063811527e-06,-38.99034070890467,-39.11882690531585
232,232,6.512588871120579e-06,6.182508107150697e-06,-38.86487026841395,-39.08839332333165
233,233,6.763603862767473e-06,6.151238985215682e-06,-38.688586219714345,-39.110414264905785
234,234,6.316097308617546e-06,6.025270546447964e-06,-38.987407860667616,-39.20027474501654
235,235,6.5030748533224805e-06,5.976511434518646e-06,-38.86741567501096,-39.235562721071496
236,236,6.439203609505094e-06,6.4637403355798025e-06,-38.90260352053002,-38.89520125424636
237,237,6.4705059605668e-06,6.423896425794258e-06,-38.88233755860667,-38.9220549677857
238,238,6.182209266832437e-06,5.925957458729451e-06,-39.07965125030515,-39.27245497417709
239,239,6.235500799467098e-06,5.995652803616586e-06,-39.03922849907584,-39.22167551088412
240,240,6.286399718764065e-06,6.0243964023692045e-06,-39.008579052187116,-39.20090486359504
241,241,6.254062545568306e-06,5.992948756197859e-06,-39.02743529592311,-39.223634626610526
242,242,6.499953444065411e-06,6.045091523494768e-06,-38.86170013342133,-39.18601146336031
243,243,6.343453048064419e-06,5.984430189480343e-06,-38.96662369193631,-39.22981221714968
244,244,9.15657017348045e-06,7.160626912656498e-06,-37.371404982264615,-38.45052980418836
245,245,6.609241852894445e-06,6.156126274666014e-06,-38.79098068647199,-39.106965073455804
246,246,6.261229785748808e-06,6.14475601124516e-06,-39.01758148462922,-39.11499383749576
247,247,6.232521974601058e-06,5.976346361230274e-06,-39.041790653485826,-39.23568267634826
248,248,6.081958816270644e-06,5.924930328068226e-06,-39.149868642582874,-39.2732077906538
249,249,6.408592057174321e-06,6.431693284531847e-06,-38.925091491751914,-38.91678701319568
250,250,6.172381914045227e-06,6.139083085910993e-06,-39.08013984302747,-39.119005157286814
251,251,6.3230646568645735e-06,5.863856945085756e-06,-38.97249847623773,-39.318206601643254
252,252,6.1659096075148685e-06,5.922630814319219e-06,-39.080729641739694,-39.2748936501025
253,253,6.114891422520927e-06,5.799609377725956e-06,-39.12687198548284,-39.36605283436083
254,254,6.199083243925472e-06,5.937213891708157e-06,-39.072156444910455,-39.2642133193088
255,255,6.4734676456770175e-06,6.280204209025741e-06,-38.87515678271324,-39.02030261241231
256,256,6.0827680321493705e-06,5.860218415795029e-06,-39.153635581262435,-39.320902239798585
257,257,2.0302148177225464e-05,4.243590343608766e-05,-33.913922851704356,-30.72270574367222
258,258,4.535945689773125e-05,3.5489090614167874e-05,-30.425073323732587,-31.4990915589448
259,259,3.351109579356133e-05,3.349118761482379e-05,-31.736575092133794,-31.750734787394492
260,260,3.508991001806337e-05,3.19155941198053e-05,-31.544402710565787,-31.960010934763613
261,261,3.4200072722220266e-05,3.6061431226124496e-05,-31.65209584276946,-31.429610676099756
262,262,3.612961604490338e-05,2.9771344232262652e-05,-31.417063367677862,-32.2620558255595
263,263,3.673625435543933e-05,3.590377577654037e-05,-31.347897789898894,-31.448639038326824
264,264,3.8388080170501706e-05,3.432020725755903e-05,-31.147822323560735,-31.644541249977106
265,265,4.005301195423637e-05,4.0780425862115075e-05,-30.96162273316605,-30.895522701399404
266,266,4.210922621102336e-05,4.1986227619130854e-05,-30.748070434155622,-30.76897170982685
267,267,4.166181118767012e-05,4.134918823470607e-05,-30.7860875438516,-30.835370389355084
268,268,4.5175331289317106e-05,4.565174515990197e-05,-30.43664135538384,-30.405466426048843
269,269,5.013448209921858e-05,4.6074658855918404e-05,-29.990892222999612,-30.365418985413886
270,270,4.9165248710028444e-05,4.43001789742419e-05,-30.08392660104173,-30.535985460679704
271,271,4.868499215178614e-05,5.47109630133491e-05,-30.11369831190669,-29.619296676345783
272,272,4.726482870161639e-05,4.410300530971175e-05,-30.250058177319417,-30.55535842267681
273,273,3.9024033426780005e-05,3.10573302972204e-05,-31.075645366483542,-32.07839906020954
274,274,3.591997376565111e-05,3.745147162254924e-05,-31.440084948442205,-31.265351392697404
275,275,3.7457105041614774e-05,4.6453964865864496e-05,-31.25561606511503,-30.329812397269144
276,276,3.9065655373539725e-05,3.162776824626091e-05,-31.068552788103176,-31.99935479032275
277,277,3.839339356981674e-05,3.834481724066121e-05,-31.1393640988074,-31.162973546860254
278,278,3.83681655744722e-05,4.148419075614871e-05,-31.14504019110816,-30.821214042545826
279,279,3.91439600919971e-05,4.1470416219549645e-05,-31.05653268575175,-30.822656326587378
280,280,3.052412503353649e-05,9.318198719579654e-06,-32.14173241681901,-37.30672058899304
281,281,7.78687220743675e-06,6.834329006347903e-06,-38.06751789288534,-38.653081448456504
282,282,6.793166373905272e-06,6.458549418503505e-06,-38.66503349967384,-38.89869039867264
283,283,6.634012874032517e-06,6.256771532781913e-06,-38.7719375920382,-39.036537299388186
284,284,6.515545605579223e-06,6.248529931135157e-06,-38.84834455127684,-39.04226172377855
285,285,6.628610831800879e-06,6.467197851490805e-06,-38.774177835676944,-38.89287879303697
286,286,6.606352617944646e-06,6.109902833965239e-06,-38.78428535385797,-39.13969723164625
287,287,6.288956022395611e-06,6.090679299201216e-06,-39.006109445749324,-39.153382942521944
288,288,6.321012986837118e-06,6.069008290260651e-06,-38.9683127219342,-39.16886296122381
289,289,6.379373935112771e-06,6.127736565088669e-06,-38.933235343202156,-39.12703940402312
290,290,6.475828482957554e-06,6.009004975662959e-06,-38.87678888636132,-39.21201463235013
291,291,6.356437641387078e-06,5.9852244655638444e-06,-38.96074161433167,-39.22923584342692
292,292,6.295351406301914e-06,5.9536290504375325e-06,-38.99393869661668,-39.25222255058178
293,293,6.232027434512911e-06,6.444700183668542e-06,-39.03942512456445,-38.908013086774446
294,294,6.377457629776135e-06,5.927849518852063e-06,-38.94392422078507,-39.271068565103256
295,295,6.3554664979464995e-06,6.231804850119117e-06,-38.951655521412164,-39.053901819769926
296,296,6.4480273442651315e-06,5.893253345627607e-06,-38.898880485651475,-39.296489154360025
297,297,8.807267396928792e-05,0.00011039784677498239,-27.542830389633195,-26.570434239629478
298,298,6.0999369865028934e-05,4.642349870808079e-05,-29.13455760888404,-30.33266158891923
299,299,4.736602234506509e-05,4.1916429740683126e-05,-30.235947226092502,-30.776197426247492
300,300,4.2679818621182515e-05,3.8260050419730283e-05,-30.693833953782818,-31.17258488847041
301,301,3.757459510489218e-05,3.7651421926535765e-05,-31.234475426177134,-31.24222644644182
302,302,3.6232234144579744e-05,3.5163669484685865e-05,-31.401793515846826,-31.539098375394698
303,303,3.338847970562992e-05,3.230904411267195e-05,-31.754490097364936,-31.906799175797886
304,304,3.360919676122217e-05,3.230264375911487e-05,-31.717860793808757,-31.907659589240936
305,305,3.255575642676198e-05,3.0738779969397e-05,-31.856771140170487,-32.12317400620422
306,306,3.261871262514704e-05,3.203776673456703e-05,-31.85763603698231,-31.943417918769978
307,307,3.389238351992015e-05,3.100903430956685e-05,-31.691007315447088,-32.08515785309268
308,308,3.367756964751644e-05,3.1975286459017204e-05,-31.71576120970865,-31.95189582949672
309,309,3.4837001556897845e-05,3.239512070170971e-05,-31.56932378528405,-31.895244244272313
310,310,3.434875837875861e-05,3.09160469011036e-05,-31.62832453202466,-32.098200693875654
311,311,3.5150269805975786e-05,3.366636088972691e-05,-31.52597496042448,-31.72807852286519
312,312,3.366415051262725e-05,3.28499403334909e-05,-31.71645306465956,-31.834694417871013
313,313,3.2655042944207176e-05,3.371292165722576e-05,-31.847726707927336,-31.722076355180345
314,314,3.3257697049117906e-05,3.311811767497076e-05,-31.77396398972006,-31.799383819167627
315,315,3.1784745757606065e-05,2.9543873863172177e-05,-31.97193469912922,-32.29536586421689
316,316,2.9404722639454347e-05,2.722580326295237e-05,-32.3084404608519,-32.650233249319584
317,317,2.8374599817643403e-05,2.635292472213654e-05,-32.46847526733667,-32.79175205405579
318,318,2.7063438369857732e-05,2.5116098377590167e-05,-32.662904185377236,-33.00051851375527
319,319,2.5617835471513392e-05,2.6229286001915553e-05,-32.909109828774525,-32.812175582150196
320,320,2.499757206773136e-05,2.360953935988762e-05,-33.0095135446794,-33.26916513114234
321,321,2.4210786953695677e-05,2.3311245489534677e-05,-33.1475503588744,-33.324385489292574
322,322,2.3877008230162583e-05,2.1620925365009736e-05,-33.21357440639052,-33.6512974925312
323,323,2.2746171893719367e-05,1.9692956476846074e-05,-33.42113102295373,-34.05693105784847
324,324,1.660987920294031e-05,9.551825218965715e-06,-34.78898451277686,-37.19917659800562
325,325,8.838937043675315e-06,7.908243931428602e-06,-37.52839179545071,-38.01923970107336
326,326,7.926345507754732e-06,7.437563310400276e-06,-38.010110921662715,-38.285733512835215
327,327,7.539982740014501e-06,7.288841899073879e-06,-38.217782195464174,-38.37345496729985
328,328,7.614505193487275e-06,7.252376355226213e-06,-38.17027823329501,-38.395236935486594
329,329,7.268949610585606e-06,7.037231410466024e-06,-38.37589380205122,-38.526021943715016
330,330,7.313565318552194e-06,7.056547378612633e-06,-38.350735058343915,-38.514117650683836
331,331,7.345572195151465e-06,7.158688946985517e-06,-38.32954973066792,-38.45170534610729
332,332,7.167698575208353e-06,6.865766313000533e-06,-38.430950112188064,-38.633150094038086
333,333,7.182261221536576e-06,6.847225641219043e-06,-38.42384717478226,-38.644893871587
334,334,6.785275161877807e-06,6.750699939354825e-06,-38.67324704253991,-38.706552223185255
335,335,6.937995594759657e-06,6.67338142528407e-06,-38.57866124600963,-38.756580786662774
336,336,6.8870658745338715e-06,6.791749958785276e-06,-38.6069059850823,-38.68022338068323
337,337,6.9093890516276434e-06,6.512993614275106e-06,-38.604090962643774,-38.86223374492936
338,338,6.73590735347069e-06,6.531275127934733e-06,-38.698567411749856,-38.85006048193024
339,339,6.670088768982e-06,6.48314663091074e-06,-38.744863423202546,-38.882181826008306
340,340,6.624938235937716e-06,6.579553883057088e-06,-38.78257968050611,-38.8180757894352
341,341,6.724020468683784e-06,6.574636580281597e-06,-38.71943525734912,-38.821322751027665
342,342,6.636464932694018e-06,6.378841135301627e-06,-38.76961981621785,-38.95262240654952
343,343,6.603225456367993e-06,6.3622301240684465e-06,-38.78711935326297,-38.9639465322182
344,344,6.68616604746875e-06,6.373239724971906e-06,-38.73778507338762,-38.95643772387724
345,345,6.715825143193385e-06,6.348715343943025e-06,-38.71912967555841,-38.973181717215446
346,346,6.618087434279792e-06,6.324461441851638e-06,-38.787344869455545,-38.98980477689631
347,347,6.608143614601468e-06,6.355747221900138e-06,-38.7887787625744,-38.96837410557469
348,348,6.4110668719558344e-06,6.484990583550443e-06,-38.923375402357166,-38.88094677050501
349,349,6.601490318625458e-06,6.289493404964512e-06,-38.7901572373662,-39.01388360792097
350,350,6.526288238204608e-06,6.271941401791992e-06,-38.84325218141242,-39.02602034739762
351,351,6.3374867909494905e-06,6.1828033339177064e-06,-38.969788220661215,-39.08818594423496
352,352,6.288787592415453e-06,6.09887863327841e-06,-38.99690050818307,-39.14754035807091
353,353,6.930818762691733e-06,6.200563084827368e-06,-38.57997597372612,-39.07572896469112
354,354,6.611155617271656e-06,6.152911234829317e-06,-38.79621164603985,-39.1092337708919
355,355,6.325457734325853e-06,6.074611998261198e-06,-38.98336192661241,-39.1648548325476
356,356,6.421550720521746e-06,6.189645821570211e-06,-38.90913858027708,-39.08338227942196
357,357,6.427881150566745e-06,6.057571274715501e-06,-38.909184931350396,-39.17705494015212
358,358,6.781369772875926e-06,6.261949238250963e-06,-38.67413055088295,-39.032944841207396
359,359,6.27588064368687e-06,6.48567615108301e-06,-39.00909487415439,-38.88048767583743
360,360,6.45808816527991e-06,6.130870372688055e-06,-38.89115799916875,-39.124818930874234
361,361,6.553964949583217e-06,5.964479537636323e-06,-38.812147553569204,-39.24431473872802
362,362,6.257737958989797e-06,6.3214703291841464e-06,-39.02189021389251,-38.991859230097525
363,363,6.3335928690818396e-06,6.19539370841506e-06,-38.97613083874126,-39.07935116476544
364,364,6.48312400408406e-06,5.948203531596319e-06,-38.87525653438672,-39.25618206360832
365,365,6.462368711470038e-06,6.8902024012411285e-06,-38.88731722333858,-38.617720472663486
366,366,6.596283845883403e-06,5.971590709170989e-06,-38.79016665086992,-39.23913993184618
367,367,6.246200840549361e-06,6.14614749027073e-06,-39.034836079852546,-39.11401048966458
368,368,6.310202165549686e-06,6.519064012728019e-06,-38.99338665334328,-38.858187813247376
369,369,6.255348861739867e-06,6.124890468957969e-06,-39.02546851919667,-39.12905700214853
370,370,6.379894381735567e-06,6.194716517807376e-06,-38.943271704456876,-39.079825898466815
371,371,6.374846723645664e-06,5.84603484592088e-06,-38.95011553091284,-39.33142627170974
372,372,6.2287051347534404e-06,6.0989900224453055e-06,-39.04779802692217,-39.147461039786876
373,373,6.331023930974927e-06,5.944860635951811e-06,-38.964581467867546,-39.25862348854267
374,374,3.808569913557803e-05,8.161247464350278e-05,-31.178797393572847,-27.882474801792824
375,375,4.721934892211383e-05,3.8727953467873465e-05,-30.249741540671927,-31.119794790363542
376,376,4.273375927049969e-05,4.243316384657335e-05,-30.675216849623418,-30.72298612582964
377,377,4.615234800289774e-05,4.4303330804196826e-05,-30.350185592519736,-30.53567648367387
378,378,4.8413919562476294e-05,4.5171223686530106e-05,-30.143110151167804,-30.451421711193678
379,379,5.0966462799103103e-05,5.043684531732364e-05,-29.918931908599994,-29.972561120058046
380,380,5.2934552588771316e-05,4.73533295199128e-05,-29.76053104462707,-30.246535062170622
381,381,4.6523394481370165e-05,4.334121226029789e-05,-30.308359437184862,-30.631029724227954
382,382,4.1730421030151026e-05,3.7964253351674415e-05,-30.786077080558595,-31.206291638920884
383,383,3.6307571697518105e-05,3.576813632159763e-05,-31.39364100390346,-31.465077147877096
384,384,3.904595772481341e-05,3.6458956616881645e-05,-31.07403588835476,-31.381997910101816
385,385,3.9556754252527716e-05,3.885539224843102e-05,-31.01712785075803,-31.10552729301783
386,386,4.366922867214355e-05,3.827039874618334e-05,-30.58351574219596,-31.171410396186133
387,387,4.015633197754535e-05,3.863275550860348e-05,-30.958067390010193,-31.13048341248596
388,388,3.9797185852820023e-05,4.0026115082008274e-05,-30.99056134354266,-30.976605871493593
389,389,3.992787832871305e-05,3.9454002896826224e-05,-30.972761851093388,-31.039129547304274
390,390,3.909470529065074e-05,3.719289394977846e-05,-31.072343997169355,-31.295440550739627
391,391,3.974482896194683e-05,3.8228411971144136e-05,-30.994354132117877,-31.17617769292512
392,392,4.2370745374223446e-05,3.905594195729416e-05,-30.715639637048273,-31.083169102091933
393,393,3.889056491052261e-05,3.8195669204517467e-05,-31.090475575293013,-31.179899034031095
394,394,4.067358513003859e-05,3.6387886307478e-05,-30.89586010720965,-31.390471977543832
395,395,4.1680938667604535e-05,3.755697492268059e-05,-30.7905410818738,-31.25313422692573
396,396,3.7906012873941814e-05,3.7418743024892664e-05,-31.20364110894366,-31.269148323248487
397,397,3.9555227107784865e-05,3.8156569069925404e-05,-31.018852392559637,-31.184347095951267
398,398,3.80745789782653e-05,3.3721672815246216e-05,-31.176215334211946,-31.720949165289277
399,399,3.812347108812657e-05,3.687715041834101e-05,-31.175175394779192,-31.332466721078347
400,400,3.8565341813025334e-05,3.801641612785476e-05,-31.127018661434217,-31.20032854078812
401,401,3.9238383475638274e-05,3.623443913774712e-05,-31.0536925519356,-31.408824834697295
402,402,4.01164832454146e-05,3.697286296013963e-05,-30.9586432359364,-31.32120945784322
403,403,3.837959702275501e-05,3.9368226632512615e-05,-31.14805719387245,-31.04858174707005
404,404,3.9268551883707785e-05,3.356216687902097e-05,-31.048383935063907,-31.741540343800484
405,405,3.702014142505767e-05,3.542267854515414e-05,-31.29996478322099,-31.50722628858957
406,406,4.0440388944524475e-05,3.666165120146041e-05,-30.923688215146203,-31.357920056346842
407,407,3.722478129592551e-05,3.538239338683381e-05,-31.27851334893771,-31.51216820118752
408,408,3.768168696212539e-05,3.974054513826942e-05,-31.229207860060843,-31.007702066390216
409,409,3.839168552001434e-05,3.7233183224759015e-05,-31.14706895217017,-31.290738593528566
410,410,3.850682302991399e-05,3.675278649576572e-05,-31.135075203384975,-31.347137551707156
411,411,4.010621306246996e-05,4.0603741772907886e-05,-30.955239204719234,-30.914379697241536
412,412,3.7653711467672896e-05,3.822237704298459e-05,-31.22094073493156,-31.176863346019775
413,413,3.788700799764369e-05,3.559548282569985e-05,-31.20535766016345,-31.486091386712847
414,414,3.793570382542159e-05,3.7346308377700076e-05,-31.2011814650849,-31.27756347894669
415,415,3.7307366321479044e-05,3.819292722159604e-05,-31.267944286113575,-31.180210815660416
416,416,3.8430980398000416e-05,3.6187897230296296e-05,-31.137311438486883,-31.41440678562001
417,417,3.715508907973963e-05,3.36149396868055e-05,-31.29468405606677,-31.734716904953032
418,418,3.7803736988055405e-05,3.679074717710089e-05,-31.220862744269425,-31.34265418924851
419,419,3.8612035889845805e-05,3.8326909672928434e-05,-31.12101880515315,-31.1650022367842
