,epoch,train_loss,test_loss,train_dbs,test_dbs
0,0,0.0008265521220104365,0.0008250632611299423,-17.81067236263842,-17.812511850371255
1,1,0.0008300225653676028,0.0008167795175196309,-17.797317100270018,-17.856335957203036
2,2,0.0008098058961811907,0.0008089438227838592,-17.906481389658456,-17.898200710607778
3,3,0.0008046510953398556,0.000798439521244482,-17.93421779882451,-17.954964085137117
4,4,0.0007932955878018641,0.0007866693562582919,-17.99345894228631,-18.019462009908448
5,5,0.0007786053531687975,0.0007804124738628927,-18.069426335033263,-18.05414231677817
6,6,0.0007703907142114854,0.0007674440030792826,-18.11701325971785,-18.126917372800552
7,7,0.000762018243681409,0.0007633514500125066,-18.164365377250476,-18.150138991924365
8,8,0.0007621119586155587,0.0007490468744531666,-18.177330514314523,-18.232294379030026
9,9,0.0007487390779640487,0.0007478713829952635,-18.245041828844478,-18.23911518646006
10,10,0.0007374231516354784,0.0007407711757543055,-18.315812486087143,-18.280543589672714
11,11,0.0007307835645762455,0.000730295944346213,-18.346709587748574,-18.34239545259252
12,12,0.0007295239009875228,0.000731270110822822,-18.36308690190457,-18.336606111954772
13,13,0.0007244112646956112,0.0007262949886927871,-18.390119444880984,-18.366253864631283
14,14,0.0007236548831455947,0.0007151515272102858,-18.40247328129198,-18.433403636643767
15,15,0.0007079730366030228,0.0007171089283043617,-18.489239678694357,-18.421533043973234
16,16,0.000706611217369239,0.0007077119631790801,-18.497431616068468,-18.47881897088518
17,17,0.0007020981805927129,0.0007029111423578701,-18.517938931569027,-18.508380063894016
18,18,0.0007041136904610033,0.0006978853489272296,-18.514548839563723,-18.539543530295823
19,19,0.0006983831348425718,0.0006958917396045045,-18.549523037434604,-18.55196752729683
20,20,0.0006900251730220373,0.0006922439604654516,-18.602527344953536,-18.574792586803618
21,21,0.000681245013634607,0.000681510645479552,-18.65193111986715,-18.642657899956017
22,22,0.0006777255666278994,0.0006832694879880077,-18.673621247496385,-18.631464067336253
23,23,0.0006795402360628791,0.0006756271315297406,-18.666360646400143,-18.680313526284394
24,24,0.0006739870241852765,0.0006700067315250635,-18.698169227781715,-18.716592680213047
25,25,0.0006674792420733528,0.0006741683096869996,-18.744067192892487,-18.68970100091524
26,26,0.000666157956974408,0.0006619542040617058,-18.759269696409124,-18.76910489369909
27,27,0.0006633824866850735,0.0006649216551235632,-18.775707587261383,-18.74967956824523
28,28,0.0006587062638310581,0.0006562851271346995,-18.801439680140216,-18.806458717798904
29,29,0.0006563106585370819,0.0006527542718686163,-18.820877665302366,-18.829887113894483
30,30,0.0006498735609281924,0.0006541089081254445,-18.860178656612753,-18.82088370372828
31,31,0.0006474524198733654,0.0006421394584896533,-18.872189283586508,-18.901090766100747
32,32,0.0006427187766620563,0.0006463078346936719,-18.906659367965457,-18.872990135064462
33,33,0.0006410030326469964,0.0006366642682175888,-18.924965398578387,-18.938279576277047
34,34,0.0006411189084978218,0.0006373819135325519,-18.916459678176313,-18.933386983878446
35,35,0.0006330770880857617,0.0006355488256208206,-18.97175906035152,-18.945895135197716
36,36,0.0006282617177180562,0.0006294210171817165,-19.007236230139235,-18.98797193605908
37,37,0.0006287553972929486,0.0006249998573605952,-19.006877883302447,-19.018585158515464
38,38,0.0006284184463456581,0.0006237255752478775,-19.01087131555411,-19.027448818493696
39,39,0.0006240438987961827,0.0006166848501092509,-19.04505647937115,-19.076751546897334
40,40,0.0006214666525958126,0.0006229203059583119,-19.059334261041542,-19.033059458416666
41,41,0.0006162248661059924,0.0006166674490821989,-19.0857940142443,-19.076874093716008
42,42,0.0006146168140646493,0.0006145319815627054,-19.106072313928877,-19.09193944652437
43,43,0.0006073056918223264,0.0006061194795428923,-19.15248286272868,-19.151801924354622
44,44,0.0006104535333207357,0.0006082163492560779,-19.133846703081016,-19.13680343992852
45,45,0.0006085801929638712,0.0006055846154738806,-19.146031098628956,-19.155636004470093
46,46,0.0006053751699396016,0.0006043943055709334,-19.176010012905873,-19.164180701908574
47,47,0.0006023902870887487,0.0005987888526808666,-19.199836404169087,-19.20464727352223
48,48,0.0006006672665159957,0.000600753324473963,-19.198485497240195,-19.190422512799792
49,49,0.0006024353398182957,0.000594142300542444,-19.18837557893726,-19.238479605815822
50,50,0.0005986820786384885,0.0005955330531210883,-19.213967777465854,-19.2283256349215
51,51,0.0005903048716850349,0.0005950610410716189,-19.27585762825123,-19.231769163496285
52,52,0.0005916136187338031,0.0005916126170440725,-19.264803776957486,-19.25701006661796
53,53,0.0005898570387441781,0.0005918854608592626,-19.27908270310201,-19.255007620350064
54,54,0.0005878709747513622,0.000584885560735864,-19.291975070129517,-19.30667534156083
55,55,0.0005864568400321548,0.000584630001532404,-19.29942240852981,-19.308573357409607
56,56,0.0005825041834092171,0.0005861920807020445,-19.338417845585827,-19.29698487139644
57,57,0.0005796052102652407,0.0005766842269191617,-19.360208989445464,-19.368003610381326
58,58,0.0005783913945107116,0.000581488895573114,-19.354273006416776,-19.331970084585862
59,59,0.0005827022562782789,0.0005810388094304424,-19.338954875245452,-19.335332928104666
60,60,0.0005785664567512643,0.0005789575485610648,-19.369162973986644,-19.350917133600692
61,61,0.0005738152618299133,0.0005749853628099357,-19.39917316647637,-19.380816449235116
62,62,0.0005745185141874113,0.0005704572601979109,-19.40463042821579,-19.415153223201532
63,63,0.0005696566376988729,0.0005706688818080645,-19.428695685627492,-19.41354242672231
64,64,0.0005729604799290831,0.0005693372528951027,-19.409334321150787,-19.423688325665537
65,65,0.0005668532409340373,0.000567243970611966,-19.448733987949463,-19.439685457304165
66,66,0.0005646343582991472,0.0005643416416684264,-19.469916178272445,-19.461963368849094
67,67,0.0005637488667565139,0.0005639606939726754,-19.477197660825738,-19.464895978012773
68,68,0.0005616588228785424,0.0005613415054731855,-19.49694207209444,-19.48511279029797
69,69,0.0005657589417094961,0.0005593619180696183,-19.47224628054945,-19.500455382493122
70,70,0.0005566743838591213,0.000562517646406042,-19.528698868315743,-19.476022830889804
71,71,0.0005585167727423544,0.0005574768078268358,-19.518550283902165,-19.515116295205463
72,72,0.0005572948505209049,0.0005602269972625532,-19.521713740679598,-19.493744004959392
73,73,0.0005544463050138858,0.0005536384690601967,-19.546791806631166,-19.545121750295216
74,74,0.0005549702771756914,0.0005523414124342564,-19.54479559838242,-19.555308279056554
75,75,0.0005526032824472515,0.0005541781122845254,-19.565799296595245,-19.54089065108608
76,76,0.0005481881965623842,0.0005494289094043013,-19.596282771064516,-19.578269270393815
77,77,0.0005499759416537571,0.0005544045186405512,-19.58669668993465,-19.539116727704744
78,78,0.00054613513375162,0.0005463031488225648,-19.61316733404533,-19.603047303390916
79,79,0.0005466201853909597,0.0005439616139291933,-19.613360554997023,-19.62170180423572
80,80,0.000540982420585051,0.0005457129384587077,-19.65923224307231,-19.60774183366624
81,81,0.0005448905615491274,0.0005393199451071652,-19.626306217508503,-19.658919524344725
82,82,0.0005433524355109897,0.0005404710322373399,-19.63409118880328,-19.649660121577295
83,83,0.0005431677252006208,0.0005404764853760993,-19.635891888535998,-19.649616303204365
84,84,0.0005391085887635031,0.0005414808662240638,-19.674977928970932,-19.641553190833964
85,85,0.0005364797273698772,0.0005361336991068368,-19.698168981797945,-19.68465328073885
86,86,0.0005361010253275792,0.0005344310101415766,-19.695597601790368,-19.69846784120647
87,87,0.0005408826112487958,0.0005369776351328351,-19.669609782411314,-19.677822361652677
88,88,0.0005363276295517524,0.0005376865247901725,-19.68912043772762,-19.67209281520283
89,89,0.0005363657489687819,0.0005285239496611451,-19.700425209430524,-19.74673762265835
90,90,0.000531946341615151,0.0005272578702332746,-19.72692371651228,-19.757153630253587
91,91,0.0005301984198650671,0.000527426909875909,-19.752221996727773,-19.7557614989546
92,92,0.0005309439789907066,0.0005249249761139876,-19.740568228741523,-19.776411969364766
93,93,0.0005316388626467705,0.0005275030485599449,-19.742268800613466,-19.75513460216152
94,94,0.0005219216697330865,0.0005239400059891571,-19.805617925773493,-19.78456873354506
95,95,0.0005243707492649939,0.0005262574352520076,-19.787179774275483,-19.76540189243272
96,96,0.0005253254050105695,0.0005189700122604048,-19.781096631487078,-19.825961704240004
97,97,0.0005236736366155644,0.0005230545372653164,-19.801437393408257,-19.791914603202617
98,98,0.0005247365799132427,0.0005187462436304869,-19.793530155681808,-19.827834691815383
99,99,0.0005228448234325679,0.0005144882674549559,-19.80855147720024,-19.86362958650087
100,100,0.0005202666870150331,0.000512077592582883,-19.8293451378106,-19.884026616244604
101,101,0.0005170988622865611,0.0005138001119791481,-19.851089010868996,-19.869442394978112
102,102,0.0005175655299063158,0.0005169975874626911,-19.845998644339932,-19.84249917589304
103,103,0.0005153223599748898,0.000513564202456588,-19.869895474111708,-19.871436900807005
104,104,0.0005128561310858955,0.000508786635595913,-19.888554266403634,-19.912027389926557
105,105,0.0005124513409100473,0.0005086604138150027,-19.892330822452745,-19.913104938350493
106,106,0.0005129608439675235,0.0005094015872792193,-19.887736238150055,-19.906781402020385
107,107,0.0005128300246499363,0.0005121793610190874,-19.890141810313715,-19.883163600957953
108,108,0.0005091990232611671,0.0005098318720947167,-19.92274786063128,-19.903114522162777
109,109,0.0005110139807340564,0.0005051009265068723,-19.904215047047803,-19.943602689399427
110,110,0.0005093669013561893,0.0005070219799802688,-19.922347192193964,-19.927116471777634
111,111,0.0005060162487651039,0.0005064036553161905,-19.948924704996514,-19.93241602240282
112,112,0.0005048458358229705,0.0005056725686268979,-19.963179091065463,-19.938690391124606
113,113,0.0005048326286847328,0.0005061336330407741,-19.954740741484013,-19.934732365481395
114,114,0.0005010056724056563,0.0005038227980931927,-19.992435635848757,-19.954606185513782
115,115,0.000500616743817407,0.000501809278686874,-19.989729744541126,-19.97199746719874
116,116,0.0005009374767301854,0.0005029720548344286,-19.983823829934956,-19.961945777877833
117,117,0.0005007326037661393,0.0004990139492101184,-19.993128183520263,-19.99625748215111
118,118,0.0005018758865375764,0.0004985750312794392,-19.99332348423202,-20.000079089072006
119,119,0.0004966849585414201,0.0004925961517361238,-20.018400935280482,-20.052474193623343
120,120,0.0004972459771790417,0.0004989520193224674,-20.02077770057566,-19.996796494689697
121,121,0.0004977138734605048,0.0004951347946189344,-20.015372767993846,-20.030149874895034
122,122,0.0004993841494913645,0.0004921949186705445,-20.011838591994607,-20.056013082657103
123,123,0.0004955028614614965,0.0004935857646878025,-20.041375254436318,-20.04375808189515
124,124,0.0004937190339857348,0.0004911398190367771,-20.050795775792434,-20.06533288205158
125,125,0.0004925608548537357,0.0004923177475575358,-20.072992433862392,-20.05492942147233
126,126,0.0004894968839938339,0.0004905918720300848,-20.08878581502853,-20.070180854023114
127,127,0.0004951731903723336,0.0004892810538876802,-20.049526966408937,-20.081800348970976
128,128,0.0004888956177590857,0.0004913387620993154,-20.094246679116804,-20.063574067618106
129,129,0.0004899878965177064,0.00048793112632426386,-20.088490469860233,-20.09379910372565
130,130,0.0004881766454326277,0.0004908527005586381,-20.09661483647873,-20.06787249354094
131,131,0.0004883926351597897,0.00048654458001501073,-20.094036208903443,-20.1061579509184
132,132,0.0004890071778418976,0.0004853114093604841,-20.097157610826205,-20.117179326591106
133,133,0.00048542249804967534,0.0004856820803405227,-20.13273453019359,-20.113863539806548
134,134,0.0004850957871501132,0.0004831695175533624,-20.127647123129783,-20.136389065955704
135,135,0.0004869396972335568,0.00048250002682356064,-20.11772849786437,-20.142410922561112
136,136,0.00048408253189205123,0.0004843462083954364,-20.128911078848372,-20.12582529778378
137,137,0.0004855034589052162,0.00048358094155494317,-20.126448084282945,-20.132692575662624
138,138,0.00048496098930889874,0.00048367820502454907,-20.13647991355526,-20.131819159506627
139,139,0.0004818843741848412,0.0004820023574498727,-20.152936560324942,-20.146892717225604
140,140,0.00048214157313569304,0.000478530363914998,-20.16545369358439,-20.17828934051682
141,141,0.0004838723620308621,0.0004841279204763276,-20.14340986466177,-20.127783042188394
142,142,0.00048321407449134076,0.00047998983676447287,-20.146802097526123,-20.16506392295338
143,143,0.00047869504472605653,0.000481175064219554,-20.181656235249005,-20.154353211317652
144,144,0.00048225312061684646,0.00048239590250886977,-20.160864107402677,-20.14334823847474
145,145,0.00048157997122130443,0.00047534973189038664,-20.166724482883218,-20.207251807869334
146,146,0.0004811172641228078,0.00047938891006388555,-20.164464515753565,-20.170504510106
147,147,0.0004804202087809207,0.00047558662175249894,-20.168824474471286,-20.205088046610904
148,148,0.00048269348737505293,0.0004779318635548024,-20.152804423333023,-20.18372448328169
149,149,0.0004764915952223747,0.00047779931858378023,-20.19788182697721,-20.18492908036848
150,150,0.0004786419503381188,0.00047675475760019923,-20.1820320606316,-20.194433984565663
151,151,0.00048210309217107893,0.0004749290697203067,-20.160202369616094,-20.211096811479532
152,152,0.00047700295912476314,0.00047933885453906104,-20.196831927750402,-20.170958003559353
153,153,0.0004804556485452718,0.0004783375295932944,-20.17831936531983,-20.18003977824264
154,154,0.000477295782964331,0.00047633084346001083,-20.205702079562453,-20.198297301434998
155,155,0.00047903956266926584,0.0004745547408483138,-20.186008349320193,-20.214521176805967
156,156,0.000477704149610891,0.000478825971520947,-20.205137331887467,-20.175607355734346
157,157,0.00047993822204496365,0.0004768695890609371,-20.17206041378021,-20.19338806600951
158,158,0.00047718011774122715,0.00047672674746105547,-20.202663363804923,-20.194689147330884
159,159,0.0004754291430893402,0.00047594811736704096,-20.221461696980867,-20.201788207903462
160,160,0.0004768350531260685,0.000476604474610404,-20.20402855111343,-20.195803186678095
161,161,0.00047543158361054575,0.00047774851555004716,-20.220345459527383,-20.18539087780963
162,162,0.00047752171900056147,0.0004760124628726197,-20.194186776744868,-20.20120110590301
163,163,0.000476225925256623,0.00047503036789988215,-20.21643622847303,-20.21017059844683
164,164,0.00047675356960173737,0.0004757141072523633,-20.20488241430463,-20.203924035110497
165,165,0.0004768815364439002,0.00047396507733011325,-20.204326533240856,-20.21992090889836
166,166,0.0004756097167552708,0.00047412291812514394,-20.212292899462845,-20.218474853526644
167,167,0.00047596620297366655,0.0004737374011280113,-20.2105450482227,-20.222007608519462
168,168,0.0004767307858030821,0.00047681840001850535,-20.205354750045494,-20.193854279675577
169,169,0.00047839341862799276,0.0004760639215084283,-20.19581775124903,-20.20073164353704
170,170,0.00047730372020897947,0.00047580246648162996,-20.201760861086168,-20.203117450614435
171,171,0.00047620002344759546,0.0004730208602268249,-20.215093264464556,-20.228581405264883
172,172,0.0004765845528568535,0.00047245978739259665,-20.212803260735885,-20.23373583893982
173,173,0.00047350730674975,0.00047570293597680956,-20.234798327794394,-20.204026022422234
174,174,0.00047799173866149,0.00047684004714124297,-20.196823219154144,-20.193657118396636
175,175,0.00047553343681580167,0.0004745331029162595,-20.22490445959844,-20.214719203459758
176,176,0.0004744980455443417,0.00047626888140496845,-20.21920711546337,-20.19886227700507
177,177,0.000477207738776528,0.0004772073420769486,-20.20702298229873,-20.190313171890594
178,178,0.0004787748696320911,0.0004748187279083619,-20.19376203033152,-20.212105939173984
179,179,0.0004776411128143982,0.0004744130802512365,-20.196630808400293,-20.215817794345632
180,180,0.0004762510508634918,0.000473192006067716,-20.20719352489605,-20.22701034873505
181,181,0.0004769496838130134,0.0004754749089969616,-20.212432690673925,-20.20610830096759
182,182,0.0004770068596381233,0.0004743577584648799,-20.205218225845005,-20.21632425903849
183,183,0.00047615315427898053,0.00047548729650627236,-20.213167164021932,-20.205995156051685
184,184,0.00047312372456515954,0.0004711690769334765,-20.241351641741584,-20.24561654333332
185,185,0.00047393893395771377,0.0004720358472121389,-20.228131196997225,-20.237634531250272
186,186,0.00047455802433836014,0.0004731924227120257,-20.22199017868818,-20.227006524785306
187,187,0.0004747426275346313,0.000473281396185293,-20.224194933992923,-20.226190005874418
188,188,0.0004738265004599486,0.00047138118564984515,-20.237492909489944,-20.2436618964504
189,189,0.0004758086207337178,0.0004749731819365958,-20.21998538332369,-20.21069345014211
190,190,0.00047655643735647433,0.00047688173761248196,-20.205968530432887,-20.19327742817863
191,191,0.0004748830733191913,0.0004740684280956262,-20.22121651698903,-20.218974008454786
192,192,0.0004742435127443912,0.0004738081632623155,-20.229690646629944,-20.22135895149086
193,193,0.0004783355221080296,0.0004734198002169203,-20.183358051689602,-20.224920162594078
194,194,0.00047570696645464326,0.0004744532772364389,-20.216338188107933,-20.21544983254079
195,195,0.00047691125145479655,0.00047313594136779244,-20.200364661910427,-20.227524939684223
196,196,0.00047494367859566335,0.00047414130715065097,-20.229549614418225,-20.218306414138265
197,197,0.00047579703470884064,0.00047326291984829466,-20.225624717015606,-20.226359552531015
198,198,0.0004751039947954381,0.0004747836348159533,-20.225564661484327,-20.21242693113843
199,199,0.00047630847842173327,0.00047288228157221486,-20.217706093871136,-20.22985392340713
200,200,0.00047366152584706387,0.0004752187983525035,-20.232618825683495,-20.20844822267898
201,201,0.00047454837776874146,0.00047288840103551353,-20.221633700389773,-20.22979772269819
202,202,0.00047457525620630647,0.0004704589097711601,-20.227286671272612,-20.252167362609185
203,203,0.0004718697443244422,0.0004736999107990414,-20.244799195627753,-20.2223513113228
204,204,0.00047121284746795355,0.0004746658133195811,-20.24657290314714,-20.21350480265834
205,205,0.0004772387277550957,0.00047457112324129984,-20.20256889435547,-20.21437125395287
206,206,0.0004733313317890711,0.00047125188958537027,-20.237026101119472,-20.244853294655293
207,207,0.0004744039057542752,0.00047348054144286404,-20.229934446689875,-20.224362985072283
208,208,0.00047597696058951394,0.0004752980128518845,-20.21873627243924,-20.207724354996852
209,209,0.00047329089396690817,0.00047312329192400763,-20.233620247792743,-20.227641051283282
210,210,0.00047297346508898535,0.00047405299540658136,-20.232297819812825,-20.219115389748943
211,211,0.00047586758779457857,0.00047476707320464283,-20.219891625098224,-20.21257842628963
212,212,0.000475130877433556,0.00047369928276901573,-20.21396120517452,-20.222357069190792
213,213,0.0004736824055951204,0.0004730218650748659,-20.235040795398223,-20.228572179466777
214,214,0.00047550262786092757,0.0004734019871409002,-20.218432724703888,-20.225083574985415
215,215,0.00047497050932694955,0.00047309004615894273,-20.224418143089828,-20.227946235151215
216,216,0.0004732774053916297,0.0004749414082126398,-20.2350835988989,-20.210983984746626
217,217,0.0004760846183587288,0.0004736928064008488,-20.21338996270059,-20.222416445894268
218,218,0.00047534404228892675,0.0004759749863296747,-20.21441540593006,-20.20154304015485
219,219,0.0004757316008968682,0.0004721999621803039,-20.22170409671976,-20.2361248612064
220,220,0.0004735880920821897,0.00047428417938614364,-20.23483726035706,-20.216997958706777
221,221,0.0004749289403559122,0.0004718439641261571,-20.217271607208794,-20.239400301967247
222,222,0.0004735008742031401,0.00047290703361412803,-20.231182852600348,-20.229626606920284
223,223,0.00047384171426229023,0.00047215870520296067,-20.235885221104255,-20.23650432884365
224,224,0.0004756046400871128,0.0004691370919126233,-20.216057576083802,-20.264386626627243
225,225,0.0004726984032871413,0.0004719924488055863,-20.250045076067536,-20.238033834715683
226,226,0.00047334815170279866,0.00047233903560003166,-20.2443577849289,-20.234845955426
227,227,0.00047014635650335435,0.0004747236058679654,-20.253070348812045,-20.21297606314677
228,228,0.0004720168854902047,0.0004728438783020369,-20.24826667261216,-20.230206632870864
229,229,0.0004723762220837483,0.0004721327185459239,-20.24838666900035,-20.236743362291868
230,230,0.0004717904033821038,0.0004712122700814354,-20.24874140227155,-20.24521843388671
231,231,0.00047334705055787315,0.0004693428069769748,-20.23188877340354,-20.262482677084396
232,232,0.00047642861843377965,0.00047020205468135446,-20.21462575266343,-20.254539115135106
233,233,0.00046972363326727343,0.0004708132397162875,-20.264795392266002,-20.248897669624128
234,234,0.00047621616407191936,0.0004728247892528184,-20.21965781896158,-20.230381964232173
235,235,0.00047650828431888495,0.00047374045549842874,-20.208454199524603,-20.221979607944913
236,236,0.0004726670872655303,0.0004722732793245661,-20.242123816856576,-20.235450596868425
237,237,0.0004737144105073986,0.0004729827571856348,-20.237874222034186,-20.2289312546785
238,238,0.0004728461703352784,0.0004744023148975286,-20.246637190484282,-20.21591634531214
239,239,0.000471929045029215,0.0004709228156379571,-20.25079634437201,-20.24788702087441
240,240,0.000470334348945696,0.0004678571406800888,-20.261973891374673,-20.276251717869336
241,241,0.000471937358523383,0.00047105654008000304,-20.246116826331814,-20.246653962266198
242,242,0.0004733703399230678,0.0004696158116291228,-20.234120206992273,-20.25995723208707
243,243,0.0004711623748250728,0.00047022990704710156,-20.259770138271055,-20.254281868906826
244,244,0.00046949346487400764,0.0004687951847077592,-20.27452676853491,-20.267552919603276
245,245,0.0004706307477557782,0.0004710817409336175,-20.26280097301994,-20.246421627122043
246,246,0.0004730803409552912,0.00047038211088970696,-20.246005396334958,-20.25287637358496
247,247,0.0004689466972120068,0.00047107775830418656,-20.278492216664027,-20.246458343495156
248,248,0.00047325751247345325,0.0004715505071401008,-20.243073904185206,-20.24210217817519
249,249,0.00046981104257151716,0.0004670745310202045,-20.270076218289496,-20.283522476716108
250,250,0.0004717094128226535,0.0004694657706606545,-20.256626908850347,-20.261345012796404
251,251,0.0004678142386651838,0.00047297779115309054,-20.2917479974028,-20.22897685320869
252,252,0.0004709591076723732,0.00046660625038815563,-20.261293144180712,-20.287878820245563
253,253,0.0004710061475634575,0.00046599485703106776,-20.260935108913554,-20.293573104697565
254,254,0.0004714663133274802,0.0004678611953032056,-20.262047706412403,-20.276214080465465
255,255,0.0004671056837097924,0.000470290029433703,-20.295811785164737,-20.2537266266464
256,256,0.0004672853011498708,0.0004660556013205726,-20.28840603488971,-20.293007021401536
257,257,0.00046797044552411386,0.0004644223740079293,-20.290234092099276,-20.308252999421825
258,258,0.0004683551075508261,0.00046598846031548947,-20.286779259777397,-20.29363272074919
259,259,0.0004662150806944203,0.0004668711166902396,-20.301361758826747,-20.2854142725108
260,260,0.00046832212991052376,0.0004671644159028993,-20.288234110158363,-20.282686790967617
261,261,0.000467230966098645,0.0004677114530319446,-20.29366554040477,-20.27760429303287
262,262,0.00046838529812431287,0.00046665186834472577,-20.281641110125715,-20.287454251170143
263,263,0.0004675896942121044,0.00046642646836852163,-20.28945513233388,-20.289552466591914
264,264,0.00046667329860207885,0.0004671989606178709,-20.297075894143642,-20.28236566153393
265,265,0.0004645871858414954,0.0004646095667818659,-20.316886460641904,-20.3065028595977
266,266,0.00046645190366351803,0.0004659901896957308,-20.30507948251885,-20.293616603206242
267,267,0.0004671447533518844,0.00046695182161209613,-20.292105185065186,-20.284663601245953
268,268,0.0004670287916897652,0.00046422666759769385,-20.294581721464734,-20.31008349106051
269,269,0.0004667285235704297,0.0004630073901927589,-20.301644502733772,-20.32150511108469
270,270,0.0004664308762960328,0.0004618918740705244,-20.307641585736576,-20.331981121824235
271,271,0.00046610248427521246,0.0004653030712353556,-20.303861726922598,-20.300025149738726
272,272,0.00046906830381707664,0.0004671791056783772,-20.283078884285892,-20.282550231163142
273,273,0.00046556862641231533,0.0004648709773870283,-20.308417117472327,-20.30406000725316
274,274,0.00046777997475559106,0.00046708125400504,-20.296863412091515,-20.283459965617574
275,275,0.00046732226601494574,0.0004682487526320313,-20.294056106233718,-20.27261804947962
276,276,0.00046693541670035687,0.0004633319086248153,-20.298185715133727,-20.3184622396387
277,277,0.0004648272015307982,0.0004673199268597129,-20.312502674210084,-20.281241340296
278,278,0.0004653941201449362,0.00046645935263337667,-20.315611456116876,-20.289246288612738
279,279,0.0004651938296840094,0.00046516620817496195,-20.30710715895568,-20.30130276037347
280,280,0.0004648077739738696,0.0004642512388895021,-20.31426301782224,-20.309853627186023
281,281,0.0004668878562407587,0.0004651364456788686,-20.298486328334917,-20.301580641722555
282,282,0.0004651230326661667,0.00046683861077518056,-20.320778413576047,-20.285716660696977
283,283,0.0004687119922216636,0.0004648658658353318,-20.277328652445963,-20.30410776095276
284,284,0.00046680000557842636,0.00046505958246263236,-20.30231305673241,-20.302298367228552
285,285,0.0004672499721000912,0.00046233105240389705,-20.291490178481553,-20.32785370330544
286,286,0.00046509646536955205,0.0004649111759040113,-20.30889685243587,-20.303684478554196
287,287,0.00046528529372191074,0.00046718508728142634,-20.315271866691432,-20.282494625924482
288,288,0.000466492117656222,0.0004631873131362035,-20.302473236277105,-20.319817786762755
289,289,0.0004664584142203952,0.0004647012974601239,-20.305158543492425,-20.305645490356664
290,290,0.00046304750799911924,0.00046277828790296455,-20.331958913565845,-20.32365459048655
291,291,0.0004655233669555602,0.0004655999609416253,-20.302684949996657,-20.297254988699784
292,292,0.00046385191567002113,0.00046642623400609747,-20.326934110722355,-20.2895546487651
293,293,0.00046284075258731767,0.00046745867401018346,-20.335252080042146,-20.27995211261758
294,294,0.0004636466937600491,0.0004614060974410294,-20.3267549130652,-20.33655104693191
295,295,0.00046474748973965107,0.00046234940466667086,-20.318357386365086,-20.327681313235047
296,296,0.0004641091728285339,0.00046231998835298186,-20.322485463953527,-20.32795763562257
297,297,0.00046571869686361136,0.00046316122384986987,-20.304532363984258,-20.320062412465546
298,298,0.00046744378290820826,0.00046249894167933807,-20.295389622157675,-20.326276907847635
299,299,0.0004660802753522186,0.0004626404383758965,-20.304040914504327,-20.324948432672393
300,300,0.00046222822917097237,0.00046464532926237504,-20.33679094643758,-20.306168582145556
301,301,0.00046489921280845386,0.00046067215857635205,-20.319476392657396,-20.34346468282383
302,302,0.00046495640453565675,0.00045713032044372275,-20.31932482686596,-20.376984060418863
303,303,0.0004623507280934832,0.0004619767408401362,-20.324298607439367,-20.331183234132233
304,304,0.0004600890583272294,0.0004613301747380511,-20.3594665215221,-20.337265721579982
305,305,0.00045985508453312145,0.00046153011958506937,-20.357595823605507,-20.335383856131052
306,306,0.00046382466488345,0.00045873999050328215,-20.334568126331796,-20.361718328229777
307,307,0.00046094872097043107,0.0004610470787156373,-20.35049783984907,-20.3399315948717
308,308,0.0004613421633527566,0.00045649907827426334,-20.357945994517745,-20.382985291004218
309,309,0.0004551360487443462,0.00046099538571740454,-20.398654374744524,-20.340418556910326
310,310,0.00046109611746979895,0.000460124142639535,-20.354639955065558,-20.348634128555545
311,311,0.00045854002315330215,0.00045917311064457814,-20.37454600263445,-20.357619863983196
312,312,0.00046113568337720616,0.0004574798007716278,-20.35591896232946,-20.373665107745826
313,313,0.00046030138427218827,0.0004588911894978465,-20.363301978691496,-20.360287145614492
314,314,0.0004612945533866428,0.0004550120869872013,-20.35202201627569,-20.397155006266146
315,315,0.00045789319712226997,0.0004556454031875259,-20.388833453155772,-20.391114408601045
316,316,0.0004591156357116805,0.00045522417885398393,-20.3679616376315,-20.39513112889444
317,317,0.00045762784339813996,0.0004546221936930363,-20.38519859470073,-20.40087800835947
318,318,0.00045855009067832423,0.00045797065984898885,-20.379402286707187,-20.36900778507704
319,319,0.00045671916030318546,0.0004564817523044583,-20.389939577396934,-20.383150126296023
320,320,0.00045863251902700697,0.00045592504044945697,-20.379918076054683,-20.38844988773053
321,321,0.0004553023447311416,0.00045604062401444505,-20.4103353327444,-20.38734902819825
322,322,0.00045562419379082,0.00045786105788704986,-20.408024247704386,-20.37004726703822
323,323,0.0004550280975365109,0.0004559470521359655,-20.408371438516202,-20.388240218982737
324,324,0.0004578872917450427,0.0004532290377507084,-20.385318390074538,-20.41420707356668
325,325,0.00045655338548498286,0.00045596520986260946,-20.394661469081107,-20.388067268122988
326,326,0.0004554035267480601,0.00045342361983401994,-20.40016299839884,-20.41234294344695
327,327,0.0004535693838501099,0.0004539364538351564,-20.420634168794823,-20.407433734699403
328,328,0.0004538807420290469,0.0004531375690069246,-20.41426419696107,-20.41508363654971
329,329,0.00045473394182165026,0.0004532867123519904,-20.412674876291803,-20.413654457440295
330,330,0.00045464679505195966,0.00045487996478761107,-20.414720825112486,-20.398416253520924
331,331,0.0004506770460794382,0.0004537095128877186,-20.4426818379882,-20.409605489036615
332,332,0.0004539566271165482,0.00045299275600547463,-20.42742141959165,-20.416471769939285
333,333,0.00045271321606687895,0.0004522218583396783,-20.436645549745815,-20.423868837507563
334,334,0.0004534581415091171,0.0004501720403296579,-20.42702361777367,-20.443599161108406
335,335,0.00045379273204574575,0.00045376948056448445,-20.425479146774073,-20.409031511427482
336,336,0.00045190037248569743,0.00045113409348567456,-20.436315009602147,-20.434327848732785
337,337,0.0004530509831215802,0.00045227135016926025,-20.420602037191458,-20.423393565204666
338,338,0.00045148681515597345,0.00045093893545287614,-20.438068594583463,-20.436206988344473
339,339,0.0004504767367160236,0.000450561664030446,-20.454748451860514,-20.439841969987313
340,340,0.0004501105820251264,0.00045147265681359723,-20.456366000809837,-20.43106981433544
341,341,0.00045009522870442223,0.0004515084131669841,-20.453435178404163,-20.430725869429104
342,342,0.00044929172715277787,0.00044723513144019405,-20.465090148867233,-20.47202522941508
343,343,0.0004486201268611188,0.00044892782247380207,-20.467296779988516,-20.455619122769477
344,344,0.0004485551653113024,0.0004518149255186711,-20.465913604902617,-20.42777860520198
345,345,0.0004492840626440251,0.0004478153239592518,-20.46545023899213,-20.466394832977855
346,346,0.0004465319912342988,0.0004479467415397889,-20.49822327629668,-20.465120522920305
347,347,0.00044552329267596,0.0004485672183555404,-20.487883076706062,-20.45910902254642
348,348,0.00044843142902593793,0.0004461629509215096,-20.473243809344783,-20.48244930163134
349,349,0.0004453842534765255,0.0004502713012411014,-20.492496362848772,-20.442641666854342
350,350,0.0004512500374928386,0.0004462780810794548,-20.450195987501335,-20.481328770620756
351,351,0.00044815578994811657,0.0004470220362571509,-20.473336354021583,-20.47409501576314
352,352,0.0004492232593414902,0.0004467795094426133,-20.4650054313866,-20.476451871384143
353,353,0.0004494352918478286,0.00044358128338660066,-20.46710186243283,-20.507652209789555
354,354,0.0004471143504806324,0.00044696836113488595,-20.48804748746409,-20.47461651598308
355,355,0.0004467611142899841,0.0004462028645273102,-20.49014425147826,-20.482060800448
356,356,0.00044465470355791375,0.00044694781229880293,-20.508714388117593,-20.474816182269183
357,357,0.0004483781960197561,0.000445805405769007,-20.467506675112787,-20.48593103714169
358,358,0.0004449599289296905,0.0004445690704558633,-20.5045937177163,-20.497991893864416
359,359,0.0004484437606489459,0.0004431096726636353,-20.490257949647976,-20.51227203708127
360,360,0.000444853965183432,0.00044487526113363475,-20.507164390695234,-20.495001781447115
361,361,0.00044523198763628675,0.0004463124741481519,-20.500389535196675,-20.480994088164827
362,362,0.00044501900370472793,0.0004472898925948692,-20.502746039765935,-20.47149349544032
363,363,0.00044471601002667215,0.0004446036013848099,-20.507851704682963,-20.497654578236556
364,364,0.00044461716621749334,0.00044395868807393864,-20.506782449270368,-20.50395874722325
365,365,0.0004418249198201967,0.00044616074056217546,-20.53430689782427,-20.482470817295912
366,366,0.00044328700955093063,0.000442307031909494,-20.521026990828453,-20.520145901311707
367,367,0.00044422830633828706,0.00044217416373277575,-20.51889061469303,-20.521450709524423
368,368,0.0004417511188069877,0.0004433993737237822,-20.534796958138802,-20.50943358716777
369,369,0.00044485719780888906,0.00044279158158276816,-20.513717265268397,-20.515390786635756
370,370,0.0004426558998883846,0.0004427645502513961,-20.535578253817018,-20.515655920773167
371,371,0.0004417997069018365,0.00044363809865899384,-20.536589197392136,-20.507095987510795
372,372,0.00044338628001626315,0.0004401352198328823,-20.524107771971497,-20.54152311671914
373,373,0.0004440946036412083,0.00044058948620467593,-20.51511361443717,-20.537043047187158
374,374,0.00044485716960517707,0.00044092857493332734,-20.506538517153857,-20.53370189338704
375,375,0.0004404994419694293,0.0004404660691139533,-20.548403090269353,-20.53825975506671
376,376,0.00043748600406034554,0.000441554972080906,-20.573816616518954,-20.52753654625323
377,377,0.00044187179318936443,0.0004426647424942961,-20.534781082607253,-20.516635015517338
378,378,0.0004398524014101623,0.00044098680250738794,-20.558175835118803,-20.533128416275908
379,379,0.0004365658456550853,0.00044023666659517114,-20.58319147723118,-20.540522226755638
380,380,0.0004391809106329168,0.00043778946028875286,-20.559276818731348,-20.56473132292032
381,381,0.00043989968403319337,0.0004409871808571839,-20.555454754703504,-20.53312469019709
382,382,0.0004411513401680271,0.00043978470555310577,-20.55037767203232,-20.544983123049157
383,383,0.00043874776282482156,0.0004374286141491642,-20.56726969580819,-20.56831245317108
384,384,0.00043929773280829116,0.0004410599909820839,-20.561138782585008,-20.532407698259426
385,385,0.0004381729858764207,0.0004397011254791562,-20.56989071055334,-20.545808568184075
386,386,0.00044037575068998816,0.00044094746331929376,-20.55209742779422,-20.53351585540794
387,387,0.000439925763765638,0.0004392526783416734,-20.552181368161513,-20.550240157951055
388,388,0.0004393993450818372,0.00043929080895491337,-20.558814142206817,-20.549863172288504
389,389,0.00044083482431027003,0.00043955046413956503,-20.551459105916663,-20.54729691099365
390,390,0.00044026803951374417,0.00043740958330760663,-20.54697887422514,-20.56850140215616
391,391,0.00043678604883679484,0.00043929013956681286,-20.593646005965027,-20.549869790040884
392,392,0.0004415404448794566,0.00043617366310699205,-20.540582320637192,-20.580789954701572
393,393,0.00044064515764757835,0.00043651526395574604,-20.55112387808004,-20.57738999472491
394,394,0.0004427038374976207,0.000438285476871227,-20.531576090493395,-20.559813540694584
395,395,0.0004419015964118706,0.0004403198867006914,-20.54184654238197,-20.539701336090907
396,396,0.0004370108087182275,0.00044130254383689086,-20.589263530852335,-20.530020031854544
397,397,0.00043846094997638125,0.00043711041584365855,-20.569863428038573,-20.571472787234878
398,398,0.000440143303796841,0.00043541014862344846,-20.552085374295096,-20.58839886637278
399,399,0.00044004345365521527,0.00043617799804594954,-20.561985792637785,-20.580746792290068
400,400,0.0004403099625313789,0.00043768996348310455,-20.559708525925743,-20.565718460085918
401,401,0.0004370067455834642,0.0004347584479929585,-20.57960352106006,-20.594904043454395
402,402,0.00043989607845865115,0.00043526874996084526,-20.560959272447683,-20.58980945894731
403,403,0.00043834802081337985,0.0004356543113796138,-20.57563668510268,-20.58596417765949
404,404,0.0004370628460670447,0.00043904649914781516,-20.59002146292626,-20.552279155370513
405,405,0.0004366499536248289,0.0004368744036918016,-20.587025461535212,-20.573818337761935
406,406,0.00043921358823372994,0.0004345452118861048,-20.567277247458282,-20.597034651449746
407,407,0.0004370612840614637,0.00043573744111008157,-20.581088711927997,-20.58513555417916
408,408,0.0004370641602400076,0.0004334271499445956,-20.58574012801762,-20.608223219693194
409,409,0.000432768230837741,0.00043625193096599296,-20.622548945356527,-20.580010718063015
410,410,0.0004349588968589441,0.00043766273148848037,-20.614512620536345,-20.565988675853077
411,411,0.00043841682616909295,0.0004356795183603505,-20.575533141030284,-20.585712901919496
412,412,0.00043772288463702524,0.00043889405022032166,-20.58405636987679,-20.553787406212685
413,413,0.00043530421980810305,0.0004322114844781984,-20.602913837798607,-20.620421315526364
414,414,0.0004357774009851297,0.00043871906267381027,-20.595224352711497,-20.55551928842233
415,415,0.000435431206721294,0.0004343733415130134,-20.598140391601675,-20.598752703281367
416,416,0.0004340705138357529,0.00043312568634160255,-20.61256706983396,-20.61124493929468
417,417,0.00043272106493007125,0.00043581366404204776,-20.632204105273274,-20.584375915446884
418,418,0.0004358548738816081,0.000436179563525672,-20.599024789824316,-20.5807312051218
419,419,0.0004353570405600266,0.000433879097200636,-20.592975689745113,-20.603697062575765
420,420,0.00043593941690861103,0.0004348266627762075,-20.590159824378873,-20.594222677050045
421,421,0.0004347725513333589,0.0004342445815717311,-20.608242565305485,-20.600040259775714
422,422,0.0004370514241637681,0.0004351966781541705,-20.583120110670635,-20.590528623362122
423,423,0.0004309477631396316,0.00043179926854607304,-20.6392754637884,-20.62456531761502
424,424,0.0004366086519889764,0.00043290673209795435,-20.593827485587354,-20.61344094535189
425,425,0.0004341633403529749,0.0004307720320005166,-20.617563602712696,-20.63490935233924
426,426,0.0004350903135551543,0.00043160552434672256,-20.6072871468804,-20.62651439269043
427,427,0.0004346478051150736,0.00043304532913393095,-20.61816260276565,-20.612050754574792
428,428,0.0004330368543922248,0.00043428087864365235,-20.628460650867044,-20.59967726251712
429,429,0.00043265176300900346,0.00043410857477666517,-20.625301318327868,-20.601400697073593
430,430,0.00043144145261582716,0.0004353304684627801,-20.635559370312464,-20.58919369903622
431,431,0.0004343684197441896,0.00043228848555468415,-20.60628305678961,-20.619647662689673
432,432,0.0004324876111043982,0.0004306151010831328,-20.630525981230722,-20.636491782110852
433,433,0.0004324824312226559,0.00043159232346193964,-20.631635686428773,-20.626647226001648
434,434,0.00043142238000561437,0.0004336778717850776,-20.630893089306408,-20.60571171042685
435,435,0.00042981368677988266,0.00042958563579687556,-20.66114240450364,-20.646886827997598
436,436,0.0004310588356582736,0.00043189301657931586,-20.64465686807555,-20.623622522260984
437,437,0.0004320272128097713,0.0004309319452946319,-20.636690123758164,-20.63329744235984
438,438,0.00042890505709195723,0.0004316458837006633,-20.66369574979401,-20.626108303698068
439,439,0.0004303591552708951,0.00043161882632902185,-20.662254041140535,-20.626380546199496
440,440,0.00043147823295661624,0.0004296193196511778,-20.639993777399624,-20.64654631059328
441,441,0.00043219494208520683,0.00043145518161748583,-20.636330224296078,-20.628027450066604
442,442,0.0004315551489798026,0.00042593405477849667,-20.63917889084187,-20.683960693965012
443,443,0.0004295724952358215,0.0004289749562495241,-20.65734918182394,-20.653064954615772
444,444,0.00043159062654912934,0.0004287243477608028,-20.637970305152777,-20.655602857733058
445,445,0.000430608917743006,0.00043147249073770483,-20.650351110232883,-20.627853223288636
446,446,0.00042804489128253203,0.0004277993514398603,-20.668342201103655,-20.664983122505966
447,447,0.0004318749910753374,0.00042789712652417,-20.63547689394552,-20.663990640221385
448,448,0.00043091440564933586,0.0004298463004249099,-20.649857213914746,-20.64425240848669
449,449,0.00043196447935320206,0.0004271936302661504,-20.64227103884493,-20.671136656229713
450,450,0.0004299162090731996,0.00042947158248065725,-20.65687604352151,-20.648040016053372
451,451,0.0004315855780846833,0.00042977755258202945,-20.639868350326257,-20.644947056704392
452,452,0.0004302168534420546,0.00042910848002831797,-20.649665911077427,-20.65171336948199
453,453,0.0004292735628922921,0.0004270642101274509,-20.665015213692477,-20.672452569291476
454,454,0.00042873987365158795,0.0004274561590711145,-20.66666158929865,-20.668468550150585
455,455,0.0004274313207283693,0.0004282564883684053,-20.67151763069183,-20.660344825442145
456,456,0.0004279348746028527,0.000429026332169183,-20.67611116936854,-20.652544855666314
457,457,0.00042754420188505243,0.000426355063130981,-20.68710617637256,-20.67967009315013
458,458,0.0004263534861708002,0.00042905979544708605,-20.68249052174888,-20.652206127035715
459,459,0.0004285186050296521,0.00043003198592678497,-20.673599516568125,-20.642376743259014
