,epoch,train_loss,test_loss,train_dbs,test_dbs
0,0,2.970933386790158e-05,2.813027831986179e-05,-30.494451647985134,-30.7489190907129
1,1,2.7802734058644364e-05,2.6606130057572092e-05,-30.785457544886384,-30.99084228456627
2,2,2.833066581346073e-05,2.597566268186232e-05,-30.70856574798356,-31.0949930221337
3,3,2.6868431351178196e-05,2.464903895758509e-05,-30.94150275749165,-31.322659469326403
4,4,2.779199739868006e-05,2.3953719056934413e-05,-30.792069956116734,-31.446929865577413
5,5,2.5756956253560218e-05,2.357874300765903e-05,-31.117311842652086,-31.515452891887577
6,6,2.555908831146956e-05,2.158868272473276e-05,-31.151193485735213,-31.898397943260427
7,7,2.403896023585646e-05,2.103368689476108e-05,-31.42091905311617,-32.011505333807115
8,8,2.3317840836189697e-05,2.0149735112346734e-05,-31.554009398434314,-32.197965968543116
9,9,2.186617912792423e-05,1.9469636419288643e-05,-31.828246928310655,-32.34708096674889
10,10,2.2134968519859502e-05,1.872518015787998e-05,-31.778489601001013,-32.51639933343607
11,11,1.845113963765433e-05,1.848811562491679e-05,-32.572701436501006,-32.57173289587272
12,12,2.0242358661243527e-05,1.7701448996376712e-05,-32.16363618225542,-32.76057120072339
13,13,1.9322175530854194e-05,1.7125784324889537e-05,-32.3735466228317,-32.90415467756735
14,14,2.007449570883932e-05,1.7908465786987155e-05,-32.20795054840756,-32.71007556588457
15,15,2.1116035689552407e-05,1.6659473562628447e-05,-31.985950648192688,-33.024046645162606
16,16,1.9218816624302656e-05,1.6659127715301064e-05,-32.39275568945303,-33.024136804761206
17,17,1.8718445099909433e-05,1.5874496583771696e-05,-32.517084902729735,-33.233659764291104
18,18,1.6818075282478192e-05,1.7069190586258437e-05,-32.968140199846474,-32.918530106063926
19,19,1.8740328198770475e-05,1.644447471143825e-05,-32.49636957857527,-33.08045932850048
20,20,1.7897350592169667e-05,1.6194752980051196e-05,-32.70224001074406,-33.146916100842525
21,21,1.6825364952834655e-05,1.5249408534145914e-05,-32.970922230518866,-33.408129387518464
22,22,1.5969246844891592e-05,1.452735207414279e-05,-33.198937074512415,-33.61879476253148
23,23,1.8402848394375207e-05,1.446735246932612e-05,-32.58033537446747,-33.63676875805409
24,24,1.749565851157255e-05,1.4850471846952323e-05,-32.810990421346155,-33.52325685354047
25,25,1.6918825317542043e-05,1.465528461458713e-05,-32.94180819058545,-33.58071681029474
26,26,1.8447256831312133e-05,1.4429750846925584e-05,-32.57246349752965,-33.6480710579124
27,27,1.657116522953411e-05,1.3070211456292064e-05,-33.034549157275734,-34.077833242836476
28,28,1.638128424488481e-05,1.3215939600884571e-05,-33.080239248315934,-34.02967892969768
29,29,1.5233165436960185e-05,1.3048439062626321e-05,-33.39789915927652,-34.085073764401855
30,30,1.5674058389420905e-05,1.3784558991334817e-05,-33.27524579046759,-33.84673061846477
31,31,1.699781615130145e-05,1.3286553487552355e-05,-32.923296094987066,-34.00653597948994
32,32,1.6529160516772217e-05,1.2929916202234668e-05,-33.04938227810912,-34.12470227888895
33,33,1.573151497648292e-05,1.3288777680779612e-05,-33.25995232935495,-34.005809023470896
34,34,1.7216180231585406e-05,1.2134868627885895e-05,-32.869934262283856,-34.40030859129786
35,35,1.4555209840107205e-05,1.2828562782823083e-05,-33.5983338055521,-34.15887934187722
36,36,1.5639320225222336e-05,1.2647332656151297e-05,-33.28756764636324,-34.220669964218935
37,37,1.615611558777674e-05,1.240313734964921e-05,-33.15560892924748,-34.30534385141112
38,38,1.3165243001718953e-05,1.2033147772614794e-05,-34.02712224637985,-34.43686688079216
39,39,1.4801741754220615e-05,1.2667513146880083e-05,-33.525695933255264,-34.21374574458089
40,40,1.5067987645771918e-05,1.1976844856881622e-05,-33.44240637213312,-34.45723514230347
41,41,1.4427259964239843e-05,1.1493538223524075e-05,-33.63972181298124,-34.636121936737176
42,42,1.404355823735349e-05,1.1762195395261332e-05,-33.75212829107203,-34.53577548462594
43,43,1.3552627741464489e-05,1.1547205136402658e-05,-33.913310761868274,-34.61589057014518
44,44,1.3796058442728946e-05,1.0908192411749807e-05,-33.83342708567896,-34.86313148207308
45,45,1.4293524844143791e-05,1.1676313414155678e-05,-33.67511333655001,-34.567601943991654
46,46,1.446689397592299e-05,1.2490701560876149e-05,-33.631934182744274,-34.274791062243665
47,47,1.574055144392895e-05,1.1744509385224725e-05,-33.250440350849594,-34.54231058862018
48,48,1.4921097289581817e-05,1.1624450364347707e-05,-33.495610504538426,-34.58693510727896
49,49,1.4988181107779833e-05,1.1915356528908505e-05,-33.47617187255557,-34.47958896400899
50,50,1.4456989761457248e-05,1.1656213605180566e-05,-33.62768886936955,-34.57508440680186
51,51,1.2357526879755242e-05,1.0893279474992979e-05,-34.30723186382525,-34.869072922344856
52,52,1.451435100628344e-05,1.1391205541593463e-05,-33.618607564689576,-34.67496249860694
53,53,1.217088442290239e-05,1.1304194351013345e-05,-34.38752828845782,-34.7082632249731
54,54,1.2330845586887139e-05,1.127187514564292e-05,-34.32500410642132,-34.72069768540247
55,55,1.498758363070629e-05,1.2281730122547168e-05,-33.4718124553887,-34.348063881406986
56,56,1.3699208958530211e-05,1.1581723236687188e-05,-33.86384654755667,-34.602927555717976
57,57,1.4305846790878219e-05,1.1033591076020935e-05,-33.67373141143423,-34.81349053935256
58,58,1.3993890323823489e-05,1.1252320698411878e-05,-33.770089618633435,-34.7282383680723
59,59,1.5794578476490323e-05,1.1343461545421681e-05,-33.237555210232955,-34.693203350328275
60,60,1.2302275437607547e-05,1.0823121125500429e-05,-34.33034994682299,-34.897134193280166
61,61,1.5331800301451556e-05,1.1243746413176842e-05,-33.36791096112436,-34.73154896003105
62,62,1.3189056128035144e-05,1.0440950231177818e-05,-34.027313768537354,-35.053259125320764
63,63,1.329972752200868e-05,1.0925017967996323e-05,-33.99544280624138,-34.85643778238139
64,64,1.3437021438615366e-05,1.0832376957344087e-05,-33.950236829230796,-34.89342173474005
65,65,1.581370512662802e-05,1.1216565852871435e-05,-33.23706599187141,-34.74206027704063
66,66,1.3023749029203246e-05,1.1520695711384943e-05,-34.09002681632088,-34.62587232110529
67,67,1.2815501272551459e-05,1.0488705237022308e-05,-34.15239866183513,-35.033440574992234
68,68,1.4525128237212426e-05,1.1051688440937524e-05,-33.607963094719835,-34.80637304964782
69,69,1.2980267878372184e-05,1.1787033551962323e-05,-34.0949067927466,-34.52661418391402
70,70,1.5634124849253267e-05,1.056510078150926e-05,-33.289295230696126,-35.00192293965394
71,71,1.2261288238451672e-05,1.0546161080894403e-05,-34.33964592699376,-35.00971537738343
72,72,1.2592211111116262e-05,1.0117229497777053e-05,-34.21894811971142,-35.19004336570964
73,73,1.5623041901525323e-05,1.0348644177850618e-05,-33.29959925313105,-35.0918248349238
74,74,1.2944351501292404e-05,1.117658977914528e-05,-34.1047026422219,-34.75756627088608
75,75,1.2826345351341028e-05,1.0503741123102373e-05,-34.14731966320436,-35.02721928628701
76,76,1.3823053731610662e-05,1.0386781492630498e-05,-33.824663108573795,-35.07584942713337
77,77,1.2960651240307962e-05,1.0566770422309147e-05,-34.10343696360425,-35.00123666272118
78,78,1.3883488144969793e-05,1.0275075941248552e-05,-33.80317015981983,-35.12280897797376
79,79,1.2382199291039928e-05,1.0578197265874079e-05,-34.30147998545725,-34.996542765182916
80,80,1.2612550403666563e-05,1.0707263659002675e-05,-34.22419481432642,-34.943874411403016
81,81,1.1751857401418184e-05,1.0497924354000899e-05,-34.52462179128999,-35.02962499148274
82,82,1.1235301620395945e-05,1.0347062135750954e-05,-34.72765433776973,-35.092488810479836
83,83,1.1643515917217208e-05,1.1179586588121693e-05,-34.56674241787236,-34.75640194154086
84,84,1.1065149929262842e-05,9.758776502023561e-06,-34.79481730029995,-35.34670566357232
85,85,1.431560600657267e-05,9.908285966574973e-06,-33.67006051160429,-35.280674057275746
86,86,1.4362105193680522e-05,1.022717436315265e-05,-33.652128686057736,-35.143102778494736
87,87,1.227263286280729e-05,1.020317380320385e-05,-34.346773339096906,-35.153306535629305
88,88,1.4590285178369928e-05,9.639790541290208e-06,-33.58687312389386,-35.39998340735957
89,89,1.2733673668559821e-05,1.0120208834881564e-05,-34.1752592531999,-35.18876463699675
90,90,1.246840734499538e-05,9.67521722678181e-06,-34.274560951195575,-35.38405213623723
91,91,1.3051362694784179e-05,9.405829132447252e-06,-34.07524897354199,-35.50668853120235
92,92,1.0985548229167688e-05,9.990620224255653e-06,-34.81388238895552,-35.24473487801022
93,93,1.1498020313345328e-05,9.703741110761735e-06,-34.622872902674125,-35.371267368196385
94,94,1.2836132798876166e-05,1.033493201344084e-05,-34.14169467243149,-35.097583141084655
95,95,1.2081006365612488e-05,1.0181528786664498e-05,-34.39996153970868,-35.16252944652063
96,96,1.2332240278259838e-05,9.571172899756531e-06,-34.316152439702044,-35.43100776477879
97,97,1.2578240377066678e-05,9.550380414829737e-06,-34.23670024367249,-35.44045267218696
98,98,1.3580346749034847e-05,1.0446137701747879e-05,-33.90715322669307,-35.05110191709991
99,99,1.2815706944933218e-05,9.369301455751012e-06,-34.16098514876164,-35.5235872562118
100,100,1.3576054426294767e-05,1.0143227236288735e-05,-33.90251330919587,-35.178897831605795
101,101,1.2357099923562047e-05,9.546529350987648e-06,-34.30895900395329,-35.442204260081816
102,102,1.1390237240138771e-05,9.68035096536225e-06,-34.6673728465751,-35.38174835019781
103,103,1.271687780956068e-05,9.786770222394567e-06,-34.184279874681195,-35.33426546246736
104,104,1.3252780122785066e-05,9.649084212900274e-06,-34.004960932761165,-35.395798414029855
105,105,1.2931308634675194e-05,8.949219112477486e-06,-34.120060380544246,-35.722807966820554
106,106,1.2886576398871971e-05,1.0023541874129718e-05,-34.131700616879954,-35.2304472913498
107,107,1.1855176524608696e-05,1.0578890348704973e-05,-34.48300736160873,-34.99625822502829
108,108,1.2013918351549738e-05,1.001606987253916e-05,-34.427359223219504,-35.233685926160646
109,109,1.1836823887279024e-05,9.740354303894014e-06,-34.489931644828985,-35.35491183589074
110,110,1.242605652261829e-05,9.4515331798711e-06,-34.28271736926857,-35.485636748737974
111,111,1.3627227806714519e-05,9.596842717560081e-06,-33.885246918977245,-35.41937560930608
112,112,1.2643679247517379e-05,9.37001442779499e-06,-34.20298617461623,-35.52325678542351
113,113,1.2997804431731696e-05,9.536665498001784e-06,-34.09365655277766,-35.44669388284936
114,114,1.0827880599855544e-05,9.16224771093479e-06,-34.882304975311136,-35.62063908946552
115,115,1.2116382160606871e-05,1.0104831074529916e-05,-34.393409543795414,-35.195368804683554
116,116,1.3698330747633308e-05,9.142500905574324e-06,-33.859647017742255,-35.63000926122776
117,117,1.2733922527875565e-05,9.279800523424791e-06,-34.176171377364966,-35.56527297330783
118,118,1.3971719627735774e-05,9.61926099606851e-06,-33.76687523254731,-35.40924229694245
119,119,1.2933322265321153e-05,9.959998183866877e-06,-34.11032093428482,-35.25806678916915
120,120,1.2488702081681527e-05,1.0401909261609513e-05,-34.25838902670475,-35.06952877151495
121,121,1.3737129093081506e-05,9.125448095322722e-06,-33.84829697329326,-35.638117389342206
122,122,1.1351143941808295e-05,9.864008485524928e-06,-34.672124817288164,-35.300125009600094
123,123,1.2272045798041646e-05,9.167996363669916e-06,-34.34323373220532,-35.61791505782368
124,124,1.1754677678854745e-05,9.56912364065494e-06,-34.52132252852269,-35.431937721032426
125,125,1.354382928503142e-05,9.434180260301984e-06,-33.908846416162916,-35.49361768031201
126,126,1.3100582536841927e-05,9.417596294569145e-06,-34.05729269096519,-35.50125868607377
127,127,1.256603267036778e-05,1.0125196958573437e-05,-34.23672746014881,-35.18662458145983
128,128,1.2602426700938203e-05,9.495323746178704e-06,-34.22637828454489,-35.46556161411851
129,129,1.2373785752454741e-05,9.754422942358743e-06,-34.30650243741721,-35.34864355897059
130,130,1.2295550239980808e-05,9.912788659436811e-06,-34.333235121978596,-35.278700910275255
131,131,1.3924117054782458e-05,9.61970231640551e-06,-33.785839036592485,-35.40904305233241
132,132,1.2347960926996803e-05,1.0054724019650357e-05,-34.311188619128444,-35.21695783494685
133,133,1.0139664927638224e-05,9.706007451888199e-06,-35.168733974748655,-35.37025317736684
134,134,1.2142281198957226e-05,9.605416524113694e-06,-34.3842792877558,-35.4154973603191
135,135,1.853947224310442e-05,1.0722520169350136e-05,-32.54703640927677,-34.93769066318652
136,136,1.1619221668203778e-05,1.0358539456271837e-05,-34.57421994225537,-35.087674135129674
137,137,1.235342319746779e-05,1.0007398989393168e-05,-34.30847377914874,-35.237447229424205
138,138,1.2227395604286263e-05,9.390854972336551e-06,-34.36118389363837,-35.51360804577915
139,139,1.3587384292458006e-05,1.0300316453618794e-05,-33.89817049142423,-35.11215370537321
140,140,1.1576703784776702e-05,9.470505526558937e-06,-34.59354839064427,-35.47692776302637
141,141,1.2417166976071534e-05,9.748256233203728e-06,-34.295958145426376,-35.35139002044153
142,142,1.1885896569343533e-05,9.812382550559337e-06,-34.47631859783379,-35.3229146665922
143,143,1.1934840300061305e-05,9.240638423522652e-06,-34.46161500553016,-35.58363961060502
144,144,1.2176661608257924e-05,9.368149915788212e-06,-34.37137649502672,-35.52412106141534
145,145,1.4720402441057136e-05,1.018750098362369e-05,-33.55716307141484,-35.15998274470145
146,146,1.2201127254829584e-05,9.247109669798336e-06,-34.36534044366942,-35.58059929801621
147,147,1.1396568485916132e-05,9.322841857570702e-06,-34.65416693599672,-35.54517620760502
148,148,1.3278060390634377e-05,1.0123743562105933e-05,-33.9961429418408,-35.18724802352713
149,149,1.2348293094151982e-05,9.821467900014555e-06,-34.311721169667706,-35.31889536591949
150,150,1.2306536199943853e-05,1.0281029828643353e-05,-34.333487122030064,-35.12029318967934
151,151,1.1701273964267925e-05,1.003584092311365e-05,-34.55295665040005,-35.22512169401741
152,152,1.3922994996166905e-05,1.0591982501002923e-05,-33.79886174704176,-34.99088683551176
153,153,1.3593916058376522e-05,1.0108690730703529e-05,-33.890474256818386,-35.193710283803554
154,154,1.1404604134140849e-05,9.329614074790458e-06,-34.65497611331794,-35.54202258889798
155,155,1.1696372748889358e-05,9.595590008278745e-06,-34.54545088277656,-35.41994254601166
156,156,1.1559020141745706e-05,9.830070499255702e-06,-34.60859439219321,-35.31509305635655
157,157,1.0340061204054287e-05,9.873186076890162e-06,-35.08416833830301,-35.29608616044983
158,158,1.0155923181506277e-05,9.695875417635666e-06,-35.15790203708316,-35.37478911544659
159,159,1.11231215763012e-05,1.0238508869071283e-05,-34.764835985472224,-35.13829227319863
160,160,1.4577066737082223e-05,9.704283887626125e-06,-33.59711053930164,-35.371024453219526
161,161,1.1283889954338707e-05,9.590074640934626e-06,-34.702345225906505,-35.42243950789753
162,162,1.09831282653553e-05,9.43100708115564e-06,-34.81632455276342,-35.49507867211814
163,163,1.1578094824106246e-05,1.0019763665600054e-05,-34.59336922914775,-35.23208460125568
164,164,1.2053890099871086e-05,9.546074627570833e-06,-34.41772750213076,-35.44241112958057
165,165,1.2930106277991334e-05,9.598967847667059e-06,-34.1091662784721,-35.41841401169141
166,166,1.1818190469244824e-05,9.333738920471851e-06,-34.496759017057,-35.54010289338801
167,167,1.1882512634909608e-05,1.0332739030242297e-05,-34.47548746174564,-35.098504774202965
168,168,1.2649622382839167e-05,1.008210234718526e-05,-34.209254421764406,-35.20514836340239
169,169,1.2599292652517648e-05,9.740204572345215e-06,-34.217978687131854,-35.354978597410074
170,170,1.191227277830848e-05,9.506565076758546e-06,-34.4706085301928,-35.46042312661855
171,171,1.2702251672063662e-05,9.995338156218886e-06,-34.1823352261318,-35.242684466599684
172,172,1.1715603967477177e-05,9.56091894534582e-06,-34.537790681254236,-35.43566301761858
173,173,1.1235151136527738e-05,9.847643181465651e-06,-34.724628564216175,-35.30733634125377
174,174,1.566870728358068e-05,9.790591703724777e-06,-33.28279391486492,-35.33256998553665
175,175,1.1618164366548617e-05,9.910786957334494e-06,-34.5771393589453,-35.27957797523791
176,176,1.3955743612576643e-05,9.474800878562842e-06,-33.78007735658417,-35.47495846502168
177,177,1.101104261269751e-05,1.0148904972371192e-05,-34.80768920678727,-35.17646752069582
178,178,1.1145818532276815e-05,9.651501219004307e-06,-34.763556009880176,-35.39471068285932
179,179,1.1642771556749327e-05,1.0343091975971075e-05,-34.56070845434745,-35.094155514842235
180,180,1.1243657865503037e-05,9.803437598365187e-06,-34.71961073862085,-35.32687549373946
181,181,1.382993493101934e-05,9.336440981362676e-06,-33.82675934803395,-35.5388458191134
182,182,1.2053150000901577e-05,9.817620713491985e-06,-34.4188498905759,-35.32059688265671
183,183,1.1487722779926003e-05,9.831294559453932e-06,-34.63089487225632,-35.314552297778796
184,184,1.1470958228172318e-05,9.365008688626786e-06,-34.62732895401147,-35.52557753510908
185,185,1.231960718119883e-05,1.0250051792881046e-05,-34.3210761124921,-35.13339878289572
186,186,1.2835632750250521e-05,1.0034433671535226e-05,-34.14660997202813,-35.22573071567606
187,187,1.0455768957755712e-05,1.0118805460622657e-05,-35.03016905918626,-35.189366917017665
188,188,1.3275047136236945e-05,9.701702430519569e-06,-34.00326332510613,-35.37217988285333
189,189,1.254853768654188e-05,1.042716229149894e-05,-34.24754940562961,-35.05899805066363
190,190,1.2650432897326309e-05,1.0243194968719954e-05,-34.21194026126275,-35.13630499004026
191,191,1.2348462630527756e-05,1.0309587387861316e-05,-34.3118754517451,-35.10824653929796
192,192,1.1848186049880411e-05,1.0046437230477367e-05,-34.494580145735966,-35.22053863007567
193,193,1.1348676356103225e-05,9.466874991247957e-06,-34.66885751766931,-35.478592957924626
194,194,1.2006082520248625e-05,1.0646800164019959e-05,-34.43346418466611,-34.96846835531967
195,195,1.1903687696833435e-05,9.816061624166506e-06,-34.46580842172829,-35.3212866196919
196,196,1.1638531487761546e-05,9.693418896380249e-06,-34.56816622863118,-35.375889571826626
197,197,1.0632295794193946e-05,9.091447186380575e-06,-34.96809964651614,-35.65432917960819
198,198,1.2085281858012469e-05,9.75724565490198e-06,-34.4016279641749,-35.3473869893605
199,199,1.116246384177411e-05,9.877644060907187e-06,-34.748637689989195,-35.29412565764729
200,200,1.2514856561463921e-05,9.768659047518955e-06,-34.25141102330217,-35.342309863282686
201,201,1.2346455169443794e-05,9.167243230254635e-06,-34.313798913233605,-35.61827183711189
202,202,1.3737646454923305e-05,9.242522441797374e-06,-33.841003469114725,-35.58275424391984
203,203,1.1470771692684233e-05,9.655409150199327e-06,-34.62615291886283,-35.392952563155674
204,204,1.2001560451645888e-05,9.458213155180841e-06,-34.44113078443931,-35.48256840875547
205,205,1.2606828322438474e-05,9.172188631629596e-06,-34.21832579879759,-35.615929604706686
206,206,1.2003901355052859e-05,1.02852690791846e-05,-34.44421141422086,-35.118502801285395
207,207,1.2175326788827679e-05,1.0272082124031026e-05,-34.37161969070468,-35.12407455280651
208,208,1.1114307527190923e-05,9.35336361420157e-06,-34.77067499328403,-35.53098120176862
209,209,1.2486058471246728e-05,9.365188361698529e-06,-34.2713722817149,-35.52549421401705
210,210,1.1866768189290654e-05,9.568990950164765e-06,-34.494653655055146,-35.43199794300195
211,211,1.1929656639696668e-05,9.903714343588371e-06,-34.45917367468378,-35.282678328061714
212,212,1.196215234156944e-05,9.570517680626117e-06,-34.450226115131635,-35.431305082355514
213,213,1.1272043659268956e-05,9.350141848890895e-06,-34.71059998901058,-35.53247738644161
214,214,1.0852286224465003e-05,9.152677911946452e-06,-34.87717620123553,-35.62517758594361
215,215,1.3162969199330882e-05,9.580953486109042e-06,-34.03889035771408,-35.4265720640463
216,216,1.2045489983364925e-05,9.696252977607256e-06,-34.421141161004755,-35.37462000331105
217,217,1.2195623682047657e-05,1.0274123652427653e-05,-34.36504634841846,-35.12321149854738
218,218,1.2827189306166869e-05,1.0350623621266813e-05,-34.140331409322876,-35.090994214861425
219,219,1.471824099876967e-05,9.95476026027494e-06,-33.54742467093634,-35.26035132741393
220,220,1.4488960197322927e-05,1.0128850901405953e-05,-33.61313179570746,-35.18505759866456
221,221,1.0384175499153176e-05,9.17985325462436e-06,-35.06995289631248,-35.61230199347229
222,222,1.319959852649451e-05,1.0171939457474141e-05,-34.01902795428534,-35.16662171522954
223,223,1.1456969449560329e-05,1.0071984769111672e-05,-34.63948815646627,-35.209508777914195
224,224,1.3796232081207113e-05,9.103492414540501e-06,-33.82957163958616,-35.64857903478544
225,225,1.1484402538249905e-05,9.535799874452336e-06,-34.625778723042416,-35.44708810092641
226,226,1.2438648861189932e-05,9.155703896555534e-06,-34.28633174422508,-35.623741993826556
227,227,1.5373551185493663e-05,9.741723883244527e-06,-33.36182590946899,-35.35430122263919
228,228,1.1948857460533732e-05,9.826799740901487e-06,-34.46228048825101,-35.31653832439834
229,229,1.2459071058401605e-05,9.352586091967838e-06,-34.27200652067247,-35.531342235152295
230,230,1.0206348516598173e-05,9.765935757107064e-06,-35.138445683132915,-35.34352075095964
231,231,1.3649336324306205e-05,9.551662204007458e-06,-33.87798402490735,-35.43986982983989
232,232,1.3261033927847166e-05,9.521836210823446e-06,-34.01095869997877,-35.45345231432546
233,233,1.082416630787961e-05,9.343943977575308e-06,-34.88641966521388,-35.535357122242026
234,234,1.143552596012032e-05,9.616322562291507e-06,-34.65378951738288,-35.410569156177935
235,235,2.2866594796122973e-05,9.733730717255784e-06,-31.63757935600831,-35.357866107924764
236,236,1.1999303662434482e-05,9.504752764960836e-06,-34.44077795067206,-35.46125113551533
237,237,1.2453685218302386e-05,8.988071361895173e-06,-34.283949512997246,-35.7039942625509
238,238,1.1122395785464833e-05,9.732006985455213e-06,-34.76781291741185,-35.35863526162719
239,239,1.2645003434298224e-05,9.773527620525688e-06,-34.21557867540069,-35.34014593508854
240,240,1.124486897958949e-05,9.554990212659744e-06,-34.71881044382095,-35.43835691614208
241,241,1.0962134764827405e-05,9.985613767065316e-06,-34.82655633803657,-35.24691174155529
242,242,1.225394863964895e-05,1.0422759020768449e-05,-34.34773001303281,-35.06083241366229
243,243,1.2607280472572533e-05,9.003721444107788e-06,-34.214153880121074,-35.696438877566464
244,244,1.2011791390362951e-05,9.647716739748016e-06,-34.43688767892144,-35.396413942009474
245,245,1.2863462495832997e-05,9.451977922780267e-06,-34.13365947658753,-35.48543239581083
246,246,1.2554666977614278e-05,9.307489922081769e-06,-34.23536713518836,-35.55233363502747
247,247,1.2814424632413592e-05,9.70801925416852e-06,-34.1547117135565,-35.36935309141828
248,248,1.1092262435134394e-05,9.645083537179744e-06,-34.77898212009202,-35.39759944679449
249,249,1.0148083445003686e-05,9.792375438241594e-06,-35.16261551370955,-35.33177882242602
250,250,1.0954225723890914e-05,9.346831838660077e-06,-34.82804402649772,-35.53401508897821
251,251,1.2235581516037688e-05,9.091544262972954e-06,-34.34665232781679,-35.65428280678938
252,252,1.2142618851209318e-05,9.471293843058734e-06,-34.39022112694073,-35.47656627518736
253,253,1.280224532163948e-05,9.024959605372523e-06,-34.16005575017729,-35.686206714177054
254,254,1.2663741101990586e-05,9.271133421862032e-06,-34.204060411230145,-35.56933107050959
255,255,1.2842397571842308e-05,1.020552544535971e-05,-34.14529999817684,-35.15230568280299
256,256,1.0566095006277127e-05,9.953957846607265e-06,-34.99035643915087,-35.26070140904791
257,257,1.1634914666426562e-05,1.0269027729679548e-05,-34.56948800699752,-35.12536611556201
258,258,1.4588990765820273e-05,9.012021492756167e-06,-33.58851137750041,-35.69243719348917
259,259,1.150389315035241e-05,8.895007077195547e-06,-34.615902554771424,-35.74919640189404
260,260,1.1709337750570993e-05,9.333719868951257e-06,-34.53573781744818,-35.54011175797998
261,261,1.169048220955241e-05,9.895279019570138e-06,-34.56920392656492,-35.2863789352882
262,262,1.272892867999281e-05,9.291063729745618e-06,-34.17919246934484,-35.56000499128312
263,263,1.2571079479908503e-05,9.537558669667065e-06,-34.23931391195821,-35.4462871564499
264,264,1.4040614789018477e-05,1.0205101357553902e-05,-33.763489088768395,-35.152486156431465
265,265,1.0793884002007112e-05,9.191507711205448e-06,-34.890397750964645,-35.606791822645924
266,266,1.1784088276248645e-05,1.024941828195312e-05,-34.51491526605803,-35.13366720963973
267,267,1.1786312328338905e-05,9.34910299053483e-06,-34.51750507472205,-35.53295994117134
268,268,1.0415606726551747e-05,9.359752120393463e-06,-35.04672206504585,-35.52801590926054
269,269,1.316400782352784e-05,9.60834847175743e-06,-34.03301401920012,-35.41417192650323
270,270,1.11865739649916e-05,9.398556788877804e-06,-34.73719934470779,-35.51004768246992
271,271,1.2258947677277245e-05,1.0164641241173836e-05,-34.349290046777526,-35.1697388323595
272,272,1.0928068473431362e-05,1.0141860720499321e-05,-34.84351026767043,-35.17948296120339
273,273,1.3710128131578196e-05,9.388416617041098e-06,-33.85266581326808,-35.51473584698341
274,274,1.1537262646915852e-05,9.257492365577491e-06,-34.60768674916959,-35.57572575580359
275,275,1.108862551584175e-05,9.912738445755645e-06,-34.775234121811124,-35.2787229097152
276,276,1.2239689684853128e-05,9.352654447674899e-06,-34.351289370852754,-35.531310493773375
277,277,1.0264823873681568e-05,9.553580112926858e-06,-35.121626614449994,-35.438997883544246
278,278,1.2334571960140632e-05,9.46349552434281e-06,-34.31995635772547,-35.48014357083319
279,279,1.2313288635530475e-05,9.58892037248772e-06,-34.32872846074534,-35.42296225939455
280,280,1.1988408075303222e-05,9.635353738926106e-06,-34.445698995819725,-35.401982747847036
281,281,1.154783819973878e-05,9.87116295379421e-06,-34.601178312725764,-35.296976168217114
282,282,1.1202034606070548e-05,1.0201069184595804e-05,-34.736949865672386,-35.15420245149521
283,283,1.174156484209102e-05,9.867873814073391e-06,-34.53942398629224,-35.29842350859241
284,284,1.0653068517227044e-05,9.37227157823815e-06,-34.955927613798906,-35.52221073587895
285,285,1.1187013686927439e-05,9.655855018009837e-06,-34.7459147507459,-35.39275201913317
286,286,1.279652033377884e-05,1.022928036993682e-05,-34.15786015177294,-35.14220855988219
287,287,1.1280035581426232e-05,9.557561066972803e-06,-34.70550861003902,-35.437188565739945
288,288,1.3068021018494319e-05,9.349946499002582e-06,-34.069691107341356,-35.532568123316175
289,289,1.1195778834289084e-05,9.511167359290229e-06,-34.738137031203,-35.45832114526677
290,290,1.0071324914420497e-05,9.955944183035937e-06,-35.20445940292615,-35.259834850335814
291,291,1.3714765963854493e-05,9.483119500050394e-06,-33.85492240087598,-35.47114714862326
292,292,9.732392895456701e-06,9.713533329072801e-06,-35.338137554557015,-35.36688703484756
293,293,1.2083296515464605e-05,1.013295277037909e-05,-34.411520863816165,-35.18329919737539
294,294,1.137394584128339e-05,9.773860854597602e-06,-34.67233974424817,-35.339997862399635
295,295,1.2577482908623612e-05,9.91314592331611e-06,-34.23662272589843,-35.278544390308205
296,296,1.2703888274962683e-05,9.075230153891761e-06,-34.19761404398619,-35.66208290304546
297,297,1.35272487840638e-05,1.005985538875776e-05,-33.92087561103546,-35.214742004040275
298,298,1.18375595700423e-05,9.573056200009122e-06,-34.501238584853056,-35.430153296410445
299,299,1.0132263441002729e-05,9.75384677746517e-06,-35.16910657105622,-35.34890009144386
300,300,1.0385776012927382e-05,9.408546654748007e-06,-35.064599399142594,-35.50543395336121
301,301,1.2676354213608742e-05,9.234028694711588e-06,-34.201758478706864,-35.58674718364396
302,302,1.2880405547642198e-05,9.688035932317449e-06,-34.13256836623859,-35.37830197241216
303,303,1.2226637423249411e-05,9.638536802843814e-06,-34.348473379300465,-35.40054828177016
304,304,1.2226167988027902e-05,9.319357631236352e-06,-34.355032393662455,-35.54679960004778
305,305,1.244651735460232e-05,9.016493286732216e-06,-34.280634215804625,-35.6902827448154
306,306,1.2331567791313984e-05,9.639641982510894e-06,-34.327985450109686,-35.40005033698316
307,307,1.3500230720309605e-05,9.202360807217988e-06,-33.93554017083535,-35.60166681019726
308,308,1.3124828798289545e-05,9.005856530788342e-06,-34.05110089572345,-35.69540914064604
309,309,1.1629855527138079e-05,1.0378215775792915e-05,-34.572189750964654,-35.07943242184223
310,310,1.189009877241015e-05,1.0038148143633551e-05,-34.481742429502646,-35.22412337411058
311,311,1.2498449230162768e-05,1.008489794242594e-05,-34.2570954233876,-35.20394430570714
312,312,1.2632486865073851e-05,1.0271733763626176e-05,-34.218338287835934,-35.124221838980006
313,313,1.2909395995988816e-05,1.0211070754226775e-05,-34.12856623694401,-35.149946526480264
314,314,1.1671123464805429e-05,9.748159659226841e-06,-34.55627854530772,-35.351433045319006
315,315,1.201012009070987e-05,9.672648071787798e-06,-34.42685609360032,-35.385205513962774
316,316,1.1247665188233272e-05,9.953452119684938e-06,-34.726992048055735,-35.260922064986715
317,317,1.1573449401768493e-05,1.2240323820534335e-05,-34.59729229790423,-34.36273030829946
318,318,1.1305380868770485e-05,9.341942179736706e-06,-34.69945785838572,-35.53628763177334
319,319,1.0244879381529826e-05,1.111566268120537e-05,-35.12552397931091,-34.78130579058338
320,320,1.3248179626672712e-05,9.777740495720585e-06,-34.00119277720677,-35.33827431380288
321,321,1.1409850634026015e-05,1.1906752732963804e-05,-34.66238684128352,-34.48272603405061
322,322,1.248206345482367e-05,9.906755023717109e-06,-34.2706096104576,-35.28134514348438
323,323,1.475616496351257e-05,9.502036822308774e-06,-33.536463230543646,-35.46249229085045
324,324,1.2355858838343489e-05,1.0124694606355134e-05,-34.30576595524215,-35.18684005796816
325,325,1.5064435389184527e-05,1.0191912870619777e-05,-33.4571174190005,-35.15810235871899
326,326,9.786141552317577e-06,9.166316981703093e-06,-35.31444130347795,-35.618710665828736
327,327,1.3103410141805389e-05,1.0003426651612818e-05,-34.05931198724265,-35.23917146052979
328,328,1.1171280975665383e-05,1.0212888786267477e-05,-34.749543277157954,-35.149173354869035
329,329,1.057656821750552e-05,9.741197166141846e-06,-34.983699107379294,-35.35453604403039
330,330,1.1319774738197892e-05,9.840777094819044e-06,-34.678592918254886,-35.31036543512919
331,331,1.0761049897783524e-05,9.1908010098881e-06,-34.90257179140173,-35.607125748582305
332,332,1.2665290421526939e-05,1.0140460050790448e-05,-34.19830959234082,-35.18008279702431
333,333,1.212324385276063e-05,9.668117423930916e-06,-34.390635988554045,-35.387240216674115
334,334,1.2001773507811955e-05,9.444745070428134e-06,-34.43432064067586,-35.48875698073435
335,335,1.2122700800037565e-05,9.045369552040938e-06,-34.39405627233319,-35.67639623324327
336,336,1.3390125388337465e-05,1.0138942391342043e-05,-33.964775647570335,-35.18073282714918
337,337,1.3148943637752756e-05,9.26671686772208e-06,-34.04395445356373,-35.571400442198694
338,338,1.183203229882884e-05,9.375908743286824e-06,-34.493852253655746,-35.520525664898045
339,339,1.08524819627268e-05,9.406782378630995e-06,-34.878075293612355,-35.50624841202208
340,340,1.088627806387466e-05,1.0347328378357864e-05,-34.85743725553434,-35.09237706261758
341,341,1.0843807319464214e-05,9.656600516456437e-06,-34.88934484002118,-35.39241672685383
342,342,1.057028463112578e-05,9.691140947229302e-06,-34.98430706870155,-35.376910281875084
343,343,1.1251460551816823e-05,9.791332152082377e-06,-34.72334979784948,-35.33224154729089
344,344,1.5033862120017335e-05,1.0030877786592005e-05,-33.456265816843725,-35.22726999028789
345,345,1.1849496430156636e-05,9.661408655933643e-06,-34.50007247163835,-35.39025485968868
346,346,1.3163144427080719e-05,9.463898071484628e-06,-34.03700788470003,-35.4799588396376
347,347,1.2715838299309607e-05,1.0070183155843743e-05,-34.186564470001585,-35.21028568604621
348,348,1.217438917948814e-05,9.891322789419638e-06,-34.37239720273273,-35.2881156346598
349,349,1.166156979491358e-05,9.461557032122264e-06,-34.55424296198726,-35.481033266092986
350,350,1.3502330134120786e-05,1.01385665306895e-05,-33.92020401314213,-35.18089382740617
351,351,1.1716539106179045e-05,9.799432111896367e-06,-34.542815037088545,-35.32865029581759
352,352,1.2020641561414862e-05,1.0320864858888518e-05,-34.42828257163948,-35.1034984670151
353,353,1.1489232559883416e-05,9.882036944250821e-06,-34.62470882765746,-35.29219464972594
354,354,1.0256161775820128e-05,1.0351529214714997e-05,-35.11587213997354,-35.09061425994489
355,355,1.2063779706164196e-05,1.2671043422367228e-05,-34.4064889162616,-34.21253558948039
356,356,1.0884892579963785e-05,1.0654170014995065e-05,-34.85566794076248,-34.965463153479796
357,357,1.1479471487694627e-05,1.060095177021331e-05,-34.62594032781602,-34.98721079489605
358,358,1.2946516173692497e-05,1.0338458627015107e-05,-34.10730824394142,-35.09610144042257
359,359,1.3641558545958142e-05,1.0696223685762992e-05,-33.887233071209565,-34.948354615779365
360,360,1.2526692763017731e-05,1.0029185456292716e-05,-34.24264621351759,-35.228002759375784
361,361,1.1893207678459129e-05,9.963262862967034e-06,-34.47200162602493,-35.25664349593644
362,362,1.146294087766833e-05,9.751788614889129e-06,-34.63194109052571,-35.34981659442874
363,363,1.2790428880498908e-05,9.625542636632944e-06,-34.16553409457727,-35.40640716078478
364,364,1.1828083282209977e-05,1.0440550819399313e-05,-34.49791103927696,-35.05342526503554
365,365,1.1711434914086004e-05,9.801627751776801e-06,-34.542036854601015,-35.32767733385028
366,366,1.2434300707664266e-05,1.080053930548418e-05,-34.27736738466371,-34.90620496408779
367,367,1.3008985323600409e-05,1.0000680456294886e-05,-34.084316671240934,-35.24036387314172
368,368,1.4322704650224942e-05,1.0704470935850527e-05,-33.66596389496104,-34.94500730818535
369,369,1.3725915890710294e-05,9.561309310045449e-06,-33.855094303264806,-35.435485702263136
370,370,1.137073870980662e-05,1.2068306013564947e-05,-34.67342699930422,-34.42419624191346
371,371,1.1990598837074526e-05,9.806811584368055e-06,-34.433960022980294,-35.32538106753011
372,372,1.2714549587510247e-05,9.336855639144473e-06,-34.18648281355609,-35.53865294091926
373,373,1.2224836431527102e-05,1.0150651393671165e-05,-34.35226839847758,-35.17572025201483
374,374,1.2426521340044534e-05,1.074778643478088e-05,-34.289980995311346,-34.92746910005512
375,375,1.1538184719835589e-05,9.508580277676964e-06,-34.611529508513826,-35.45950260707925
376,376,1.031020238516839e-05,9.94137221105599e-06,-35.092462957249765,-35.26619603797281
377,377,1.1574707607990407e-05,9.501213442394816e-06,-34.589635189654885,-35.46286863631597
378,378,1.3965708861637863e-05,9.726945384165064e-06,-33.77933387491361,-35.360894607883594
379,379,1.0860863214250072e-05,1.0020297754396635e-05,-34.86829221828019,-35.23185311312559
380,380,1.0881386360685525e-05,9.383502928310344e-06,-34.86857911130984,-35.51700944286703
381,381,1.017033443915971e-05,9.37860149382399e-06,-35.156424625240284,-35.519278555064005
382,382,1.3133321036295137e-05,9.66380158436215e-06,-34.04636018251599,-35.389179336468516
383,383,1.1692645874007344e-05,8.916065948333677e-06,-34.5461049381194,-35.73892666039217
384,384,1.2940297906847189e-05,1.0014538235593232e-05,-34.11168524782639,-35.234350091194074
385,385,1.091997539108504e-05,9.523332712553e-06,-34.84610019613574,-35.45276980796676
386,386,1.0560540825271974e-05,1.0120406841451768e-05,-34.99790290595417,-35.18867966610238
387,387,1.1743752223729953e-05,9.070867427477711e-06,-34.52903412486868,-35.664171184600974
388,388,1.2774169965606356e-05,9.398112476781917e-06,-34.1594618751697,-35.51025299787851
389,389,1.1364691306074202e-05,1.1927365879895852e-05,-34.664363877007574,-34.47521396419421
390,390,1.0112645307429179e-05,9.344859288256358e-06,-35.181883499587435,-35.53493171846131
391,391,1.4774971569965704e-05,9.68527760242547e-06,-33.53177131861882,-35.3795386503375
392,392,1.1820847473629947e-05,1.0397305327626926e-05,-34.497531339906345,-35.07145140484109
393,393,1.2044860130155245e-05,9.531363814044438e-06,-34.41559126722694,-35.44910891180607
394,394,1.156408607880387e-05,1.029812081373836e-05,-34.602014430162946,-35.11307955647109
395,395,1.0354416133981731e-05,9.696784792667082e-06,-35.08301930614029,-35.37438181025572
396,396,1.2058760275226867e-05,9.698971672677495e-06,-34.414633391310836,-35.37340247240228
397,397,1.3061428278925847e-05,9.743873545774381e-06,-34.06414648622882,-35.353342990199195
398,398,1.1855509113694407e-05,9.408066704820253e-06,-34.47619714443449,-35.50565550184209
399,399,1.2036986118829126e-05,9.708468783891907e-06,-34.43411394581724,-35.369151996062655
400,400,1.1142246876261197e-05,9.124542286467898e-06,-34.756142402073976,-35.638548499473664
401,401,1.1574152708395633e-05,9.765776834874965e-06,-34.599898281563235,-35.34359142479137
402,402,1.3638015060837696e-05,9.353642230723236e-06,-33.879423911689585,-35.53085183673935
403,403,1.0655568619711762e-05,9.782692694371739e-06,-34.95945778298474,-35.336075269873184
404,404,1.240133208729904e-05,9.301506093164024e-06,-34.30599882310329,-35.5551266325294
405,405,1.2166908862164961e-05,9.842124654824147e-06,-34.3787088433785,-35.309770768872546
406,406,1.1108411062074064e-05,1.0068732583596629e-05,-34.76440667929505,-35.21091131607691
407,407,1.1351482592629312e-05,9.429176531595754e-06,-34.67783735213172,-35.49592171542199
408,408,1.2650666899999218e-05,9.38371251897096e-06,-34.2085135940998,-35.51691243959276
409,409,1.0704947079520747e-05,9.664526044760255e-06,-34.93616412522263,-35.38885377374065
410,410,1.2614723495924822e-05,9.237401651549398e-06,-34.224831512989965,-35.58516110554261
411,411,1.0215770005030658e-05,9.504636182100512e-06,-35.1311389162026,-35.46130440528962
412,412,1.2968975132719503e-05,9.170871420026647e-06,-34.097108978260536,-35.61655333676669
413,413,1.1283917890828025e-05,9.744350025261825e-06,-34.70516868173917,-35.353130623575396
414,414,3.769680700212664e-05,1.0764468984952577e-05,-29.458026686588475,-34.9207332736207
415,415,1.2305712769694324e-05,9.93842532855189e-06,-34.330519355674824,-35.2674835911455
416,416,1.1802811795203843e-05,9.652178170271278e-06,-34.51560620872181,-35.39440608165459
417,417,1.2105491050627364e-05,1.0122432190416331e-05,-34.399344887068,-35.187810620134286
418,418,1.0878126300367607e-05,9.88097922584673e-06,-34.86470658376228,-35.29265951932154
419,419,1.0519164638982644e-05,9.568718819776367e-06,-35.008107150937434,-35.43212145279228
420,420,1.2463551473084623e-05,9.676817769918431e-06,-34.27389029089975,-35.38333375488458
421,421,1.3296296673587741e-05,9.961825885272302e-06,-33.99481252862189,-35.25726991370793
422,422,1.0023797051300002e-05,9.989325678218033e-06,-35.22119850708598,-35.24529765651246
423,423,1.3639820707860204e-05,1.0116250690005377e-05,-33.87673832209246,-35.19046355127383
424,424,1.125770235300957e-05,9.865514417278495e-06,-34.70810594608023,-35.299462025649404
425,425,1.1882008563879561e-05,9.847445103093234e-06,-34.47415455165109,-35.307423697393425
426,426,1.2029880485194375e-05,9.821152472891539e-06,-34.42497417636845,-35.319034846555354
427,427,1.207420692696463e-05,9.44624403736701e-06,-34.41654485256648,-35.48806777058473
428,428,1.0495594432137933e-05,1.0060768760779051e-05,-35.01429126675415,-35.21434770968231
429,429,1.2770745596163138e-05,9.702586028556412e-06,-34.17475836378997,-35.37178436023193
430,430,1.146055830627729e-05,9.772131330751826e-06,-34.635677452178676,-35.34076643189192
431,431,1.1233426968979028e-05,9.766707128284524e-06,-34.721287709692234,-35.34317773312226
432,432,1.2804380008843115e-05,9.660765595311349e-06,-34.16481339352386,-35.390543934485606
433,433,1.1387133866067875e-05,9.97960794273623e-06,-34.66691063121313,-35.249524581504666
434,434,1.2657640544387401e-05,9.590089527926849e-06,-34.20745292313716,-35.4224327662049
435,435,1.1365440959426197e-05,9.872197719424117e-06,-34.66930552668258,-35.296520933659046
436,436,1.035501523783188e-05,9.294244807135424e-06,-35.075901744787046,-35.55851830692957
437,437,1.3834607188138912e-05,9.700108205977717e-06,-33.814119651491545,-35.37289359245082
438,438,1.1860149346286618e-05,9.524532814746061e-06,-34.49668641192123,-35.45222255739938
439,439,1.2628479865823689e-05,9.750511660393768e-06,-34.218952363534086,-35.35038532148548
440,440,1.2453261515662403e-05,9.516065179731844e-06,-34.27394163216205,-35.456085301001174
441,441,1.18143908160342e-05,9.54294175340022e-06,-34.50576751613675,-35.44383665088545
442,442,1.0742359228464283e-05,9.869046990436465e-06,-34.91756667378409,-35.297907213242766
443,443,1.0778931159011241e-05,9.60665853486525e-06,-34.90723766164203,-35.414935840113756
444,444,1.2558330225372104e-05,9.63152538851749e-06,-34.23767398782476,-35.40370864384518
445,445,1.1193005817760198e-05,9.819336977862373e-06,-34.74472855543112,-35.31983773843574
446,446,1.1650694151032121e-05,9.707235054328952e-06,-34.57045844442896,-35.36970392242756
447,447,1.2419785533208982e-05,9.426945182081239e-06,-34.28149342323826,-35.49694956494544
448,448,1.059307236779936e-05,9.28536768409877e-06,-34.97494480536054,-35.56266832442339
449,449,1.3189233845175117e-05,9.463371952733723e-06,-34.02644043998045,-35.48020028013072
450,450,1.0991104604211605e-05,9.726437957923687e-06,-34.81505265236721,-35.36112117249991
451,451,1.2430595707536264e-05,9.838484234741804e-06,-34.28610794502702,-35.31137744108526
452,452,1.2963843266671697e-05,9.76405343815139e-06,-34.10872112232996,-35.34435790527652
453,453,1.057542128842918e-05,9.557315694875893e-06,-34.986668802358565,-35.437300063971435
454,454,1.2291003422808327e-05,9.633842996424247e-06,-34.332359263896954,-35.40266373848976
455,455,1.133142770000988e-05,9.678175956651103e-06,-34.682950444213965,-35.382724244995096
456,456,1.1130864418801233e-05,9.79519724129013e-06,-34.76168610694633,-35.33052752547205
457,457,1.0515915778576283e-05,9.758782748816119e-06,-35.00614829102971,-35.34670288356536
458,458,1.1145768106890154e-05,9.771710497979688e-06,-34.760907570923436,-35.34095346303183
459,459,1.11379671926846e-05,9.646182015306917e-06,-34.76650272372807,-35.39710485716962
460,460,1.0882471542572603e-05,9.252653063939712e-06,-34.86213082486753,-35.577996599167236
461,461,1.2587730101042381e-05,9.20641136154269e-06,-34.223990517855604,-35.599755619810274
462,462,1.1798615747634873e-05,9.521280246285882e-06,-34.52177339432276,-35.45370589921679
463,463,1.1637030746493747e-05,1.0035692603675048e-05,-34.57465442744655,-35.2251858787631
464,464,1.1716422967456123e-05,9.62927915201075e-06,-34.54351781616477,-35.40472161100581
465,465,1.1677798021392123e-05,9.32353417451132e-06,-34.553756592573,-35.54485371123719
466,466,1.3451542482593159e-05,9.519926224081582e-06,-33.94699990584095,-35.454323553747884
467,467,1.1343866230838347e-05,9.79703985362185e-06,-34.687779118693484,-35.329710634203906
468,468,1.1693723718991285e-05,9.222571095865293e-06,-34.544353285406906,-35.59213926306322
469,469,1.2451434673662849e-05,9.750694756037678e-06,-34.27450188731353,-35.35030377019464
470,470,1.0055106125121514e-05,9.330317712546707e-06,-35.19981510767088,-35.541695057159465
471,471,1.2990976526837294e-05,9.45072411253166e-06,-34.09337109502704,-35.48600852812473
472,472,1.0733274445284251e-05,9.329820458285548e-06,-34.92393045075697,-35.54192651823419
473,473,1.0359827664962217e-05,9.046263322057999e-06,-35.072984263732735,-35.67596712948075
474,474,1.2498733855123252e-05,9.27016887879673e-06,-34.25534732850997,-35.569782921975474
475,475,1.2075152482662516e-05,9.366724498249823e-06,-34.41800818684997,-35.524781915562365
476,476,1.373527729154694e-05,9.24141065632667e-06,-33.84884221390783,-35.58327668932472
477,477,1.0934892173084795e-05,9.590887465923228e-06,-34.84778104716861,-35.422071428960145
478,478,1.3752063300812224e-05,9.732798078307256e-06,-33.85349500380699,-35.358282247806216
479,479,1.1123172161083839e-05,9.7246095624302e-06,-34.75564632077105,-35.361937644800506
480,480,1.4538953142694003e-05,9.674482977348625e-06,-33.61084057464053,-35.38438173356841
481,481,1.1136726116842275e-05,9.637757653093248e-06,-34.76658355583959,-35.400899366298574
482,482,1.298384585865766e-05,9.26115162177379e-06,-34.093791580011505,-35.574009437054016
483,483,1.0278053444559078e-05,9.269484484033647e-06,-35.104305300801286,-35.57010356321226
484,484,1.189849009400878e-05,9.343991749981223e-06,-34.46593264627065,-35.53533491829979
485,485,1.4727907436628306e-05,9.513971810137215e-06,-33.552094375457536,-35.45704077877317
486,486,1.375706227280688e-05,9.365282638004588e-06,-33.83810938590301,-35.52545049522376
487,487,1.1441413020874438e-05,9.463389616078194e-06,-34.64729519275615,-35.480192174049805
488,488,1.2682293485922105e-05,1.0053875030280324e-05,-34.20484130047219,-35.21732455507281
489,489,1.151426332614495e-05,9.779305903640833e-06,-34.620866392383356,-35.33757906769131
490,490,1.1832625083097247e-05,9.154991139918198e-06,-34.48706809666199,-35.62408009816839
491,491,1.2896953588087572e-05,9.179319859915841e-06,-34.12058089837241,-35.612554347298044
492,492,1.3550510873793643e-05,9.497985573896011e-06,-33.91051967359186,-35.4643443253591
493,493,1.112346302123996e-05,9.373931142794103e-06,-34.76233347263053,-35.52144179110478
494,494,1.2677266521180726e-05,9.42467434134941e-06,-34.18719265370326,-35.49799585553353
495,495,1.2084954782152373e-05,9.517246613349447e-06,-34.409863079965234,-35.455546151422695
496,496,1.1365362470971058e-05,9.481799296688559e-06,-34.668362569570725,-35.47175179875871
497,497,1.2022061840530255e-05,9.585242399847821e-06,-34.43235140939179,-35.424628379851185
498,498,1.2590842677886986e-05,9.402636494901104e-06,-34.21763634989872,-35.508162915035456
499,499,1.10929132301628e-05,9.607486438318646e-06,-34.778095112523786,-35.41456158052314
500,500,1.1164974914452651e-05,9.464497332756813e-06,-34.740437507630205,-35.479683849752554
501,501,1.2782770278773597e-05,9.32001732603806e-06,-34.16476111106408,-35.54649218436147
502,502,1.1278241504676527e-05,9.523718673383547e-06,-34.70024925928942,-35.45259380102945
503,503,1.4178598036975468e-05,9.822262176098057e-06,-33.714298453381424,-35.318544159993706
504,504,1.1453300796403578e-05,9.546356187983244e-06,-34.64265422470688,-35.44228303679383
505,505,1.2239323153800197e-05,9.46455305127433e-06,-34.3508422357412,-35.47965828244283
506,506,1.1896451311615013e-05,9.515386170134757e-06,-34.47184273554412,-35.45639519867096
507,507,1.1805209429514866e-05,9.388547488541868e-06,-34.507076167888435,-35.514675308154764
508,508,1.163856136513131e-05,9.14588207179852e-06,-34.56621975124547,-35.62840340919359
509,509,1.1441160729857037e-05,9.46452492874079e-06,-34.64316983106494,-35.47967118688661
510,510,1.1123157266936068e-05,9.520534699971139e-06,-34.772449574221866,-35.45404597882745
511,511,1.161060033820794e-05,1.0061494034935573e-05,-34.57950067966961,-35.21403464095104
512,512,1.1657139083647203e-05,9.88434284839681e-06,-34.55928402842997,-35.29118137216935
513,513,1.0813642755650661e-05,1.1125661785627017e-05,-34.88920598105521,-34.777400846726884
514,514,1.3739578967080475e-05,9.765187195099364e-06,-33.849120473833565,-35.34385365178697
515,515,1.1775418639895038e-05,9.969124723858458e-06,-34.50781807378161,-35.254089086535025
516,516,1.3318467688467413e-05,9.576633553814118e-06,-33.98955998177421,-35.428530685229404
517,517,1.069202486628315e-05,9.62613541177186e-06,-34.94163305598435,-35.40613971503665
518,518,1.20297618805219e-05,9.639585809246024e-06,-34.42339464913201,-35.40007564477996
519,519,1.1334327727005056e-05,9.310719322361125e-06,-34.68064250629712,-35.550827033917955
520,520,1.3970281130597644e-05,9.475288367722992e-06,-33.77987714376112,-35.47473502137502
521,521,1.1038072954630179e-05,9.475773702816744e-06,-34.803155080124924,-35.474512576477366
522,522,1.3035599313860581e-05,9.962096531748294e-06,-34.07844880762994,-35.25715192462062
523,523,1.194676481167541e-05,9.962769127014326e-06,-34.46109271262061,-35.256858718716295
524,524,1.1973030573291495e-05,9.004333270767298e-06,-34.44695635069945,-35.69614377301862
525,525,1.1980326202244692e-05,9.711215960506755e-06,-34.4428986237289,-35.367923259686854
526,526,1.3044398112526192e-05,9.711351762426171e-06,-34.07576488238215,-35.36786252824796
527,527,1.2002232469780042e-05,9.572471682124734e-06,-34.436194246201,-35.430418478852424
528,528,1.4214639497705443e-05,9.833683562694779e-06,-33.70055271368699,-35.31349709098079
529,529,1.2816070109918131e-05,9.783971707197212e-06,-34.1502714398615,-35.33550749991324
530,530,1.3154195768066464e-05,9.58978494293804e-06,-34.033296426527656,-35.422570702018945
531,531,1.2611154995011958e-05,9.802340939227419e-06,-34.221710762044864,-35.3273613433696
532,532,1.2891949304456333e-05,9.395076104785977e-06,-34.132381537996515,-35.51165635698236
533,533,1.210693430620427e-05,9.136114936393968e-06,-34.403863261915504,-35.63304383596083
534,534,1.1972646743086762e-05,1.0031629675435588e-05,-34.44491097617379,-35.22694446649526
535,535,1.0889034067226884e-05,9.834259177104717e-06,-34.86500793015957,-35.31324288425941
536,536,9.999873660471513e-06,9.713221563862662e-06,-35.225607046826994,-35.36702642808248
537,537,1.1854852055341663e-05,9.463952904441517e-06,-34.49015402134292,-35.479933677086784
538,538,1.0521215282312472e-05,9.54373468917574e-06,-35.01069538386825,-35.44347580479153
539,539,1.0748993359417919e-05,9.352397036740226e-06,-34.90713710113183,-35.53143002527919
540,540,1.3518672333412188e-05,9.75883332150835e-06,-33.92499384190926,-35.34668037729092
541,541,1.159687413634209e-05,9.446083870563215e-06,-34.58541621559689,-35.48814140847563
542,542,1.5497158725788583e-05,9.699367877290474e-06,-33.3295072698949,-35.37322506600448
543,543,1.154954198335469e-05,9.841254148724196e-06,-34.594076694264004,-35.31015490616899
544,544,1.2801796190652782e-05,1.0113494897124933e-05,-34.152922087034796,-35.191646784788546
545,545,1.212331766950716e-05,9.400675073840447e-06,-34.390451843385044,-35.50906896218923
546,546,1.09538319548781e-05,9.340867683548774e-06,-34.83634086658528,-35.53678717950644
547,547,1.212546927378106e-05,9.682018140952814e-06,-34.38586423320904,-35.381000461179525
548,548,1.186423782032246e-05,9.701742687627158e-06,-34.48351063894958,-35.372161861888934
549,549,1.121351984111993e-05,9.6630066859928e-06,-34.73833166143379,-35.38953658115253
550,550,1.2477211211515487e-05,9.508920332959142e-06,-34.267620747620214,-35.45934729315485
551,551,1.0435021067678463e-05,9.30418900679797e-06,-35.04728114582025,-35.553874140119454
552,552,1.1403486074489114e-05,9.558640397843096e-06,-34.65642145470128,-35.436698146717646
553,553,1.0531990806766866e-05,9.296774494846192e-06,-34.99524186046702,-35.55733641431501
554,554,1.2371449677808301e-05,9.77510616825097e-06,-34.31051174398079,-35.339444551477385
555,555,1.3014312871652607e-05,9.69260224194027e-06,-34.09279970757109,-35.37625547312693
556,556,1.107330245693297e-05,9.761920266196524e-06,-34.79054357168592,-35.34530682063066
557,557,1.2944403459693331e-05,9.662477958428147e-06,-34.105164958137834,-35.38977421913992
558,558,1.1374240784789436e-05,9.634870845107607e-06,-34.67016820583226,-35.40220040812375
559,559,1.1697021532715562e-05,9.47613460467485e-06,-34.5479656583275,-35.47434717077472
560,560,9.843099914431469e-06,9.72018695297026e-06,-35.29237127530107,-35.363913201516326
561,561,1.1929565535518628e-05,1.0078379905041257e-05,-34.461518107606764,-35.20675213069376
562,562,1.1261067117733002e-05,1.0080206577281628e-05,-34.713316949858566,-35.20596505797206
563,563,1.2536454894720965e-05,9.561451885306987e-06,-34.24358653285741,-35.435420942107726
564,564,9.866428472284412e-06,9.487733941090195e-06,-35.2792283578546,-35.469034406224615
565,565,1.1987282697500819e-05,9.414872621212117e-06,-34.443474149016936,-35.50251489557344
566,566,1.1149660514496008e-05,9.873451936551933e-06,-34.74913962990981,-35.29596921762241
567,567,1.118954572955341e-05,9.74900441226629e-06,-34.74033816982667,-35.351056712040496
568,568,1.1856183513392006e-05,9.742077437342806e-06,-34.48792035233919,-35.35414360802238
569,569,1.4183981425189485e-05,1.0500254479426841e-05,-33.71040883634592,-35.02866113587716
570,570,1.1447529128961777e-05,9.909443466121478e-06,-34.64502135768242,-35.28016673814201
571,571,1.3076829545002746e-05,9.748326048889125e-06,-34.06072293666377,-35.35135891697274
572,572,1.0467133515984896e-05,1.0213675786393364e-05,-35.03174184866558,-35.148838702597104
573,573,1.3176503300913742e-05,1.0210539968332006e-05,-34.03429363214398,-35.15017228475992
574,574,1.0708023693819696e-05,1.004939529019267e-05,-34.9277688652654,-35.21926008735349
575,575,1.202525455604719e-05,1.0019752129377785e-05,-34.427249815024254,-35.23208960149394
576,576,1.2635601265595977e-05,9.651975592293494e-06,-34.2091226149626,-35.39449723146514
577,577,9.452441814180029e-06,9.901608049595348e-06,-35.47484105938038,-35.283602071532
578,578,1.1253165966897456e-05,1.0387193733071112e-05,-34.71717142445328,-35.07567706363851
579,579,1.0621829029126453e-05,1.0282317481668494e-05,-34.968820966107614,-35.11974928931553
580,580,1.0451453410083915e-05,1.0420374732539609e-05,-35.042278073864544,-35.061826010151016
581,581,1.1880593104148464e-05,9.844564948779358e-06,-34.47691175826729,-35.30869409602837
582,582,1.0345734130375426e-05,9.696641044636061e-06,-35.080566793591295,-35.37444619184274
583,583,1.114384168459699e-05,1.02220776505802e-05,-34.75968399313618,-35.145267624612735
584,584,1.089185696063274e-05,1.0509528740505247e-05,-34.851114720371655,-35.02482695955127
585,585,1.043387400264673e-05,1.0619791522147257e-05,-35.044065683088405,-34.979499469856904
586,586,1.0502379754865446e-05,1.0456638153156841e-05,-35.01503831289413,-35.04673858419173
587,587,1.1290460364405814e-05,1.0078483683173545e-05,-34.69821266512336,-35.20670741116683
588,588,1.1857777130946075e-05,1.014455217859665e-05,-34.49406649807145,-35.17833057865788
589,589,1.251391563762565e-05,1.1062146840183567e-05,-34.25211938967319,-34.8022651910489
590,590,1.0919185930931431e-05,1.0329435482210675e-05,-34.843308850174914,-35.09989350769971
591,591,1.1530907383915e-05,1.0490959658981361e-05,-34.60700459798566,-35.032507211160805
592,592,1.1550313745866548e-05,1.0068219724321112e-05,-34.60148622062246,-35.21113253322039
593,593,1.0185184092011864e-05,9.903307966995176e-06,-35.1482359647107,-35.282856534668696
594,594,1.1296971535426264e-05,1.0178166719829038e-05,-34.69670365445579,-35.163963777488135
595,595,1.0107791849898689e-05,1.0516199716604254e-05,-35.183495511974996,-35.02207112808333
596,596,1.377214766293524e-05,1.0048263232563745e-05,-33.842906674521466,-35.21974934472783
597,597,6.080237854925163e-05,1.0660271982487757e-05,-27.386390343823543,-34.96297652879261
598,598,1.1192687668074906e-05,1.0855795392815612e-05,-34.73436070359774,-34.884042888898584
599,599,1.2859613903368807e-05,1.0729031433392696e-05,-34.13788623278105,-34.93505420482387
600,600,1.2054356792544137e-05,1.109939134230923e-05,-34.409001500480095,-34.78766774131461
601,601,1.2658818204070804e-05,1.080049620022213e-05,-34.204153859877295,-34.906222296939674
602,602,1.2000923622518084e-05,1.0428019729596072e-05,-34.44251109226214,-35.05864093977005
603,603,1.12840849753186e-05,1.0536366158033305e-05,-34.70633040947846,-35.013750834050555
604,604,1.3285659064159827e-05,1.0933121446118763e-05,-33.99260451513935,-34.85321765835587
605,605,1.1408441236030225e-05,1.0877046215203959e-05,-34.657059412899216,-34.87554964350799
606,606,1.4101135327775373e-05,1.0459288109574883e-05,-33.73549268146214,-35.04563811994133
607,607,1.2930465828438023e-05,1.0503847510048409e-05,-34.112525088463485,-35.02717529907417
608,608,1.0980173354574177e-05,1.0597005281229749e-05,-34.82433613983487,-34.98882787375332
609,609,1.119483804171809e-05,1.0334331340058461e-05,-34.738829188300386,-35.09783556337083
610,610,1.1354028844937967e-05,1.081143268253838e-05,-34.67877865799369,-34.90182689627686
611,611,1.125740812678543e-05,1.0515663425873131e-05,-34.699860538530906,-35.0222926092747
612,612,1.0972040324782732e-05,1.0977651168344126e-05,-34.83324898920117,-34.83556511856733
613,613,1.1872302047308527e-05,1.015686795749628e-05,-34.48315909605562,-35.17306131627453
614,614,1.1789543777078657e-05,1.0502971044364753e-05,-34.50736396405227,-35.027537699700645
615,615,1.0634992483489637e-05,9.950000611225781e-06,-34.95822615306259,-35.262428307258695
616,616,1.0963565653151612e-05,1.0556288304398645e-05,-34.825268218401625,-35.005546953574196
617,617,1.4512298590845379e-05,1.0064640647262996e-05,-33.618359091144725,-35.21267664906318
618,618,1.2211614042844866e-05,1.05427150772716e-05,-34.358994065280946,-35.011134685230935
619,619,1.186312906658301e-05,1.107822972220387e-05,-34.49263889195146,-34.795955715576916
