,epoch,train_loss,test_loss,train_dbs,test_dbs
0,0,0.0006671801165043924,0.0005793007041670774,-19.991481644202338,-20.606408271524877
1,1,0.0005190738146169323,0.0005244486260619995,-21.088348812542662,-21.03841931562403
2,2,0.0004999319246859703,0.0004914532856721627,-21.264446373130994,-21.320626406137432
3,3,0.000489717393515862,0.00048467754784628356,-21.33364866914574,-21.380919815820462
4,4,0.0004857882518878149,0.00048014876512369434,-21.377916210379,-21.421690673012762
5,5,0.0004835657219728935,0.00048808515298572416,-21.39295782266582,-21.35049286460799
6,6,0.0004804324521923188,0.00047580120429445644,-21.41463330355352,-21.461193466171522
7,7,0.00048042654261453864,0.0004898818090288458,-21.42013713283824,-21.334535706267417
8,8,0.00048254733783980236,0.00047755332841341823,-21.399611895275182,-21.445230072342483
9,9,0.00047790082369585394,0.0004796070478685004,-21.447616288593196,-21.426593270871127
10,10,0.0004756384257337597,0.0004756555442183622,-21.467725482137393,-21.46252320329041
11,11,0.00047491839306774676,0.0004701303168028397,-21.46280638394697,-21.51326625571045
12,12,0.0004607907900845958,0.0004570763389653477,-21.60783616747075,-21.635561433938967
13,13,0.00046076882599382517,0.0004571480079137377,-21.608834706686846,-21.634880519478976
14,14,0.00045949315019768,0.00045704485168435464,-21.614377234275395,-21.635860622985902
15,15,0.000457124930708045,0.00045680005017569974,-21.64194320338893,-21.638187406156597
16,16,0.0004548340854018965,0.00045332976610791916,-21.659842429950906,-21.671306473309787
17,17,0.00045566726175914565,0.0004539378584779211,-21.659239029654156,-21.66548479086089
18,18,0.00045449668199505617,0.00045410413632022316,-21.66290947879235,-21.663894257590503
19,19,0.0004526345595146155,0.0004524951999835474,-21.671622941286003,-21.67930906936799
20,20,0.0004548221636328309,0.0004562655276937508,-21.66180779619725,-21.643272258690942
21,21,0.0004549914291104513,0.0004554397095681021,-21.661532169501502,-21.65113989701203
22,22,0.00045450934906221313,0.00045203641945447187,-21.669114614247583,-21.683714573055997
23,23,0.00045181009660417347,0.00045328229163332204,-21.679825695793717,-21.671761307374517
24,24,0.000452785384565227,0.0004501929767062201,-21.675184168495782,-21.701461681070082
25,25,0.0004519544086975919,0.00045447231202974523,-21.68143857067176,-21.660374538626655
26,26,0.00045307798097486197,0.00045269095694254105,-21.674971836628654,-21.677430645404915
27,27,0.0004539875362846117,0.00045556684429022044,-21.669540004730244,-21.64992774527945
28,28,0.0004531535240173455,0.00044979727949554985,-21.675151035276716,-21.70528059188579
29,29,0.00045312945875003165,0.00045410788305544933,-21.67190694443246,-21.663858424846623
30,30,0.0004515419690149654,0.0004489971202259001,-21.68473385989847,-21.713013280192847
31,31,0.00044987516534111474,0.0004515603680996911,-21.69519859874046,-21.688290651644586
32,32,0.00045317495043735147,0.000451210308758738,-21.677457662094497,-21.69165870184008
33,33,0.00045287977698854333,0.0004514471771759226,-21.680022373260574,-21.689379417604705
34,34,0.0004523071285202792,0.00045090849590977947,-21.680654723796792,-21.694564653009316
35,35,0.00045402624797959303,0.0004517629460774754,-21.6698272314979,-21.686342766585028
36,36,0.000452623693284473,0.0004538753311958556,-21.682378569884044,-21.666083047284598
37,37,0.00045101500125889927,0.0004508884249892282,-21.697096242058382,-21.694757971257395
38,38,0.00045278015907748226,0.000449145248000461,-21.68360838868667,-21.711580743927605
39,39,0.00045259481208331727,0.00045033455458714773,-21.679648497049676,-21.700096114980955
40,40,0.0004524246668899144,0.0004517093689891657,-21.680459360216247,-21.686857851185817
41,41,0.0004520982107238786,0.00045023487090427235,-21.688296447752798,-21.70105755276376
42,42,0.00045264036347849543,0.0004527170355064108,-21.682694967857433,-21.677180464790602
43,43,0.00045179281282939555,0.00044981361440333883,-21.686018908394253,-21.70512287569173
44,44,0.0004513376499238165,0.0004517358075214648,-21.69016377294236,-21.686603666228304
45,45,0.00045266432193175114,0.00044830534974799345,-21.68306502344621,-21.719709621078394
46,46,0.0004536791508969342,0.0004516681273296279,-21.674947017765454,-21.687254385862566
47,47,0.0004515713380803306,0.0004496041081821252,-21.697509051862536,-21.707146126849857
48,48,0.000451045987237072,0.00045126213042653705,-21.69066522791551,-21.691159941691502
49,49,0.0004519940838193732,0.00045010684928121537,-21.684636421271502,-21.702292619041067
50,50,0.0004514114281340243,0.0004534009219098248,-21.68591100522166,-21.670624847054167
51,51,0.00045268172962283814,0.0004494644680035938,-21.682375007070466,-21.708495188780887
52,52,0.00045143923639396645,0.0004532612219918519,-21.695252732548454,-21.67196318249447
53,53,0.00045227690914300143,0.00045081753112179667,-21.68642806228423,-21.69544087271282
54,54,0.0004524399388999169,0.0004494923035197548,-21.682511997434197,-21.70822623678105
55,55,0.00045272031590131296,0.00045032199092307374,-21.68325718572758,-21.700217278370207
56,56,0.0004514816703788514,0.0004503916639614066,-21.69062144920686,-21.699545397445974
57,57,0.0004540548801479727,0.0004527832559113832,-21.671991276260762,-21.676545254470017
58,58,0.00045135008746076416,0.00045276756588320593,-21.6863782183807,-21.676695750554718
59,59,0.00045451638918878875,0.00045131015787391285,-21.668293868843396,-21.690697750337627
60,60,0.000449368370140029,0.00044985350809599226,-21.70454283036439,-21.704737719667683
61,61,0.0004527905920506023,0.00045223345851378615,-21.68524118681731,-21.681821930613317
62,62,0.0004521074546405028,0.00044979186465130434,-21.686503747840522,-21.705332874352546
63,63,0.0004522187908938558,0.0004524058818596562,-21.69128583055903,-21.680166408788708
64,64,0.00045258088695058194,0.00045429350422254125,-21.68629145766848,-21.662083565167997
65,65,0.00045129989775512177,0.00044972652808370953,-21.69032309888468,-21.705963774422003
66,66,0.0004521897824759566,0.00044974433962794905,-21.68105357367097,-21.705791774290457
67,67,0.0004530087345610997,0.00045182391247516006,-21.67525551995783,-21.68575671622616
68,68,0.0004533497138385728,0.00045166457359875113,-21.6819755881274,-21.687288556345013
69,69,0.0004492138044971051,0.00045004518439159975,-21.708946245011287,-21.702887645666067
70,70,0.0004515795867659689,0.00045049987506660586,-21.695930772245728,-21.698502086812915
71,71,0.00045084821530761793,0.0004529182456041637,-21.694412525244587,-21.675250671673712
72,72,0.00045353143965614213,0.00045092822217970694,-21.680491354239745,-21.69437466273707
73,73,0.00045140731159223186,0.0004539123206325856,-21.696590431292503,-21.665729125125885
74,74,0.00045145068500075756,0.00045107550594318465,-21.69214570134555,-21.69295638641899
75,75,0.000455021244934616,0.00045031634937530676,-21.66710246369185,-21.700271686293007
76,76,0.00045325284608947015,0.0004511486499962446,-21.683889587770494,-21.692252214213262
77,77,0.0004511966469659249,0.0004527986349881087,-21.693658719954453,-21.67639774603977
78,78,0.0004528381138051063,0.0004533691052960134,-21.686934703585187,-21.670929616276844
79,79,0.0004509039482428241,0.0004496618149507987,-21.69767203771797,-21.706588744865442
80,80,0.00045128340548451643,0.000453075403225069,-21.692516149990762,-21.67374397925217
81,81,0.00045217888774206266,0.0004511632647144755,-21.6828184545145,-21.69211152912689
82,82,0.0004525820658057352,0.0004509741679373148,-21.686770013276252,-21.693932176072618
83,83,0.00045461127517706495,0.00045365941753659983,-21.670995124773466,-21.668149527112117
84,84,0.00044995276785465247,0.0004525585146008157,-21.703860220003342,-21.678701432749182
85,85,0.0004516854442982483,0.00045289725714706277,-21.695229139807225,-21.67545193056311
86,86,0.00045432164735813654,0.0004511734066334994,-21.664889970214205,-21.69201390304988
87,87,0.00045126698582346754,0.00045093175752921715,-21.688541302909677,-21.694340613487334
88,88,0.00045340174308632373,0.000449219441323198,-21.679510961497492,-21.710863401602936
89,89,0.00045257294550538063,0.00045388936230569685,-21.687982269288433,-21.665948791488503
90,90,0.00045324862123342213,0.00045194994125172103,-21.67091701533096,-21.684545492813342
91,91,0.0004517464327251481,0.00045098101040103326,-21.688527841782207,-21.693866282682194
92,92,0.0004512753251210316,0.00045313596216912727,-21.690873306763812,-21.67316353154917
93,93,0.0004507426227102075,0.00045138341834229464,-21.68665063648818,-21.689992824146323
94,94,0.00045324499375599714,0.00045228312037100916,-21.679306968946314,-21.6813450378492
95,95,0.0004533540347072574,0.0004510614855558072,-21.676785090243683,-21.69309137649101
96,96,0.00045088950764224627,0.0004510082102282659,-21.68920390893863,-21.69360435638398
97,97,0.00045078387153910993,0.0004516288938343917,-21.694292338450424,-21.68763164583572
98,98,0.000452710382793982,0.0004482112922950795,-21.681877358130578,-21.720620895471235
99,99,0.0004521604362135926,0.00044833676963064234,-21.694585611648055,-21.71940525256019
100,100,0.0004504379767146845,0.00044965311290549214,-21.69870848445969,-21.70667279218059
101,101,0.00045107191754985103,0.0004513379229281686,-21.697480957199357,-21.69043057622818
102,102,0.0004510851657934986,0.0004526715722596763,-21.697379773681774,-21.677616618659417
103,103,0.0004530975909558,0.00045133779425860236,-21.673095026625063,-21.69043181433576
104,104,0.00045094016780980776,0.00045258704554534664,-21.696252015472982,-21.67842764624847
105,105,0.00045221232774321794,0.0004494800722520602,-21.68095716484986,-21.708344415541816
106,106,0.0004523648354152851,0.0004517808694416951,-21.69354811241825,-21.68617046684604
107,107,0.0004548104182869849,0.000451284852859221,-21.66422068456373,-21.690941266601676
108,108,0.0004529296399511819,0.00045261972914694955,-21.68044883399822,-21.678114031542354
109,109,0.00045317586195731975,0.00045021985026419555,-21.678196407692496,-21.70120244358275
110,110,0.00045363232373384776,0.00045059533103516226,-21.676057957271645,-21.697581962051782
111,111,0.0004519144008320171,0.0004483838351198325,-21.683485497365858,-21.718949362907296
112,112,0.00045304047153811404,0.0004502761952799598,-21.683136215328446,-21.700658958032044
113,113,0.00045081143646702633,0.0004501809353793138,-21.702943902074296,-21.701577843516823
114,114,0.0004495290292849399,0.00045081628272064815,-21.700813548753295,-21.69545289918569
115,115,0.0004510681517542215,0.0004491543329909052,-21.6926972728327,-21.711492898818875
116,116,0.0004511905102582514,0.0004525202170234958,-21.691890923781646,-21.679068968211656
117,117,0.000451503692077204,0.00045031454800137957,-21.68945548140528,-21.700289059153715
118,118,0.0004510057156367861,0.00044982621942548767,-21.70319867636404,-21.70500117606577
119,119,0.0004537902027128514,0.0004511914969617991,-21.67712883118498,-21.691839771061233
120,120,0.0004529264631330698,0.00045399045675845916,-21.684641006119776,-21.664981598204875
121,121,0.00045226645546715666,0.0004485657815453841,-21.6855951651393,-21.717187428273846
122,122,0.0004520116304287437,0.0004540474558445184,-21.68492872486882,-21.664436370120495
123,123,0.000450922432775638,0.00045103690354153514,-21.697405741603333,-21.69332806537737
124,124,0.00045055004986502305,0.00044934614255142053,-21.69940859188465,-21.709638657508137
125,125,0.00045041615064207887,0.00045519736963079164,-21.69801566870519,-21.65345139744195
126,126,0.0004513871432378043,0.00045311582997735396,-21.68794017598616,-21.673356486749327
127,127,0.0004523847925419122,0.00044966321653000226,-21.68350249825955,-21.706575208088577
128,128,0.00045294204718414116,0.0004484142945760763,-21.679690399797245,-21.718654349496013
129,129,0.00045081370386544655,0.00045232274140672465,-21.692689606627656,-21.680964602613997
130,130,0.0004536847757372391,0.0004542888460778876,-21.678612876826755,-21.662128096222744
131,131,0.0004522085184418625,0.000448676824912821,-21.683064435871998,-21.71611245654092
132,132,0.00045298819235746853,0.00045086219937442556,-21.680576856374646,-21.695010582999238
133,133,0.0004510017854195165,0.0004503491708371592,-21.697987899838044,-21.69995516080254
134,134,0.0004529201235987016,0.0004514884050494354,-21.68456153544146,-21.688982821472447
135,135,0.000451903299970994,0.00045060592176588744,-21.68558096244432,-21.69747988727327
136,136,0.0004503021074324539,0.00045117462439903696,-21.69512677514199,-21.692002180990656
137,137,0.0004504859401273167,0.0004471276800981478,-21.699899370298844,-21.731133272167437
138,138,0.00045225719294808423,0.00045060342496359035,-21.6896731991016,-21.697503951547887
139,139,0.00045449471913671757,0.00045144778222924,-21.671212987388827,-21.689373596964906
140,140,0.0004485810962241604,0.00044905840523393924,-21.7111013335102,-21.71242053865067
141,141,0.00045124607367114615,0.0004505206383519659,-21.69644595152887,-21.69830192754628
142,142,0.00045175044845367215,0.0004501868679653853,-21.69770577597307,-21.701520611585945
143,143,0.0004545702270745809,0.0004522119998000562,-21.671325515620595,-21.682028010501888
144,144,0.000451928978250602,0.0004523062977425166,-21.693444235301342,-21.68112248816309
145,145,0.0004509397336526668,0.00044909398236900176,-21.691093859100647,-21.712076477806185
146,146,0.0004544632662970995,0.00045079594220671996,-21.668328091129837,-21.695648854225237
147,147,0.0004491754690516433,0.0004543654749316997,-21.70410881633732,-21.661395595695872
148,148,0.0004533155609435911,0.00045233419452989966,-21.681582954846835,-21.680854637653844
149,149,0.0004514619322810514,0.0004515931374810048,-21.68545234826299,-21.687975498984528
150,150,0.00045201760391493513,0.00045274566601667747,-21.693320848152457,-21.676905819073973
151,151,0.00045154421211018696,0.000451966228674313,-21.690459066086074,-21.68438898410176
152,152,0.00045219381350649463,0.0004487924483041034,-21.693675647682255,-21.714993429904816
153,153,0.0004509118179785875,0.0004514989957801606,-21.70378504542985,-21.688880948602254
154,154,0.0004517637504043883,0.000450900025163336,-21.687879498666568,-21.694646240139
155,155,0.000453127300866025,0.0004506707896086338,-21.681503658117162,-21.696854735289406
156,156,0.0004505484800584153,0.00045076734539562543,-21.696404282479346,-21.695924363164725
157,157,0.00045078783746107875,0.0004489953004706063,-21.70682885904464,-21.71303088189336
158,158,0.0004538616067105808,0.0004532986479860387,-21.676661584269176,-21.67160459828392
159,159,0.0004525545440835053,0.00044943202642331784,-21.68598059862977,-21.708808666459163
160,160,0.00045279610857665157,0.00045056671431092054,-21.687609931625516,-21.69785778559532
161,161,0.00045157876585792634,0.00045419183994741425,-21.685433013711833,-21.66305556178109
162,162,0.000452971260228972,0.00045141608049896985,-21.688755598082714,-21.689678579523118
163,163,0.00045145475623658714,0.00045157585746461625,-21.693598925821714,-21.688141683072057
164,164,0.0004518450614060131,0.0004496565977062442,-21.685935829628036,-21.70663913459368
165,165,0.00045064218719153827,0.0004531000158749521,-21.70376908627609,-21.673508061618417
166,166,0.0004556998073425835,0.0004544868425000459,-21.64872963433123,-21.660235687435375
167,167,0.00045725235777916676,0.0004540248973123533,-21.640590699549715,-21.664652146892184
168,168,0.00045459910587542066,0.00045407540777600124,-21.666527459431858,-21.66416901930065
169,169,0.0004534087319061467,0.00044884025211151883,-21.681036577468436,-21.714530859194447
170,170,0.0004506687271845594,0.00044864721559478263,-21.69594595090548,-21.71639906790674
171,171,0.00045216659392403034,0.0004512143664454159,-21.688793153870467,-21.691619646371368
172,172,0.00045128305923894586,0.00045075006844279796,-21.69281172986231,-21.696090822185102
173,173,0.00044995803744820207,0.0004496742560724287,-21.703833090226638,-21.706468587103576
174,174,0.0004512191493275393,0.0004541203992343263,-21.695171531007475,-21.663738725702103
175,175,0.00045101826928901613,0.0004504519747570157,-21.694699502061923,-21.698963883748238
176,176,0.00045051468271022836,0.0004511216278555558,-21.701845122925143,-21.692512348385513
177,177,0.0004506714116378697,0.0004523341807438747,-21.702729264581695,-21.680854770016037
178,178,0.0004502620479600869,0.00045347679100048383,-21.702037194347227,-21.669898188387226
179,179,0.0004510983660308279,0.00044949011460534836,-21.696883225111925,-21.708247385880938
180,180,0.0004502791514111318,0.00045302746002562344,-21.69918185697029,-21.6742035621059
181,181,0.0004515594169113439,0.0004531086780939643,-21.69353991910858,-21.67342503540286
182,182,0.00045325974729776226,0.00045115508347455606,-21.67943406191998,-21.69219028331291
183,183,0.00044926972765734743,0.00045141891888832966,-21.701154411582134,-21.689651272277892
184,184,0.00045098651010907955,0.00044929683147194356,-21.69486966869021,-21.710115276818676
185,185,0.0004491598720988739,0.0004517640428323495,-21.7119206401231,-21.686332223134844
186,186,0.00045126915810936964,0.0004484739819370014,-21.698263816018716,-21.718076308903754
187,187,0.00045318129927294387,0.00045325753959140887,-21.682367094412204,-21.671998465739787
188,188,0.0004503539581567087,0.0004491841046776819,-21.704495298037934,-21.711205041175326
189,189,0.0004503374547846423,0.00044849764641472384,-21.699939835624708,-21.7178471522221
190,190,0.00045069886855156994,0.0004517898426121591,-21.699514762166267,-21.686084209105154
191,191,0.0004511573468935052,0.00044896988976305644,-21.70176905465346,-21.713276676055383
192,192,0.00044928009732213525,0.00045076473524156764,-21.70627954592778,-21.695949510922162
193,193,0.00045100342993595707,0.0004500459901081692,-21.70070828742285,-21.702879870492396
194,194,0.00045147288642276425,0.0004497608843896734,-21.691203629665736,-21.705632013156663
195,195,0.0004482289956829789,0.00044858661376086896,-21.719427504210508,-21.716985738655005
196,196,0.00045050109902243176,0.0004507200700524998,-21.703370626257875,-21.69637986415823
197,197,0.00045182742868530917,0.0004492114362380418,-21.687818153881086,-21.71094079351805
198,198,0.0004525816073453956,0.0004504434994152306,-21.691557925943282,-21.699045597871024
199,199,0.0004520425939039548,0.00044668742032770653,-21.680484062826384,-21.73541161573712
200,200,0.00045009089343384215,0.0004524157511217422,-21.700600736805164,-21.68007166821425
201,201,0.00045057636572854576,0.0004530091567798273,-21.701390783859246,-21.674379029598143
202,202,0.0004509010807654254,0.0004520800154607155,-21.691815238998267,-21.683295744147944
203,203,0.0004496325351077026,0.0004501926963903794,-21.69764305908067,-21.701464385236232
204,204,0.0004517093853492136,0.00044907735795468877,-21.691306482703396,-21.712237246494244
205,205,0.00045178281341333746,0.00044832121286737293,-21.68814168281945,-21.71955595029727
206,206,0.0004514894381011884,0.00044859103294775675,-21.69902992871325,-21.716942954965806
207,207,0.0004489050701635016,0.00045067113425925766,-21.717794540801407,-21.6968514140223
208,208,0.0004516024518753258,0.0004526595263374283,-21.69009635963419,-21.677732189141203
209,209,0.0004509331753895109,0.0004503367894549707,-21.694950174082646,-21.70007456237423
210,210,0.00045024521064406897,0.0004496997403054449,-21.706547549287585,-21.70622246787349
211,211,0.0004507554031922914,0.0004525191018872551,-21.697074672088572,-21.67907967045422
212,212,0.00045139017243648775,0.00045218191563004727,-21.694315645004785,-21.682316941880337
213,213,0.0004500087660247671,0.00045020174461809034,-21.711580164493473,-21.70137709914944
214,214,0.00045213977669452115,0.00045218166901337867,-21.684802990844364,-21.68231931049093
215,215,0.00045459438145362303,0.00045171314023288066,-21.6676058000928,-21.68682159283895
216,216,0.0004522157655956857,0.0004491469727853607,-21.680522265454016,-21.71156406640225
217,217,0.00045001545990577216,0.00044938305080378135,-21.701059024460562,-21.709281952719543
218,218,0.00044989250042264535,0.0004502201198575724,-21.70523612483107,-21.70119984301148
219,219,0.00044814477159795305,0.0004492480488567564,-21.71904731960216,-21.710586839699356
220,220,0.00045070199856352177,0.00044862857076192374,-21.701156133605323,-21.71657955529202
221,221,0.00045118478970534943,0.0004481533098059069,-21.69918776143924,-21.721182753337345
222,222,0.000447767384928776,0.00044964740395938093,-21.72992025411288,-21.706727932008647
223,223,0.00045240371393222246,0.00044999746176855346,-21.691504273965116,-21.703348194329152
224,224,0.00045143882684006367,0.0004504979358324291,-21.69846701008541,-21.698520781613105
225,225,0.000449699700147528,0.00044835241370540306,-21.710627434559292,-21.719253714313265
226,226,0.00044755222031020935,0.00045032396845176424,-21.724945710075396,-21.70019820695176
227,227,0.0004501398871820804,0.00044803995498161956,-21.705261822664006,-21.722281386341677
228,228,0.0004501688880989923,0.00045075004699787026,-21.69984665022929,-21.69609102880546
229,229,0.00044897034255422883,0.0004508514891648175,-21.71471488424963,-21.695113750667474
230,230,0.0004520867351135335,0.00044939172374525746,-21.685315134711235,-21.70919813615655
231,231,0.00045078313164172943,0.00044811777402891924,-21.702343539568382,-21.721527135570405
232,232,0.0004500622807680293,0.00044977076743778427,-21.706455397825053,-21.70553658231217
233,233,0.0004512001850315821,0.0004472723889385203,-21.69720147163108,-21.729727944650577
234,234,0.0004495510437823448,0.0004505917390097717,-21.707112026924314,-21.69761658298361
235,235,0.00045054394106102205,0.0004499046190176159,-21.700183456522165,-21.704244316149975
236,236,0.00045019500683657056,0.0004491993275127913,-21.709771132440952,-21.71105786140663
237,237,0.0004493400833171015,0.0004495038225094935,-21.7090469223794,-21.70811494300489
238,238,0.00044965083031559883,0.0004515827857080455,-21.7108459656421,-21.688075052521306
239,239,0.0004508263058240343,0.0004477390320971608,-21.699508995675437,-21.725199274682442
240,240,0.0004503535711057676,0.0004491488277716072,-21.69928355531659,-21.71154612998776
241,241,0.0004492033157166401,0.0004503656451369783,-21.707821456625858,-21.699796293703237
242,242,0.00045020028303098894,0.0004481762390289652,-21.702845411236368,-21.72096055749289
243,243,0.00044949437322373473,0.0004531518007800179,-21.709772425514522,-21.673011733817976
244,244,0.0004490199150786418,0.000446828004083057,-21.716044851362135,-21.734044996918243
245,245,0.0004510544345488522,0.0004469627716676577,-21.703821784799196,-21.73273532086512
246,246,0.0004495133717241937,0.00044956297221544544,-21.70282176901193,-21.70754349734392
247,247,0.00045013799483302176,0.00045131481142322486,-21.71252573461983,-21.690652969595767
248,248,0.00044919128803363475,0.0004487086353995102,-21.71310694163964,-21.715804559445356
249,249,0.00045060703036442555,0.00044800214144695357,-21.7081285041362,-21.722647936295566
250,250,0.0004499929992496468,0.000450629619942782,-21.707707154966513,-21.697251489990155
251,251,0.00045052913861282014,0.00044953737769422953,-21.70934855461226,-21.70779075693703
252,252,0.00045033802335947445,0.00044921357766725123,-21.701594051161695,-21.710920090379233
253,253,0.0004475675199238449,0.0004445847773336266,-21.72725114512783,-21.75590295264279
254,254,0.00045077780564075585,0.00044934280173804025,-21.707113935454693,-21.70967094669619
255,255,0.00044974481348505186,0.0004476534944076679,-21.702858908584453,-21.726029045884566
256,256,0.0004507062156185431,0.00044983240016000837,-21.702143405381115,-21.70494150323347
257,257,0.00045001864572506896,0.00044972103511865596,-21.70623216202828,-21.70601681952457
258,258,0.0004484455977907385,0.0004494441596570572,-21.723222684418865,-21.70869142235942
259,259,0.00044940885416827327,0.00044879656879378383,-21.711191665257306,-21.714953556290126
260,260,0.00045019031871955113,0.00044729120533080086,-21.70666239660236,-21.729545244272646
261,261,0.0004483730461419627,0.000446882350125203,-21.716537894292625,-21.73351681267745
262,262,0.00045125527918271564,0.00044979190754115974,-21.699106810837627,-21.705332460231524
263,263,0.00044829040836571646,0.00044835877672180926,-21.711614714044487,-21.719192079687915
264,264,0.0004498399095009705,0.00045484782343632296,-21.708370385016664,-21.656787627159986
265,265,0.00045071774613611475,0.0004481932326023908,-21.70272180366763,-21.72079588844958
266,266,0.00044850397347376595,0.00045056675413721487,-21.719820589128407,-21.697857401715673
267,267,0.0004511830476760749,0.00044807912873741433,-21.702758343334175,-21.721901683547774
268,268,0.00045073141593524475,0.00045023149485993937,-21.699856362036215,-21.701090118053934
269,269,0.00045082669437517285,0.0004493720664054547,-21.704339360614135,-21.70938810985821
270,270,0.00045051733295903686,0.0004477615599937149,-21.701809226608077,-21.724980765811523
271,271,0.00044961617035388027,0.0004501120159770117,-21.708785382570003,-21.702242767442517
272,272,0.00045005921436444926,0.00045436078002431283,-21.710534447250218,-21.661440471088437
273,273,0.0004504535505644132,0.00044885630057634493,-21.707067211868903,-21.714375578221233
274,274,0.00045065130659177437,0.0004460699595878587,-21.702387392365935,-21.74141906727769
275,275,0.0004508058656338295,0.00044868439803586195,-21.701646590706055,-21.716039153494982
276,276,0.00044900978574548495,0.0004465360114792068,-21.717029203286526,-21.736883946750908
277,277,0.0004484431542691381,0.0004478113857514568,-21.724167956585827,-21.724497520939753
278,278,0.00044808466978774395,0.0004501948899001275,-21.717154087838345,-21.701443224811673
279,279,0.00044939564552983825,0.0004494880558922887,-21.717423588137727,-21.70826727708077
280,280,0.00044783798122020033,0.00044814462307840586,-21.728796769650714,-21.721266935118454
281,281,0.0004483065549908302,0.00044661425942506055,-21.71823624113142,-21.736122985190494
282,282,0.00044772999940833713,0.0004476167669054121,-21.72738974396859,-21.726385375191192
283,283,0.0004486184592416376,0.0004515505172189717,-21.719772336688475,-21.688385394897225
284,284,0.0004494354781723514,0.0004457486088779804,-21.71324408163606,-21.744548870828115
285,285,0.00044872888637533816,0.0004476010768772348,-21.713305254290795,-21.72653760836452
286,286,0.0004493360954922499,0.00044815426104162867,-21.715570481529856,-21.721173535152914
287,287,0.00044731727048764294,0.0004491302426781897,-21.727774486734766,-21.71172583813823
288,288,0.00045008164861709955,0.0004458932135572755,-21.709294210888945,-21.743140210685766
289,289,0.00045039704742783814,0.0004463021698603897,-21.711330243318795,-21.739158852307952
290,290,0.0004511717379875673,0.00044758138583826,-21.70297528325476,-21.726728669068393
291,291,0.0004480680566012245,0.00044710154485839764,-21.724746710144643,-21.73138713079995
292,292,0.0004482717288072346,0.00044898594435500473,-21.720353982215904,-21.713121380651575
293,293,0.0004505172090427278,0.00044705794272503177,-21.706589355649545,-21.73181068311244
294,294,0.0004464981974865857,0.0004495075386091086,-21.731797701498884,-21.708079039530762
295,295,0.0004482796111446565,0.00044944948565803076,-21.721363034940833,-21.708639957920983
296,296,0.0004471347426645189,0.00045091758090022365,-21.73428380131118,-21.69447715140962
297,297,0.0004480226345230662,0.0004505322431214154,-21.721784777565688,-21.698190060919146
298,298,0.00044702606956167245,0.00044820778911296085,-21.732865656111162,-21.72065483969877
299,299,0.00044775855116613365,0.00044628172365360354,-21.72977522850456,-21.73935781791442
300,300,0.00044744888160944216,0.0004467201422238232,-21.72890676634834,-21.735093486822098
301,301,0.0004492733641359571,0.0004507221594011705,-21.716621337006746,-21.696359732139364
302,302,0.00044707958310477667,0.0004461013718116048,-21.726130583491248,-21.741113248093352
303,303,0.00044980410248828456,0.0004485725964370527,-21.71445801799542,-21.71712144804339
304,304,0.000449048393026724,0.00044659158447757363,-21.717947051649865,-21.736343485417635
305,305,0.0004464413859094157,0.00044630664419137726,-21.728490118685055,-21.73911531302787
306,306,0.000449521425384164,0.00044751685498723467,-21.7156783675205,-21.727354866088632
307,307,0.0004488962346006223,0.00045040838028255264,-21.718002078758975,-21.699384211707166
308,308,0.0004477332335339917,0.0004473378771523896,-21.73062549079791,-21.729092110901696
309,309,0.00045096185586424834,0.000444854660217013,-21.710134758744392,-21.753267390384956
310,310,0.00044744249856934796,0.00044486057748527904,-21.729767822882437,-21.753209622756682
311,311,0.0004486613282837819,0.00044727517371556083,-21.71739480696724,-21.729700904986004
312,312,0.00044999331339099207,0.00044738433912004297,-21.712604864042678,-21.72864106194323
313,313,0.0004489503458223891,0.0004483603268837262,-21.717129485187748,-21.719177064355605
314,314,0.0004496058795994781,0.0004463261161857334,-21.72245140420161,-21.738925838025892
315,315,0.0004456636496488312,0.0004453638715571479,-21.7412234504376,-21.748298999110922
316,316,0.00044782108689667946,0.0004450426648346413,-21.72753328484038,-21.751432361400724
317,317,0.00044961411718365534,0.00044543692983049706,-21.71444070889162,-21.747586633226327
318,318,0.000447865259910444,0.00044867567607740825,-21.724840074659735,-21.716123576649903
319,319,0.00044927199535580716,0.00044766655283685967,-21.720397686733193,-21.725902360376782
320,320,0.0004479844842019693,0.0004476703011038664,-21.723528573802472,-21.725865997488995
321,321,0.00044972962938661965,0.0004476813513687567,-21.70722880665736,-21.725758797841735
322,322,0.0004476152247024374,0.0004509559688525961,-21.729327489762,-21.69410743936071
323,323,0.000445882060394632,0.0004458531176695894,-21.738948251095085,-21.743530757238545
324,324,0.00044761704984265044,0.0004487948424771036,-21.740761122639555,-21.7149702616596
325,325,0.0004453248564590767,0.00044548231801998456,-21.751301227757303,-21.747144127571573
326,326,0.0004467492690309882,0.0004443338456392092,-21.737352198792546,-21.758354881318787
327,327,0.00044814977625663363,0.00044481626766929895,-21.729996777913904,-21.753642218225366
328,328,0.000448091015922981,0.000445969111751765,-21.723157508196817,-21.742401034555158
329,329,0.0004476669308076584,0.000445753600950794,-21.72430568548191,-21.744500233154483
330,330,0.00044646148375456326,0.00044826189772912155,-21.7367293669436,-21.72013058162746
331,331,0.0004474105038584124,0.0004472885522868876,-21.739731213403033,-21.72957100390608
332,332,0.0004470526560608144,0.00044481646526898995,-21.729121830943097,-21.753640288969564
333,333,0.0004475268525714727,0.0004479158516532104,-21.73122448266657,-21.72348451244811
334,334,0.0004470523542210882,0.0004445562647704623,-21.739930563710157,-21.756181487729236
335,335,0.0004470402950339365,0.0004473677560638048,-21.73437415199041,-21.728802043512466
336,336,0.00044755355998652883,0.00044710946722740407,-21.729808228586226,-21.731310177125778
337,337,0.00044787702775925167,0.000447544638422857,-21.72433718315636,-21.72708524902049
338,338,0.0004493557825833367,0.0004459840542710337,-21.715042040686914,-21.742255523469783
339,339,0.0004470516002218517,0.000446361682598332,-21.735683373209255,-21.738579775342792
340,340,0.00044736311382124414,0.00044465400921916097,-21.72678646511518,-21.75522671075198
341,341,0.0004499272410949865,0.0004482024860886955,-21.71643789085541,-21.72070622407576
342,342,0.0004464039700849884,0.00044521430237708906,-21.73379464225576,-21.749757760892297
343,343,0.00044800311935460675,0.00044633142227355977,-21.7257436412022,-21.738874207819137
344,344,0.00044746243949384267,0.00045320098778527037,-21.72536713126988,-21.672540357875782
345,345,0.000449819685339198,0.0004475838474096044,-21.71862318807208,-21.72670478416286
346,346,0.00044707701596690666,0.00044622846211208716,-21.73178237008131,-21.739876158073997
347,347,0.00045038696820127593,0.0004447871240125479,-21.71544845023029,-21.753926770407435
348,348,0.0004463638836090674,0.000447665999864081,-21.73456368962052,-21.725907724931567
349,349,0.0004477831958097012,0.00044511182472648983,-21.723968034838535,-21.75075751765592
350,350,0.0004462172876150568,0.00044613667169438775,-21.741613883112834,-21.740769605622067
351,351,0.000447457840788591,0.0004464936470245256,-21.736297691234903,-21.737295996871204
352,352,0.00044640844697420746,0.00044676600832884247,-21.737889854305323,-21.734647606461863
353,353,0.0004480627789066087,0.00044328331377504294,-21.732079326806243,-21.768634998143064
354,354,0.0004487236995926876,0.00044601896508155684,-21.723276964159332,-21.741915579051483
355,355,0.0004485737104520931,0.0004447638378846214,-21.72678834803833,-21.75415414438147
356,356,0.00044775127520851947,0.0004429936801132403,-21.729087615876402,-21.77147353071109
357,357,0.0004478278155822653,0.00044498157436273207,-21.73140697371144,-21.752028553138434
358,358,0.00044700614783970506,0.00044471395698277965,-21.739959159057534,-21.754641239181808
359,359,0.0004467016917691787,0.000444381522308839,-21.735863497059917,-21.75788891177888
360,360,0.00044638675681949044,0.0004491600388734552,-21.734331859757642,-21.71143772808169
361,361,0.0004476271245686203,0.0004464781928905531,-21.737623549036268,-21.7374463184112
362,362,0.0004453246893370812,0.0004438519444145066,-21.750895744724723,-21.763067567911865
363,363,0.00044434499499608867,0.0004467995864902868,-21.755228862215148,-21.734321210496773
364,364,0.0004459814790794722,0.0004524943682267086,-21.740955350915804,-21.67931705238609
365,365,0.0004485424682401966,0.0004473229591416097,-21.731155540439552,-21.729236943658435
366,366,0.00044753226468377967,0.0004467033064237943,-21.723164107324425,-21.735257164976346
367,367,0.0004465484381989413,0.00044529471932420214,-21.740972131079744,-21.748973386211603
368,368,0.00044760385230567653,0.0004440499239870788,-21.737134356680706,-21.761130835027693
369,369,0.0004465664255663215,0.000446351520766161,-21.734867485074034,-21.7386786475813
370,370,0.0004454281384523804,0.00044469639052342817,-21.746185796772423,-21.754812791410437
371,371,0.00044698128686766574,0.0004446320848441438,-21.732442234250673,-21.755440851851333
372,372,0.0004493824044871384,0.0004465633874612027,-21.717465887510187,-21.736617700061338
373,373,0.00044746058374960166,0.00044474236078952486,-21.728060706144035,-21.754363864873657
374,374,0.0004481935331156266,0.0004449972643909094,-21.72733442656878,-21.751875423819797
375,375,0.00044591266532265344,0.0004454024662998946,-21.747421408007355,-21.747922660600953
376,376,0.000447160403841876,0.0004468855408240894,-21.737835409324624,-21.7334858045615
377,377,0.00044891915581736367,0.0004462474607862532,-21.72309472727698,-21.739691256293604
378,378,0.00044757023288090667,0.0004435584552610587,-21.731946367164138,-21.765940212283283
379,379,0.000446865367811154,0.00044570516145445014,-21.73995072572305,-21.744972201278557
380,380,0.0004443284457179804,0.00044697907440805515,-21.75534795247266,-21.73257691704442
381,381,0.0004474726675399915,0.00044943878923444763,-21.72927298732317,-21.708743316655728
382,382,0.000445833673326241,0.00044761507428790396,-21.747775975189427,-21.726401797628597
383,383,0.0004473537687913121,0.0004423621024838404,-21.728143135202707,-21.777669700234362
384,384,0.0004466051123580252,0.00044977669236495306,-21.741533222685998,-21.705479372141724
385,385,0.0004465602231499998,0.0004445106759177227,-21.73675939250371,-21.756626875726305
386,386,0.00044579721672806085,0.0004465312047518398,-21.7444642962517,-21.736930696539357
387,387,0.0004472966271707039,0.0004485238980697958,-21.731732834207488,-21.71759295656734
388,388,0.0004484851901016208,0.00044476859406323026,-21.729800548023338,-21.754107702406998
389,389,0.0004457005989118527,0.0004426379930105452,-21.740671973907947,-21.77496195505222
390,390,0.00044696437184142007,0.0004477236024716771,-21.73934667353525,-21.725348940362448
391,391,0.0004466080809487318,0.0004484325166375033,-21.736883362350312,-21.718477870288446
392,392,0.00044710003889703487,0.00044610800442138786,-21.729984044021755,-21.7410486779172
393,393,0.00044731530072839607,0.0004450842005960447,-21.734249607859635,-21.751027053962133
394,394,0.00044632837723594963,0.00044684585698537136,-21.742098828908336,-21.733871479099275
395,395,0.00044529025740537445,0.00044975108558949277,-21.747983434648756,-21.705726632572304
396,396,0.0004474048442135267,0.0004462151677886906,-21.73354206927567,-21.740005547787785
397,397,0.0004486582354767267,0.00044320262263921136,-21.723745610800403,-21.769425619035903
398,398,0.0004459317493343668,0.00044647983802286416,-21.74360231225263,-21.737430316049164
399,399,0.00044606242073248574,0.00044646496749728133,-21.743823079467347,-21.73757496524057
400,400,0.00044727562020590396,0.0004457316535990685,-21.734346926517226,-21.744714069865747
401,401,0.0004468119646825818,0.00044588556384520705,-21.745185101035155,-21.743214718575476
402,402,0.00044669782636043876,0.0004435110512483669,-21.73633480853126,-21.766404376613146
403,403,0.0004457849040075407,0.0004441838199885464,-21.744764428395147,-21.7598214883513
404,404,0.00044371640236481793,0.00044531859059229886,-21.76213441161014,-21.748740576755523
405,405,0.0004467319093462195,0.0004442129621135169,-21.742722876978196,-21.759536564670235
406,406,0.00044510780129168836,0.00044840382026067297,-21.755435420216923,-21.718755795648946
407,407,0.0004479242119693303,0.0004491804621035331,-21.734828019932017,-21.711240259613614
408,408,0.0004505231156201131,0.0004439051155809705,-21.719684871086997,-21.762547336752696
409,409,0.00044754490054682973,0.0004465656085430007,-21.731072913560343,-21.736596099518234
410,410,0.0004470242930278566,0.00044739069447754636,-21.739103322650596,-21.728579368297545
411,411,0.000446597377039953,0.0004481087533732582,-21.73653459917801,-21.72161456036441
412,412,0.00044695478647985716,0.00044738203225853413,-21.734031512364712,-21.728663455659753
413,413,0.0004474404279968327,0.00044550126001827026,-21.73675670559382,-21.746959468605105
414,414,0.0004449739875799986,0.0004454024571092113,-21.753481061905113,-21.747922750215704
415,415,0.000445282110433123,0.0004435638670417431,-21.747307006925517,-21.765887225081187
416,416,0.00044706496698109757,0.0004466854382036744,-21.735501099588845,-21.735430887097817
417,417,0.0004469467511222957,0.000450707952136566,-21.73908102200369,-21.696496628756023
418,418,0.00044590012457212144,0.00044595155754665797,-21.74203835809628,-21.742571984611047
419,419,0.00044709974095782207,0.00044691747844856426,-21.740535781691797,-21.733175437874852
420,420,0.00044788211072823895,0.00044633506025236686,-21.73200240792163,-21.738838809287838
421,421,0.0004471873113832715,0.0004444491764604065,-21.737438426059015,-21.75722777744135
422,422,0.0004475598464139075,0.00044952938639509837,-21.730298588448022,-21.70786796092798
423,423,0.00044627106039227976,0.0004442353429591381,-21.741024569608385,-21.7593177589682
424,424,0.0004458214041114468,0.0004476815612226921,-21.742084439892693,-21.725756762054797
425,425,0.0004456630099646401,0.0004445216802291964,-21.748656932288387,-21.756519363064534
426,426,0.0004448826870636189,0.00044465385297754486,-21.754008665788295,-21.755228236767312
427,427,0.0004480159973495246,0.0004429837465163712,-21.732152219447652,-21.77157091708181
428,428,0.00044653768928423906,0.0004444826872235066,-21.738187977179354,-21.75690033863304
429,429,0.00044436014128954526,0.0004452945875910748,-21.762756319703694,-21.74897467100067
430,430,0.0004468361391642697,0.00044820853509008884,-21.7431278961746,-21.720647611500404
431,431,0.00044488456291050563,0.0004445572834045283,-21.75262588392024,-21.75617153653336
432,432,0.00044696284614061723,0.0004473902686425534,-21.740687977211838,-21.728583501997196
433,433,0.0004452908655854192,0.00044571844046004117,-21.745524742683063,-21.744842812762446
434,434,0.0004461095110302042,0.00044133984575685307,-21.75254977681188,-21.78771744663875
435,435,0.0004456296770775825,0.0004446778192160357,-21.750949011961062,-21.75499416425069
436,436,0.00044562207167660916,0.00044513025970541333,-21.748229231104446,-21.750577651757386
437,437,0.00044604697049902654,0.0004459635529201478,-21.746853148113896,-21.74245516801148
438,438,0.000446475788137213,0.00044469841553731576,-21.740739184104036,-21.754793014988287
439,439,0.0004471041539386299,0.0004484338615408265,-21.744004712678983,-21.718464845291496
440,440,0.00044519043546746074,0.00044662987133242975,-21.756676741230272,-21.735971175287926
441,441,0.00044763115679931624,0.0004437587524176036,-21.734926790120777,-21.763979516591746
442,442,0.0004461125156256495,0.000446464106636612,-21.74216067080179,-21.73758333918759
443,443,0.00044503135303006577,0.00044400106325108364,-21.75553832568511,-21.761608734345433
444,444,0.00044575771292882787,0.0004466692656646238,-21.75333436993136,-21.735588129107924
445,445,0.00044611963826308467,0.0004473557101415568,-21.74118791848607,-21.728918984170885
446,446,0.0004454686401829546,0.0004473605704812431,-21.744270254284437,-21.728871800080206
447,447,0.0004448734971541028,0.0004464348664776863,-21.74560691267412,-21.73786777987032
448,448,0.0004478676200210664,0.00044501841828030974,-21.735614573297394,-21.75166897762749
449,449,0.0004443137272808355,0.0004475411490267633,-21.757463465347048,-21.727119110031133
450,450,0.0004464902233370801,0.00044540939454332386,-21.738840526861303,-21.747855106541046
451,451,0.0004473411368287754,0.0004450450773890081,-21.746212620520105,-21.751408818574568
452,452,0.00044607654659163936,0.000447637905477007,-21.746181645279556,-21.726180285728184
453,453,0.0004454355824321086,0.00044428996012644157,-21.749460446120406,-21.75878384205386
454,454,0.00044601690414188835,0.00044472857016923006,-21.751905154284973,-21.754498533474692
455,455,0.00044727038301661917,0.00044519625953398645,-21.737322284084154,-21.749933767501687
456,456,0.0004456350783884679,0.0004461733762199353,-21.745707735763624,-21.740412317862
457,457,0.00044323407688427757,0.0004445864638240126,-21.7668342119089,-21.755886478122825
458,458,0.00044524543450607623,0.00044612577920289417,-21.74929273718155,-21.740875640543635
459,459,0.00044702108620579557,0.00044627726157686035,-21.73505096099189,-21.739401240373653
460,460,0.0004452193172686954,0.00044422901976902624,-21.749038629506046,-21.759379576339587
461,461,0.0004450670013218619,0.00044502757679622034,-21.754243065392682,-21.751579600383067
462,462,0.0004456940010434842,0.0004466777670466782,-21.74923575899947,-21.735505471346052
463,463,0.0004458978706754782,0.00044692130177281797,-21.745882698779706,-21.733138284673117
464,464,0.00044428621335963227,0.00044964742540430864,-21.759199725049598,-21.706727724881606
465,465,0.0004457716197591544,0.0004442292189004978,-21.745199917224237,-21.75937762955817
466,466,0.00044512755529158124,0.00044450850232112174,-21.751958149177796,-21.756648112186276
467,467,0.00044640319358279026,0.00044778856375303705,-21.747114645741135,-21.724718857887957
468,468,0.00044437915569209714,0.00044673053995019903,-21.752333973078763,-21.73499240289481
469,469,0.00044471295202419775,0.00045001415970833287,-21.753922769336246,-21.70318704478545
470,470,0.0004464094860109587,0.0004459353819440462,-21.748548631552506,-21.742729515227218
471,471,0.00044487558782926385,0.0004448630987960649,-21.757867570125683,-21.753185008567115
472,472,0.00044511544239736093,0.0004465060789554723,-21.752696045386447,-21.737175075915623
473,473,0.0004463446687801367,0.0004439895335388811,-21.752705083236705,-21.761721512350192
474,474,0.000447341901929473,0.0004436142718125331,-21.73862652832179,-21.765393738759098
475,475,0.00044699736598389437,0.00044797299625842194,-21.743734555786563,-21.722930479728415
476,476,0.00044594416526847126,0.00044418515416940575,-21.74744910913305,-21.75980844360521
477,477,0.0004444711745030141,0.0004464765247815338,-21.757647896501563,-21.73746254433012
478,478,0.00044481466451093323,0.00044396568524749264,-21.752120445487773,-21.761954793964765
479,479,0.000446766096445703,0.00044633189559374983,-21.739032608055204,-21.73886960226758
480,480,0.0004453245828230625,0.0004444089947930096,-21.74856065378167,-21.75762043123023
481,481,0.0004441726952191135,0.00044841362978331745,-21.759079590713498,-21.718660788096305
482,482,0.0004433932637354148,0.0004462937802983154,-21.76194185084203,-21.739240491497867
483,483,0.00044465142052582245,0.00044569843846961463,-21.75381752259671,-21.745037710442222
484,484,0.00044430503363663464,0.0004455086462640841,-21.762859682430044,-21.746887464786152
485,485,0.0004442330541631649,0.0004461138527595291,-21.75934715538898,-21.740991743625294
486,486,0.000446472204165514,0.00044196486583371694,-21.73558771060714,-21.781571372419933
487,487,0.00044617560252873707,0.0004446059465408325,-21.753405772445063,-21.755696165288164
488,488,0.0004472204324424497,0.0004471313134816132,-21.743112856709025,-21.73109798130873
489,489,0.00044620251847123825,0.0004452607582176202,-21.74870142583767,-21.74930462040345
490,490,0.00044515868168823496,0.00044728260285123005,-21.750970182406228,-21.729628770290827
491,491,0.0004450269772541546,0.00044679324798236946,-21.753931795789807,-21.734382821980347
492,492,0.00044621742653334033,0.0004447855248336533,-21.749387362335682,-21.753942384974057
493,493,0.0004462316712081317,0.00044661479095291153,-21.748317580795934,-21.736117816536105
494,494,0.0004440946702499749,0.0004430677677431193,-21.752514497507434,-21.770747263949644
495,495,0.0004464531528581049,0.00044446559714790627,-21.74477247081056,-21.75706732529942
496,496,0.0004452011480773847,0.00044527895270699735,-21.74691608523443,-21.749127160235382
497,497,0.0004471723262110207,0.0004433278717394722,-21.736313830970598,-21.768198475834097
498,498,0.0004474372754819192,0.0004454786555326887,-21.742736070487997,-21.747179832794806
499,499,0.00044692005720901656,0.0004435894523722757,-21.740455075850726,-21.765636725700126
500,500,0.0004444691603379228,0.0004463671633091412,-21.758114450992473,-21.73852645024924
501,501,0.000446703593119422,0.00044373377214038844,-21.744335207042727,-21.764223998573367
502,502,0.00044358161802538046,0.0004466508414081641,-21.770915112842737,-21.735767271004573
503,503,0.0004440819584769341,0.00044661751752229114,-21.759737470373167,-21.736091303074268
504,504,0.0004470817814941144,0.0004420085935730879,-21.739434355701135,-21.781141705313342
505,505,0.00044569749860381036,0.00044735855772159994,-21.75472140619775,-21.72889133985261
506,506,0.0004444821727505319,0.0004433311114553362,-21.759690080103518,-21.768166738926237
507,507,0.00044554140155933335,0.00044602096711873616,-21.750952455864926,-21.741896084998174
508,508,0.0004440756588478179,0.00044831096985083267,-21.761447083611078,-21.7196551768396
509,509,0.0004455644982991759,0.0004422459659460736,-21.753121414370824,-21.778810034798095
510,510,0.0004447539758234832,0.0004462184580533128,-21.76203512308346,-21.739973524257334
511,511,0.0004445796414787315,0.00044452210453240886,-21.754211101730117,-21.75651521765467
512,512,0.00044465795988649055,0.000444743048558992,-21.75690048683503,-21.75435714875485
513,513,0.00044714526384924874,0.0004464502271730453,-21.739645477787445,-21.737718352686898
514,514,0.00044615486169896407,0.00044440390928158244,-21.748817376775772,-21.757670129193446
515,515,0.00044515512742044537,0.0004419492677123727,-21.762865727787034,-21.781724649254674
516,516,0.00044710575914989735,0.00044262777909783547,-21.73783866123336,-21.775062170062633
517,517,0.00044502406057027967,0.00044333478926043764,-21.76108302476791,-21.768130710689224
518,518,0.0004452829472432585,0.00044403232689211637,-21.75514725633301,-21.761302943438444
519,519,0.0004449530760277562,0.00044531741724839727,-21.754199318670068,-21.748752019741822
520,520,0.00044544849733188366,0.0004457410617952088,-21.751803273666432,-21.744622402951034
521,521,0.00044628409440773204,0.0004434340011549035,-21.748844542780613,-21.767158931371974
522,522,0.00044541692297627247,0.00044905888774481257,-21.749223368453606,-21.712415872182014
523,523,0.0004463763589509907,0.0004453298415204412,-21.745002853737752,-21.748630854089818
524,524,0.00044550540372153224,0.00044608567259274423,-21.74904705548585,-21.74126608788552
525,525,0.0004447976684740255,0.0004418403489245592,-21.753494825893867,-21.782795103758144
526,526,0.0004450976392542271,0.0004440154512657931,-21.75107788076144,-21.761468001931288
527,527,0.00044603708449789543,0.00044613810237742176,-21.75046876987075,-21.74075567857257
528,528,0.0004465084246326161,0.0004460333929225606,-21.744620133780362,-21.741775095554566
529,529,0.0004445491820698623,0.0004441054403095653,-21.759325348525103,-21.760587902259125
530,530,0.0004449865385318732,0.0004433285074284006,-21.756183193426853,-21.76819224847928
531,531,0.00044288058235962904,0.000441600041660039,-21.768686199767057,-21.785157778651183
532,532,0.0004447324089849963,0.00044605017051492865,-21.76422983196833,-21.74161173830678
533,533,0.00044515234605438007,0.0004433125723153353,-21.757259558140767,-21.768348355202317
534,534,0.00044705017443419885,0.0004434124275576323,-21.734397487360496,-21.767370225998597
535,535,0.0004475749882067717,0.00044455910162804156,-21.731652511749672,-21.75615377407949
536,536,0.0004437098669046632,0.00044505014911441033,-21.767736313684367,-21.751359326738402
537,537,0.00044437632902006896,0.000445087357595759,-21.76125096498945,-21.750996249393225
538,538,0.00044445729137580726,0.0004481024899225878,-21.760101663199354,-21.721675264402307
539,539,0.0004461979971761748,0.00044677715662768796,-21.74178483187483,-21.73453923688642
540,540,0.00044745126572322367,0.00044272762668122977,-21.73573228370973,-21.774082602887685
541,541,0.00044686474642937176,0.00044496789862597853,-21.744807350683253,-21.752162028064568
542,542,0.0004441141707164994,0.000447869447893218,-21.75845160321162,-21.72393446171458
543,543,0.0004441875009677498,0.00044466112280803686,-21.759601547730426,-21.755157232739425
544,544,0.0004447941274079734,0.0004443977699051366,-21.749669994710608,-21.7577301267694
545,545,0.0004458424815855267,0.0004440575476588779,-21.748504971155644,-21.761056273812976
546,546,0.00044392555659233604,0.0004463978295557593,-21.761722387340924,-21.738228092186397
547,547,0.0004457648616696986,0.00044255758065877383,-21.751795313338466,-21.775750992905234
548,548,0.00044419736026536633,0.00044421548495608335,-21.759402093036357,-21.75951189962019
549,549,0.0004457124240682028,0.0004421305370909211,-21.75085430961277,-21.77994371745379
550,550,0.000443665656085923,0.00044234749695629274,-21.76063048253363,-21.777813094180214
551,551,0.0004451461442381374,0.0004432859729460784,-21.758152920447284,-21.768608945733522
552,552,0.0004453991495370481,0.0004457675524080466,-21.75018263532763,-21.74436430725128
553,553,0.0004452120848168072,0.000447221351542363,-21.75223132105775,-21.730223538046992
554,554,0.0004445795619682668,0.0004408851918445802,-21.763913962762423,-21.79219371276906
555,555,0.00044567265083350854,0.0004442198336810658,-21.75557308300513,-21.759469383812377
556,556,0.00044625376161552734,0.0004451713359326516,-21.743160899779497,-21.750176907134954
557,557,0.00044620734430638327,0.0004464741719666084,-21.744837257758626,-21.737485430577763
558,558,0.00044535657963427455,0.0004427026433404535,-21.74990708667544,-21.77432768434489
559,559,0.0004444443143678579,0.0004456721730285177,-21.76059490842208,-21.745293651932535
560,560,0.00044523843098431826,0.0004463507732572524,-21.749828407208746,-21.73868592075616
561,561,0.00044284918622747446,0.00044290539440944006,-21.76998973341351,-21.77233913708141
562,562,0.0004449920079517226,0.00044401633816673174,-21.75280028841723,-21.761459327102564
563,563,0.0004447703207746993,0.00044709902661117286,-21.750974639154975,-21.73141159199822
564,564,0.0004454682774352121,0.00044297219382746046,-21.754546200275577,-21.771684179351787
565,565,0.0004452739838635568,0.00044600326739447683,-21.75407259951416,-21.742068432167247
566,566,0.0004464131713960051,0.0004448293475434184,-21.74202903743362,-21.753514515305067
567,567,0.00044329356931428396,0.00044614224890737156,-21.7720450863856,-21.740715314239235
568,568,0.0004434509697303022,0.00044244846120770827,-21.768444836127834,-21.776821945496838
569,569,0.00044472416990062164,0.0004410091527173982,-21.75573183926651,-21.790972806348165
570,570,0.0004455452903711535,0.000441116271663065,-21.755766654984107,-21.78991805458717
571,571,0.00044590304485647025,0.0004437233177381323,-21.748720812963633,-21.764326319897144
572,572,0.0004440814664121717,0.0004413841310643444,-21.760706591111184,-21.787281684946677
573,573,0.0004430662284931648,0.00045084405543380663,-21.7740683962221,-21.695185358614907
574,574,0.00044521677263378715,0.000442956954142765,-21.75746410872574,-21.77183359335369
575,575,0.0004442153275301008,0.0004439939619164522,-21.760743385655065,-21.761678195780622
576,576,0.0004427888428854766,0.00044701939699926267,-21.76876646470326,-21.732185151746613
577,577,0.0004448365250880801,0.00044530744688879505,-21.76227274043005,-21.748849256464766
578,578,0.00044574736186648846,0.0004432804370911694,-21.74929666527654,-21.76866318174365
579,579,0.000442660993958833,0.0004432099062557283,-21.77156579907694,-21.76935424742599
580,580,0.0004443670899040767,0.00044629041804000735,-21.76077177613257,-21.739273210209056
581,581,0.00044566952562218856,0.00044227829111102775,-21.75562770831718,-21.77849260674204
582,582,0.0004431247721983062,0.00044162149424664676,-21.772575249406792,-21.7849468068936
583,583,0.000445102775930283,0.00044245282065515453,-21.75718778744845,-21.776779154645276
584,584,0.00044507139990077423,0.00044277435364691834,-21.752066975790857,-21.773624258043192
585,585,0.00044361061984241084,0.0004464687172960686,-21.767640077246693,-21.737538489588466
586,586,0.0004453735765713008,0.00044418368059651633,-21.75378065517898,-21.75982285123748
587,587,0.00044481939463348116,0.0004452188425746403,-21.753648220481715,-21.74971347272188
588,588,0.0004442759250055461,0.0004424797570161325,-21.76287699312757,-21.776514765849242
589,589,0.00044539857286114975,0.000445260203713061,-21.753685324129354,-21.749310028884118
590,590,0.0004449294167138713,0.00044385885734013036,-21.75729561850989,-21.762999927742428
591,591,0.00044690966384110914,0.00044007247197441757,-21.739041749319913,-21.800206807372206
592,592,0.00044400117254441546,0.0004466946365458793,-21.76389477770609,-21.735341456196558
593,593,0.00044358794795848505,0.0004438307200632009,-21.762781851678746,-21.763275246151505
594,594,0.00044270732515664366,0.0004425191344987405,-21.768645771645758,-21.776128292519545
595,595,0.0004450631731180186,0.00044369086237183134,-21.76298211065436,-21.764643988620836
596,596,0.0004440011470410589,0.0004421532488011412,-21.766947640449054,-21.779720631368015
597,597,0.0004439329954713929,0.00044514985424221347,-21.762224407248254,-21.75038648048273
598,598,0.0004453853585219644,0.0004459672154074437,-21.748733541049468,-21.742419501610474
599,599,0.00044450478102608595,0.00044640019768849015,-21.76028238489907,-21.73820505300069
600,600,0.00044469317312102724,0.0004426095907355806,-21.762233116023534,-21.77524063305194
601,601,0.0004439725946831834,0.0004436131367631453,-21.76144286888966,-21.765404850807283
602,602,0.0004451366923941472,0.0004452180537076569,-21.751023851344108,-21.749721167833783
603,603,0.00044564596592141414,0.00044527509108822986,-21.756880648866783,-21.749164823973672
604,604,0.00044608899102949526,0.0004438601792667453,-21.747558308616412,-21.762986993347404
605,605,0.0004454962777204274,0.00044206696207095916,-21.754868100610416,-21.780568244902238
606,606,0.0004453976178354555,0.0004419894983967472,-21.749812721577438,-21.781329328562585
607,607,0.0004473108220389401,0.0004450930190566731,-21.739687085341643,-21.750941007977012
608,608,0.0004445007031893876,0.0004410138430294434,-21.77007507433881,-21.790926617605933
609,609,0.0004426517731452495,0.0004448168390234442,-21.772162295442573,-21.753636639836913
610,610,0.00044539665110822113,0.00044473961890233974,-21.753145093205646,-21.75439063970444
611,611,0.0004432769024206959,0.0004430854781898425,-21.766703638749423,-21.770573669837784
612,612,0.0004463197306979486,0.00044476277789248054,-21.7505959435016,-21.754164494802232
613,613,0.00044463965357713326,0.0004435846578991531,-21.76046192198673,-21.765683666051444
614,614,0.0004458849593761771,0.0004426091066929267,-21.754402885615995,-21.775245382546142
615,615,0.0004450895387880965,0.0004433217568715152,-21.751975213768205,-21.768258378941834
616,616,0.0004443524542778308,0.0004463153600227088,-21.76647911150601,-21.739030501373335
617,617,0.0004447190485265797,0.0004435167035185977,-21.756529831845633,-21.76634902885749
618,618,0.0004425165015416815,0.00044304750994534085,-21.774121370575216,-21.770945835174263
619,619,0.000444939649560652,0.0004418933546587237,-21.755531561251825,-21.78227413012568
