,epoch,train_loss,test_loss,train_dbs,test_dbs
0,0,0.003872014411734705,0.003726941925522528,-14.115620612067154,-14.282361751104
1,1,0.003633376141318802,0.003484858579835609,-14.395575348338985,-14.574036420446623
2,2,0.0033980606402241693,0.0032891125148652414,-14.68992063747443,-14.825100703907317
3,3,0.0032037258791478024,0.0030926494050378863,-14.941247798475509,-15.092581111382122
4,4,0.0030322840854948023,0.0029338355249676263,-15.183235771752246,-15.321530375751182
5,5,0.0028725638361551714,0.002788800133490249,-15.417406013493146,-15.54171410038446
6,6,0.002747639872076124,0.002682031499908159,-15.61182000101198,-15.711249263476734
7,7,0.002618001973179659,0.002563911294074435,-15.816447008429623,-15.90685805159341
8,8,0.002527931107438563,0.00245787278062811,-15.97096192577585,-16.0902940052098
9,9,0.002434865871597965,0.0023678524272614404,-16.141576857101157,-16.252341684298166
10,10,0.0023231828110004517,0.0022769491065685685,-16.330680645405174,-16.4223547704084
11,11,0.0022621826753596364,0.0022118045752377888,-16.454442415431135,-16.548420485047245
12,12,0.002178454085147565,0.00213336958059747,-16.617134913962555,-16.705227023346954
13,13,0.002116003116957613,0.0020748223423173555,-16.748626873382904,-16.826078846308885
14,14,0.002058528112871668,0.0020181901789711495,-16.87070244358398,-16.94626712137579
15,15,0.0020026702160188523,0.001963550666053044,-16.986686605215663,-17.065466886182094
16,16,0.001943981866640298,0.001908651308009499,-17.115638000761567,-17.188622063211227
17,17,0.0018988674153698627,0.001863879163896567,-17.220632944954147,-17.29171047163637
18,18,0.0018541888362660851,0.0018191935837660964,-17.318075007496848,-17.397098849880518
19,19,0.0018173670972284582,0.0017771161970143255,-17.407955614191668,-17.498729754477324
20,20,0.0017800438769891398,0.0017469425648941022,-17.497663952008473,-17.57310173892154
21,21,0.0017464118109555128,0.0017184811509459426,-17.580732792984293,-17.644440276252993
22,22,0.0017120500068785144,0.001682257641253895,-17.666585729886375,-17.73696290934349
23,23,0.0016795420411916584,0.0016524844165695341,-17.753345922061683,-17.814514279445618
24,24,0.001649965384504614,0.0016303519951179624,-17.828271336841016,-17.873074213212035
25,25,0.001627401997258445,0.0016109570860862732,-17.889866376926907,-17.925048290896285
26,26,0.0016124912996094713,0.001577020935273092,-17.936288983164285,-18.017513418779526
27,27,0.0015763350157547242,0.0015639341497597726,-18.018307462084827,-18.053703376730816
28,28,0.001554710148430439,0.0015388786866280593,-18.083054310221755,-18.123844158517926
29,29,0.0015330529992574268,0.0015227258278939285,-18.14563832379881,-18.169670864565862
30,30,0.0015099939251721826,0.00149529945644501,-18.21006414941069,-18.24860625150627
31,31,0.0014989894092294206,0.0014784836369615636,-18.24057966029432,-18.297722782347194
32,32,0.0014816093469787505,0.001458438389052294,-18.29613939777786,-18.357007132847958
33,33,0.0014613892069355269,0.0014501610758567327,-18.351282881384197,-18.381725566537543
34,34,0.0014505261140059411,0.0014352688051171992,-18.381746062848386,-18.426555548211308
35,35,0.0014436073594044933,0.0014183911629707406,-18.413291954633078,-18.477927837843694
36,36,0.0014194178853433618,0.0014118207373509282,-18.482444045907865,-18.49809243906279
37,37,0.0014108232457728423,0.001394057162351122,-18.50760572625061,-18.553082185201617
38,38,0.0013906969724837499,0.0013817718902014587,-18.564058328303204,-18.5915244713725
39,39,0.0013811050508574572,0.0013693317795466435,-18.59250180538823,-18.630801131825127
40,40,0.0013600361891110072,0.0013594993782278738,-18.65808566818022,-18.662097872951858
41,41,0.0013630888028761622,0.0013518956563386478,-18.655808254387757,-18.68645627940414
42,42,0.0013538409929396106,0.0013438221741173613,-18.685126609757138,-18.712469975809334
43,43,0.001339577632888998,0.0013287844638781327,-18.724511029396734,-18.76134258882079
44,44,0.0013336115672742737,0.001325424950520851,-18.74676221808414,-18.772336588647516
45,45,0.0013253513937239948,0.001313205691985786,-18.777538360115162,-18.81256044116219
46,46,0.0013155565469900204,0.001305106402325787,-18.806395533678597,-18.839428804437585
47,47,0.0013131415951497776,0.0013021013429878575,-18.81732221284143,-18.84944013758528
48,48,0.0013110763453350392,0.0012922482565045357,-18.82933723319886,-18.88242845700558
49,49,0.0012962649655576372,0.0012874713620955223,-18.871812071956143,-18.89851223013072
50,50,0.0012837470984374433,0.0012884321622550488,-18.9039403288426,-18.89527243312046
51,51,0.0012836852686998156,0.001273998096095104,-18.92132540712691,-18.94420021616767
52,52,0.0012867129695860995,0.0012714471729276212,-18.90578952606119,-18.952904801096324
53,53,0.0012821715130691522,0.0012663388563516108,-18.91970009219907,-18.970388676186623
54,54,0.0012754018228865929,0.0012735353574450862,-18.945814443902186,-18.94577793711337
55,55,0.0012767382587795867,0.0012614152418743622,-18.942908714809555,-18.987307262565235
56,56,0.0012756824270178824,0.0012628417400839297,-18.94609619665218,-18.98239872614254
57,57,0.0012639374388189813,0.0012574511469881002,-18.982505291474435,-19.000976792348602
58,58,0.0012600491478674345,0.0012562527615380915,-18.993453568517214,-19.005117711458418
59,59,0.001260084868168708,0.0012473837276430505,-18.994150659903106,-19.03588726294239
60,60,0.001262151380549617,0.0012478074365246453,-18.985636895225507,-19.03441231037265
61,61,0.0012585513075314386,0.0012501822171830817,-19.00275606835376,-19.026154834647187
62,62,0.0012556366963292827,0.0012508467954926584,-19.011296767824973,-19.023846803049217
63,63,0.0012567984720346394,0.0012500550855245244,-19.00729906758685,-19.02659649334714
64,64,0.0012526287908483412,0.0012455649159260486,-19.01914192119776,-19.042224337189822
65,65,0.0012580846657150799,0.0012479164380286086,-19.01138512212996,-19.03403295148441
66,66,0.001259981286135915,0.001238962874355677,-19.002525844361,-19.06530507698349
67,67,0.0012536398531177763,0.0012483429653864157,-19.022722518370504,-19.032548823036656
68,68,0.0012489228062907752,0.00124160500586425,-19.027461107473393,-19.05605345699985
69,69,0.0012468086656413436,0.0012403340691602544,-19.04307287053618,-19.06050127645838
70,70,0.0012490152316552,0.0012358147957313218,-19.03285690529752,-19.076354101137234
71,71,0.0012455488658346928,0.0012388019945080344,-19.052088454846764,-19.06586904680207
72,72,0.0012440996835027466,0.0012488165674240965,-19.043821824922837,-19.03090148932532
73,73,0.0012490907359925896,0.0012465578896042548,-19.031296678622606,-19.038763488382664
74,74,0.0012447807899455435,0.0012389830938589416,-19.050700029357174,-19.065234202002298
75,75,0.001247731449092095,0.001235565054230392,-19.04373916263182,-19.07723184039797
76,76,0.0012405286867113918,0.001239286208721368,-19.058097490584206,-19.064171838742144
77,77,0.0012426021084016592,0.0012420549327017444,-19.054268006412162,-19.05447996666901
78,78,0.0012514055010468996,0.0012389086431970721,-19.030072945347495,-19.06549517798563
79,79,0.0012420925861416558,0.0012333169763319586,-19.05836779249729,-19.085140910851127
80,80,0.0012419849487751262,0.0012384910246749457,-19.051807424157595,-19.06695936984591
81,81,0.001246916274204082,0.0012433542747442659,-19.05113896221495,-19.049939087614646
82,82,0.0012475537152999302,0.0012368184734920138,-19.043474714678975,-19.072828372170928
83,83,0.0012510327967939917,0.0012342741185995309,-19.03260816057643,-19.08177178193099
84,84,0.0012457090017107344,0.0012422629485004826,-19.043777520707494,-19.053752683623348
85,85,0.0012505563280842814,0.0012366663064121415,-19.035011285113285,-19.073362722119114
86,86,0.0012461132161108027,0.001240891049076852,-19.037586955042475,-19.058551487166028
87,87,0.0012508468479206114,0.001241399214210871,-19.032120356395634,-19.05677334445688
88,88,0.0012420096480258809,0.0012424311134964228,-19.05721805389264,-19.053164819459187
89,89,0.0012433484686327349,0.0012407439307456738,-19.054979512323563,-19.059066411238362
90,90,0.0012519714559341983,0.0012373838291846607,-19.02711336162942,-19.070843644716454
91,91,0.001254609526739907,0.0012491799057706406,-19.012434358454847,-19.029638110119034
92,92,0.0012452422554806335,0.0012471169037254232,-19.035734479500142,-19.0368163479388
93,93,0.0012567575106435676,0.0012421209034264873,-19.01191495599926,-19.054249300857734
94,94,0.0012525804148814112,0.001249353860897061,-19.021375381608856,-19.029033373431997
95,95,0.0012487833455358584,0.0012459248782282597,-19.02927094611822,-19.040969428235368
96,96,0.0012482841566358645,0.0012464958831275765,-19.030450301499226,-19.038979521193212
97,97,0.001252310604970787,0.0012511023209969465,-19.02331142522037,-19.022959708134678
98,98,0.0012538428610363573,0.0012473887396290113,-19.01860978382526,-19.035869813031628
99,99,0.0012548078120369272,0.001244440729925899,-19.01265714486937,-19.046145836809583
100,100,0.0012559478180771023,0.0012492541542374774,-19.01653191925518,-19.029379982838726
101,101,0.001255267749770938,0.0012452710652723908,-19.012823532459457,-19.043249035073927
102,102,0.0012544854532101565,0.0012409353236618795,-19.012178318557837,-19.05839653508575
103,103,0.0012516639226586703,0.0012403927914994327,-19.021870357829023,-19.06029566907549
104,104,0.0012598848306410706,0.0012492609921058542,-19.001834769173914,-19.029356211531933
105,105,0.001249886090271943,0.0012509698771234405,-19.024092705970027,-19.023419484183684
106,106,0.0012535412553409786,0.001242190372738007,-19.021710594118765,-19.054006415524064
107,107,0.0012466660664733691,0.0012463029706850648,-19.03313222131418,-19.039651703863008
108,108,0.0012487248630387727,0.001239314926543126,-19.03489342254626,-19.06407120140002
109,109,0.0012443865812623623,0.001238913986047632,-19.04492897966079,-19.065476448876545
110,110,0.0012459292186942604,0.0012384326822173438,-19.0423358605995,-19.067163960785322
111,111,0.001239937244069561,0.001237183159805442,-19.062723644700373,-19.071548007173888
112,112,0.0012422698314695322,0.0012335308251510326,-19.06073889410252,-19.084387938882102
113,113,0.0012387741877956642,0.001232060916280668,-19.065251725331144,-19.089566195900105
114,114,0.001239364263457582,0.0012360226277163939,-19.064161024083745,-19.075623791905436
115,115,0.001238454054061746,0.0012310463077339687,-19.07249558236432,-19.09314410687166
116,116,0.0012313037865900808,0.001226265148847903,-19.09425724263054,-19.110044150502773
117,117,0.001239652553400428,0.0012255298880566108,-19.06933764602037,-19.112648933604003
118,118,0.001233052548750774,0.001224888059751768,-19.092651551638184,-19.114923994458387
119,119,0.0012223234270536101,0.0012213830885134246,-19.12728280028691,-19.12736898209386
120,120,0.0012218331517267627,0.001219078273463406,-19.12774611289716,-19.135572092958242
121,121,0.0012163189611848944,0.0012143249868562347,-19.141363376524097,-19.152538691167397
122,122,0.0012265127044190297,0.0012164695960420527,-19.11853837907511,-19.144875417738568
123,123,0.0012195022385471414,0.001210859915437667,-19.133861024279412,-19.164948981360826
124,124,0.0012189578012918535,0.0012085041717479104,-19.138381860363133,-19.173406466647872
125,125,0.0012132192496210337,0.0012044323069092474,-19.167306532730557,-19.18806404362719
126,126,0.0012090695162601385,0.0012107144820650941,-19.166552852877267,-19.165470632988246
127,127,0.0012139650157739206,0.0012101779544824048,-19.15236719799233,-19.167395633610727
128,128,0.0012113842873152385,0.0012068974442387883,-19.168355609986882,-19.179184329753024
129,129,0.0012102009315696574,0.0012065118276759197,-19.17104568279416,-19.180572168515045
130,130,0.001208196799798878,0.0011975594894274284,-19.175935879655583,-19.212917041524186
131,131,0.0012149523401191248,0.0012047728217255912,-19.157326722142077,-19.18683638804094
132,132,0.0012095577441175113,0.001205325151156438,-19.17337683021657,-19.184845816446693
133,133,0.0012056759964271459,0.0012082114975017152,-19.182490507515382,-19.17445836375233
134,134,0.0012054523661943902,0.0011990090991419397,-19.186260971409055,-19.207663216703928
135,135,0.0012058781846378422,0.001205598163467489,-19.185454710734703,-19.18386222862398
136,136,0.0012082053653262172,0.0012009753723089631,-19.18038490500517,-19.200546989181838
137,137,0.0012126303309113863,0.0011975667623214815,-19.171514797622603,-19.212890666482348
138,138,0.0012137216729467216,0.0012044261123887018,-19.167063721896362,-19.188086379901247
139,139,0.0012070465816146473,0.0012012985902593325,-19.186487843888024,-19.199378331690383
140,140,0.0012052420361121138,0.00119798967467719,-19.194767314202608,-19.211357256528114
141,141,0.0012129472062164515,0.00120046842034514,-19.166710729299353,-19.20238060647842
142,142,0.001203188232203811,0.0012015386631614284,-19.19572122942268,-19.19851050481752
143,143,0.0012075383355360978,0.0011984027958916205,-19.17842634160009,-19.209859870204586
144,144,0.0012100985965009818,0.0011997406530243001,-19.176349447007265,-19.20501425489466
145,145,0.0012159557369796885,0.0011996215050059714,-19.16408548843924,-19.205445580584776
146,146,0.0012045979785454488,0.0012004280609911994,-19.199835223183154,-19.20252661731102
147,147,0.0012077379266049752,0.001202561702628277,-19.18437675987142,-19.194814316186108
148,148,0.0012076116063795292,0.0012015017288687982,-19.178846534998957,-19.19864400535739
149,149,0.0012121198161207524,0.0011951764555353868,-19.172482317510845,-19.22156771452359
150,150,0.001206026036897194,0.0012044848776177357,-19.180751777731892,-19.18787448818081
151,151,0.001210244571713289,0.0012021939711351144,-19.17460661760093,-19.196142548915027
152,152,0.0012116968696552915,0.0011997831568710115,-19.163472422433344,-19.204860397816752
153,153,0.0012093471476001684,0.0011948037488189968,-19.180778985739313,-19.222922240149483
154,154,0.0011993869827080941,0.0012013507504506332,-19.205281148335,-19.19918976581956
155,155,0.0012095459933709545,0.0012016662543541507,-19.178595166642467,-19.19804935270696
156,156,0.0012034000624835338,0.001202816811488255,-19.187289738292744,-19.19389311089606
157,157,0.0012004719819086267,0.001204127850207059,-19.19734622662822,-19.189161993089257
158,158,0.0012076330568026943,0.0012046935919084046,-19.17648537902989,-19.18712200374593
159,159,0.001208072971101351,0.0011953618806345683,-19.18050707542513,-19.220893982617067
160,160,0.0012064593743302465,0.0012007185233462799,-19.183111848493336,-19.201475900962002
161,161,0.0012068806981821497,0.00120562265970205,-19.183418327481032,-19.183773986357693
162,162,0.0012090043020770722,0.0012014771039646707,-19.171725068771387,-19.198733015379737
163,163,0.001210482140580557,0.0012002123311456096,-19.16794446309867,-19.203307161386512
164,164,0.001204393826876335,0.001195160886517873,-19.188757554866427,-19.22162428844959
165,165,0.0012065262495319254,0.0012008673021275747,-19.178461104243073,-19.200937808147348
166,166,0.0012090283688445836,0.001201251301130182,-19.178585306209236,-19.19954929511487
167,167,0.001208084690643801,0.0012014308013021946,-19.17584386567492,-19.198900387510555
168,168,0.0012112034319122274,0.0011977351417666988,-19.166807839360125,-19.212280085712386
169,169,0.001206266960205952,0.0012045412777775997,-19.187419225361367,-19.187671133990097
170,170,0.0012123462559232854,0.0012053882482608682,-19.167003506725397,-19.18461847524312
171,171,0.001206796939158332,0.0012005627657727975,-19.182586313575452,-19.202039305633328
172,172,0.0012153090366652025,0.0011977236656668154,-19.163535353348237,-19.212321697839783
173,173,0.001209319992826234,0.0011999764185594885,-19.181147055187026,-19.204160890366843
174,174,0.0012121697942985548,0.0012002743866392656,-19.16979132791248,-19.203082620602572
175,175,0.0012068230954008464,0.0012069966484743514,-19.181528448795696,-19.178827364198977
176,176,0.0012092015036314573,0.001200626205996071,-19.169295292686414,-19.20180982149669
177,177,0.001209209488282345,0.001199462156938879,-19.181412758743747,-19.206022500743416
178,178,0.0012102891467799693,0.0011960310604129183,-19.16808752439289,-19.218463423525453
179,179,0.0012121877234582742,0.0012003379616592276,-19.165234460284843,-19.202852593623145
180,180,0.0012056456036270433,0.0012007135358688078,-19.181996188392677,-19.201493940480855
181,181,0.0012042610089957099,0.0012004857355924813,-19.18703372592608,-19.20231796541254
182,182,0.0012038553292027761,0.0011984561569988728,-19.190790782002583,-19.209666496836466
183,183,0.0012095642717766394,0.0012036580653665098,-19.170446534462368,-19.190856703280904
184,184,0.0012102429863046279,0.0012058896306706103,-19.165982607616346,-19.18281239873145
185,185,0.0012079597866047442,0.001199344638735056,-19.18348645352413,-19.20644802486296
186,186,0.0012072533184240006,0.0012026269687339664,-19.181121147024523,-19.19457861983596
187,187,0.001205602423143909,0.0012002945755069192,-19.187011739940928,-19.20300957197155
188,188,0.0012065384083321876,0.0011996096122617785,-19.18519578931351,-19.205488635654714
189,189,0.0012069523128076004,0.0012010970875914943,-19.184115657745195,-19.200106866941614
190,190,0.001203574409429944,0.0012026524943250575,-19.189170268870956,-19.194486442411016
191,191,0.001206933661152791,0.0012037240544726189,-19.18658115716683,-19.190618613079767
192,192,0.0012098873434972363,0.0012012603325083067,-19.178633828276528,-19.199516643637736
193,193,0.001214817169928904,0.001204525132810599,-19.159284924042936,-19.187729344673276
194,194,0.001209569104812732,0.0012016312623592583,-19.175303766323367,-19.198175819198838
195,195,0.0012075996900111745,0.0011997192816220615,-19.18026337196424,-19.20509161798732
196,196,0.001208511620433521,0.0011998102019884084,-19.173830252167683,-19.204762501686098
197,197,0.0012053468903123411,0.001207673787384441,-19.18740838434139,-19.176391605716365
198,198,0.001211500101357929,0.0011985645151550049,-19.170485007951427,-19.209273848163416
199,199,0.0012039572262137976,0.0012000570085978037,-19.189588139116672,-19.20386922935451
200,200,0.0011998579726967308,0.0011995846810015408,-19.206134042515245,-19.20557889519542
201,201,0.0012026852700072004,0.0012020482252793091,-19.194300265996283,-19.196669090052257
202,202,0.0012113536280800694,0.0011983525044725913,-19.163545785729195,-19.21004212732338
203,203,0.0012084307609913276,0.0012039639680695377,-19.177715609306816,-19.189753109321433
204,204,0.001209187562596629,0.0012028310386660067,-19.17639637270416,-19.193841741907953
205,205,0.0012025544131846772,0.0011990825510828902,-19.18954066845455,-19.207397173722235
206,206,0.001205523200717169,0.001196939700381144,-19.181185185428927,-19.215165285916186
207,207,0.0012053193658897558,0.0012004674890225655,-19.18982986164787,-19.20238397573333
208,208,0.0012093486874028272,0.0012025577506344569,-19.186016678102323,-19.19482858848436
209,209,0.0012116197547059238,0.0012012070939434987,-19.17884029485639,-19.199709122542295
210,210,0.0012069459027639522,0.0012008857386382786,-19.186846354521613,-19.200871132891994
211,211,0.0012065827181639592,0.0012026099598427351,-19.187096598489717,-19.194640043037282
212,212,0.001209631737456033,0.0012020466444817813,-19.173501258980234,-19.196674801404605
213,213,0.001203095868047442,0.0012031311573656766,-19.188095854674273,-19.192758267728067
214,214,0.0012086966391844848,0.0012009611390040892,-19.18428683573906,-19.200598459699375
215,215,0.0012088962722588907,0.0012025053147226572,-19.173992212833785,-19.195017960875298
216,216,0.0012032776751757129,0.0012013275592931006,-19.183991993054,-19.199273603857343
217,217,0.0012104870156221784,0.0011988677035428975,-19.174464860761454,-19.208175397550182
218,218,0.0012068454975492715,0.0011989423502726775,-19.18228793044815,-19.20790499529047
219,219,0.0012063809128036512,0.0012001708689096727,-19.188577809735154,-19.2034571942669
