,epoch,train_loss,test_loss,train_dbs,test_dbs
0,0,0.0007312799313048035,0.0006741610337293854,-15.338076946621316,-15.689843524557949
1,1,0.0006973836805008966,0.0006889192736707628,-15.549505431652689,-15.595796642600988
2,2,0.0006939779508609287,0.0006655328110546657,-15.577037822546568,-15.745785280540863
3,3,0.0006742812165049548,0.0006728957217235706,-15.685472838204007,-15.698002322342866
4,4,0.0006761087282301532,0.0006601945098832642,-15.686454150036814,-15.780760908414743
5,5,0.0006662975473463843,0.0006537980700254833,-15.739594053434873,-15.823043650641077
6,6,0.0006740453026555094,0.0006806686961729275,-15.681126151771416,-15.6481222135667
7,7,0.0006800766436613558,0.0006852035600643017,-15.650947373259479,-15.619283885650184
8,8,0.0007095212157642873,0.0007133029866963625,-15.471423531152675,-15.444739568234771
9,9,0.0007082421900272446,0.0006765890621433133,-15.47467109470674,-15.674230266694405
10,10,0.0006495849949490163,0.000659047000992455,-15.845439684866227,-15.788316111928125
11,11,0.0007699434057396558,0.0007433192222379148,-15.119776095779685,-15.265726354927526
12,12,0.0007233433893488086,0.0007059734810976998,-15.373079323064935,-15.489596116019378
13,13,0.0006850524361427758,0.0006464936366108688,-15.617806297705666,-15.871837447889423
14,14,0.0006428996734705168,0.0006293627666309476,-15.891877125234256,-15.988469530070276
15,15,0.0006304517713586617,0.0006178137631841788,-15.979504171869765,-16.068904203431845
16,16,0.0006317979117288955,0.0006160844043877564,-15.970076186295941,-16.08107784132229
17,17,0.0006145827211775654,0.0006002131635078081,-16.094526891900212,-16.194424834237783
18,18,0.0005984436546586762,0.0005817459559215134,-16.209922370563984,-16.330146263800614
19,19,0.0005790109136477881,0.0005489900879757969,-16.357504349851443,-16.581834959703258
20,20,0.0005427883642716045,0.0005261409035148589,-16.634803324767244,-16.766459330447933
21,21,0.0005385958590813595,0.0005237034852861574,-16.66802365791818,-16.786625351242677
22,22,0.0005396232624014974,0.0005198578506487569,-16.66244680498937,-16.818633924292527
23,23,0.0005257397631456903,0.000515708324536191,-16.774296154694213,-16.8534385747628
24,24,0.0005263543220299305,0.000525552597154226,-16.766631664219645,-16.771318126904863
25,25,0.0005275061169216774,0.0005124167287967315,-16.75857919189687,-16.881246996430338
26,26,0.0005197471176326927,0.0005255399982591993,-16.81684444979694,-16.771422240103117
27,27,0.0005301137358195043,0.0005211073378297059,-16.740670593897597,-16.80820810689713
28,28,0.0005247525765186118,0.0005233097931762275,-16.781030482917473,-16.78989137131112
29,29,0.0005223481494635728,0.0005093608848064354,-16.798082887890114,-16.90722408032204
30,30,0.0005167407687566214,0.0005197897231769993,-16.8480799730461,-16.819203105346524
31,31,0.000513264066875749,0.000500657793293756,-16.877652507950117,-16.982070184686425
32,32,0.0005166324088950018,0.0005203686320639559,-16.846991411711503,-16.81436889986574
33,33,0.0005213173247931391,0.0005011632870024952,-16.814827926533045,-16.977687502962297
34,34,0.0005093571062670233,0.0004981984384357929,-16.90478657624752,-17.003456373574846
35,35,0.0005141494303015204,0.0005065325975393582,-16.871480355247343,-16.931405999946097
36,36,0.0005148540529393658,0.0005027005053738034,-16.863239340274546,-16.964386774655736
37,37,0.0005159021112779828,0.0005088495351006522,-16.854324290514487,-16.911586172280096
38,38,0.0005112206326322342,0.0005062945879456636,-16.8976446518025,-16.933447142928152
39,39,0.000509788845689756,0.0005130889644772795,-16.895983954084784,-16.875553253522188
40,40,0.0005090326402629198,0.0005003633743495141,-16.913052482106664,-16.98462486645884
41,41,0.0005097613596722253,0.0005023462627401674,-16.89860481385518,-16.96744823671491
42,42,0.0005067274773723839,0.0004994409376338712,-16.92762705503639,-16.992638620438022
43,43,0.0005087895161645083,0.0005056721948724436,-16.916115690055037,-16.938789253280895
44,44,0.0005101235088359411,0.0005023968651106483,-16.903869128167226,-16.967010784998536
45,45,0.0005063463489107365,0.0005083868378087094,-16.935136534060902,-16.915537012023783
46,46,0.0005081876651527956,0.0005013643684306819,-16.91134397696814,-16.975945335444575
47,47,0.000511659175750425,0.0004959415910937088,-16.89209913869963,-17.023174682903402
48,48,0.0005037168934389219,0.0004994293987309854,-16.95577512682641,-16.992738959424337
49,49,0.0005104296526285945,0.0005023372482116285,-16.90288549012728,-16.967526170909288
50,50,0.000506734058438541,0.0005115072141818114,-16.92944592331152,-16.888962360155638
51,51,0.0005043794793441661,0.0004963351989557084,-16.94834683824378,-17.019729238382677
52,52,0.0005072285922258593,0.0004928349517285824,-16.92855370756053,-17.05046498995835
53,53,0.0005080975647943728,0.0004961988567007019,-16.924392125883415,-17.020922400250214
54,54,0.0005074099910003853,0.0004970704582152202,-16.924171411015454,-17.01330046288341
55,55,0.000505789961082592,0.0004976106084589111,-16.939967144863125,-17.008583688810756
56,56,0.0005038774469699327,0.0005128726004745419,-16.95769818410434,-16.877385012080687
57,57,0.0005085112220372467,0.0004945625765494219,-16.919849158405306,-17.03526749005283
58,58,0.0005085077475799612,0.0005041605985944012,-16.925030540196705,-16.95179097825909
59,59,0.0005001111856791354,0.0004940368755916623,-16.984924488598804,-17.03988632827111
60,60,0.0005015778366101848,0.0004911686057886598,-16.981698902909542,-17.06517399243905
61,61,0.0005020058588436852,0.0004946262113088252,-16.97642627021281,-17.034708724623147
62,62,0.0005022137069993067,0.0004937710687763205,-16.970096014483055,-17.042223593052178
63,63,0.0004980606924065572,0.0004863803731400128,-17.00776350723334,-17.107719577226852
64,64,0.0005010972342564311,0.0004889557190165904,-16.988290059997876,-17.084784691262442
65,65,0.0004954217022798533,0.000492298911252108,-17.02890483978396,-17.055191239917534
66,66,0.0004993684370233917,0.00048620578385644446,-16.990826219415748,-17.10927878435153
67,67,0.0004986093737204204,0.00048539803614594827,-17.00176196414462,-17.116499843944656
68,68,0.0004956383628953133,0.0004809903713114756,-17.034792869299938,-17.156116167455583
69,69,0.000486552064215822,0.00048812124020371,-17.113828455797343,-17.092202932546193
70,70,0.00048493535813549053,0.00048506483098639076,-17.116543282069443,-17.119482115038686
71,71,0.0004931365019166554,0.0004824609419110378,-17.05471049480057,-17.14285838921913
72,72,0.000488951609028292,0.0004830303047416045,-17.09849347124015,-17.137736205770295
73,73,0.0004871353919896268,0.00047592858563324337,-17.11361646844602,-17.20206208745924
74,74,0.0004882839647572987,0.0004979150820106856,-17.07807960389326,-17.005927179012765
75,75,0.0004932036861590081,0.00047523037554990307,-17.05242317090581,-17.208438074086995
76,76,0.00048543138551938625,0.00047570094772565524,-17.117513150095714,-17.204139826443953
77,77,0.00048777070760573307,0.00046911311648344914,-17.091201351249875,-17.26470423232517
78,78,0.00048240465616096847,0.0004797863152098695,-17.148483856213083,-17.167001427306666
79,79,0.00048609264885056186,0.00047645548903873483,-17.11256044904443,-17.197256646651617
80,80,0.00048516688420744515,0.000471203284656727,-17.11731681812307,-17.245396901348734
81,81,0.0004820119686779979,0.0004811843330236642,-17.144792053665416,-17.15436520680227
82,82,0.00048824116712455285,0.00047373878432584827,-17.093647597659874,-17.222090580379525
83,83,0.00048703127198602964,0.0004842857536124556,-17.099486494543914,-17.126463058418796
84,84,0.000481975142431167,0.00048282894299757714,-17.1410452161479,-17.139547034744997
85,85,0.00048628005381558357,0.0004755198391840646,-17.118478836810166,-17.205793584273287
86,86,0.0004925117770944405,0.0004731829471175412,-17.058446569780983,-17.227189144539874
87,87,0.0004796693323554529,0.0004745719121082833,-17.168805882615935,-17.214459686979694
88,88,0.00048346393597648317,0.0004915179344702904,-17.130845997726784,-17.06208630335453
89,89,0.0004812105644023833,0.0004726942478507561,-17.158556949202474,-17.23167681830744
90,90,0.0004835247851850599,0.00047462071310483704,-17.133365878754397,-17.21401311790677
91,91,0.0004842665410101337,0.00047039150223626117,-17.134173630070094,-17.252885318191527
92,92,0.00048410798004137103,0.0004756296954215749,-17.130785502509003,-17.2047903780217
93,93,0.00048770631193039343,0.00047292846475580807,-17.107769297980294,-17.229525450533455
94,94,0.00048478932921611467,0.0004788355114502146,-17.12963349614209,-17.17561648175492
95,95,0.00048783175784076766,0.0004799404781997988,-17.09544091620273,-17.165606194061628
96,96,0.0004822966434450378,0.00048099289568582257,-17.139902808046692,-17.156093374505087
97,97,0.00048331679121024675,0.00047489774480805193,-17.142981945473,-17.21147892086342
98,98,0.0004861230593529943,0.0004781566983039834,-17.11445869899955,-17.181777552871043
99,99,0.00048820972598647485,0.00047769225631399373,-17.096049756804028,-17.18599798138783
100,100,0.0004892835757195873,0.0004800939564838221,-17.079015129585535,-17.16421760277775
101,101,0.00048695235139901565,0.0004732845026362491,-17.100587518839458,-17.226257152603704
102,102,0.0004863306338726015,0.0004757545385999899,-17.11648359361297,-17.20365059239437
103,103,0.0004888502100828229,0.0004778914597792257,-17.084030593605142,-17.184187298231084
104,104,0.0004832874458480012,0.00048318565945680206,-17.139398456004578,-17.136339629877753
105,105,0.00048412212930360485,0.0004752146518225537,-17.128424052437982,-17.208581769468143
106,106,0.00048319324484987896,0.00047490145631232545,-17.138497721021892,-17.211444979250846
107,107,0.0004834753107735599,0.00047793009894360835,-17.129495913382012,-17.18383617043463
108,108,0.0004888277488266185,0.000476610940256107,-17.085257995993324,-17.195839922603145
109,109,0.0004885558422400433,0.0004775790194368088,-17.089392022522624,-17.18702759784104
110,110,0.0004879394774181173,0.000477332381323274,-17.099950266934727,-17.18927102218453
111,111,0.0004849841256539539,0.0004740989472913115,-17.115394367691927,-17.218790083030726
112,112,0.00048792616856649287,0.00048155547272855123,-17.096225216538883,-17.151016764515596
113,113,0.0004832497587878756,0.00047515483426028177,-17.140189554760116,-17.20912847130633
114,114,0.00048596398621682344,0.00047500252472481837,-17.121400126257345,-17.21052081312706
115,115,0.0004825229026237983,0.0004770619469988895,-17.139692677097685,-17.1917322299779
116,116,0.0004805293532458048,0.000476748575333898,-17.167442829629053,-17.194585953785744
117,117,0.00048604289030166557,0.00047945618127031545,-17.120247388498278,-17.16999077263747
118,118,0.00048665632793833455,0.000477028652216847,-17.10969658808731,-17.192035340398128
119,119,0.00048560965338184203,0.00047538637820827335,-17.12171855603864,-17.207012660658656
120,120,0.00048410489263502667,0.0004781586206885741,-17.12819404453441,-17.181760092499903
121,121,0.0004847066626360774,0.00047095187657855844,-17.129154865321613,-17.247714675493345
122,122,0.00048531501250312733,0.00048140903757149846,-17.1149858825623,-17.15233760200181
123,123,0.00047888684256924027,0.0004746407013092386,-17.17985349571641,-17.213830222726493
124,124,0.000484555795279898,0.0004745676261863034,-17.124866288512138,-17.214498908868375
125,125,0.0004826391772271048,0.0004785813063407611,-17.139862200429846,-17.177922684797316
126,126,0.0004826226954578816,0.00047501897145258755,-17.14960462802753,-17.210370443411325
127,127,0.00047901493272763324,0.0004725884094736294,-17.176393793014824,-17.232649332147524
128,128,0.000485993332779227,0.0004729726229255137,-17.116784212944065,-17.229119961001878
129,129,0.00048634638234531293,0.000478950283171511,-17.11160978028941,-17.174575649331718
130,130,0.00048312124557380287,0.000479544278565108,-17.144622740808348,-17.169192854999075
131,131,0.0004840915105737669,0.00047152539972509995,-17.131792172250854,-17.24242907392407
132,132,0.0004877392445647724,0.00047891124727596576,-17.097326507574564,-17.174929626884882
133,133,0.00048584099162907635,0.00047271711273903127,-17.11257006768754,-17.231466749014366
134,134,0.0004887380673233228,0.0004794100317858944,-17.09983256871688,-17.170408817744686
135,135,0.0004838004854709371,0.00047387078551477507,-17.132641317386785,-17.22088064349938
136,136,0.0004893476359507779,0.00047822085233699337,-17.090147501545893,-17.181194901332407
137,137,0.000482868622225162,0.00047702560244177123,-17.139658473239855,-17.192063106124866
138,138,0.0004852667694536911,0.00047499190182670166,-17.128685156203552,-17.2106179392976
139,139,0.00048388661480671964,0.0004818819426490288,-17.135588963267377,-17.148073468186546
140,140,0.0004841813835022568,0.0004900150938498738,-17.127038041376178,-17.07538541565787
141,141,0.0004827336758644003,0.0004798503528275576,-17.138308733849513,-17.16642180827034
142,142,0.0004853866094262483,0.00047737201614501447,-17.114347573491465,-17.188910425031555
143,143,0.00048297793741251544,0.00047491507996854027,-17.138796230294165,-17.21132039353367
144,144,0.0004806296108410569,0.0004766298822543927,-17.15792981493992,-17.19566732392423
145,145,0.00048095628333556437,0.00047481754690555756,-17.156213562285686,-17.21221239345042
146,146,0.00048179710439895997,0.0004763669168919717,-17.144581356124768,-17.19806406667996
147,147,0.00048155956673579886,0.0004782118623169433,-17.1536904151543,-17.18127654463131
148,148,0.0004883390547078795,0.00047548293246348436,-17.093432967277753,-17.20613066815104
149,149,0.00048502276173898395,0.00047399292510051866,-17.122762128162318,-17.21976139929138
150,150,0.0004850825731109674,0.0004751371330042419,-17.117966854110527,-17.209290264904226
151,151,0.0004854087829445825,0.00047860719955918426,-17.116328584246006,-17.17768771996409
152,152,0.0004900344431438704,0.00047723238209360525,-17.083745795262242,-17.190180947114992
153,153,0.00048080976985241333,0.0004781310823378398,-17.1543196277689,-17.1820102207556
154,154,0.00048223877092823386,0.00046953259458716373,-17.14266420865151,-17.26082253264441
155,155,0.00048206009231171733,0.0004750014570737748,-17.14709193552562,-17.210530574664187
156,156,0.0004933411657531775,0.00047753293122360975,-17.057295511346254,-17.18744672895284
157,157,0.00048692680153630905,0.00047521657420714433,-17.113727071059767,-17.208564201000335
158,158,0.00048151041066619695,0.000486002776980106,-17.15224225384362,-17.111092485053522
159,159,0.0004850300656002706,0.00047955704136065354,-17.121670661718362,-17.169077271555192
160,160,0.0004845846485773812,0.000489034662390814,-17.12020409849592,-17.0840835663325
161,161,0.00048662173578554053,0.00047915167401936884,-17.10601662982165,-17.172749895098317
162,162,0.00048250139519313026,0.00048450126441342657,-17.14843314789024,-17.1245308452191
163,163,0.0004852332724450329,0.0004762480292763365,-17.126868355291528,-17.199148077295433
164,164,0.00048650000586424063,0.000476781824162524,-17.106742974872176,-17.194283083886358
165,165,0.0004797104386655979,0.0004702227995853479,-17.162418757399863,-17.254443164612056
166,166,0.0004898419534096244,0.00047216577896554217,-17.076871624386754,-17.236534916610356
167,167,0.0004861655773489362,0.0004742614676759235,-17.109555430410968,-17.217301583388377
168,168,0.00048450080044183533,0.00048181216698139906,-17.12290027187605,-17.148702364579556
169,169,0.000484549210013188,0.0004701336085992424,-17.127170481179142,-17.255267004443
170,170,0.00048166997766736704,0.00047235617928795124,-17.15436561232504,-17.234783981975703
171,171,0.0004866828811330932,0.0004679804030609758,-17.11179343194255,-17.275203321653652
172,172,0.0004881796044220706,0.00048035607783515985,-17.10303800771395,-17.16184709197066
173,173,0.00048139949596832633,0.0004725025439830987,-17.143158411173946,-17.233438481777824
174,174,0.00048248369946413355,0.00047679077895162135,-17.140402833058197,-17.194201516620705
175,175,0.00048709190666637164,0.00047980149055978184,-17.105023055452044,-17.166864064770607
176,176,0.00048448087931994696,0.0004788096289542553,-17.13074323161412,-17.175851237296435
177,177,0.00048663382287636475,0.0004806122390283762,-17.112664469020004,-17.159531731653892
178,178,0.00048571610139183625,0.0004813204807425408,-17.117861519850226,-17.153136574953777
179,179,0.00048193738276148504,0.0004843332556591026,-17.151728408137288,-17.126037093688453
180,180,0.00048152384553440684,0.000476703781475264,-17.146050483435275,-17.194994022956756
181,181,0.0004878206485786389,0.00047111443525768424,-17.093057640136323,-17.246215877857903
182,182,0.0004849558268294468,0.0004778990834510248,-17.12461463521485,-17.184118016972388
183,183,0.0004892440056116273,0.00047695069071395616,-17.094798830980807,-17.192745172342242
184,184,0.0004841329067220585,0.00047609088697323675,-17.125407606253283,-17.200581307305562
185,185,0.00048484866262519177,0.0004826309925288354,-17.118469281408238,-17.14132792267843
186,186,0.00048701441906795826,0.00047213299426642294,-17.111538370408642,-17.23683647824165
187,187,0.0004865572951042775,0.0004748469325836356,-17.107879358246755,-17.21194362404573
188,188,0.00048453434785712777,0.00047356967575308914,-17.12913912269126,-17.223641140178515
189,189,0.0004831917488529856,0.00047355518970442444,-17.13411948360713,-17.22377398878654
190,190,0.0004869424864006488,0.0004736929733649288,-17.11064671032281,-17.22251056730506
191,191,0.0004895054879262275,0.0004791838337520235,-17.087392786961672,-17.172458414832303
192,192,0.0004831737338819723,0.0004815699495865326,-17.13458779470975,-17.1508862058284
193,193,0.00048637213983534615,0.00048339840233031854,-17.107602038870123,-17.134427886012386
194,194,0.0004874871417846454,0.00047654403514522866,-17.099624077940042,-17.196449614022974
195,195,0.0004853141225860022,0.0004769013260221599,-17.118667102434873,-17.193194693083214
196,196,0.0004836580696270907,0.00047199303547753707,-17.128914583488825,-17.238124088756287
197,197,0.0004808961431203007,0.0004787264961602264,-17.159087266373255,-17.176605341770525
198,198,0.0004872125258414824,0.0004778860372760774,-17.107722442704848,-17.1842365767128
199,199,0.00048136995828076815,0.0004745537329367117,-17.152113873281632,-17.214626053022823
200,200,0.00048071054049249085,0.0004722459247874978,-17.150286591036288,-17.23579780401067
201,201,0.00048077744269772363,0.0004749355368977903,-17.16204263799351,-17.211133325560375
202,202,0.00048325138140143346,0.0004721624611288701,-17.142155025476853,-17.23656543392621
203,203,0.0004839584793650651,0.00048278941540047526,-17.130024124906697,-17.139902591723892
204,204,0.0004888414426289077,0.0004707429937920288,-17.093841785066648,-17.249641342950003
205,205,0.00048395620956632893,0.00047419856970296487,-17.132598251755628,-17.217877595904294
206,206,0.0004819325212216408,0.0004716620881625108,-17.151064776486944,-17.241170299072085
207,207,0.00048348256332809395,0.0004740174044854939,-17.129692577439528,-17.219537113511244
208,208,0.0004828112327719357,0.0004715246169852387,-17.13932948293848,-17.242436283289354
209,209,0.0004888777867122793,0.00047611990808754375,-17.09052431574419,-17.200316582102456
210,210,0.0004852693734964183,0.0004860693129318717,-17.11781857626213,-17.11049795719813
211,211,0.0004867284871354584,0.0004748408697962173,-17.108797677247047,-17.211999074586725
212,212,0.00048466697611279554,0.0004795280294370298,-17.129602270363876,-17.169340016096353
213,213,0.00048280009200566055,0.00047618689897813295,-17.14158853100158,-17.19970556527568
214,214,0.0004878480394836515,0.0004894485173281282,-17.099096349641037,-17.080409820477136
215,215,0.000487132988073239,0.0004789490286432403,-17.10322899284667,-17.174587024947062
216,216,0.0004852410155641318,0.0004779639727386989,-17.124177643347725,-17.183528370590885
217,217,0.0004833743753891016,0.0004765406453148707,-17.131745352861294,-17.19648050707265
218,218,0.0004847433394632427,0.00047566478545042247,-17.13125849293536,-17.204469984994898
219,219,0.00048490845179425304,0.0004719322712748851,-17.126745807683765,-17.238683233802124
220,220,0.00048116891322052586,0.00048452700751735583,-17.156197530897245,-17.124300096781514
221,221,0.00048301923274753864,0.0004775026448585681,-17.13390657159559,-17.187722178403067
222,222,0.0004865805523652468,0.0004758522447541748,-17.1151713388361,-17.20275876933254
223,223,0.00048710034467692765,0.00047887524430591027,-17.106953741842084,-17.17525612744366
224,224,0.0004782270827359453,0.00047386037859771594,-17.176703312983804,-17.220976022164212
225,225,0.00048690923992496406,0.00047582458079743544,-17.109355566927334,-17.203011256383615
226,226,0.0004877378469808315,0.0004776473000866214,-17.09882310235125,-17.186406720696457
227,227,0.0004799399034662614,0.0004801765225190473,-17.165201798464473,-17.163470772080288
228,228,0.0004822780619994689,0.00047812690517227903,-17.142495191059815,-17.182048162816777
229,229,0.0004866376180758642,0.00048535139342818995,-17.10907503354384,-17.116917184904988
230,230,0.0004849263038438236,0.0004808740494282622,-17.11717881584371,-17.157166584773474
231,231,0.00049091107242011,0.0004814702413951684,-17.071462197421646,-17.151785497838645
232,232,0.00048425438190983204,0.00048382103590196684,-17.126451291952854,-17.130632523089343
233,233,0.0004856209123636759,0.0004775271273071044,-17.121556325503523,-17.1874995132545
234,234,0.0004925390620855134,0.0004799715886627765,-17.064505822840175,-17.165324686976305
235,235,0.0004815613615720235,0.00048144065658561885,-17.151123952524465,-17.152052366134903
236,236,0.0004842807415791202,0.0004767678221565132,-17.127377980431916,-17.194410628245897
237,237,0.00048371703908826734,0.0004759265024116949,-17.137281878799293,-17.202081097319763
238,238,0.00048631216554192,0.00048484256043785105,-17.10479024856816,-17.121472632386297
239,239,0.00048003634395913134,0.0004775155929995603,-17.159034621999922,-17.187604415077484
240,240,0.00048573795236771944,0.0004728523184128694,-17.115680161242693,-17.230224765580143
241,241,0.00048468120938608637,0.00047213784541542595,-17.115435310425823,-17.236791854873978
242,242,0.0004859968393407378,0.0004770707777137623,-17.114519913858565,-17.191651840098356
243,243,0.0004838369051642601,0.0004763986124951196,-17.13674387256056,-17.19777511362429
244,244,0.0004832562876471616,0.0004817765025348452,-17.132746513480996,-17.149023847652895
245,245,0.00048086366684598484,0.0004866462994342376,-17.159269341699563,-17.105345740449188
246,246,0.0004822884754700221,0.00047670314425455506,-17.14425446317926,-17.194999828273044
247,247,0.00048571700391061986,0.0004767611604428997,-17.121742335506013,-17.19447131115151
248,248,0.000488541204513521,0.0004752283612584793,-17.086876282675124,-17.208456481948723
249,249,0.000483769816334465,0.00047777741105834906,-17.12856451195875,-17.185223865014652
250,250,0.00048163701112852576,0.00047680932575052505,-17.156129598197328,-17.194032582653897
251,251,0.00048476811552410656,0.0004792871722632921,-17.121357442640544,-17.171521936939822
252,252,0.0004797193621400475,0.00047307089277494113,-17.168239114166894,-17.22821771807565
253,253,0.0004860481154893707,0.0004735312617604474,-17.112680942711165,-17.223993435997905
254,254,0.000482223953178018,0.00047563431986705646,-17.144672577818273,-17.20474815270628
255,255,0.000479524808434155,0.00047709598163093786,-17.16854571145842,-17.19142240594448
256,256,0.0004840218177012446,0.0004760178899711096,-17.133407087299407,-17.201247243720587
257,257,0.00048109793917938454,0.0004803162009920925,-17.15295889808432,-17.162207637253196
258,258,0.0004886361169052723,0.0004742559731790894,-17.101303229879036,-17.217351898323095
259,259,0.00048473305710994627,0.0004796702261572998,-17.11854474026712,-17.168052372982945
260,260,0.00048550114890118847,0.00048458661063035066,-17.12429833895219,-17.123765891036683
261,261,0.00048751302529126406,0.0004797569463813775,-17.102527816150683,-17.167267277126438
262,262,0.00048152953908375476,0.0004920490089142205,-17.15310083775428,-17.057396379105974
263,263,0.00048599891921447723,0.00047520838837188323,-17.12005527565228,-17.20863901096901
264,264,0.0004845507783195983,0.00047881589393670624,-17.116421566209574,-17.175794412426114
265,265,0.0004823635414497178,0.0004756334544110455,-17.151562192997112,-17.20475605506101
266,266,0.0004775600439446412,0.0004819018925589166,-17.1870577759983,-17.14789367401562
267,267,0.0004824194667102366,0.0004783502540943262,-17.14509699436349,-17.180019903067812
268,268,0.0004810553329718328,0.000475611019953105,-17.15661841608001,-17.204960905896996
269,269,0.0004856107386246746,0.000473001060431431,-17.114474932000245,-17.228858849046652
270,270,0.000478075177843212,0.00048009208464798957,-17.179124660109764,-17.16423453549575
271,271,0.0004859121834988869,0.000472206962417419,-17.120183315826814,-17.236156130880456
272,272,0.0004833924905733042,0.0004714791445478209,-17.141995193265252,-17.24285512422022
273,273,0.0004916745709068113,0.00047524874925760453,-17.069344588265444,-17.208270167193312
274,274,0.0004884350523424632,0.0004756130756026036,-17.09240913755409,-17.204942135194315
275,275,0.00048394774785265326,0.00048114274364994153,-17.128713742893062,-17.154740589267604
276,276,0.00047914784302042086,0.0004809778122427432,-17.170963387585985,-17.156229566928495
277,277,0.00048707690769230426,0.00047595366241263325,-17.10417560476928,-17.20183326279237
278,278,0.0004837833136108886,0.00048031872536643947,-17.135623331279376,-17.16218481231067
279,279,0.0004847967851974224,0.0004764208187177581,-17.125565919133432,-17.19757268198527
280,280,0.0004853138555508568,0.00047366049502191966,-17.119217222767634,-17.222808347713887
281,281,0.0004816622165458987,0.00047976122464445467,-17.153307952124045,-17.167228548812528
282,282,0.00048532173128740995,0.0004742632185010926,-17.118368019611264,-17.21728555062253
283,283,0.000483575208321425,0.0004749025346858329,-17.128196501819993,-17.211435117602164
284,284,0.0004876605253042557,0.0004838074030550687,-17.099420410655235,-17.130754897958507
285,285,0.0004851919927120631,0.00047278047790505777,-17.112374168985394,-17.230884639820992
286,286,0.0004878139411958568,0.0004700464793897577,-17.09798475724479,-17.256071950973638
287,287,0.0004837535925992025,0.000483415938154059,-17.137041608227943,-17.13427034363495
288,288,0.000492788544620781,0.00047561303730808983,-17.05558226601303,-17.204942484871346
289,289,0.0004892326407158536,0.0004745937660213952,-17.08368544067981,-17.214259700105053
290,290,0.000486205739134769,0.00047411702230180567,-17.106197425527466,-17.21862451152443
291,291,0.00047854046018064485,0.00047131392976122076,-17.17777001051916,-17.244377237032438
292,292,0.0004808187005278107,0.00047592004136133353,-17.157618758208347,-17.202140056372308
293,293,0.0004832089126119678,0.00048240373143926263,-17.140071544082467,-17.143373408431962
294,294,0.0004948747608949881,0.0004828539768871116,-17.03970140922927,-17.139321866009713
295,295,0.0004849626500274717,0.0004854384046905723,-17.12355844779921,-17.11613867422656
296,296,0.0004849039701044022,0.0004843807071569915,-17.121765873008464,-17.125611623952317
297,297,0.0004842403598643417,0.0004754122193461578,-17.130610244147473,-17.206776592502454
298,298,0.0004821780582376247,0.00048448795783578565,-17.148919397212,-17.124650123599295
299,299,0.0004888595176078187,0.00047597948976449276,-17.086278108377545,-17.20159760178252
