,epoch,train_loss,test_loss,train_dbs,test_dbs
0,0,0.00011373198608875025,0.00010741892995276048,-29.438026562953695,-29.669068839609594
1,1,0.00010121555383240363,9.570457156147121e-05,-29.938019664891353,-30.170550224196937
2,2,9.404157476497276e-05,8.612487995139275e-05,-30.273828340751106,-30.628590762661304
3,3,8.334603401251406e-05,7.824393948172464e-05,-30.788236929715758,-31.045369973248526
4,4,7.524627334973535e-05,7.170185812068859e-05,-31.234046619410854,-31.424572954680432
5,5,7.037132571585783e-05,6.553940923032841e-05,-31.535959303125605,-31.814851834729822
6,6,6.523889364355445e-05,6.126745325960463e-05,-31.854185404268144,-32.10757877691453
7,7,5.986198050674464e-05,5.692919014683483e-05,-32.22655158293151,-32.42652700077346
8,8,5.647220632923076e-05,5.366003671569113e-05,-32.48643900717285,-32.683367403311095
9,9,5.31457908905817e-05,5.039907026864392e-05,-32.74601880395564,-32.9556518090421
10,10,4.96479697926354e-05,4.7369808989491214e-05,-33.044167412170204,-33.22486072308918
11,11,4.7485923000608964e-05,4.4756876664714106e-05,-33.23792545009298,-33.471279339235885
12,12,4.425544807652597e-05,4.2550943218980376e-05,-33.53894550000642,-33.69078514369805
13,13,4.2331315684744355e-05,3.990276500668475e-05,-33.736192212938356,-33.96984715261075
14,14,3.960392912387723e-05,3.764473465133434e-05,-34.02459764723307,-34.222834655732136
15,15,3.737189551439141e-05,3.5132933733525295e-05,-34.27624556232318,-34.52273289277037
16,16,3.413168980335557e-05,3.2674619146028384e-05,-34.668170182755,-34.83777171659441
17,17,3.18633463900097e-05,3.0561376422012566e-05,-34.95996166097417,-35.12814795742388
18,18,3.0051183934982375e-05,2.8244573944615886e-05,-35.2261643289263,-35.47052677818532
19,19,2.7496098069961364e-05,2.6136250055156108e-05,-35.61297435930442,-35.80744429280561
20,20,2.5540858146508907e-05,2.406363646993046e-05,-35.929607798024534,-36.16626447762015
21,21,2.3004771663312867e-05,2.2185521198767483e-05,-36.38329745507892,-36.51918069882052
22,22,2.12762940004582e-05,2.060447188437377e-05,-36.72061442437035,-36.840262182728544
23,23,1.9790188790213187e-05,1.929079812007809e-05,-37.03495135490704,-37.126375096998224
24,24,1.859856588781281e-05,1.8067586001722558e-05,-37.31430508435641,-37.41087575186493
25,25,1.8113811446963473e-05,1.7027777798112336e-05,-37.41741273601256,-37.66829731553746
26,26,1.631303286520745e-05,1.6289577519943888e-05,-37.881282760747595,-37.86077885059284
27,27,1.6164379669191346e-05,1.550002664436378e-05,-37.91425998449532,-38.0765526110546
28,28,1.537230109909043e-05,1.4741548272324603e-05,-38.131387405365345,-38.29444606912744
29,29,1.3804634016702676e-05,1.4233790352591313e-05,-38.603555833021126,-38.44667140945166
30,30,1.4318202674891751e-05,1.3529919287018282e-05,-38.439412682880075,-38.66692500009856
31,31,1.2760273055335478e-05,1.2896653731188149e-05,-38.936095981724236,-38.87510666423612
32,32,1.2198461919660517e-05,1.2199622688058298e-05,-39.138401013532075,-39.116413068723844
33,33,1.1551660895044556e-05,1.1450894865112404e-05,-39.381672308279725,-39.391482785542
34,34,1.080776217856238e-05,1.059232971257236e-05,-39.66711254541726,-39.72996215022996
35,35,1.0164218635799979e-05,9.923324413600648e-06,-39.92222127666351,-40.0133051626854
36,36,9.64534352608529e-06,9.353815441595783e-06,-40.15903137373908,-40.269989091506666
37,37,9.10168442321274e-06,8.939165318703377e-06,-40.411031595488005,-40.46690736737274
38,38,8.896819532104196e-06,8.828206055592378e-06,-40.50761440439315,-40.52115244523472
39,39,8.74668689762403e-06,8.717283315873877e-06,-40.581250084083635,-40.576065448302515
40,40,8.640308421781436e-06,8.687775095351849e-06,-40.63797162052278,-40.59079136225135
41,41,8.694926241473367e-06,8.624966013533259e-06,-40.60537494816455,-40.62230313401564
42,42,8.425148238173503e-06,8.526710141603344e-06,-40.745751926121955,-40.67206206067817
43,43,8.261226829529629e-06,8.521138002642578e-06,-40.83235299547102,-40.67490106917798
44,44,8.618845772007168e-06,8.476433657434476e-06,-40.65437058790263,-40.69774538552436
45,45,8.224149487151154e-06,8.422624360766923e-06,-40.8438084814519,-40.725402737279495
46,46,8.263923218785834e-06,8.38023458383855e-06,-40.8265315230096,-40.7473153002847
47,47,8.424637871002298e-06,8.307990116774913e-06,-40.74585388860144,-40.78491734598948
48,48,8.056320903332816e-06,8.228934539625985e-06,-40.93700307849633,-40.82644098255944
49,49,8.032938694668701e-06,8.183324959980765e-06,-40.94778659531205,-40.85057908463328
50,50,8.174941824821422e-06,8.124114892301518e-06,-40.8764976379781,-40.88211649197615
51,51,8.312978395421392e-06,8.086649718040318e-06,-40.8124560611736,-40.90219074239649
52,52,8.122263502581021e-06,8.07524475021637e-06,-40.901021560204505,-40.90832011717261
53,53,7.992651764240137e-06,8.015752810981786e-06,-40.98089792944543,-40.94043389825518
54,54,8.08999984843636e-06,7.97144857164025e-06,-40.923722754358145,-40.96450457262287
55,55,7.926046532468052e-06,7.9309406589202e-06,-41.006697549804144,-40.986630054225806
56,56,8.011926333846035e-06,7.90609493905274e-06,-40.9571025604791,-41.00025680630728
57,57,7.97227792495552e-06,7.874816458895925e-06,-40.97861151471751,-41.017472654974405
58,58,7.794297880067948e-06,7.847946347426746e-06,-41.06306862497156,-41.03231680500564
59,59,7.804507455035754e-06,7.772941563943229e-06,-41.07709654959716,-41.074023030803765
60,60,7.955570530724536e-06,7.806455821417713e-06,-40.98671103271641,-41.05533799546117
61,61,7.907663384872817e-06,7.735347600445445e-06,-41.01182224742306,-41.09507871619605
62,62,7.745125725536521e-06,7.72258104725073e-06,-41.10445271595054,-41.102252309751
63,63,7.67029927111562e-06,7.679634611696728e-06,-41.151653424679886,-41.12647148539242
64,64,7.696565689068088e-06,7.612675218345095e-06,-41.13279756127744,-41.16450404059797
65,65,7.736639746167149e-06,7.608464425414384e-06,-41.11665568757456,-41.16690691478965
66,66,7.747238233258537e-06,7.599614946229849e-06,-41.11180251865364,-41.171961176169305
67,67,7.59326661695407e-06,7.569801374828737e-06,-41.199829575248756,-41.18903221692993
68,68,7.6024129551105665e-06,7.510593628754386e-06,-41.19667124962922,-41.22313441322193
69,69,7.4633926112827675e-06,7.480756960974663e-06,-41.265563098006844,-41.240421604535214
70,70,7.5181994230361035e-06,7.435872583683752e-06,-41.23377737083921,-41.266557664499985
71,71,7.432413632468711e-06,7.439212056756093e-06,-41.298035135498594,-41.26460767256756
72,72,7.525297363470825e-06,7.450118118867977e-06,-41.23554821073385,-41.25824547442207
73,73,7.613132095581566e-06,7.388566533144943e-06,-41.175643773969234,-41.29427517378865
74,74,7.373980571577067e-06,7.3288974817842245e-06,-41.32394728463272,-41.32949059093814
75,75,7.557497287352723e-06,7.313593055426425e-06,-41.2172159635074,-41.33856914259489
76,76,7.288765442053866e-06,7.299903125768699e-06,-41.36767285247447,-41.346706090213054
77,77,7.545858277376986e-06,7.267994844464977e-06,-41.2241040469349,-41.36573095253169
78,78,7.3052730990592365e-06,7.206644448543605e-06,-41.363713563919575,-41.402546098560066
79,79,7.5032119958009815e-06,7.218791037494636e-06,-41.254173208212286,-41.39523235360282
80,80,7.160996865047882e-06,7.179420711173934e-06,-41.44726461246074,-41.41898302262274
81,81,7.145058289191268e-06,7.15523308252542e-06,-41.464103603675035,-41.43363920305508
82,82,7.294040600398373e-06,7.101193492225751e-06,-41.37798894409008,-41.46656359424435
83,83,7.097455416198463e-06,7.087847112224584e-06,-41.49334910605863,-41.47473364753956
84,84,7.125124743792766e-06,7.058796702614545e-06,-41.47397932527798,-41.492570316773765
85,85,7.0891788175114135e-06,7.000427271314517e-06,-41.487928830619936,-41.5286315782194
86,86,7.058457417910758e-06,7.0025436176174e-06,-41.51179256526593,-41.527318831752346
87,87,7.0726583478822296e-06,6.9483948879535186e-06,-41.50138485587477,-41.561032137246336
88,88,7.087958430329496e-06,6.905613286347177e-06,-41.49050575716164,-41.58785451576642
89,89,7.041593042081378e-06,6.897018776822063e-06,-41.51584102784806,-41.593262974858476
90,90,6.954907728437113e-06,6.842637647327808e-06,-41.57696006341263,-41.62764163333068
91,91,6.933572707960584e-06,6.863113580230244e-06,-41.59260033366553,-41.61466519571758
92,92,6.854689171135404e-06,6.820876837752478e-06,-41.63775408401758,-41.641474981289505
93,93,6.8053663967803754e-06,6.764800721277042e-06,-41.671442359564956,-41.677326982268156
94,94,6.845388026666808e-06,6.746669178506923e-06,-41.64449233903635,-41.68898290683981
95,95,6.7838265009019784e-06,6.718818631749232e-06,-41.689423954591064,-41.70694787950563
96,96,6.767631892910583e-06,6.705676529044898e-06,-41.69434016140702,-41.715451058865526
97,97,6.6716133540129585e-06,6.674540504479266e-06,-41.751008683896444,-41.735663329012
98,98,6.752340605370844e-06,6.6242696448171046e-06,-41.70941142267648,-41.76849703472908
99,99,6.641716870794928e-06,6.608912180557749e-06,-41.7755851430627,-41.77857724834084
100,100,6.6695882749852375e-06,6.5888906838632756e-06,-41.75617001297533,-41.79175403586154
101,101,6.621210292165021e-06,6.568140945187463e-06,-41.78499093311998,-41.80545242123148
102,102,6.6300716537522566e-06,6.533672460232322e-06,-41.78155435623634,-41.82830346770588
103,103,6.601622598535278e-06,6.493617045060474e-06,-41.80914448972069,-41.85501032885711
104,104,6.4972259444646665e-06,6.453912096491733e-06,-41.87879482187648,-41.88164659888649
105,105,6.490237959126519e-06,6.435932965886375e-06,-41.87080534611381,-41.89376193811255
106,106,6.3970005096952895e-06,6.39885346524687e-06,-41.940718400956115,-41.918855409526444
107,107,6.502556563233513e-06,6.431328481420151e-06,-41.8636793235143,-41.896870139945904
108,108,6.473623094261149e-06,6.365657722390576e-06,-41.89446921991616,-41.94144422665349
109,109,6.367190620686724e-06,6.316254999355327e-06,-41.95022954151142,-41.975280508302866
110,110,6.2946574665325785e-06,6.304196296313373e-06,-42.01447646738234,-41.98357978328293
111,111,6.318922461695806e-06,6.242431434082774e-06,-41.981955818744765,-42.02633924998445
112,112,6.2387037913365406e-06,6.260456326632074e-06,-42.04133309614447,-42.01381715597843
113,113,6.3378087708263865e-06,6.2246391089023455e-06,-41.9830717679408,-42.038735287795426
114,114,6.348044078868511e-06,6.210016540296094e-06,-41.96996498984973,-42.04894948907836
115,115,6.185844526531657e-06,6.163265018250585e-06,-42.081550522200295,-42.081768631797615
116,116,6.237693277089233e-06,6.1415428622000804e-06,-42.05206275553355,-42.097102186615146
117,117,6.2354784512132665e-06,6.164693786558928e-06,-42.057740100692754,-42.080761966858454
118,118,6.090348422018446e-06,6.12015370088078e-06,-42.14388015169511,-42.11225376716151
119,119,6.05325963125821e-06,6.1089593768165765e-06,-42.18029424992097,-42.12020468640926
120,120,6.142983458874406e-06,6.066465582415204e-06,-42.11903710428953,-42.15051967815482
121,121,6.257222416137403e-06,6.072882330810994e-06,-42.039638575885874,-42.14592839582315
122,122,5.9973720772646146e-06,6.081814454343035e-06,-42.21994214434564,-42.13954539387993
123,123,6.0544621754667515e-06,6.0685832211579266e-06,-42.176632722866174,-42.14900393834223
124,124,6.157755115523709e-06,6.048708320648936e-06,-42.10757722762976,-42.163250632547985
125,125,6.095230823983414e-06,6.036755741278237e-06,-42.14777799685952,-42.171841020026825
126,126,6.10678631515445e-06,6.016180362310383e-06,-42.14536780137028,-42.186668580966405
127,127,6.133084560733363e-06,6.023248643989638e-06,-42.12839304159626,-42.181569142976585
128,128,6.095829684051478e-06,5.991632262617043e-06,-42.15513306990741,-42.20442555207049
129,129,5.954082632914711e-06,6.00454318612863e-06,-42.24526690319661,-42.19507733100407
130,130,6.012546954170643e-06,5.984274522281914e-06,-42.208625354377276,-42.20976197708826
131,131,6.174013345951176e-06,5.9630478254372355e-06,-42.09979957767118,-42.2251941329142
132,132,6.052496040134317e-06,5.9678039801120145e-06,-42.179272888099526,-42.22173156062948
133,133,6.088927022443086e-06,5.950185847101047e-06,-42.150612095475175,-42.23457175202526
134,134,6.018656301993238e-06,5.935098813911042e-06,-42.19881209664098,-42.245597518708834
135,135,5.953020319662455e-06,5.912182658855607e-06,-42.25196677000039,-42.262398625565595
136,136,5.968946790800924e-06,5.930577548210031e-06,-42.245188595847026,-42.24890716711027
137,137,5.925300421349862e-06,5.921064784113121e-06,-42.265118881639424,-42.25587892971718
138,138,5.999671261118228e-06,5.9233271521837815e-06,-42.2155139289231,-42.25421985935484
139,139,6.023550968072329e-06,5.8558622951846035e-06,-42.2033814236549,-42.30396850400328
140,140,6.071075343233761e-06,5.887145466419354e-06,-42.166585297075926,-42.28082938826912
141,141,6.035027225377619e-06,5.880346299435539e-06,-42.20118088206729,-42.28584802960741
142,142,5.914268508463793e-06,5.859996929901076e-06,-42.283513807095304,-42.30090317335684
143,143,5.9972882959253595e-06,5.8641574134143364e-06,-42.21649937941754,-42.297820861311486
144,144,6.125592701266083e-06,5.867937967482967e-06,-42.1248196664457,-42.29502191743306
145,145,6.194770631014931e-06,5.846431385610853e-06,-42.08288872088004,-42.31096848705897
146,146,6.012316645733945e-06,5.83992746932812e-06,-42.208772000836404,-42.31580252523809
147,147,5.998519854890135e-06,5.84594167058209e-06,-42.221840743392136,-42.311332280676915
148,148,5.877018966859077e-06,5.823153323466326e-06,-42.30274337130055,-42.32829480603214
149,149,5.9062590433726296e-06,5.797550927941063e-06,-42.28564725080691,-42.34743133485171
150,150,5.973943568756816e-06,5.832018647005928e-06,-42.23907918455137,-42.321688019198255
151,151,5.909539061004702e-06,5.841812636438255e-06,-42.28640840013377,-42.31440082022995
152,152,6.015601065507898e-06,5.811750007093283e-06,-42.20716502859629,-42.336807810087684
153,153,5.821625418508288e-06,5.788661359187436e-06,-42.34345901949385,-42.354095620501056
154,154,5.87575876818743e-06,5.770165420184831e-06,-42.30556115162561,-42.3679944205362
155,155,5.829664746904866e-06,5.7768637768611754e-06,-42.343543442319536,-42.36295579177892
156,156,5.832028322045742e-06,5.77022571010993e-06,-42.34862166748244,-42.3679490432496
157,157,5.845163103885236e-06,5.742111673163508e-06,-42.336837511577,-42.38916071378263
158,158,5.80991135177907e-06,5.765554042706131e-06,-42.35914730181615,-42.37146658524355
159,159,5.869606083411106e-06,5.758806477579607e-06,-42.31840060398745,-42.376552213431665
160,160,5.802126428740671e-06,5.74782892439735e-06,-42.367377607118414,-42.3848387230006
161,161,5.7449968190882935e-06,5.73482779337179e-06,-42.40729000177132,-42.39467324477459
162,162,5.695328769602899e-06,5.734329605681858e-06,-42.449385221392184,-42.395050535201946
163,163,5.992175276107971e-06,5.75063495489303e-06,-42.21613082208081,-42.38271905971808
164,164,5.714735726945309e-06,5.731675125724378e-06,-42.43254853178073,-42.397061394338074
165,165,5.858127655507637e-06,5.710244462725793e-06,-42.31533630719814,-42.413330044883075
166,166,5.80009263450341e-06,5.681960134863498e-06,-42.37238472798189,-42.434895234745234
167,167,5.7136926959183534e-06,5.667112729593339e-06,-42.431650645058745,-42.44625854157236
168,168,5.6963025196365405e-06,5.66196271584455e-06,-42.44765012800377,-42.45020700624217
169,169,5.718882844636946e-06,5.620906712896326e-06,-42.42062178584149,-42.48181328217912
170,170,5.744207649597941e-06,5.636677781838348e-06,-42.410121399114956,-42.46964496543364
171,171,5.7483895812465655e-06,5.646804670265594e-06,-42.407916367979354,-42.46184940592912
172,172,5.801213235114569e-06,5.620937707518399e-06,-42.36753012680167,-42.481789334519235
173,173,5.799533853147745e-06,5.594200908825242e-06,-42.35604693666127,-42.50249646357297
174,174,5.76143355894751e-06,5.595853412830222e-06,-42.398177752879974,-42.501213764927776
175,175,5.715338112477371e-06,5.590978377624292e-06,-42.437240237630206,-42.50499893138545
176,176,5.638222225486258e-06,5.559532454706066e-06,-42.48105804661077,-42.52949435982295
177,177,5.6053727348626126e-06,5.545700643874864e-06,-42.50871657225978,-42.54031283102785
178,178,5.677301365703335e-06,5.543368172909954e-06,-42.458360595441434,-42.54213981812828
179,179,5.853951148010404e-06,5.508999756306079e-06,-42.32683942432328,-42.56914952661464
180,180,5.746945059878065e-06,5.490029085003219e-06,-42.40088146150933,-42.58413060567779
181,181,5.5349804374741e-06,5.513379667383178e-06,-42.569969984714746,-42.56569805531427
182,182,5.610405887918458e-06,5.510893587549952e-06,-42.50841694215499,-42.56765680714576
183,183,5.5867525982639285e-06,5.4523871097588105e-06,-42.52320127626935,-42.61401023432717
184,184,5.541382923877688e-06,5.44602325566015e-06,-42.56272862147679,-42.619082142871875
185,185,5.5214557730708e-06,5.44420548689423e-06,-42.585118422908806,-42.62053196907922
186,186,5.4910632073741225e-06,5.451370246814086e-06,-42.60965369872012,-42.61482026329715
187,187,5.49899414650521e-06,5.442778776916002e-06,-42.594845235640406,-42.621670231538964
188,188,5.6533163448885085e-06,5.408071908612711e-06,-42.478482752512726,-42.64945248240135
189,189,5.439718902895957e-06,5.406340302502749e-06,-42.63809191575265,-42.65084326901117
190,190,5.41741745522457e-06,5.395942767599511e-06,-42.65364636972404,-42.65920371170478
191,191,5.526733280161934e-06,5.384145520350246e-06,-42.57266371539444,-42.66870916526039
192,192,5.497778752167918e-06,5.342260895926493e-06,-42.59705282234427,-42.70262612311409
193,193,5.445536054449081e-06,5.383990379701381e-06,-42.63553257503463,-42.668834306191656
194,194,5.466144740267671e-06,5.336656326299387e-06,-42.6269116719656,-42.707184701170874
195,195,5.462774982699613e-06,5.35494387134493e-06,-42.62403187727169,-42.69232782755152
196,196,5.4658749297569676e-06,5.334307987045338e-06,-42.635510802668094,-42.70909618876691
197,197,5.377972773147253e-06,5.329696896775491e-06,-42.689879571939706,-42.71285194695789
198,198,5.391622821240237e-06,5.343942671300427e-06,-42.68636846822208,-42.7012591535142
199,199,5.451032941976139e-06,5.331856420142637e-06,-42.63740703779165,-42.711092599015174
200,200,5.447175217059996e-06,5.326172341531339e-06,-42.64589909409236,-42.71572490816882
201,201,5.570671470833104e-06,5.316685330494932e-06,-42.536748019832075,-42.72346748588829
202,202,5.466802319001404e-06,5.3108842621441e-06,-42.627203755515666,-42.7282086869732
203,203,5.453314020321825e-06,5.3358820830333955e-06,-42.63717554662077,-42.707814822264396
204,204,5.531907343951032e-06,5.316562285435411e-06,-42.57656475049033,-42.72356799664908
205,205,5.3784990377232705e-06,5.285739629662682e-06,-42.69022759853218,-42.74881939420125
206,206,5.335721090380775e-06,5.30912135026914e-06,-42.73446106462045,-42.72965053725906
207,207,5.302884168598859e-06,5.315621173825716e-06,-42.74807230074269,-42.72433683135097
208,208,5.323240591528749e-06,5.295678372357016e-06,-42.740452059456274,-42.74066105024829
209,209,5.369653250060774e-06,5.308320444447945e-06,-42.69539228363064,-42.73030574024686
210,210,5.428633751753014e-06,5.298642750667089e-06,-42.647430617056415,-42.738230666723034
211,211,5.3265363377934206e-06,5.2790064489128875e-06,-42.742625400921256,-42.75435513281619
212,212,5.380366169400489e-06,5.28963509120666e-06,-42.691512754508814,-42.74561992832097
213,213,5.306050893195038e-06,5.277360383173034e-06,-42.752229523418606,-42.75570953302761
214,214,5.28982640314576e-06,5.2587699763918e-06,-42.755984605293094,-42.771035310489424
215,215,5.319451439700247e-06,5.273426962192293e-06,-42.73442928372765,-42.75894770483444
216,216,5.330309615657693e-06,5.2855585923488865e-06,-42.7337100417987,-42.748968143209666
217,217,5.448636456253787e-06,5.290105347835618e-06,-42.64274258065103,-42.74523385106256
218,218,5.386535773591136e-06,5.259945546161984e-06,-42.6832055749484,-42.77006457700906
219,219,5.336388373516738e-06,5.292087783010701e-06,-42.72952148490644,-42.743606663471674
220,220,5.434405255110721e-06,5.266445273982275e-06,-42.64439603618722,-42.76470130229657
221,221,5.3905190275285934e-06,5.270856012142949e-06,-42.678705185441956,-42.76106553388839
222,222,5.335985931487437e-06,5.2529150803150655e-06,-42.73123571477005,-42.775873258558605
223,223,5.255097469849604e-06,5.271948099873139e-06,-42.79419757938164,-42.76016579664272
224,224,5.304738787691752e-06,5.269764857841533e-06,-42.7489677189807,-42.76196468831117
225,225,5.262537267777382e-06,5.251745039315306e-06,-42.7918124601533,-42.77684071937334
226,226,5.346914396383356e-06,5.255130992353722e-06,-42.71621863087965,-42.77404159855563
227,227,5.273287612355264e-06,5.240481761192266e-06,-42.7746166375071,-42.786164920058226
228,228,5.2799650146289895e-06,5.263650516434082e-06,-42.761784893410486,-42.76700659530452
229,229,5.327173659173513e-06,5.242765143377351e-06,-42.73343783956583,-42.784273024717464
230,230,5.277080739706997e-06,5.252103116953022e-06,-42.77882382659008,-42.776544616193064
231,231,5.336078488981752e-06,5.244999005969332e-06,-42.73911271921407,-42.78242295601285
232,232,5.391712209567447e-06,5.255287808387565e-06,-42.676272130214876,-42.773912004598486
233,233,5.352581673523486e-06,5.256777847917922e-06,-42.71316430359043,-42.772680817558104
234,234,5.390845254839508e-06,5.233670986183968e-06,-42.677429629099436,-42.791812885085676
235,235,5.232467235155409e-06,5.240595089018921e-06,-42.81164941408916,-42.78607100289595
236,236,5.303561873418956e-06,5.232987453047444e-06,-42.74753274324561,-42.79238012375414
237,237,5.29281159916283e-06,5.233269611811633e-06,-42.75581782811531,-42.79214596173503
238,238,5.3149352031150834e-06,5.226129671523507e-06,-42.75056291638556,-42.79807524517838
239,239,5.323810361830708e-06,5.238854651236723e-06,-42.734758327945016,-42.78751356438647
240,240,5.368939774907818e-06,5.260958220644266e-06,-42.69859972485129,-42.769228529173766
241,241,5.303238735577156e-06,5.217706649617819e-06,-42.76231442580346,-42.8050804731717
242,242,5.276079076624622e-06,5.229382072445189e-06,-42.77352452677491,-42.795373321344584
243,243,5.39179224978932e-06,5.225254402543406e-06,-42.68025428622148,-42.79880265981827
244,244,5.306281173503034e-06,5.242994623251051e-06,-42.74620390282387,-42.784082934833485
245,245,5.304994332262365e-06,5.220228295480697e-06,-42.75503718600803,-42.802982094688545
246,246,5.479654149538189e-06,5.229740317621403e-06,-42.6144726633466,-42.79507581282053
247,247,5.287180022033803e-06,5.231100897761184e-06,-42.7679270448257,-42.79394609019485
248,248,5.2498112194202286e-06,5.211752331409738e-06,-42.79330506459495,-42.810039364763156
249,249,5.302691111939998e-06,5.250741316175615e-06,-42.75333754874909,-42.77767083027756
250,250,5.334041956884153e-06,5.249401271468837e-06,-42.73016141713566,-42.77877933717632
251,251,5.398383690749377e-06,5.208624890273265e-06,-42.681249492478386,-42.81264623866021
252,252,5.3421066386175715e-06,5.220846033855771e-06,-42.721787136738655,-42.802468200506006
253,253,5.3377050171172984e-06,5.218069131124618e-06,-42.72877211542142,-42.80477877309388
254,254,5.304383372164273e-06,5.245275348754244e-06,-42.75752446305725,-42.782194145702334
255,255,5.298694529685854e-06,5.222399355070114e-06,-42.756125410888885,-42.80117626718095
256,256,5.35821525247848e-06,5.227537736860349e-06,-42.70468699598893,-42.796905292116435
257,257,5.274264812843032e-06,5.226240462338626e-06,-42.77930676712673,-42.79798317832841
258,258,5.355267842684587e-06,5.229800463942076e-06,-42.71457064271673,-42.795025865665636
259,259,5.307205285753673e-06,5.249694152696879e-06,-42.75578267571548,-42.77853703687122
260,260,5.2832367577345215e-06,5.222802428761497e-06,-42.778546607018356,-42.80084108422579
261,261,5.2787535348694086e-06,5.200207229599503e-06,-42.78484425616604,-42.81967055096729
262,262,5.2602217927171255e-06,5.2057255169002976e-06,-42.79353284113935,-42.815064405593624
263,263,5.2635899985184505e-06,5.2068948159438535e-06,-42.78700502404213,-42.81408901206498
264,264,5.414455301302651e-06,5.224570677934312e-06,-42.66092465537187,-42.79937097138905
265,265,5.256647637935137e-06,5.233207909776339e-06,-42.78616532352777,-42.79219716683894
266,266,5.342387442762685e-06,5.2418912147052314e-06,-42.71305104050191,-42.78499702059829
267,267,5.265923466571828e-06,5.223858136703616e-06,-42.79311430169841,-42.79996331446874
268,268,5.420762590802042e-06,5.224505385788354e-06,-42.655565438499465,-42.79942524608
269,269,5.309667264470788e-06,5.222030291693763e-06,-42.75376158367209,-42.80148319095431
270,270,5.348503761815289e-06,5.211713414610131e-06,-42.709653414426505,-42.810071794190634
271,271,5.251579689674773e-06,5.218146964723833e-06,-42.79447773757546,-42.80471399347963
272,272,5.296659446216414e-06,5.223457121342347e-06,-42.766933559008294,-42.80029671832292
273,273,5.25218886360028e-06,5.194644927541958e-06,-42.7969821499595,-42.824318384884144
274,274,5.231553371128573e-06,5.226111433761329e-06,-42.81049248698512,-42.7980904008936
275,275,5.3504310185932815e-06,5.21553532675362e-06,-42.71148406146172,-42.806888144371314
276,276,5.257849732084444e-06,5.227521294153503e-06,-42.78784741737056,-42.79691895244458
277,277,5.237452606922591e-06,5.224668664021393e-06,-42.81262362533311,-42.799289520834556
278,278,5.243594673113866e-06,5.210807510019022e-06,-42.807321820516755,-42.81082675427924
279,279,5.253686548215781e-06,5.221700958875437e-06,-42.789999748642906,-42.801757091962145
280,280,5.2927115078644645e-06,5.226126799434975e-06,-42.76261138664093,-42.79807763190168
281,281,5.25397481584319e-06,5.2290375414917144e-06,-42.79188566570495,-42.795659459972626
282,282,5.226594899776848e-06,5.22805703440099e-06,-42.81462588204047,-42.79647389043823
283,283,5.2585832301851905e-06,5.2015874596116576e-06,-42.79229273401147,-42.81851800700836
284,284,5.265301648794719e-06,5.216841121804655e-06,-42.775962048069175,-42.8058009527982
285,285,5.269436591446458e-06,5.1986750900380825e-06,-42.77954957086668,-42.82095030342798
286,286,5.263456584084311e-06,5.202974247559293e-06,-42.79010226509469,-42.817360294893724
287,287,5.256193753197782e-06,5.2025652382182764e-06,-42.79273013342092,-42.81770171015659
288,288,5.246191960264396e-06,5.195215826939889e-06,-42.79678927440362,-42.82384111485263
289,289,5.246275436876044e-06,5.1962130400122415e-06,-42.805983521970916,-42.82300757378435
290,290,5.2852522823797566e-06,5.209170371687689e-06,-42.75838184747944,-42.812191440763854
291,291,5.308576775635245e-06,5.217165332731766e-06,-42.755473887337736,-42.80553106027461
292,292,5.542927105237788e-06,5.200544125584297e-06,-42.55482725250049,-42.819389201933504
293,293,5.2714433071198125e-06,5.214485099713784e-06,-42.77623721008154,-42.80776275015547
294,294,5.312086103135089e-06,5.215576134344845e-06,-42.74314217075371,-42.80685416426909
295,295,5.433186625972685e-06,5.209810320880742e-06,-42.651937200225774,-42.81165794058416
296,296,5.395768865353077e-06,5.203178165845058e-06,-42.679656093416575,-42.81719008676538
297,297,5.268797193230526e-06,5.194284504365274e-06,-42.78138600149048,-42.82461972449354
298,298,5.249947315457303e-06,5.1921217738326e-06,-42.80189081285715,-42.826428361522744
299,299,5.2408609945748896e-06,5.195221188171816e-06,-42.800004066908066,-42.82383663312882
300,300,5.262034190628142e-06,5.201357142045469e-06,-42.78455546476013,-42.81871030957639
301,301,5.225690519810743e-06,5.18627633171395e-06,-42.81118317966641,-42.83132052984976
302,302,5.449791655168549e-06,5.199508594064116e-06,-42.63757665695686,-42.82025405452351
303,303,5.267985455144842e-06,5.2158893116651786e-06,-42.78115856934737,-42.8065933932723
304,304,5.23913484395268e-06,5.19530359317861e-06,-42.80742622045112,-42.823767747215
305,305,5.2584347809597695e-06,5.205104236282702e-06,-42.793203798446754,-42.81558274803252
306,306,5.247468056340856e-06,5.20162865014802e-06,-42.80117669686513,-42.81848361606144
307,307,5.266231166444282e-06,5.215604185076173e-06,-42.78626625756837,-42.80683080683982
308,308,5.2297751402143945e-06,5.219991276374601e-06,-42.809261916086534,-42.80317928611578
309,309,5.3104938498230715e-06,5.210412813252524e-06,-42.75159348030232,-42.811155726554034
310,310,5.22807395850343e-06,5.2101118662425216e-06,-42.8155851496894,-42.81140657692837
311,311,5.255012244570307e-06,5.229034884809823e-06,-42.79161508120629,-42.79566166646391
312,312,5.242758917804692e-06,5.214986111624105e-06,-42.796037987780664,-42.80734549657899
313,313,5.246967492022338e-06,5.199365947000363e-06,-42.7957791744451,-42.820373203634134
314,314,5.297344384801072e-06,5.21446432494007e-06,-42.75751280629475,-42.80778005270286
315,315,5.283221000973219e-06,5.194473487790674e-06,-42.76878723031337,-42.82446171819693
316,316,5.2379826501209275e-06,5.219090254333998e-06,-42.809343698087204,-42.80392898598187
317,317,5.292631959894879e-06,5.195899503680841e-06,-42.76560429899015,-42.823269632337066
318,318,5.4076634902211826e-06,5.187418992136372e-06,-42.675895133358466,-42.830363780875246
319,319,5.282514740832357e-06,5.208583580066548e-06,-42.7742123854283,-42.81268068319469
320,320,5.2110714660585406e-06,5.206728809226709e-06,-42.8287810591505,-42.8142274764532
321,321,5.454609445504755e-06,5.187533540600653e-06,-42.63917001523629,-42.830267881128634
322,322,5.219271249948226e-06,5.2041216708618636e-06,-42.817931855007885,-42.81640264135687
323,323,5.227559479853599e-06,5.1983734968081606e-06,-42.8247801655545,-42.82120226007601
324,324,5.265162088239167e-06,5.200666237215046e-06,-42.78862339225951,-42.819287228402416
325,325,5.217523173002716e-06,5.1992998410959876e-06,-42.826402819654,-42.82042842115929
326,326,5.263563501281057e-06,5.190633290016865e-06,-42.7756370661588,-42.827673580750265
327,327,5.2436546200661935e-06,5.187134703239855e-06,-42.79865488053893,-42.83060179612424
328,328,5.296691100382529e-06,5.181790296965598e-06,-42.75857344418624,-42.835078723789266
329,329,5.2168466214594055e-06,5.188758438491373e-06,-42.818639382360416,-42.829242531421094
330,330,5.20184683634782e-06,5.191916275898141e-06,-42.839948827549385,-42.82660025345643
331,331,5.251390997652857e-06,5.1728967551561686e-06,-42.79218689581452,-42.842538953273234
332,332,5.25797738013465e-06,5.201053801628357e-06,-42.790145266997676,-42.81896359522342
333,333,5.245371680429503e-06,5.1959576395395406e-06,-42.8041150973079,-42.82322104028602
334,334,5.226924441586496e-06,5.1855895914118986e-06,-42.81565597269396,-42.83189563856468
335,335,5.223473331123799e-06,5.2097773636648385e-06,-42.82043273050597,-42.81168541410315
336,336,5.234377052138089e-06,5.176883261906608e-06,-42.82324024449565,-42.8391933401944
337,337,5.212832275929875e-06,5.174337729840772e-06,-42.82141943449807,-42.84132934048435
338,338,5.251884234444474e-06,5.188605547645191e-06,-42.792772025373,-42.82937050158948
339,339,5.275025047275139e-06,5.2067690424002265e-06,-42.77555617141823,-42.81419391799764
340,340,5.313785161129043e-06,5.187984267027595e-06,-42.741776622243314,-42.829890554418164
341,341,5.239544796345446e-06,5.192754447068039e-06,-42.809515699900146,-42.82589919489717
342,342,5.259271427011177e-06,5.185066727694663e-06,-42.79399197588262,-42.832333560370955
343,343,5.262058531331707e-06,5.194366789701714e-06,-42.78713709227857,-42.82455092621251
344,344,5.24770590326972e-06,5.173499774077515e-06,-42.804978280021366,-42.84203271365718
345,345,5.268012153971268e-06,5.1803469528079545e-06,-42.78457953670959,-42.836288583091644
346,346,5.2561033709897645e-06,5.1803461869176795e-06,-42.7939139200317,-42.83628922517594
347,347,5.321673194613168e-06,5.188107216350832e-06,-42.743221255538984,-42.82978763278774
348,348,5.2424357987153604e-06,5.20010460030263e-06,-42.80438210544862,-42.81975626250757
349,349,5.222921863230685e-06,5.172509693358351e-06,-42.81445308003242,-42.84286392610801
350,350,5.236134889743233e-06,5.182708527603322e-06,-42.80956259322792,-42.83430920756495
351,351,5.36931272399295e-06,5.182643307259576e-06,-42.70535337863093,-42.83436386048142
352,352,5.199407843468452e-06,5.1789564790133705e-06,-42.83676803906538,-42.83745444352583
353,353,5.250454583783159e-06,5.180233864322011e-06,-42.78995780628261,-42.83638339187945
354,354,5.223027463066548e-06,5.1843376958889786e-06,-42.817804337929395,-42.83294423091274
355,355,5.217184728458848e-06,5.200659009125574e-06,-42.82852659814613,-42.81929326440129
356,356,5.279287567655328e-06,5.221288311555614e-06,-42.775527406862125,-42.80210030873547
357,357,5.195245025272916e-06,5.184463828443672e-06,-42.845017889870334,-42.83283857034557
358,358,5.227611672660377e-06,5.192687311998605e-06,-42.812629379982326,-42.82595534347684
359,359,5.494043977808726e-06,5.197266115206539e-06,-42.59497595696284,-42.82212751285258
360,360,5.434722429667672e-06,5.194989649968001e-06,-42.64759939152272,-42.824030191788694
361,361,5.252005267561565e-06,5.199923299714053e-06,-42.796871761530745,-42.819907681034415
362,362,5.372584204563929e-06,5.2076104925378645e-06,-42.701448469851655,-42.813492124576065
363,363,5.277648386291946e-06,5.199000449800606e-06,-42.7746093865186,-42.820678508161805
364,364,5.285421293686425e-06,5.17893426819539e-06,-42.768828624901616,-42.83747306900842
365,365,5.229204296333639e-06,5.2020088668015025e-06,-42.812272790700774,-42.818166177099656
366,366,5.395990533590108e-06,5.169848870872029e-06,-42.67642835386855,-42.845098581852056
367,367,5.208210927073018e-06,5.172269802163723e-06,-42.83177379116006,-42.8430653483271
368,368,5.275198423218753e-06,5.186884448592441e-06,-42.77696700600987,-42.830811327668144
369,369,5.261948745007346e-06,5.167692937615548e-06,-42.78796917915799,-42.84691005685755
370,370,5.296350850913609e-06,5.2060009262564375e-06,-42.75947458265747,-42.81483464780213
371,371,5.2313831596639485e-06,5.1932515337906995e-06,-42.817696631163074,-42.825483477784665
372,372,5.234499130705276e-06,5.161801948959596e-06,-42.82176543523336,-42.85186368561037
373,373,5.208232403337084e-06,5.1878457605581436e-06,-42.83253476408979,-42.83000650195245
374,374,5.279797569153406e-06,5.173013720961631e-06,-42.77359475450772,-42.84244075485173
375,375,5.221856985578419e-06,5.1752010557193945e-06,-42.83118044143187,-42.84060479096807
376,376,5.278246411875181e-06,5.166863789590455e-06,-42.77472857092326,-42.84760693128043
377,377,5.20118451792778e-06,5.184321181379921e-06,-42.83433512678457,-42.83295806521906
378,378,5.251600734632073e-06,5.20004320941026e-06,-42.8026415891889,-42.819807534328476
379,379,5.2391646463125726e-06,5.163708249854512e-06,-42.80374948080373,-42.850260092271206
380,380,5.238265498285062e-06,5.1615075598850745e-06,-42.811430419423004,-42.85211138050031
381,381,5.386605959391034e-06,5.183498256213313e-06,-42.695047643235796,-42.833647490535114
382,382,5.235042778819202e-06,5.189413035335938e-06,-42.810931319726265,-42.828694674221865
383,383,5.207516799779002e-06,5.163870786131347e-06,-42.835931833745335,-42.85012339303531
384,384,5.231092294819711e-06,5.179672801827301e-06,-42.81102769365133,-42.8368537944681
385,385,5.257477908147398e-06,5.189032387869175e-06,-42.793567846995174,-42.82901324427296
386,386,5.210732623024726e-06,5.1567003299025694e-06,-42.82720164120264,-42.856158117352294
387,387,5.433226610922745e-06,5.1800503139307505e-06,-42.65122917861703,-42.8365372774693
388,388,5.2230782166214e-06,5.1931842551168396e-06,-42.82132959888764,-42.82553974108307
389,389,5.219529766785029e-06,5.191678634506197e-06,-42.823795177609696,-42.8267990407668
390,390,5.379678150722949e-06,5.197572088371472e-06,-42.69521491836839,-42.821871842769845
391,391,5.2048784728520836e-06,5.190815978781565e-06,-42.83219265818793,-42.82752072979396
392,392,5.181843184847409e-06,5.187543880119368e-06,-42.84685332111405,-42.83025922500832
393,393,5.187616549387572e-06,5.188083210477519e-06,-42.844925412464,-42.829807728059485
394,394,5.225872550018374e-06,5.1528740617581395e-06,-42.81945297462173,-42.8593817755841
395,395,5.219544464031885e-06,5.178156386950593e-06,-42.825105907258106,-42.83812543277364
396,396,5.177521767653105e-06,5.17241757111869e-06,-42.85618654846082,-42.84294127451139
397,397,5.202920185427539e-06,5.18488770084284e-06,-42.83592216637832,-42.83248351353498
398,398,5.272350598406587e-06,5.163584247432147e-06,-42.78558260305739,-42.85036438595281
399,399,5.211874010746749e-06,5.175630839834125e-06,-42.832067443413955,-42.840244138082525
400,400,5.2631626344590745e-06,5.189485244428445e-06,-42.78792761675402,-42.82863424389568
401,401,5.409105025259142e-06,5.178636432614631e-06,-42.66330057517057,-42.83772283481356
402,402,5.199730160889773e-06,5.192471378809148e-06,-42.84247465136786,-42.82613594465097
403,403,5.242545355321988e-06,5.15933259904207e-06,-42.80410111883153,-42.85394180029542
404,404,5.294900370948376e-06,5.153563722016866e-06,-42.77399806133833,-42.858800555085836
405,405,5.198078734164736e-06,5.168966302000244e-06,-42.841112677908114,-42.84584004939053
406,406,5.185474670612428e-06,5.188569239659333e-06,-42.84367592929159,-42.82940089205361
407,407,5.335512258208143e-06,5.18168149267838e-06,-42.730439371414015,-42.83516991543336
408,408,5.210621458393961e-06,5.189923046456993e-06,-42.83211352987622,-42.828267874253115
409,409,5.230309126119144e-06,5.173070660116776e-06,-42.811153255318935,-42.842392952494876
410,410,5.20590685820147e-06,5.156974303214443e-06,-42.83163302225009,-42.85592738465653
411,411,5.219053988541193e-06,5.169800045366987e-06,-42.81573129601504,-42.845139598036624
412,412,5.233601478187093e-06,5.177428791189174e-06,-42.80966162936483,-42.83873571373667
413,413,5.234831447880199e-06,5.184482975700551e-06,-42.81294181928503,-42.83282253101551
414,414,5.351722351050055e-06,5.16697929541758e-06,-42.71178485230833,-42.8475098453407
415,415,5.2117598832260274e-06,5.1650641389163575e-06,-42.832974159076855,-42.84911986936987
416,416,5.2199694465278145e-06,5.178001437774296e-06,-42.81746293842184,-42.83825539134203
417,417,5.190906754297927e-06,5.1703697241272925e-06,-42.84939981191492,-42.84466105977696
418,418,5.210641922024751e-06,5.1821987079548354e-06,-42.83075391042089,-42.8347364412203
419,419,5.261697147831263e-06,5.172799750366003e-06,-42.78756511432157,-42.84262039514631
420,420,5.197137224311837e-06,5.164594169496252e-06,-42.84542220558257,-42.84951505209492
421,421,5.215797524009027e-06,5.154679528411514e-06,-42.81752507512287,-42.857860358875506
422,422,5.233423301611653e-06,5.1829937977967535e-06,-42.81492649795066,-42.83407016679955
423,423,5.1967789115280405e-06,5.143056497265781e-06,-42.84020645394011,-42.867664106846064
424,424,5.231030238214724e-06,5.164376967801026e-06,-42.80985147152383,-42.84969770242177
425,425,5.19606372990049e-06,5.155196935160539e-06,-42.843853685609695,-42.85742445278685
426,426,5.224911668865951e-06,5.162003282365683e-06,-42.818695699370224,-42.85169429460514
427,427,5.2651899122136774e-06,5.167140371716079e-06,-42.787747726910965,-42.847374459744515
428,428,5.255705251404356e-06,5.175670570392149e-06,-42.79229007921512,-42.840210799739005
429,429,5.2142391001494225e-06,5.1738580910559425e-06,-42.83853303640379,-42.84173193139259
430,430,5.2212445909165196e-06,5.172614739996406e-06,-42.82401977042706,-42.84277572770006
431,431,5.180388762175763e-06,5.17247723875794e-06,-42.8601602958915,-42.84289117573909
432,432,5.200298046568689e-06,5.168093474295395e-06,-42.83983729998404,-42.84657345766129
433,433,5.348007566821834e-06,5.164447669047054e-06,-42.718501744748956,-42.84963824713601
434,434,5.311510768038228e-06,5.17067404584132e-06,-42.749489099640826,-42.844405446815436
435,435,5.212378855316105e-06,5.148087582615278e-06,-42.828677890425055,-42.86341779028032
436,436,5.1891770219543145e-06,5.151661872859174e-06,-42.847134328693166,-42.860403552703644
437,437,5.192977795624906e-06,5.1738730737844505e-06,-42.84946433220639,-42.84171935488434
438,438,5.2133789619436304e-06,5.182485916808027e-06,-42.82857906476691,-42.83449575233369
439,439,5.231091216552796e-06,5.177398610325518e-06,-42.81053519034097,-42.83876103020412
440,440,5.388095153826613e-06,5.1615142853590535e-06,-42.687816546360324,-42.85210572162197
441,441,5.186626911325352e-06,5.148032701790247e-06,-42.84717508624081,-42.86346408818442
442,442,5.191120635572588e-06,5.164923550182721e-06,-42.840906558026404,-42.84923808231084
443,443,5.222306500990712e-06,5.1533193072828e-06,-42.81381818101438,-42.85900653000574
444,444,5.197552779004441e-06,5.164746773133581e-06,-42.84685223271984,-42.84938672848167
445,445,5.220085463359695e-06,5.186077319912759e-06,-42.81970568772707,-42.831487183880284
446,446,5.250590567305425e-06,5.161216736987147e-06,-42.79602802718976,-42.85235608873079
447,447,5.217231215827212e-06,5.1912754172103876e-06,-42.83025243815587,-42.827136353338524
448,448,5.227254494400899e-06,5.161831148526337e-06,-42.81548209430962,-42.85183911826942
449,449,5.366360832359185e-06,5.166955385280553e-06,-42.71242818202098,-42.847529942314196
450,450,5.20821990481711e-06,5.1543095794745325e-06,-42.82318107455034,-42.85817206117785
451,451,5.22245792717044e-06,5.1715246627281886e-06,-42.82201557181437,-42.84369105671054
452,452,5.414690077514868e-06,5.165371021575993e-06,-42.662229483477475,-42.84886184065446
453,453,5.216405211801439e-06,5.1586522970051435e-06,-42.828377225736894,-42.854514492393875
454,454,5.367181027807972e-06,5.175322928009432e-06,-42.69525665678856,-42.84050251892243
455,455,5.210556556101944e-06,5.1926212300283e-06,-42.829971195329634,-42.826010612003415
456,456,5.199728731014082e-06,5.174851594347274e-06,-42.8428447712363,-42.840898063187524
457,457,5.276224033202863e-06,5.158285890310684e-06,-42.77550821171762,-42.85482297229889
458,458,5.235628634050654e-06,5.178842265626085e-06,-42.80699449004107,-42.83755022110383
459,459,5.185191855265113e-06,5.153970649093696e-06,-42.8480376256912,-42.85845764828052
460,460,5.187479220375721e-06,5.1644742358659735e-06,-42.84653334861044,-42.849615906328395
461,461,5.243259543068731e-06,5.172422453669194e-06,-42.804954105480405,-42.842937174951146
462,462,5.172814893477462e-06,5.14871400905816e-06,-42.857178456369084,-42.86288936687549
463,463,5.2689887590681746e-06,5.164778390041504e-06,-42.78471699565153,-42.84936014246067
464,464,5.2208143530414105e-06,5.176981559136613e-06,-42.81938004448,-42.839110878340165
465,465,5.2085358182705824e-06,5.167521234589482e-06,-42.83208057473654,-42.847054358998776
466,466,5.260009524154719e-06,5.170389828747016e-06,-42.78387270128885,-42.84464417257372
467,467,5.228446471593679e-06,5.167380837328413e-06,-42.823322043806044,-42.84717235480626
468,468,5.214577891613949e-06,5.159975061312587e-06,-42.82547050252326,-42.85340103180889
469,469,5.289905140071101e-06,5.1794179039700934e-06,-42.763491898982416,-42.83706752120531
470,470,5.278458680437587e-06,5.191700127302044e-06,-42.772620327846724,-42.82678106164295
471,471,5.2156971936166935e-06,5.153824770930346e-06,-42.82894021614079,-42.858580572880385
472,472,5.199112909338641e-06,5.165562374474432e-06,-42.83933853372662,-42.84870095778993
473,473,5.193786303597963e-06,5.159468400961487e-06,-42.83985314278223,-42.85382748851785
474,474,5.2121891553490305e-06,5.14555724868459e-06,-42.8295333060811,-42.865552913657154
475,475,5.206687256224878e-06,5.18644877669622e-06,-42.831172449943466,-42.83117612825143
476,476,5.179806310517267e-06,5.164402768729671e-06,-42.85323481192604,-42.84967600537483
477,477,5.1800043365801685e-06,5.150711044016613e-06,-42.86122876087579,-42.86120519272203
478,478,5.179006072382633e-06,5.149166051859011e-06,-42.84917335044349,-42.86250808511078
479,479,5.209177982475556e-06,5.1440059618662895e-06,-42.83574462875865,-42.86686242562837
480,480,5.212502377823334e-06,5.166018797210295e-06,-42.828349031877266,-42.84831723748142
481,481,5.239143254434613e-06,5.123187388801996e-06,-42.81445669308833,-42.88447464638885
482,482,5.210294420038801e-06,5.159895624130609e-06,-42.83049715424212,-42.85346789142535
483,483,5.20566455287332e-06,5.160189055842286e-06,-42.83070357301249,-42.853220924899034
484,484,5.218062147063974e-06,5.151707108253552e-06,-42.82644433312514,-42.86036541860944
485,485,5.184742813352639e-06,5.16471757356684e-06,-42.85151623947857,-42.84941128195372
486,486,5.234805466335677e-06,5.1453028773769464e-06,-42.80860514392512,-42.86576761301937
487,487,5.242284752273111e-06,5.153360952566513e-06,-42.81276055484745,-42.858971433706145
488,488,5.201862743128866e-06,5.162633155314804e-06,-42.84216500203324,-42.85116439634074
489,489,5.230114152020422e-06,5.17420812684577e-06,-42.81735801589961,-42.84143812072526
490,490,5.252257455440392e-06,5.159229658602271e-06,-42.80925839514382,-42.85402845280351
491,491,5.19664795366722e-06,5.196301787547877e-06,-42.84497546763339,-42.82293340008212
492,492,5.24352096184997e-06,5.149681567816419e-06,-42.810193546592956,-42.862073306882984
493,493,5.221627291285051e-06,5.173496686582343e-06,-42.81681113375548,-42.84203530548588
494,494,5.186883004405656e-06,5.143787132654229e-06,-42.84949126318154,-42.86704718113117
495,495,5.29267296216633e-06,5.1729433308585275e-06,-42.76462283034167,-42.842499850464066
496,496,5.19341349984446e-06,5.162774773213498e-06,-42.84627761606974,-42.85104526521803
497,497,5.26071517484037e-06,5.169346327181158e-06,-42.78744170975141,-42.845520765489866
498,498,5.186852423818338e-06,5.154774618475992e-06,-42.84828584369579,-42.85778024388649
499,499,5.304615180798417e-06,5.1693733966155715e-06,-42.75645074047745,-42.84549802359085
