,epoch,train_loss,test_loss,train_dbs,test_dbs
0,0,0.0009914041447606822,0.0009554370772093534,-20.042593384759876,-20.206208457989383
1,1,0.0009313136220371985,0.0009182417324106945,-20.30946776602374,-20.378659097704414
2,2,0.0009036706568500431,0.0008940375777647683,-20.442080465515104,-20.49467163300597
3,3,0.0008816194454131206,0.0008807230011658057,-20.549674691089805,-20.559835979139137
4,4,0.0008745789887940453,0.0008627298765962845,-20.5919118808701,-20.649480984930534
5,5,0.0008616158882751293,0.0008541109120032113,-20.65280794510906,-20.693086661520145
6,6,0.0008489647118096269,0.0008502599636190816,-20.7139985988519,-20.71271206703806
7,7,0.0008448595775185709,0.0008409518111301096,-20.738636061946572,-20.76051826307241
8,8,0.000832186126121387,0.0008376173852746817,-20.793740502397814,-20.777772537215256
9,9,0.000828575160469591,0.0008315011724143437,-20.81897041254186,-20.80960070630495
10,10,0.0008218673870361113,0.0008276873574543156,-20.852211656321437,-20.829566149404712
11,11,0.0008215274632975613,0.0008208007202483714,-20.848615538797613,-20.86585207681416
12,12,0.0008211185676813817,0.0008200593231441943,-20.857143720264304,-20.869776661295955
13,13,0.0008161480612956832,0.000822426962641705,-20.887445425610345,-20.857255966420002
14,14,0.0008120330935104069,0.000818421956960504,-20.898636314511606,-20.878456642492896
15,15,0.0008143937790084668,0.00081748791088007,-20.88987757350527,-20.88341597565215
16,16,0.0008149362624066008,0.0008143919618114045,-20.892120066299746,-20.89989458087799
17,17,0.000808908002806309,0.0008102704550286657,-20.91378347761601,-20.92192933067091
18,18,0.0008070611679379243,0.0008082428738768948,-20.928927100860626,-20.932810523315336
19,19,0.0008079879785187004,0.0008092423668131232,-20.92664877964781,-20.92744324933676
20,20,0.0008032512977076022,0.000808102005210362,-20.946524162419507,-20.933567521224564
21,21,0.0008039186461396592,0.0008105701754653925,-20.95183291546975,-20.920323164946545
22,22,0.0008050088900304639,0.0008044737746546927,-20.946364726894096,-20.953110456049902
23,23,0.0008052883528115362,0.000805833949829991,-20.938790452170842,-20.945773762515408
24,24,0.0008071462525362053,0.0008048936540849114,-20.938180004664805,-20.950844331851172
25,25,0.0007988942802653255,0.0008002025485774012,-20.976099199849344,-20.976230063041235
26,26,0.0008024785111984718,0.0008042064973300225,-20.955678657396,-20.954553590155935
27,27,0.0008056321716627356,0.000805641058832407,-20.944269562720393,-20.94681344970645
28,28,0.0008004359419688044,0.000803241316278122,-20.96204486067423,-20.959768973843104
29,29,0.0007984900502632037,0.0007987357369673095,-20.97860354328633,-20.984198205060384
30,30,0.0007964030271828098,0.0008011578190091409,-20.991623715014537,-20.97104860938672
31,31,0.000801554143539217,0.0007997380851424838,-20.964501280849213,-20.978751580505637
32,32,0.0007987571616186617,0.0007993519110114951,-20.975637391927478,-20.98084918974347
33,33,0.0007989573623677812,0.0007984662171159135,-20.979010388002727,-20.985663905562895
34,34,0.0007967717955176978,0.0007988077153353707,-20.989012871920295,-20.98380685660546
35,35,0.0007954487155825284,0.0008006154093891382,-20.990901730551474,-20.973989918552416
36,36,0.0007962942316638517,0.000801236181838536,-20.991582364301834,-20.97062383814567
37,37,0.000790365976425483,0.0007976360318839158,-21.010009386219263,-20.9901817226132
38,38,0.0007985240069323594,0.0007970973138550395,-20.98155164540584,-20.993115909407095
39,39,0.0007942366928639869,0.0007994896701635106,-20.99601997383298,-20.98010079740236
40,40,0.0007922209423640263,0.0007986959841984667,-21.01376669392414,-20.98441435712402
41,41,0.0007942464939539426,0.0007989495704685779,-21.004714816843844,-20.98303568939138
42,42,0.0007980762604028755,0.0008027357000269388,-20.987372448681008,-20.962503587761923
43,43,0.0007964604223367863,0.0008007487447589243,-20.98919286627071,-20.973266699972505
44,44,0.0007967480575934667,0.0008007789545349384,-20.98302565791326,-20.973102857173785
45,45,0.0007977092839038172,0.0007968070506314305,-20.98629721382528,-20.994697682071937
46,46,0.0007914994062001328,0.0007971712161394718,-21.01013252069724,-20.992713275173923
47,47,0.0007959379353704527,0.0007999910096833972,-20.998376795804205,-20.97737830132072
48,48,0.0007958755349577165,0.0008009627559467366,-20.993925362358816,-20.972106142925313
49,49,0.0007959970725537038,0.0008000684350630955,-20.992538204145312,-20.976957999246334
50,50,0.0007990552190470404,0.0008022180225357021,-20.983285344914677,-20.965305219765213
51,51,0.0007982415755605805,0.0008032450967125202,-20.978818430998256,-20.95974853393418
52,52,0.0007947765923220396,0.0008014496844752054,-21.001180573261845,-20.969466742803725
53,53,0.0007952577500488878,0.0008001603541503611,-20.991283569475602,-20.976459071184372
54,54,0.0007945242579114268,0.0007970675452318238,-20.993994960320318,-20.99327810528946
55,55,0.0007937290464508702,0.0008007053769879827,-21.005960521264555,-20.973501915997254
56,56,0.0007974200644386336,0.0008008360531867334,-20.9935879970876,-20.972793199368507
57,57,0.0007912892699433663,0.0007968237991199681,-21.016632977626518,-20.994606396487786
58,58,0.0007939283548825488,0.000796425808833814,-20.999146034752325,-20.996776112869455
59,59,0.0007921205431501352,0.0007981161501160578,-21.004521111829444,-20.987568375659652
60,60,0.0007968153396486928,0.0007996172797375996,-20.99072716024121,-20.97940765884792
61,61,0.0007963263334888849,0.0007962740982245458,-20.995264294955838,-20.997603476271163
62,62,0.0007925370879730536,0.0007971845579480654,-21.003403038784974,-20.992640590344788
63,63,0.0007937179755937961,0.0007994677228117851,-20.99846747831827,-20.980220020263324
64,64,0.0007946049775352183,0.0008029349540409289,-20.995850236458583,-20.961425721401245
65,65,0.0007948368702554287,0.0007983104074618927,-20.996679078287343,-20.98651145395685
66,66,0.0007952139808882758,0.0007977209231620165,-20.999794792570647,-20.989719533714858
67,67,0.0007974881776032451,0.0007986108815346501,-20.990920621551567,-20.98487713128619
68,68,0.0007922677185203996,0.0007970301207694176,-21.005341106427558,-20.993482023002418
69,69,0.0007977718679407208,0.0008005149950469402,-20.986629903951822,-20.97453465113206
70,70,0.0007959287121565532,0.0007958878873308238,-20.990143570940294,-20.999710413439693
71,71,0.0007947600253416014,0.0007960992761103338,-21.006222095423652,-20.99855707523289
72,72,0.0007943874873105705,0.0008001855550039755,-20.997451522007854,-20.976322293359
73,73,0.0007942412270607485,0.0007957312045618892,-21.002519886961977,-21.00056547307706
74,74,0.0007927358215290707,0.0007994493659536697,-21.00824209753663,-20.98031974128377
75,75,0.0007971080227697402,0.0007960330296650921,-20.991561124546436,-20.998918483207916
76,76,0.0007952624078619189,0.0008010164877448819,-20.990613218133568,-20.971814810518378
77,77,0.0007919406022674875,0.0007991829893159631,-21.010388520973056,-20.98176705222494
78,78,0.0007938988760027304,0.0008001893231841294,-21.002775544948644,-20.976301841902654
79,79,0.0007952932651231507,0.0007981462465403112,-20.993424568297616,-20.987404609213645
80,80,0.000796519629129199,0.0008007564741235814,-20.98721864054631,-20.973224779154766
81,81,0.0007957210320230458,0.0007961557283507366,-20.99636904428495,-20.998249123347797
82,82,0.0007922682699929807,0.0007998994766048303,-21.00432982797111,-20.977875239221376
83,83,0.0007923801529182832,0.000797370197496524,-21.010353014454104,-20.991629370985812
84,84,0.0007953696755797977,0.0007956676019698774,-20.995465979983784,-21.00091261742136
85,85,0.0007937023327349848,0.0008025262841807777,-21.005350537062583,-20.96363671304392
86,86,0.0007940162622523447,0.0007963178244321362,-20.99543394803499,-20.997364996464682
87,87,0.0007927674408906053,0.0007999306544661522,-21.013374584118054,-20.97770596658588
88,88,0.0007914715361320557,0.000799005091386406,-21.01645971617872,-20.982733898247638
89,89,0.0007932480501452673,0.0007925847955783339,-21.002073408785307,-21.017771996800377
90,90,0.0007917510625214997,0.0007981784935844572,-21.012484329338218,-20.987229147254304
91,91,0.0007945349231151115,0.0007960818995917706,-20.99978051136513,-20.998651870049482
92,92,0.0007933335253949632,0.0007969931221420044,-20.999947494798278,-20.993683629845954
93,93,0.0007950180112960335,0.0007955936935583228,-20.99101657977932,-21.00131604601499
94,94,0.000794169964081579,0.0007963364631378729,-21.003052147009388,-20.997263346192998
95,95,0.0007962401795498643,0.0007963782562384088,-20.988825972909446,-20.997035426996575
96,96,0.0007900994921525576,0.0007945532377466167,-21.019506176408843,-21.006999348271872
97,97,0.000795049661861675,0.0007960043240975784,-21.00079586510605,-20.999075095985162
98,98,0.0007937373293410103,0.0007977537247107217,-21.00339772591822,-20.989540959500328
99,99,0.0007949723212826113,0.0007962378991865798,-20.999609661198853,-20.99780091330733
100,100,0.0007922889811188443,0.000796860540408249,-21.017756131853247,-20.99440614932007
101,101,0.0007925729504930451,0.000799439366490237,-21.008512456854366,-20.980374062909814
102,102,0.0007943827718899576,0.0007976465981061521,-21.00148952795992,-20.990124192343323
103,103,0.0007911912356407295,0.0007964838908887223,-21.018134007640636,-20.996459400428567
104,104,0.0007916506044998689,0.0007929749462116314,-21.012028008628413,-21.01563470400584
105,105,0.000795370615903557,0.000795309667745115,-20.996409053473883,-21.00286674793322
106,106,0.0007956735705764792,0.0007999406906923181,-20.988848864939882,-20.977651478734014
107,107,0.000793967711062353,0.0007984605311465106,-21.004982486794756,-20.985694832280586
108,108,0.0007891146641359041,0.0007940219764254595,-21.020776236501217,-21.009904138259405
109,109,0.0007911690801247647,0.0007970626680425516,-21.013142403311974,-20.99330467948485
110,110,0.0007936786608194414,0.0007924231406497327,-21.009793743563435,-21.018657870518773
111,111,0.0007953923045580765,0.0007916776567550474,-21.00775739140272,-21.022745483709052
112,112,0.0007926548396707656,0.0007945142416773658,-21.009517341023454,-21.00721250193481
113,113,0.0007913832741155836,0.0007938459779037849,-21.015619530779375,-21.010866878100476
114,114,0.0007930547917098499,0.000794199126846108,-21.01063510969346,-21.00893531281923
115,115,0.0007904695788609613,0.0007936156624437947,-21.02737218885669,-21.01212706268107
116,116,0.0007907865357767675,0.0007957814959809184,-21.017533040559236,-21.000291001050904
117,117,0.0007894233027569105,0.0007994453557521889,-21.021121597980546,-20.98034152643761
118,118,0.0007894394202781937,0.0007931747302216919,-21.030918160526557,-21.0145406698817
119,119,0.0007927309734910035,0.0007978707833803798,-21.014650946208533,-20.98890374273504
120,120,0.000790150165821896,0.0007946662402613775,-21.02183534766337,-21.006381732274036
121,121,0.0007916019410951083,0.0007989716955068472,-21.01477717545759,-20.982915423365295
122,122,0.0007935001523253153,0.0007915603193013292,-21.00725157042715,-21.023389215220476
123,123,0.0007946159685817883,0.000797796596184765,-20.99960031064802,-20.98930757488852
124,124,0.0007926928582745269,0.000791254866941783,-21.014581725977134,-21.025065421982138
125,125,0.0007900197614589226,0.0007923961384221911,-21.029431532894645,-21.01880586112661
126,126,0.0007881748594449277,0.0007929000758418912,-21.035814243795016,-21.01604477148289
127,127,0.0007889595449201225,0.0007916220132947752,-21.033392076009612,-21.023050740486617
128,128,0.0007897325480577641,0.0007914685901548518,-21.02916963706184,-21.023892522038835
129,129,0.0007934481506811973,0.0007906191014243584,-21.00994863336656,-21.028556338153592
130,130,0.0007891521246662152,0.000793373469557417,-21.029968259289248,-21.013452629854854
131,131,0.0007884030628795783,0.0007922775755440327,-21.026788368056923,-21.01945572618571
132,132,0.0007854068199335837,0.0007932587974018565,-21.04891220649747,-21.014080393269374
133,133,0.0007883428635565352,0.0007920201353140568,-21.032097637758707,-21.020867138592813
134,134,0.0007845864645637495,0.000787067159667219,-21.052753873547218,-21.048111446789413
135,135,0.0007889763177276502,0.0007900154328365859,-21.0284061608952,-21.031873612876268
136,136,0.0007891249212858834,0.0007893760339356959,-21.037121708321788,-21.03538999795753
137,137,0.0007854910524197153,0.0007892173874240957,-21.04747350458873,-21.036262918164358
138,138,0.0007895358769731961,0.0007885190731796779,-21.028314434480095,-21.0401073376902
139,139,0.0007898509394396673,0.0007841865789439334,-21.029882353919685,-21.064035312981318
140,140,0.0007841409305254593,0.0007878377525086858,-21.051947451318618,-21.04386148550016
141,141,0.0007851352211875245,0.0007924379437769714,-21.05210617169857,-21.018576741433854
142,142,0.0007862007358236258,0.0007927532914388729,-21.04499157270137,-21.016848826867978
143,143,0.0007877736736434637,0.0007888757053909725,-21.0407038057105,-21.038143550232835
144,144,0.0007876336056086206,0.0007903815774050983,-21.038328688375785,-21.029861275881213
145,145,0.0007883870833764601,0.0007879549092122991,-21.027888489352012,-21.043215708790733
146,146,0.0007943882698135585,0.0007946737153504632,-21.000099596550804,-21.00634088022183
147,147,0.0007944092011684072,0.0007940556633433229,-21.004526374558104,-21.009719889804845
148,148,0.0007920867779061736,0.0007965487740492742,-21.00952244655541,-20.99610562992239
149,149,0.0007939422515115326,0.0008024566402462753,-21.001191976728055,-20.964013613956833
150,150,0.0007977678084064313,0.0008040503568114026,-20.984179996186167,-20.9553968754269
151,151,0.0007943726155532466,0.0008027622886737319,-20.99248029689506,-20.962359740772815
152,152,0.0007960160116463439,0.0008023975227077148,-20.990027361084604,-20.964333573506863
153,153,0.0008000656746366282,0.0008040759467372769,-20.966847668884235,-20.95525865788048
154,154,0.0007978553545286821,0.0008000917089367775,-20.98054786926173,-20.976831665454668
155,155,0.0007998707311794392,0.0008012058617743222,-20.97142636493761,-20.97078818526366
156,156,0.0007990684363866205,0.0008024208547890579,-20.973077374179304,-20.964207291376482
157,157,0.0007994143555142446,0.0008000074640700692,-20.9718282619965,-20.977288975618826
158,158,0.0007980591131460652,0.0008006925069677987,-20.9804891374042,-20.97357172224346
159,159,0.0007973620163987285,0.0007973127587894467,-20.983625497334785,-20.991942227073523
160,160,0.0007985848651421209,0.0008008578749324538,-20.980429822592672,-20.97267486135666
161,161,0.0007970917366262641,0.000806664325002777,-20.988287481948262,-20.94130085990265
162,162,0.0007983209438065125,0.0007980187778900328,-20.976561161944012,-20.988098258437905
163,163,0.000800262187900425,0.000804226012214234,-20.972052666061074,-20.954448205485107
164,164,0.000794373024207031,0.0007989747039238481,-20.992444835572435,-20.982899070640283
165,165,0.0007974259674155451,0.0008003007418378011,-20.980132124510703,-20.975697170775902
166,166,0.0007982116070163157,0.0007969470461830497,-20.98194062071189,-20.993934712479113
167,167,0.0007941692781913065,0.0008008004637974265,-20.996509220402807,-20.97298620539989
168,168,0.0007950325014031271,0.0008028340005119773,-20.99787224478769,-20.961971796980624
169,169,0.0007940064083554389,0.000800216778818714,-21.001940242776843,-20.976152831840977
170,170,0.000796668961783391,0.000798175659790439,-20.984800291787504,-20.987244566152455
171,171,0.0007952438012130328,0.00079784553963691,-20.99041569269964,-20.989041150848678
172,172,0.0007999171166843974,0.0007995940181181619,-20.982407388810525,-20.979534001038928
173,173,0.0007948541483294565,0.0007983750057112621,-21.00187577826098,-20.986160042676637
174,174,0.0007930543500517216,0.0007986176428139994,-21.002396224397,-20.984840362767876
175,175,0.0007942048028668331,0.0007933333981782198,-21.00203386463801,-21.013671987055922
176,176,0.0007918683479578455,0.0007960436632856727,-21.016747262619383,-20.998860469385328
177,177,0.0007956414927546051,0.0008016814244911075,-20.99077817035584,-20.96821115727762
178,178,0.0007890673557094769,0.0007885944030835832,-21.021254120592264,-21.03969246124528
179,179,0.0007913819149366973,0.000796401655718096,-21.02036054823016,-20.996907822864554
180,180,0.0007932027645850766,0.0007989358058885524,-21.004820743363307,-20.98311051179403
181,181,0.0007920851120869294,0.000797346439580188,-21.009986847044814,-20.991758772432153
182,182,0.0007893474467732396,0.0007976336269884518,-21.02157279000999,-20.990194816735862
183,183,0.0007909728512984038,0.0007930649015562315,-21.013173299368816,-21.015142066826836
184,184,0.0007908188284269159,0.0007987425472636364,-21.022897033679087,-20.984161175773114
185,185,0.0007916140086833656,0.0007910734030271047,-21.015958258534685,-21.026061533581107
186,186,0.0007877222300727957,0.0007889617853307802,-21.040061976592877,-21.037669685932894
187,187,0.000791839211723124,0.0007914670338658126,-21.015980997095568,-21.023901061713246
188,188,0.0007902605317475408,0.0007944990770499173,-21.021050446062617,-21.007295395060297
189,189,0.0007941098697723571,0.0007985037304215917,-21.00795149287583,-20.98545987139579
190,190,0.0007921147259845177,0.0007936391293218261,-21.01588982461557,-21.01199864554615
191,191,0.0007895880664420343,0.0007949103601276875,-21.025201561968274,-21.00504779326576
192,192,0.000791083147614887,0.0007903646818656279,-21.018571571533787,-21.029954113545934
193,193,0.0007885688004928842,0.000794492680334339,-21.030293980324494,-21.00733036136223
194,194,0.000789949086557152,0.0007906754372494394,-21.02545226876794,-21.028246891211502
195,195,0.0007849958108392419,0.0007904032092100303,-21.052602580876844,-21.02974241626673
196,196,0.0007877123965785752,0.0007935747945387112,-21.03077040317998,-21.012350712030656
197,197,0.0007895678737844081,0.0007910937818355466,-21.03021647547161,-21.025949656604528
198,198,0.0007885001064518217,0.0007865999543451165,-21.03785573745232,-21.050690196735445
199,199,0.0007809840110322633,0.0007795675406477562,-21.070639879610496,-21.089691887155237
200,200,0.0007797384288968499,0.0007815522717704114,-21.07994591024886,-21.07864906735142
201,201,0.0007841651713158743,0.0007897028056169418,-21.056424776797584,-21.033592555847886
202,202,0.000782615454152188,0.0007909771735093704,-21.06475983734649,-21.026589859909226
203,203,0.0007845210817584902,0.0007882248120088326,-21.053471429869262,-21.041728349262474
204,204,0.000784410168560817,0.0007891835503917383,-21.052083486324193,-21.036449122266077
205,205,0.0007865473012363096,0.0007889522882913681,-21.044948108023025,-21.037721963960962
206,206,0.0007810502633519625,0.0007842572154722324,-21.06932359108445,-21.063644134737114
207,207,0.0007821679518548484,0.000785815226232731,-21.065649950972976,-21.05502496940244
208,208,0.000782428739578031,0.0007837836655150903,-21.060440936963598,-21.06626728241188
209,209,0.0007808059621986348,0.0007837678973661049,-21.07151459520418,-21.066354654594797
210,210,0.0007823571549565292,0.0007823454154851405,-21.066948861228468,-21.07424394582713
211,211,0.0007777092984359059,0.0007826519952351717,-21.086786522827357,-21.072542398022733
212,212,0.0007778346441330907,0.0007849635348018063,-21.08228787739074,-21.05973454320313
213,213,0.0007758836895611483,0.0007848404531710242,-21.090933381003147,-21.060415566739717
214,214,0.0007825611782087417,0.0007852954502021404,-21.064783165872463,-21.057898552702873
215,215,0.0007781479195643639,0.0007785863218534933,-21.0882017046237,-21.095161667444252
216,216,0.0007794312124630225,0.0007849597696852135,-21.08681855848296,-21.05975537440368
217,217,0.0007823201144815029,0.0007856743024220984,-21.064507100117954,-21.055803879250384
218,218,0.0007785153497231298,0.000779813875468742,-21.08985696615784,-21.088319780841296
219,219,0.0007763926813513348,0.0007779165262993621,-21.101788270519783,-21.098899386671206
220,220,0.0007734628437451788,0.0007694584384903704,-21.11712034817723,-21.146377697111966
221,221,0.0007677457568994196,0.0007733537135400662,-21.14988782724597,-21.12444761246787
222,222,0.0007679416430806837,0.0007772978248172684,-21.140721809688245,-21.10235484158777
223,223,0.0007707997862508847,0.0007727660673768504,-21.130558453267586,-21.127748928464666
224,224,0.0007715093958450808,0.0007746686766806402,-21.12194551648253,-21.117069406870563
225,225,0.0007727568202229581,0.0007749659585227308,-21.12506101866057,-21.11540310615372
226,226,0.0007729232911327758,0.0007753129313258748,-21.115044151395217,-21.113459089792812
227,227,0.0007726602771165828,0.0007721132470147783,-21.122716137402207,-21.131419329060446
228,228,0.0007663664477637288,0.0007714467141532192,-21.151378560295257,-21.135170029636473
229,229,0.0007707176900459165,0.0007755808826339873,-21.13746784024424,-21.111958409673484
230,230,0.0007714175495568701,0.0007761019759958512,-21.12418581740505,-21.109041473666068
231,231,0.0007769317779037141,0.0007765560937849315,-21.106832737740994,-21.106501044972926
232,232,0.0007745579506760251,0.0007766167308497978,-21.108202201517066,-21.10616194114281
233,233,0.0007724852838851127,0.0007770017132555184,-21.124999331637547,-21.10400960137765
234,234,0.0007723613783774763,0.0007758433808033404,-21.116208318301787,-21.110488772898627
235,235,0.0007772157316758614,0.0007752304786424103,-21.092817549061568,-21.11392097619019
236,236,0.0007737943147712378,0.0007716933277582651,-21.111361141851365,-21.133781912863704
237,237,0.0007704360525786262,0.0007739190968047632,-21.13113501764587,-21.121273733352236
238,238,0.0007736203098698452,0.0007756123117073194,-21.11272158587248,-21.11178242291476
239,239,0.0007748344484668647,0.0007738279864976281,-21.11066625394137,-21.121785040452806
240,240,0.0007703437796342618,0.0007805925009674148,-21.13182206977527,-21.083985617757698
241,241,0.0007733265262039513,0.000772970961406827,-21.107379977061207,-21.126597576773428
242,242,0.0007760608850824694,0.0007758890707535963,-21.108792841311832,-21.11023302142214
243,243,0.0007727844646613392,0.0007791968007375928,-21.114548835804527,-21.091757758127088
244,244,0.0007741029227882163,0.0007766353818097789,-21.109771019248416,-21.1060576437279
245,245,0.0007685486073653723,0.0007701495931924958,-21.14660806566149,-21.14247846188766
246,246,0.0007705115623167265,0.000778949130203967,-21.134334335107013,-21.093138398346383
247,247,0.0007724389511871046,0.0007760948838519031,-21.122379377768794,-21.109081160371552
248,248,0.00077325578709373,0.0007795731929179869,-21.120439628013376,-21.089660398660083
249,249,0.0007741012419669976,0.000778171837354373,-21.113872451287705,-21.097474272443186
250,250,0.0007759685839343932,0.0007755690480974552,-21.107154736503926,-21.112024678882022
251,251,0.0007719127089265234,0.0007728490347385799,-21.121492059200726,-21.12728267697214
252,252,0.0007735640572662436,0.0007732579833827913,-21.111591280573965,-21.12498524035717
253,253,0.00077241626100077,0.0007787849294560912,-21.120968184215187,-21.094053977980135
254,254,0.0007737575455319098,0.0007775634631367499,-21.114686979073834,-21.100870911691914
255,255,0.0007697011874604624,0.000775912605029972,-21.131911806527874,-21.110101293166835
256,256,0.0007735226524168069,0.0007760009642592386,-21.118672321900192,-21.10960675627385
257,257,0.000768778901475184,0.0007754095131531358,-21.127153868099228,-21.11291811671494
258,258,0.0007738073964929688,0.0007726187836133727,-21.113160230538192,-21.128576742014218
259,259,0.0007723341755972235,0.0007747521862926844,-21.113666492432248,-21.116601260809045
260,260,0.0007731263962641512,0.0007734882130630707,-21.124183509558357,-21.12369236527936
261,261,0.0007772208353475735,0.0007720668432547858,-21.101141984966887,-21.13168034650313
262,262,0.0007716034828281971,0.0007761390144495588,-21.123987407927338,-21.108834217239192
263,263,0.0007739313296042383,0.0007767483536889287,-21.1135769239536,-21.10542595095695
264,264,0.0007689798631244483,0.0007771864613076966,-21.13177887039106,-21.102977100149104
265,265,0.0007755854131039424,0.0007760717723469593,-21.10113426162844,-21.109210491832528
266,266,0.0007723622154876513,0.0007823935072672995,-21.12619006112665,-21.073976987610404
267,267,0.0007758518865754463,0.0007748355488537958,-21.100954720486413,-21.116133989424508
268,268,0.0007700907323298227,0.0007749244350155717,-21.135950914549845,-21.11563581202903
269,269,0.0007716737340742088,0.0007737151953685833,-21.123585447730786,-21.12241810278816
270,270,0.0007703060436676996,0.000775405567286438,-21.13231043919619,-21.11294021694023
271,271,0.0007720221843349642,0.0007745076987990423,-21.132132817613737,-21.117971974286963
272,272,0.0007710560265755685,0.0007733908071378736,-21.130738069232233,-21.124239309873232
273,273,0.0007700912405967174,0.0007727579857026668,-21.13236266274409,-21.127794347706065
274,274,0.0007687378812763724,0.0007671445583630549,-21.141401005193075,-21.159457277624277
275,275,0.0007675614390407026,0.0007743716705590487,-21.14496833633858,-21.11873480082249
276,276,0.000771023174651812,0.0007742880659766103,-21.12556048163175,-21.119203709621416
277,277,0.0007716916302295844,0.000774144354325376,-21.126154003214644,-21.12000985623107
278,278,0.0007730587877659607,0.0007785130230905978,-21.11645709920593,-21.095570546278893
279,279,0.0007712066319972737,0.0007755815167911351,-21.122775043733828,-21.111954858646847
280,280,0.0007717326102231044,0.0007745700637123695,-21.122708943554414,-21.117622285738168
281,281,0.00077067934559927,0.0007760930120160705,-21.133928495258218,-21.109091634979364
282,282,0.0007717018051687436,0.0007737332673155164,-21.126532614603537,-21.122316664232763
283,283,0.0007730699156305378,0.0007757079468942002,-21.115238852452425,-21.111246958573847
284,284,0.0007738786036647933,0.0007779441810654182,-21.116053661407467,-21.098744998656382
285,285,0.0007724779743230758,0.0007744103939713616,-21.12563678796794,-21.118517631929894
286,286,0.0007662085651842513,0.0007759311273203869,-21.146108477655847,-21.10999762127833
287,287,0.0007709897358508147,0.0007753936255252675,-21.130342676723576,-21.11300710169236
288,288,0.000775036582670453,0.0007759983847407918,-21.10691232724833,-21.109621192757054
289,289,0.0007708111571474481,0.000776991906796435,-21.1292021530222,-21.104064413585526
290,290,0.000770827478095505,0.0007750291138348219,-21.12905843305,-21.11504919530525
291,291,0.0007754666148684919,0.000777263497615135,-21.10765327783303,-21.102546639933102
292,292,0.0007739764945485542,0.00077372960329644,-21.11324849036905,-21.122337230325773
293,293,0.0007726143254687261,0.0007754754746871951,-21.125558222609932,-21.11254869241202
294,294,0.0007728160324160816,0.0007758765683607443,-21.119183114793884,-21.110303002611168
295,295,0.0007758877568964645,0.0007765712951751132,-21.111996823497336,-21.10641603095643
296,296,0.0007702408864921363,0.0007734954522579516,-21.129178179104198,-21.12365171918256
297,297,0.0007736269485435842,0.0007722874104633535,-21.117711985093322,-21.130439813484358
298,298,0.0007711346279205658,0.0007790330779052487,-21.12956792003859,-21.092670382430917
299,299,0.0007752763460265453,0.0007775739098801033,-21.109534627149152,-21.10081256362478
300,300,0.0007713578777032491,0.0007778304187875045,-21.1250054108622,-21.099380133458553
301,301,0.0007745029834415956,0.0007715926407591292,-21.10838757806187,-21.134348597315945
302,302,0.000773886645923263,0.0007746046421265131,-21.115632960004568,-21.117428412001374
303,303,0.0007710896123959155,0.0007726475014351308,-21.124084692216606,-21.128415320107273
304,304,0.000774739478767571,0.0007777263005999359,-21.110298304489664,-21.099961506722934
305,305,0.0007715588573548827,0.0007791389300684003,-21.126203138336184,-21.092080319072192
306,306,0.0007704542115685943,0.0007780503977923409,-21.124646608411723,-21.098152074502448
307,307,0.0007737014597502642,0.0007714050527858106,-21.11721488372602,-21.13540457325714
308,308,0.0007732952644894878,0.0007805421605314079,-21.116651772049785,-21.084265703443073
309,309,0.0007724611895139684,0.0007776374481373319,-21.123902669687883,-21.10045770106057
310,310,0.0007735287360174908,0.0007738634165817578,-21.1176974791198,-21.121586201200966
311,311,0.0007728283982435914,0.0007746927072539142,-21.115279872521825,-21.116934688844427
312,312,0.0007719947715270688,0.0007808776174083745,-21.125793533889894,-21.08239961880802
313,313,0.0007742593195721431,0.0007778918002977184,-21.113034656819835,-21.099037428946605
314,314,0.000776014476174431,0.0007730782289352072,-21.106528845473782,-21.125994934942515
315,315,0.0007741545301804453,0.0007789873910185538,-21.110549415467432,-21.092925084640402
316,316,0.000771192650157075,0.0007773106519475972,-21.127325130056363,-21.102283174000675
317,317,0.0007724451097976608,0.0007745021935797444,-21.11959769413017,-21.118002844152603
318,318,0.0007715204529003384,0.0007788991543317312,-21.12456451034779,-21.093417042239544
319,319,0.0007720836642265474,0.0007815971131142425,-21.126577385189588,-21.0783998992504
320,320,0.0007732849467315318,0.0007736286038140717,-21.117453731604066,-21.122904177497126
321,321,0.0007737765830375024,0.0007774985983575645,-21.111777057443433,-21.101233217690933
322,322,0.0007747938543241279,0.0007792047231065992,-21.112059376774926,-21.0917136020981
323,323,0.0007731570795024793,0.0007810453688235659,-21.114776354572374,-21.08146674932762
324,324,0.0007724061514702194,0.0007763684598581964,-21.116093220944585,-21.107550527759507
325,325,0.0007747489606155102,0.0007755130431369731,-21.1168020682374,-21.112338300520037
326,326,0.0007742314825084099,0.0007760612827137505,-21.113166501285683,-21.10926919285439
327,327,0.0007730924293936528,0.0007731226046177509,-21.11569445297091,-21.1257456514905
328,328,0.0007741404007208178,0.0007771840962385269,-21.112350705996352,-21.102990316257518
329,329,0.0007746105241954096,0.0007757337819049625,-21.112097832958767,-21.111102318882825
330,330,0.0007716789355587944,0.000779500705998783,-21.1227243601593,-21.09006423672145
331,331,0.0007716125650235365,0.0007790644334531144,-21.1228573070241,-21.092495585393923
332,332,0.0007741790728105866,0.0007803968956546956,-21.111924288643014,-21.085074033970812
333,333,0.0007723247507567873,0.000776636601107097,-21.113058996790436,-21.106050825423026
334,334,0.0007715899714499174,0.0007794725212366565,-21.11573310280891,-21.090221269394654
335,335,0.000773035764535793,0.0007808376838894267,-21.123102784187996,-21.082621719557256
336,336,0.0007712757340920417,0.0007775490643995765,-21.11862279208069,-21.100951334066377
337,337,0.0007715805322075858,0.0007769309388669697,-21.12130174271496,-21.10440520316111
338,338,0.00077366545201116,0.0007774292209528779,-21.111848576763535,-21.101620762677523
339,339,0.0007724052993580699,0.0007776592821372967,-21.123112699042554,-21.100335764384198
340,340,0.0007712173278049863,0.0007756399113292757,-21.122841495507544,-21.11162788500866
341,341,0.000775670315278214,0.0007777429724994459,-21.099353237486294,-21.09986840923672
342,342,0.0007714808758914701,0.000777629724899797,-21.122090300705317,-21.100500833964063
343,343,0.0007741906471339237,0.0007785187519498562,-21.112170653541533,-21.09553858788211
344,344,0.0007710032880344649,0.0007749589490949324,-21.13571055476127,-21.115442387486635
345,345,0.0007774317997133301,0.0007767012361191997,-21.09983956453563,-21.105689402061824
346,346,0.0007719429799105934,0.0007767113979513708,-21.121056623445025,-21.10563258228914
347,347,0.0007727330486943043,0.0007745944435316089,-21.116072039605555,-21.11748559243133
348,348,0.0007741433477086812,0.0007796824854602548,-21.110727447606465,-21.089051580635484
349,349,0.0007737080330153947,0.0007779337557669925,-21.10884027471441,-21.098803199232037
350,350,0.0007768619815175681,0.000777429196444389,-21.103030802120024,-21.101620899589047
351,351,0.0007757218608623082,0.0007735724456755346,-21.10379060644274,-21.123219445764292
352,352,0.0007791755638162116,0.0007751231498428081,-21.09222539676405,-21.114522288105544
353,353,0.0007744126739556488,0.000778594979477164,-21.105307999901086,-21.0951133755956
354,354,0.0007740409862365305,0.0007770073869706769,-21.108323287146607,-21.103977889038454
355,355,0.000775498495864461,0.0007768517764481274,-21.107463234389265,-21.1048477335274
356,356,0.0007765750105483169,0.0007801640190576252,-21.097763169913954,-21.086370196406634
357,357,0.0007782353720742941,0.0007798074144183806,-21.09509032681475,-21.088355763916642
358,358,0.0007765469508552828,0.000780465020062892,-21.10203172621044,-21.084694935034726
359,359,0.000774421261085831,0.0007786055977799391,-21.10839624378921,-21.09505414789725
360,360,0.0007743837711516499,0.0007767941906901175,-21.10798348703949,-21.10516967530153
361,361,0.000778249485931868,0.0007803725219625784,-21.085758351012114,-21.08520967681301
362,362,0.0007729286270350526,0.0007821150877709059,-21.120878902285803,-21.075522726030734
363,363,0.0007745300608053419,0.0007831928118034021,-21.101850463381716,-21.06954243711233
364,364,0.0007733090014974634,0.0007791757050558532,-21.116813986346806,-21.091875338976823
365,365,0.0007772495437259833,0.0007803823590572728,-21.097546170644172,-21.085154931561263
366,366,0.000774902315599095,0.0007838884270504901,-21.107993018245004,-21.065686837597898
367,367,0.0007777690909054015,0.0007799262867162102,-21.095424164341022,-21.087693784463855
368,368,0.0007749576764853345,0.0007787506206353244,-21.110098034759737,-21.0942453075654
369,369,0.0007731179393511073,0.000780931416604864,-21.109253206833216,-21.082100418410697
370,370,0.0007767568146761929,0.0007785579318327731,-21.102844530302534,-21.095320029513942
371,371,0.0007740290650675438,0.0007799053809752589,-21.106874432735026,-21.08781019764002
372,372,0.0007778881447744969,0.0007831244178018288,-21.098994446216118,-21.06992171069671
373,373,0.0007735912702478392,0.0007801294620884093,-21.111950428060133,-21.086562569203487
374,374,0.000774427065049711,0.0007680779856041466,-21.113701536026753,-21.15417618855207
375,375,0.0007671772660783579,0.000778339512180537,-21.14323863499982,-21.096538586981456
376,376,0.0007727381415645947,0.0007787880205892419,-21.12405278938126,-21.094036740109246
377,377,0.0007701202148101149,0.0007768806811471126,-21.129552433960797,-21.104686146489552
378,378,0.0007727085276670062,0.0007707841669846522,-21.113251151468603,-21.138901514987083
379,379,0.0007728352859501064,0.0007757364135039481,-21.119065921455245,-21.11108758590347
380,380,0.0007731751316783892,0.0007783156470395625,-21.108220459839202,-21.096671750694366
381,381,0.0007732486233508848,0.0007771320156998149,-21.119070147682535,-21.103281354745917
382,382,0.0007714655120693839,0.0007771809775333263,-21.12616594834396,-21.103007743778015
383,383,0.0007752287159577857,0.0007743945124706155,-21.111869707083038,-21.11860669735201
384,384,0.0007725739749580545,0.0007735878370065046,-21.121025494786373,-21.123133037520955
385,385,0.0007754918547904061,0.0007759112601266487,-21.11239743633658,-21.110108820878
386,386,0.0007744382127168944,0.000778325671011484,-21.10747401309617,-21.096615818018776
387,387,0.0007660793015714159,0.0007773252344984366,-21.14394422690345,-21.102201699985862
388,388,0.0007738684881334529,0.0007763535495063192,-21.110419660209338,-21.107633935909902
389,389,0.0007729054273816652,0.0007780912319982523,-21.118756463423132,-21.09792415090006
390,390,0.0007712340118008253,0.0007775382285839633,-21.12913234635375,-21.101011857163044
391,391,0.0007770227042708508,0.0007802208726245322,-21.110428019747147,-21.08605372076621
392,392,0.00077193556833513,0.0007776972457864567,-21.114565137002934,-21.100123756358382
393,393,0.0007739713674737621,0.0007778466464706549,-21.113520034405063,-21.09928952862283
394,394,0.0007723463199955901,0.0007807659751147424,-21.117709626908496,-21.0830205752463
395,395,0.0007728700443247775,0.0007775666155411225,-21.118096964084998,-21.100853304523966
396,396,0.0007751963981043201,0.0007774227813474442,-21.10346167418737,-21.10165673632777
397,397,0.0007733884813580854,0.0007768586418885542,-21.116806062811246,-21.104809352850307
398,398,0.0007770747287179699,0.0007768107584285501,-21.10128431853809,-21.105077048441878
399,399,0.0007780882993175351,0.0007755819916431056,-21.09559143057683,-21.111952199667453
400,400,0.0007762540793094362,0.000780616693909427,-21.104664334573428,-21.0838510187398
401,401,0.0007756417161141781,0.0007811950789274354,-21.102180613912388,-21.08063437717533
402,402,0.0007755414825220851,0.0007759959614639612,-21.103648637955587,-21.109634754865173
403,403,0.0007737024294778935,0.0007776250774776073,-21.111361734495162,-21.10052678919415
404,404,0.0007724438070261985,0.0007737727749994711,-21.123523326757365,-21.122094914285828
405,405,0.0007703043964509037,0.0007789381932908375,-21.13416795719779,-21.09319937632534
406,406,0.000772820122554399,0.0007735870803069128,-21.12362158956166,-21.123137285656743
407,407,0.000767462425409173,0.000775606248919901,-21.141891457666524,-21.111816370872674
408,408,0.0007732170177911667,0.000775591430474857,-21.12215323915786,-21.1118993463567
409,409,0.000772328215612809,0.0007754286022023543,-21.122091426038043,-21.112811203315548
410,410,0.0007704059526170651,0.0007740091716282462,-21.12502458575947,-21.12076829650947
411,411,0.0007711243683702706,0.0007723239985735793,-21.125509710565513,-21.13023406575668
412,412,0.0007672916759362386,0.0007742016949984981,-21.14378670500482,-21.119688187338674
413,413,0.0007699708635534745,0.0007683041530024065,-21.130690888508788,-21.152897558043527
414,414,0.0007683481971886893,0.0007677112957217583,-21.14725952484417,-21.156250058938504
415,415,0.0007723670239205059,0.0007720161229372025,-21.130365555771743,-21.131965662182886
416,416,0.0007711282118761278,0.0007736711811862494,-21.13227855355038,-21.12266516605313
417,417,0.0007707512962689489,0.0007718325175933147,-21.132174042241182,-21.132998649303264
418,418,0.0007680418364674851,0.0007747386790517913,-21.14731428901632,-21.116676977553386
419,419,0.0007669397704207252,0.00076833419428256,-21.152702406890175,-21.152727748898457
420,420,0.0007653527025411808,0.0007686544895956391,-21.156598355411873,-21.150917683664765
421,421,0.0007682326411799595,0.0007706434239241245,-21.14978270534916,-21.139694597128383
422,422,0.0007692274629119207,0.0007720973073063712,-21.145903917663595,-21.131508986877968
423,423,0.000765664834822,0.0007702828121469601,-21.158734676702856,-21.141727292842493
424,424,0.0007657613089192927,0.0007725191749877444,-21.161894623727548,-21.129136685238443
425,425,0.0007672317454485779,0.0007682979002741998,-21.147911691888478,-21.1529329025929
426,426,0.0007674843732978112,0.0007694946222105308,-21.150923390910556,-21.146173475288638
427,427,0.0007656801686401374,0.0007700728540504841,-21.15915242797446,-21.14291122257114
428,428,0.0007694583685022116,0.0007702992297708988,-21.1461058027609,-21.141634729340012
429,429,0.0007612821165971534,0.0007715499622894353,-21.176642042651878,-21.1345888216977
430,430,0.000766580185694524,0.0007718340830730373,-21.15547139371308,-21.132989840675744
431,431,0.0007639871370143344,0.0007665578894758303,-21.17021702545935,-21.16277978745285
432,432,0.0007676566865765633,0.000766240204316809,-21.155445237579062,-21.164580010379535
433,433,0.00076581905031884,0.0007678304866299426,-21.161204758318142,-21.155575847993333
434,434,0.0007645583077881139,0.000765903396409397,-21.162723106367128,-21.166489411272988
435,435,0.0007639268374781019,0.0007684905737589457,-21.16511681642161,-21.151843916918082
436,436,0.0007658663233406074,0.0007712058263438705,-21.164323970716957,-21.13652634603906
437,437,0.0007642968797806612,0.0007666827173364398,-21.16868174478032,-21.162072630977484
438,438,0.0007611687388751156,0.00076565808788138,-21.176317164091603,-21.167880620729292
439,439,0.0007617342659061026,0.0007616945107369439,-21.179628390647043,-21.1904211074261
440,440,0.0007612843446904006,0.0007674347541883195,-21.18422883979081,-21.157814736948076
441,441,0.0007655467974866942,0.0007666700832104604,-21.1656060786572,-21.16214419873664
442,442,0.0007630921258187862,0.0007655934988226937,-21.17074695663917,-21.16824699647106
443,443,0.0007622516239974072,0.0007634062601841594,-21.181114609472537,-21.180672195542137
444,444,0.0007631153788792027,0.0007716856474105857,-21.17894047460153,-21.133825136630126
445,445,0.0007615506963458719,0.0007652957360015103,-21.182588933083196,-21.169936429629836
446,446,0.0007605599605516752,0.000766291855956967,-21.189593517167026,-21.16428726580483
447,447,0.000761562522102301,0.000764279911221054,-21.18322905959821,-21.175704920549446
448,448,0.0007617517510073778,0.0007692084856037246,-21.1834077624402,-21.14778869982686
449,449,0.000763160310992875,0.0007693536769549706,-21.176599065957795,-21.146969028000946
450,450,0.0007639530519282772,0.0007658172460076841,-21.17224606822328,-21.166977942184975
451,451,0.0007595096387151513,0.0007631243206560612,-21.189490619339374,-21.182276418663673
452,452,0.0007590816245827171,0.0007650763115012332,-21.20151654982109,-21.17118181111042
453,453,0.000759251128891771,0.0007646941567624086,-21.191745120078494,-21.173351649020095
454,454,0.0007609297958269869,0.0007626348524354398,-21.189578869000748,-21.185062878785615
455,455,0.0007593105793162489,0.0007627098453476241,-21.198999030442156,-21.18463584077883
456,456,0.0007588393895013124,0.0007589793224868021,-21.1979891362115,-21.205929923343344
457,457,0.0007608371808376048,0.0007616309234627375,-21.191353463205527,-21.1907836773892
458,458,0.0007586955205662196,0.0007645054659070937,-21.197926838058617,-21.174423417498843
459,459,0.0007609538025866003,0.0007628373875233688,-21.195337692413077,-21.183909663810052
