,epoch,train_loss,test_loss,train_dbs,test_dbs
0,0,7.804232256003349e-05,6.708615048984556e-05,-28.058626321977695,-28.72393602228678
1,1,6.135089046738264e-05,4.461797978269475e-05,-29.110777300916073,-30.495165719460545
2,2,4.15747567176274e-05,3.9996891006778336e-05,-30.803550906673152,-30.970002397594293
3,3,4.076058469285478e-05,3.931642765421298e-05,-30.891523632055048,-31.04452423963826
4,4,3.8860056463949446e-05,3.776771355708326e-05,-31.101028882697168,-31.219057807087808
5,5,3.755949854298096e-05,3.597533127743334e-05,-31.24808983402023,-31.430216724996587
6,6,3.665040636293532e-05,3.486077366687823e-05,-31.358010862345395,-31.566894531105984
7,7,3.4680701010637274e-05,3.5289364333086846e-05,-31.58925859463558,-31.51382638821567
8,8,3.389021552833321e-05,3.3999214792856947e-05,-31.694438095985436,-31.675575871231544
9,9,3.440276310525921e-05,3.318255709784449e-05,-31.62553211644614,-31.781166239454564
10,10,3.306303896698813e-05,3.246958294766955e-05,-31.792697062425454,-31.875497639009684
11,11,3.240580160318413e-05,3.232621250055289e-05,-31.886662710898396,-31.8947165081456
12,12,3.147963282562787e-05,3.172692882607838e-05,-32.00219844518604,-31.97598439980041
13,13,3.2462223335295273e-05,3.199956747841114e-05,-31.88067870288084,-31.938823660846133
14,14,3.1823532031152935e-05,3.171729210742725e-05,-31.96102886573253,-31.977303723674027
15,15,3.212886993649065e-05,3.143994629346324e-05,-31.919671570039117,-32.015446788156574
16,16,3.248794043251222e-05,3.200149953236656e-05,-31.87820145697826,-31.938561452601483
17,17,3.3049405022577104e-05,3.305533152199228e-05,-31.80833293895473,-31.797849571199734
18,18,3.173655204591341e-05,3.2408373475558814e-05,-31.978975892631233,-31.883692392769106
19,19,3.215545140997118e-05,3.1351542451088075e-05,-31.907359883975918,-32.02767561950222
20,20,3.0937810789538093e-05,3.0295426002244074e-05,-32.08880317228038,-32.17649410558549
21,21,3.083175789404627e-05,3.020502404787725e-05,-32.102331217224794,-32.189472884792
22,22,2.8331506233446337e-05,2.7889710269702943e-05,-32.46448910716681,-32.53582471658744
23,23,2.6111979863832022e-05,2.544988877305418e-05,-32.819335591962464,-32.93340585687004
24,24,2.3777211570575803e-05,2.3555453241753737e-05,-33.23289369279637,-33.26935009187786
25,25,2.4007565782047788e-05,2.3153491527313907e-05,-33.18771405710762,-33.34409982770437
26,26,2.275447236429828e-05,2.374048668379577e-05,-33.42042243777386,-33.23536856493925
27,27,2.298630635177875e-05,2.22763514772707e-05,-33.38088752843141,-33.51182412720939
28,28,2.2422848374357198e-05,2.2490801615946876e-05,-33.47465963129962,-33.470215394983335
29,29,2.2479295834854544e-05,2.2285193106079915e-05,-33.466948619359236,-33.51010072615174
30,30,2.1992296882972276e-05,2.1490406939655688e-05,-33.56450597137519,-33.66781834995242
31,31,2.1469281884642395e-05,2.1295905179086778e-05,-33.667138499544095,-33.7073036989003
32,32,2.154063144395699e-05,2.186664661214883e-05,-33.65781571263379,-33.59244287958021
33,33,2.088946140369463e-05,2.1701765370763543e-05,-33.7808097260135,-33.6253141052665
34,34,2.1033287536279065e-05,2.0681635999751864e-05,-33.75581753668718,-33.834415841070616
35,35,2.0724335195857927e-05,2.0379529910554228e-05,-33.8247296628068,-33.89832312285174
36,36,2.021762984722298e-05,2.0362787549138855e-05,-33.933278361787494,-33.90189244145675
37,37,2.0483244015005915e-05,2.0772684844192363e-05,-33.87222975177045,-33.81533842115241
38,38,2.1426843042868267e-05,2.1633828318475646e-05,-33.682077394195865,-33.63893095395119
39,39,2.0441813962252034e-05,1.9353800254114168e-05,-33.88588963100172,-34.1226021982149
40,40,1.9421618912694856e-05,1.939806220195207e-05,-34.10563972250654,-34.11268126701559
41,41,1.9027007070202597e-05,1.8948223776916213e-05,-34.19342372775223,-34.21457969243279
42,42,1.8794573810099764e-05,2.030732895563185e-05,-34.254089961960304,-33.91373670359945
43,43,1.9915503780231522e-05,1.8609841055494097e-05,-34.00060953510823,-34.29283810422963
44,44,1.8960116594638578e-05,1.8449071687523667e-05,-34.21738923394138,-34.33051955909117
45,45,1.8720184288185075e-05,1.866460733206048e-05,-34.26332873203732,-34.28007616684291
46,46,1.871185672028979e-05,1.8494640292039166e-05,-34.26532928452395,-34.31980585304209
47,47,1.8511071672393656e-05,1.8626655458463477e-05,-34.31729828349105,-34.288915929156204
48,48,2.4216487816506133e-05,2.7489647197255278e-05,-33.15782970905048,-32.59857308176318
49,49,2.0099413303956006e-05,1.8438335389778093e-05,-33.96005902971463,-34.333047638654406
50,50,1.7964678619071344e-05,1.8107125374387434e-05,-34.43822354872064,-34.41176965638313
51,51,1.7986063811776213e-05,1.872954118497498e-05,-34.44921496080908,-34.26499335657851
52,52,1.811931178025654e-05,1.8748598832692215e-05,-34.404380773719154,-34.26057657818389
53,53,1.7954322531070446e-05,1.777861823364602e-05,-34.44732485757609,-34.49128470028495
54,54,1.8194608593458004e-05,1.803083346442834e-05,-34.38899739602806,-34.43010672122974
55,55,1.797324093973826e-05,1.8123466792243753e-05,-34.44999800203406,-34.407851979271975
56,56,1.743143715917615e-05,1.8426537280902267e-05,-34.576917643702636,-34.3358274414235
57,57,1.7931061622746092e-05,1.7736208735043062e-05,-34.46240971267324,-34.50165683020935
58,58,1.7898377496074073e-05,1.80110680862287e-05,-34.4603654271955,-34.434870063437586
59,59,1.8160329719395713e-05,1.766179301691744e-05,-34.406148206251444,-34.51991683459353
60,60,1.7832313882461246e-05,1.8017888722074293e-05,-34.471812673953494,-34.43322573908928
61,61,1.754930492528935e-05,1.781839393132893e-05,-34.541544347235885,-34.48157918167185
62,62,1.757135352405741e-05,1.7464325154785337e-05,-34.54743684191496,-34.568746657405114
63,63,1.775043899412135e-05,1.742724022111169e-05,-34.493637042611184,-34.57797856657713
64,64,1.825556981052661e-05,1.734488710338299e-05,-34.37637275225876,-34.59854996914621
65,65,1.8371016173575497e-05,1.7374700818388527e-05,-34.35334829526337,-34.59109139266565
66,66,1.749570830875153e-05,1.757675650687337e-05,-34.557959298229044,-34.54087737880393
67,67,1.7431518929313206e-05,1.7548269457428862e-05,-34.58085105681092,-34.54792179841776
68,68,2.09593359970088e-05,1.8036408427609497e-05,-33.7765684551274,-34.42876413131232
69,69,1.7568273459304336e-05,1.7540104588414052e-05,-34.543168452741085,-34.549942956547206
70,70,1.7508216955058142e-05,1.760134555776236e-05,-34.56075457043752,-34.53480605020531
71,71,1.7592954660808434e-05,1.821247836855228e-05,-34.54889503017278,-34.386574253553135
72,72,1.8012432182209504e-05,1.752467860090914e-05,-34.43826163653142,-34.553764124724594
73,73,1.7672917753780266e-05,1.751848527706706e-05,-34.51540594907166,-34.55529921807781
74,74,1.7311655037983e-05,1.7319631919427163e-05,-34.603859900117804,-34.60487816251585
75,75,1.7327253125276722e-05,1.7531782424683978e-05,-34.6009053851647,-34.55200402035707
76,76,1.7522616919037674e-05,1.756364350799949e-05,-34.55036126259437,-34.544118607312456
77,77,1.703025567077986e-05,1.7309928520453948e-05,-34.68155911675455,-34.60731199805204
78,78,1.6720660214465996e-05,1.7840101320057567e-05,-34.75468780529265,-34.47629157755986
79,79,1.704507598070759e-05,1.731155737759668e-05,-34.675493806832314,-34.606903347960305
80,80,1.7517700040660146e-05,1.725073702561387e-05,-34.55226537007651,-34.62218819578342
81,81,1.7743298091782262e-05,1.7160327364476152e-05,-34.49658865768299,-34.645009057611254
82,82,1.7579013804128615e-05,1.7247452313696205e-05,-34.53761748361626,-34.62301521441375
83,83,1.7443325961402918e-05,1.8206181888863764e-05,-34.57427476694762,-34.3880759707454
84,84,1.7346294840798382e-05,1.8003546229968043e-05,-34.60207114078035,-34.43668416072959
85,85,1.735069288526537e-05,1.8551267251160952e-05,-34.58876948587239,-34.30652892360065
86,86,1.7378246664839496e-05,1.7861606035072136e-05,-34.58489783246582,-34.47105968200801
87,87,1.7548808669350374e-05,1.7279038155194077e-05,-34.54416075868425,-34.61506910676753
88,88,1.6974513274953536e-05,1.7188503414600793e-05,-34.69644203955022,-34.63788409553364
89,89,1.7722978892501506e-05,1.7153172226052877e-05,-34.511055502902245,-34.64682026149113
90,90,1.689832873866574e-05,1.7219935312153356e-05,-34.70327105421472,-34.629949586462615
91,91,1.7351007626689587e-05,1.7337310916780935e-05,-34.5943819201467,-34.600447366817235
92,92,1.789719870655447e-05,1.8051082502336757e-05,-34.462437607318,-34.42523223154978
93,93,1.7841839198621358e-05,1.7014443074003793e-05,-34.47982657703772,-34.68208736208989
94,94,1.6997497434354e-05,1.7269564475435273e-05,-34.681990283466526,-34.6174508916343
95,95,1.6721985076335693e-05,1.745520177409114e-05,-34.74984982543606,-34.571016008871425
96,96,1.7733670677809697e-05,1.7328828442642636e-05,-34.50655370600687,-34.60257272132901
97,97,1.7138572908039613e-05,1.7049849463403104e-05,-34.65259638832962,-34.67305925439571
98,98,1.714099938364654e-05,1.68262034237973e-05,-34.647580875618054,-34.73040339207984
99,99,1.685627249412157e-05,1.7147144238773954e-05,-34.722693175704784,-34.64834673232813
100,100,1.7078790893044908e-05,1.7668847584373954e-05,-34.668050522212305,-34.51818249878351
101,101,1.7015937308165167e-05,1.691912606666416e-05,-34.68222306841956,-34.70648547890441
102,102,1.6927257571090374e-05,1.7231082079218285e-05,-34.69639445744544,-34.627139231377136
103,103,1.725726588588681e-05,1.696161871223012e-05,-34.623906387524066,-34.69559178026392
104,104,1.719093913764191e-05,1.7139479543976976e-05,-34.62854188164683,-34.650288442735274
105,105,1.751708652553828e-05,1.6825063826935977e-05,-34.55104332021023,-34.7306975388797
106,106,1.7300845871600876e-05,1.6987820057884644e-05,-34.61038809851325,-34.68888822196799
107,107,1.691219057244508e-05,1.6845497588005137e-05,-34.707319899094095,-34.72542630466596
108,108,1.7122700209603356e-05,1.706991023590825e-05,-34.655053704278124,-34.66795236977378
109,109,1.6782733752931102e-05,1.6591351404234667e-05,-34.73976319907055,-34.791447125478086
110,110,1.6698402328777954e-05,1.6589668551827536e-05,-34.76406492257385,-34.791887650522746
111,111,1.6596379573081894e-05,1.6790529499351243e-05,-34.785359583036296,-34.73962082221257
112,112,1.7578879320803796e-05,1.749316685929539e-05,-34.539644334574035,-34.561580356141576
113,113,1.7032834613328494e-05,1.66983283251236e-05,-34.68180274203438,-34.763534783433386
114,114,1.6417932015100793e-05,1.7520646763028037e-05,-34.83296317490523,-34.55476340490432
115,115,1.6618375017979187e-05,1.704674899596476e-05,-34.78312236115817,-34.67384907858013
116,116,1.6648767996230163e-05,1.649908680471861e-05,-34.770186022399926,-34.81566566863062
117,117,1.621753723419406e-05,1.6357383748599157e-05,-34.88399470377449,-34.853126318460575
118,118,1.6598720612444258e-05,1.6504592024016585e-05,-34.78093647953331,-34.81421680809761
119,119,1.649954495021411e-05,1.6794005923178413e-05,-34.80977608209654,-34.73872172286742
120,120,1.663668870643266e-05,1.623285535108727e-05,-34.777428028861465,-34.88631555583987
121,121,1.6566986588943635e-05,1.6429639847621347e-05,-34.79430598133892,-34.833984308939975
122,122,1.6380881713781284e-05,1.62526775487717e-05,-34.84400015695441,-34.88101555219303
123,123,1.666173392147085e-05,1.595842513779644e-05,-34.77758341277759,-34.960364436687
124,124,1.613946423998472e-05,1.590719593399339e-05,-34.91075643587975,-34.9743284386072
125,125,1.6432340924007596e-05,1.608426866464709e-05,-34.830949159594496,-34.92625155552386
126,126,1.6188041252124883e-05,1.567578151719461e-05,-34.895186496956626,-35.037972724859294
127,127,1.578780323790252e-05,1.598701902893433e-05,-35.00256829142691,-34.952589824201475
128,128,1.6133456314885725e-05,1.6074190314516034e-05,-34.91888352199525,-34.92897368346833
129,129,1.624747149894715e-05,1.5884695418016665e-05,-34.87822670400517,-34.98047582471396
130,130,1.6427039695044347e-05,1.581725040236243e-05,-34.82766528083058,-34.9989548433132
131,131,1.581330246894534e-05,1.5661257509093145e-05,-34.99520490854542,-35.041998438341636
132,132,1.5707218828782098e-05,1.5569483558034624e-05,-35.02429005150576,-35.06752267112674
133,133,1.566462412586954e-05,1.568965839588169e-05,-35.03618653409773,-35.03412986325763
134,134,1.5635352207665192e-05,1.5617690846020676e-05,-35.04176576982923,-35.05409652641546
135,135,1.5678209548269414e-05,1.5571463863077378e-05,-35.0343229122933,-35.066970320845236
136,136,1.536894962049063e-05,1.5386313048350674e-05,-35.12374701525092,-35.11891910007791
137,137,1.568505581183006e-05,1.535496889310276e-05,-35.02823225149892,-35.12777533346939
138,138,1.55113162016034e-05,1.534179682494141e-05,-35.08633031962133,-35.13150247327387
139,139,1.538954750019949e-05,1.5667124515809855e-05,-35.114450481123406,-35.040371792784185
140,140,1.54209048053689e-05,1.6080777162355126e-05,-35.10458384691333,-34.92719440522043
141,141,1.5195400488458468e-05,1.534644386418605e-05,-35.16662841902669,-35.13018719193403
142,142,1.532912989842799e-05,1.593965613497666e-05,-35.1430118469757,-34.96547526152093
143,143,1.603935053242015e-05,1.5465276814402867e-05,-34.93136945510963,-35.0966877642511
144,144,1.5491406996908463e-05,1.5890678457110068e-05,-35.084318955490176,-34.978840343788264
145,145,1.5352085966631273e-05,1.5413175931730382e-05,-35.128445467415645,-35.11134338673694
146,146,1.534273061346558e-05,1.5218546841903222e-05,-35.13466638925897,-35.16653288937197
147,147,1.5130235990056331e-05,1.5078941846456329e-05,-35.20019886348315,-35.206556080001434
148,148,1.501120362066563e-05,1.52424380231471e-05,-35.217662069096164,-35.15972036485648
149,149,1.510339656700116e-05,1.5180451698956618e-05,-35.19755343430538,-35.177417799943946
150,150,1.4972259366951436e-05,1.5100562258770592e-05,-35.241105599547026,-35.20033356067962
151,151,1.4937459755603095e-05,1.4904270086079027e-05,-35.240830186876465,-35.25715762331663
152,152,1.5122092937070698e-05,1.5030952262780997e-05,-35.19293615455579,-35.220399787954065
153,153,1.56005129723518e-05,1.5783950259088e-05,-35.0611712731116,-35.0081077068253
154,154,1.4912205272397391e-05,1.4890481093301022e-05,-35.24887575771898,-35.26117744806092
155,155,1.530963135403149e-05,1.5203602599381396e-05,-35.1331927222847,-35.1707996507315
156,156,1.5094133138433986e-05,1.5229563694830225e-05,-35.197247965604824,-35.16339012710621
157,157,1.509290487052736e-05,1.4814590892791258e-05,-35.20949111237556,-35.28336811437824
158,158,1.4489018606572873e-05,1.4861922672456498e-05,-35.371428944856355,-35.269514769973725
159,159,1.543706707941721e-05,1.4907800600906884e-05,-35.10418040856003,-35.2561289909004
160,160,1.5152632540869575e-05,1.4952022052296487e-05,-35.17734676813798,-35.24326545411119
161,161,1.4636853379248425e-05,1.4783357121479257e-05,-35.32937368494164,-35.29253406031371
162,162,1.5365192197838116e-05,1.5157637598780352e-05,-35.13114400899245,-35.18394954924863
163,163,1.5117357329425844e-05,1.470832644133081e-05,-35.19129101085778,-35.31463214135197
164,164,1.4784914813005634e-05,1.4893423356529398e-05,-35.29083088459713,-35.260319394886125
165,165,1.451662042059398e-05,1.4814876474127614e-05,-35.36810094868408,-35.28328439610077
166,166,1.5616797006175346e-05,1.485766078028399e-05,-35.058974500781346,-35.2707603569239
167,167,1.533811044601421e-05,1.4754900228964337e-05,-35.1311847540321,-35.30090197116788
168,168,1.4409211055947511e-05,1.500853465442656e-05,-35.40890608680503,-35.226881819714464
169,169,1.4869730913448724e-05,1.5020109889232308e-05,-35.26616456113938,-35.2235336427133
170,170,1.4571155504396752e-05,1.478139136835173e-05,-35.35229635570032,-35.29311158306019
171,171,1.450251201998812e-05,1.4385302835618954e-05,-35.369907302549414,-35.41107465334488
172,172,1.4395832867072367e-05,1.4463298420627038e-05,-35.40664730415858,-35.38759127235629
173,173,1.4705053564687932e-05,1.4553241271642037e-05,-35.31874910845218,-35.36066744932184
174,174,1.4990340571681917e-05,1.4449793477404838e-05,-35.23122537621711,-35.391648342950496
175,175,1.4497940674587393e-05,1.4975312296883203e-05,-35.3727353119444,-35.23650586327684
176,176,1.4590039502285641e-05,1.4395951869741303e-05,-35.34624596592756,-35.40786088312164
177,177,1.3951984544395056e-05,1.4137896246929335e-05,-35.54067828331321,-35.48641684108669
178,178,1.4492500302311004e-05,1.451886629710268e-05,-35.38272992252502,-35.370937684240275
179,179,1.3942359962045171e-05,1.4655103577273334e-05,-35.54827285254092,-35.33037582079929
180,180,1.4048489573883906e-05,1.4584936204635979e-05,-35.51130874949918,-35.35121940478053
181,181,1.436542950933031e-05,1.4629699140450133e-05,-35.41588213025268,-35.33791079353047
182,182,1.4394684962867687e-05,1.4471244340759432e-05,-35.41261751498878,-35.38520597850019
183,183,1.451412051032206e-05,1.4511585839883131e-05,-35.375739997975806,-35.37311599165867
184,184,1.4576352319617746e-05,1.4216064300853759e-05,-35.36067259746707,-35.4624709514614
185,185,1.408160098491731e-05,1.4494314008946898e-05,-35.50684963102054,-35.37828808546967
186,186,1.4525829120083068e-05,1.422510898632218e-05,-35.37190926065407,-35.4597087186363
187,187,1.4406650368926552e-05,1.418992551886109e-05,-35.40401198254857,-35.4704635840429
188,188,1.4346047755304998e-05,1.4190007995670098e-05,-35.42031907749072,-35.47043834140234
189,189,1.4634041943600564e-05,1.481586787122069e-05,-35.33165077835902,-35.28299378019045
190,190,1.3913318483544796e-05,1.4256942210378934e-05,-35.55509448052411,-35.450000850891726
191,191,1.4010286802133742e-05,1.4455522623872017e-05,-35.51473194485587,-35.38992676570112
192,192,1.4073111545717579e-05,1.411744123240504e-05,-35.509432468356295,-35.49270485763828
193,193,1.4460339416379526e-05,1.4580748029402457e-05,-35.391412062259725,-35.35246669347163
194,194,1.4413167376652691e-05,1.4012448063065102e-05,-35.40019802006259,-35.5251245841066
195,195,1.4342311026001008e-05,1.3947942055605572e-05,-35.42072984447515,-35.54516339806657
196,196,1.4026195664704687e-05,1.3958485349001804e-05,-35.52433716296451,-35.54188179251058
197,197,1.4013730111569718e-05,1.4655053363592168e-05,-35.528426619498326,-35.33039070132326
198,198,1.3894470415384744e-05,1.3999201129129352e-05,-35.57153671657414,-35.529232211401116
199,199,1.4279034676104688e-05,1.4312675040472592e-05,-35.44289876425851,-35.4330566328005
200,200,1.3862086759508737e-05,1.3917425827745128e-05,-35.57093248573263,-35.55467558877006
201,201,1.4263862823034137e-05,1.3810185919282958e-05,-35.445553196396006,-35.58826949013893
202,202,1.379253716521882e-05,1.3805406093811862e-05,-35.59707802507992,-35.5897728813002
203,203,1.3606983715756532e-05,1.3966304897238794e-05,-35.64855157594425,-35.53944955455347
204,204,1.4154344912124534e-05,1.421124283009895e-05,-35.47166227293908,-35.463944139304274
205,205,1.4289539480553676e-05,1.4144882506546932e-05,-35.43670711349884,-35.484271299384986
206,206,1.3829803898148647e-05,1.3837271150183178e-05,-35.58706679665978,-35.57976023009766
207,207,1.3832942189315104e-05,1.3703492042718848e-05,-35.58160905039061,-35.62195222363315
208,208,1.3921099191965996e-05,1.3863411894769678e-05,-35.55370350649328,-35.57156347590328
209,209,1.46644804434678e-05,1.396337053225388e-05,-35.31931454215285,-35.54036211691299
210,210,1.3694043277094342e-05,1.3822838857442165e-05,-35.618031422679536,-35.584292291369806
211,211,1.3643310359332917e-05,1.3789045576566805e-05,-35.64526392637155,-35.59492267248144
212,212,1.3990965112263683e-05,1.395181075885806e-05,-35.537683281836685,-35.54395897414452
213,213,1.3992230838225295e-05,1.3868493098064056e-05,-35.52966590691574,-35.569971995925656
214,214,1.373602459615231e-05,1.3696881930962646e-05,-35.61234192329307,-35.62404762212584
215,215,1.3876090268184402e-05,1.3741744767589567e-05,-35.563964272080725,-35.609845964028565
216,216,1.3922554880429237e-05,1.3645338472806065e-05,-35.554112495704175,-35.64042161490448
217,217,1.406242666131764e-05,1.5335032673503617e-05,-35.50763148933782,-35.133417686638374
218,218,1.3981879804014544e-05,1.3666191558800883e-05,-35.54051077308164,-35.6337897038196
219,219,1.3840220884789627e-05,1.3626586750385622e-05,-35.58436241167016,-35.6463938891683
220,220,1.348979917706528e-05,1.401231695222362e-05,-35.68066601000021,-35.52516522010475
221,221,1.3806758727593295e-05,1.3892153650598821e-05,-35.59600184887629,-35.56256896242588
222,222,1.374447793685099e-05,1.3843595776339307e-05,-35.605869543272135,-35.57777564609255
223,223,1.3678972096648667e-05,1.3667548429159643e-05,-35.637665555353955,-35.63335852878815
224,224,1.3717281944991555e-05,1.588704320678708e-05,-35.62468538382382,-34.97983397648427
225,225,1.3454173857042537e-05,1.3735898631382856e-05,-35.70003676161163,-35.61169397165897
226,226,1.4217540776427864e-05,1.4271489290924938e-05,-35.46406019125761,-35.445571783449864
227,227,1.3633209717452176e-05,1.3799488634073273e-05,-35.6497430352145,-35.59163481207447
228,228,1.385106405877261e-05,1.4190590311619944e-05,-35.574578103537334,-35.470260123451446
229,229,1.3764034220096704e-05,1.404924937799622e-05,-35.60140683423507,-35.513733528952024
230,230,1.354965586438787e-05,1.3933998400860123e-05,-35.673346623916736,-35.54950717953888
231,231,1.3835939940109551e-05,1.3875003596216342e-05,-35.57469718155748,-35.56793369952413
232,232,1.3600667115656741e-05,1.3607759061223509e-05,-35.652984040093585,-35.65239863249445
233,233,1.3744787990158188e-05,1.4853622384467407e-05,-35.61360302137655,-35.27194095422087
234,234,1.3716164054112033e-05,1.3716877794266972e-05,-35.62182143192691,-35.617712048515294
235,235,1.380419649349372e-05,1.3824162794519093e-05,-35.59107229545849,-35.58387634856735
236,236,1.368868533129139e-05,1.483801971564964e-05,-35.62397681181116,-35.27650530507179
237,237,1.3882178707005091e-05,1.3618028405241938e-05,-35.568369477631556,-35.649122385916115
238,238,1.3441206694138956e-05,1.3535286310989728e-05,-35.70288261823418,-35.675590275052
239,239,1.3472658296094093e-05,1.3710831042676306e-05,-35.694888020860354,-35.61962695209505
240,240,1.34860412949773e-05,1.3803664315721681e-05,-35.687448170804586,-35.59032084948822
241,241,1.3554645521094009e-05,1.363031371606906e-05,-35.66816190428094,-35.64520622614503
242,242,1.3600430600153109e-05,1.3660813190079735e-05,-35.6537768940374,-35.63549921857167
243,243,1.3659404252506384e-05,1.3810504912582569e-05,-35.634506083804524,-35.58816917618904
244,244,1.3345613231499602e-05,1.3761551312391499e-05,-35.7298178024932,-35.60359080495595
245,245,1.3151685229833261e-05,1.37888155222754e-05,-35.78802962018719,-35.59499513010166
246,246,1.3778240414823589e-05,1.3786898594652916e-05,-35.60045060993146,-35.595598930305314
247,247,1.3912679718224663e-05,1.3604787646296532e-05,-35.559150380080624,-35.65334706934987
248,248,1.321137193540896e-05,1.3926698461306697e-05,-35.77810843681975,-35.55178301890824
249,249,1.3523898074315193e-05,1.3611451226767568e-05,-35.68041002368562,-35.651220429956666
250,250,1.3918344904464602e-05,1.4211518119784733e-05,-35.55092291981181,-35.46386001180401
251,251,1.3471446577240545e-05,1.3541544783373338e-05,-35.69080607652842,-35.67358263977128
252,252,1.3395810269357003e-05,1.445269510058049e-05,-35.70911927848768,-35.39077633572899
253,253,1.35276784406124e-05,1.3751673338303685e-05,-35.66783479251965,-35.606709268805616
254,254,1.3266183355581328e-05,1.3746843586360277e-05,-35.756791085548095,-35.60823483081705
255,255,1.3934736624336082e-05,1.385514085421547e-05,-35.5500601105303,-35.57415529042652
256,256,1.3970361522428293e-05,1.3591275810061856e-05,-35.53707466887701,-35.65766248537274
257,257,1.3467192861144118e-05,1.337889166040297e-05,-35.69981699885868,-35.726063373890355
258,258,1.3730863279353385e-05,1.4288297279563267e-05,-35.614631500871326,-35.44045996824616
259,259,1.3577179686894242e-05,1.3785599884086927e-05,-35.66397156131545,-35.5960080501631
260,260,1.3372458402186239e-05,1.3658702827294627e-05,-35.71807642418659,-35.63617018134687
261,261,1.3843204439965739e-05,1.4287385199981815e-05,-35.574406389189555,-35.4407372047599
262,262,1.3646207784423149e-05,1.367623922545279e-05,-35.636965373880486,-35.630597854189425
263,263,1.3390024326598877e-05,1.3432288094344058e-05,-35.719780664295435,-35.70876476376888
264,264,1.3445359353184912e-05,1.3770591258913842e-05,-35.711163223652854,-35.600738866337466
265,265,1.3660993271017659e-05,1.3749655456769305e-05,-35.63745500802085,-35.6073465869684
266,266,1.3391653194104816e-05,1.4138685353253478e-05,-35.72000235104181,-35.486174446495184
267,267,1.3648613847968572e-05,1.3753532393342252e-05,-35.63486686504007,-35.606122196413644
268,268,1.363181416815406e-05,1.3642882837111278e-05,-35.6401492843449,-35.64120324813926
269,269,1.3854366630935662e-05,1.3465024733848527e-05,-35.57066351280832,-35.69819318808485
270,270,1.3433002780018178e-05,1.3637712216127271e-05,-35.71386069629392,-35.642849526150336
271,271,1.3673787986224796e-05,1.34549348474952e-05,-35.62365010947954,-35.70144875179269
272,272,1.3571563472724688e-05,1.4268926717800481e-05,-35.66457686046226,-35.44635166792672
273,273,1.4064968980296117e-05,1.373381445247153e-05,-35.511375668851024,-35.612352986479735
274,274,1.3837535550113354e-05,1.386940197047998e-05,-35.57932779348681,-35.56968739013696
275,275,1.3694592199339915e-05,1.3783404172404276e-05,-35.63229259074249,-35.59669983102518
276,276,1.3816269970026116e-05,1.3924412901121142e-05,-35.58939536307639,-35.55249581357266
277,277,1.3264258977307185e-05,1.3610073294426242e-05,-35.76149890950022,-35.65166010291644
278,278,1.4216885424549715e-05,1.3679694922374389e-05,-35.46374725691174,-35.629500622339066
279,279,1.3574340441336222e-05,1.3574333264075808e-05,-35.651185266786165,-35.66307966940501
280,280,1.3266736440874814e-05,1.3748291932738779e-05,-35.751943307717646,-35.60777728890734
281,281,1.3359307643243942e-05,1.381076900112308e-05,-35.73163673807375,-35.58808612991374
282,282,1.3414100545354082e-05,1.3994121266142956e-05,-35.71024538433421,-35.53080841336591
283,283,1.3414669710888944e-05,1.441548791167167e-05,-35.711760614460346,-35.40197128053791
284,284,1.3338592457471022e-05,1.388004822825008e-05,-35.73707969709644,-35.56635499169576
285,285,1.3370665075535257e-05,1.3772976624175881e-05,-35.723511319704606,-35.599986639191286
286,286,1.360768326720194e-05,1.3454761277611588e-05,-35.65432756693942,-35.70150477653733
287,287,1.3533568703350443e-05,1.3562321423945067e-05,-35.68262077244882,-35.666924414667065
288,288,1.3496544280436883e-05,1.3695821412272236e-05,-35.687852207794606,-35.62438389957145
289,289,1.3197330678015055e-05,1.4049094859633202e-05,-35.77891207539373,-35.513781294380365
290,290,1.3559031320199342e-05,1.3572747344656627e-05,-35.669371667780034,-35.66358709490921
291,291,1.3328604171002768e-05,1.3731483226078317e-05,-35.736455613463264,-35.61309023591568
292,292,1.4195380562969805e-05,1.3708164547815135e-05,-35.475193968233796,-35.62047165408572
293,293,1.3480666509458013e-05,1.3825567293679342e-05,-35.69157352746658,-35.58343513902663
294,294,1.3576549791491508e-05,1.4119610712345762e-05,-35.664772570237105,-35.49203751235694
295,295,1.3566279120982707e-05,1.3870510883862153e-05,-35.66981731595515,-35.56934016845276
296,296,1.3538917854245868e-05,1.3642609749360035e-05,-35.67034145093113,-35.64129018115179
297,297,1.3874624978457505e-05,1.4493839013371862e-05,-35.57005332428084,-35.378430411168736
298,298,1.3371651755395638e-05,1.3586547059898485e-05,-35.72381812782121,-35.659173769137304
299,299,1.3461229791948763e-05,1.3453860494911696e-05,-35.71274705490221,-35.701795542046916
300,300,1.3699799750348884e-05,1.3736685966585738e-05,-35.61806284472928,-35.61144504325335
301,301,1.354969558211526e-05,1.3937254487628755e-05,-35.67457077913629,-35.54849244186038
302,302,1.379919908264203e-05,1.3743873655345707e-05,-35.591680160893134,-35.60917320186422
303,303,1.3372631337446852e-05,1.3742131877255528e-05,-35.72438060077259,-35.60972362350579
304,304,1.364586133257541e-05,1.3369863824520603e-05,-35.655535852720966,-35.72899490426254
305,305,1.3801092875640738e-05,1.340540970168628e-05,-35.5885528565945,-35.71746382700842
306,306,1.3430813804419457e-05,1.4488077412304273e-05,-35.70928504184179,-35.38015716487736
307,307,1.3004848482261277e-05,1.36303367885136e-05,-35.84423692965479,-35.64519887471712
308,308,1.3329472654056855e-05,1.34972324303817e-05,-35.73981800796351,-35.68781747551215
309,309,1.3336048647671333e-05,1.4279393470037336e-05,-35.7341803672107,-35.443167135237104
310,310,1.3484961190320955e-05,1.3351830794387129e-05,-35.69443816699889,-35.734856543488306
311,311,1.3528916141010471e-05,1.361114405689908e-05,-35.68194379357428,-35.65131843837762
312,312,1.3531467020490624e-05,1.3624854115110602e-05,-35.6810651732074,-35.646946134419345
313,313,1.2954730251650975e-05,1.3998452232044656e-05,-35.859785372861225,-35.52946454649526
314,314,1.3421284240825322e-05,1.3446022325967389e-05,-35.705443641171854,-35.70432646282433
315,315,1.328399933477955e-05,1.3486145594230803e-05,-35.7530115180623,-35.69138630372088
316,316,1.3477095748872745e-05,1.342794516140681e-05,-35.69732922641295,-35.710169153528575
317,317,1.3550856575542657e-05,1.3632915588938263e-05,-35.66115976468718,-35.64437728616841
318,318,1.3324192343471745e-05,1.3567641202060163e-05,-35.743468949754,-35.66522124216971
319,319,1.3465797677519131e-05,1.3758863947020328e-05,-35.694772994057516,-35.60443898107849
320,320,1.395509717280895e-05,1.3770169971394353e-05,-35.551023472326634,-35.600871733285835
321,321,1.3445171744118028e-05,1.3382789276013346e-05,-35.70398298652475,-35.72479834650426
322,322,1.3294969397337781e-05,1.3389230269623161e-05,-35.742524171641925,-35.72270863636347
323,323,1.3401398495467951e-05,1.344237611383984e-05,-35.71113035642911,-35.70550431640315
324,324,1.3665219149075223e-05,1.3446134576760846e-05,-35.640824387486965,-35.70429020697445
325,325,1.3455418420843925e-05,1.3441947981176016e-05,-35.69764019747837,-35.70564263913188
326,326,1.3456606530340163e-05,1.3430164184874707e-05,-35.702791334861246,-35.70945152323145
327,327,1.3484616388690409e-05,1.3576540033299304e-05,-35.69325340674564,-35.66237369749154
328,328,1.3486597530685422e-05,1.3637113050591373e-05,-35.69805670684542,-35.64304033528182
329,329,1.347523534464345e-05,1.3350430890568532e-05,-35.701188667529415,-35.73531191353249
330,330,1.3498169284934398e-05,1.356284687254198e-05,-35.69262270024345,-35.666756158069575
331,331,1.3576037849112985e-05,1.4016563047909203e-05,-35.655206311050854,-35.523849394470645
332,332,1.3078686419079926e-05,1.3381879829179716e-05,-35.82447191597743,-35.72509348763978
333,333,1.3420696454089658e-05,1.3373994414379061e-05,-35.71201163346658,-35.727653368287605
334,334,1.331170574069136e-05,1.3393263112735248e-05,-35.74161512805928,-35.72140073608833
335,335,1.3663929382449534e-05,1.3346418391416878e-05,-35.63325804070746,-35.73661739062076
336,336,1.3396197357803065e-05,1.3565272973593031e-05,-35.72443152141989,-35.66597936829734
337,337,1.3450537987888105e-05,1.3416515972302908e-05,-35.707126530062695,-35.71386722296319
338,338,1.3198132308520444e-05,1.3601193227498842e-05,-35.776716035270276,-35.65449463779507
339,339,1.3569608415412769e-05,1.3475779508696992e-05,-35.663847785454706,-35.69472577888885
