,epoch,train_loss,test_loss,train_dbs,test_dbs
0,0,0.0010361191864634298,0.0009506993320476459,-15.869365390710591,-16.228133965610773
1,1,0.0009210797011151372,0.0008747108758574253,-16.375316468879124,-16.589920589111834
2,2,0.0008566788026880589,0.0008131737152947799,-16.6876880072544,-16.906732531099657
3,3,0.0008074977421969867,0.0007713942261608807,-16.951365173440763,-17.13580201465691
4,4,0.000769488987532089,0.000734838954246554,-17.15126927483721,-17.346644148892118
5,5,0.0007369238421196098,0.0007095037175244407,-17.342998762265136,-17.499019100057687
6,6,0.0007190425939061055,0.0006844230412848686,-17.45560213234405,-17.655319635848112
7,7,0.000682513983848207,0.0006638702348266777,-17.671051216467475,-17.787733882103037
8,8,0.0006641984794807342,0.0006375210329056962,-17.803161289991632,-17.963620678822757
9,9,0.0006420901993327995,0.0006210462980609583,-17.951024341272547,-18.077326079606276
10,10,0.0006293278888405598,0.0006056644304312373,-18.034230350041486,-18.186245162515824
11,11,0.0006092162358756993,0.0005931559502833375,-18.17695940442465,-18.276876939263055
12,12,0.0005964948099644221,0.000582717708311975,-18.27052084093506,-18.353983691970882
13,13,0.0005851516850561518,0.0005708340965946647,-18.35230794603994,-18.44346679200328
14,14,0.0005740741142983904,0.0005694884243176171,-18.432129655353396,-18.45371684503546
15,15,0.0005660093252633497,0.000551821826344454,-18.49117507346496,-18.590577111005747
16,16,0.0005633696162420296,0.0005440793710907823,-18.513119251681555,-18.651943255088163
17,17,0.0005549625211548944,0.0005357060826530582,-18.574422364209017,-18.719300077599616
18,18,0.0005436268990340921,0.0005367464618757367,-18.670641854774285,-18.71087395003737
19,19,0.0005341160858827691,0.000525864144468582,-18.740267151631414,-18.799830254607134
20,20,0.0005307485578706508,0.0005171397780558388,-18.776510974455615,-18.8724864063358
21,21,0.0005282203498243633,0.0005134951651071836,-18.792540761507126,-18.90320226553991
22,22,0.0005205758068993803,0.0005125667973372497,-18.855226221671135,-18.911061149787404
23,23,0.0005182007672121153,0.0005055997248028257,-18.87733293976453,-18.97049756451398
24,24,0.0005124932003193103,0.0004972738204646463,-18.926466682712707,-19.042609894236772
25,25,0.0005072908789236291,0.0004995845298062226,-18.96131951093021,-19.022476038440516
26,26,0.0005018648963911247,0.0004913243128133839,-19.015253617210224,-19.094883299382126
27,27,0.0004990188754163682,0.000485277959868606,-19.04032863686611,-19.148660181639798
28,28,0.000496375168968933,0.00047981249640303617,-19.067328000172775,-19.197850306447645
29,29,0.0004948846729995549,0.0004757802893628219,-19.073586782593935,-19.23450139228188
30,30,0.0004872952281262188,0.0004811089035540231,-19.141754698194163,-19.186131911715375
31,31,0.00048435556722718493,0.0004720218651192753,-19.174197974497748,-19.268944687382643
32,32,0.00048108679301239857,0.0004683766486490832,-19.20194977659787,-19.30261350552881
33,33,0.0004800253454115741,0.00046588500538889905,-19.203583774169026,-19.3257785252997
34,34,0.00047712111917622005,0.0004612464905030241,-19.237501548115503,-19.369235105868626
35,35,0.0004714065169574712,0.0004633544702205415,-19.288616680588916,-19.349432280988268
36,36,0.00046641747323200876,0.0004545149935630003,-19.331037987479547,-19.433083710178952
37,37,0.00046417966980688737,0.0004554276146288765,-19.358861658981105,-19.424372250306536
38,38,0.00045965332867932917,0.0004543710092548281,-19.391835031691883,-19.43445971532919
39,39,0.00045978732541510737,0.00045042526050421755,-19.3955540645985,-19.472338469470078
40,40,0.000457856736323537,0.0004464841576440162,-19.4105078667277,-19.510505316783153
41,41,0.0004548082835060189,0.00044031790610843976,-19.448297094909897,-19.57090238363362
42,42,0.00044997026855798114,0.00044101185018294737,-19.492718686940428,-19.564063260310295
43,43,0.0004480359667777708,0.0004389435481770258,-19.506643859312828,-19.584479154205457
44,44,0.0004454462227325157,0.00043490852572416,-19.530764791026606,-19.62458663904409
45,45,0.0004418631172474935,0.0004318881838116795,-19.566264789193756,-19.65485263153035
46,46,0.00043995490420091244,0.0004292392006487046,-19.594397800405005,-19.681572079081064
47,47,0.00043617738992907107,0.00042834313200345556,-19.62031134513875,-19.690647774669575
48,48,0.0004376631335729791,0.0004265963476714923,-19.60971556512211,-19.70839452447142
49,49,0.0004343941919361577,0.0004252811670180802,-19.636623453603594,-19.721804343240777
50,50,0.0004313804854917311,0.00042257918271628255,-19.680540295431594,-19.749484865047048
51,51,0.00042917761266394756,0.0004219774824665173,-19.69297106209542,-19.755673085523384
52,52,0.0004292582962830004,0.00042333564488217235,-19.694068855546497,-19.741717477095698
53,53,0.0004284444469694509,0.00042081233052732915,-19.703416339240633,-19.76768128430201
54,54,0.00042677424744866094,0.0004167125091618417,-19.713845862239396,-19.81020047737441
55,55,0.0004257521377252319,0.00041697717939601526,-19.724409519696064,-19.807442980726314
56,56,0.0004293933875628353,0.0004186489876653803,-19.690325449166043,-19.79006539961343
57,57,0.0004245584810239061,0.00041851376667373667,-19.735201545345184,-19.79146837008039
58,58,0.0004268850634335396,0.0004177324146056842,-19.714487556063336,-19.79958409001849
59,59,0.00042513452773942543,0.00041463223322735806,-19.73462613564599,-19.8319352451256
60,60,0.0004229313233680063,0.00041390481208892246,-19.75843854569868,-19.839561097690638
61,61,0.00042406987541681636,0.00041335113469119137,-19.755825646129622,-19.84537451191703
62,62,0.00042406513569300474,0.00041668235759348854,-19.74508522672324,-19.81051472600455
63,63,0.0004227284132622989,0.00041492482475740343,-19.76132490967358,-19.828871660987616
64,64,0.00042207093102876675,0.00041787110201671327,-19.763607169924274,-19.798142469042173
65,65,0.0004230748166536586,0.00041277198991003007,-19.7502572412515,-19.851463662950213
66,66,0.0004254982956161857,0.0004176934016868472,-19.729876704355657,-19.799989705814788
67,67,0.0004268544252011349,0.00041427418105549325,-19.722168621777875,-19.8356871787448
68,68,0.0004266330080596519,0.00041900965152308345,-19.717761163716897,-19.786325586625807
69,69,0.00042476692865842705,0.0004153924053657408,-19.739052781921114,-19.82398033289892
70,70,0.0004243954689693205,0.0004181034470859327,-19.74003501939938,-19.79572837200618
71,71,0.00042907969747698797,0.00041499164255679046,-19.706545231243965,-19.82817234719467
72,72,0.0004254422752431488,0.0004186831555623365,-19.73388198814748,-19.789710966089416
73,73,0.0004266797428105756,0.00041995011882758453,-19.72361601300784,-19.77658876857386
74,74,0.0006362128607957557,0.00042001212224070176,-17.991012881955236,-19.775947603080738
75,75,0.00042928907253357015,0.0004201594841249875,-19.696422352664058,-19.774424141603117
76,76,0.0004264942271942177,0.0004193709541332761,-19.727294582089392,-19.782582376476164
77,77,0.00042358493089157434,0.00041921607886539087,-19.744592995076562,-19.78418653853314
78,78,0.0004242706645433743,0.0004151264744761743,-19.741398365221503,-19.826761541722863
79,79,0.000423800318139442,0.0004185605441881834,-19.746248702946865,-19.790982983868943
80,80,0.00042576510813231244,0.00041754304517158553,-19.735298414133872,-19.801553311087222
81,81,0.00042699751523371364,0.00042016196407769854,-19.720819308483918,-19.774398507846414
82,82,0.0004272326246772883,0.00041793949448650603,-19.7141737518748,-19.797431722554265
83,83,0.0012300513743557344,0.00041956048134077147,-15.126083221666686,-19.780620103558363
84,84,0.0004239967200885882,0.0004204119751720052,-19.74310796777204,-19.771815072010405
85,85,0.0004232208080680983,0.0004186778617287545,-19.75902598149293,-19.7897658786699
86,86,0.0004272026432313255,0.00041939551470262045,-19.720405265870696,-19.782328038227366
87,87,0.00042424508797715314,0.000417654260098444,-19.73904119567846,-19.800396697457828
88,88,0.00042458305005752244,0.0004204445362311641,-19.73565573651673,-19.771478722392295
89,89,0.0004287648789426216,0.0004207875126188523,-19.693328854510018,-19.76793742219925
90,90,0.0004264559937621822,0.0004195688264812098,-19.72925257919845,-19.780533722391375
91,91,0.0004259514635592008,0.00041968548229258314,-19.72479638892509,-19.77932638928726
92,92,0.0004262538082518413,0.0004142355893763076,-19.721971575720683,-19.83609176427723
93,93,0.0004304265987473665,0.0004187221010828293,-19.682193537829477,-19.7893070081605
94,94,0.0004240505129684569,0.00041872834002501085,-19.747854968619258,-19.78924229894239
95,95,0.00042629928523722614,0.00041503352756415933,-19.717886601945843,-19.827734036930234
96,96,0.00042346507501692424,0.0004217176511271023,-19.744918742714297,-19.75834806410292
97,97,0.0004288375773107076,0.0004197994559562128,-19.69720962982453,-19.778147139219854
98,98,0.05148644682521615,0.00042063668278340057,1.1020389496592118,-19.76949441488624
99,99,0.0004286514655158845,0.00041694519275456275,-19.70063604993546,-19.807776144156108
100,100,0.0004237356857329453,0.0004161680852504153,-19.75258837123483,-19.81587812998896
101,101,0.0004274220204043212,0.0004182373170471309,-19.707464714016417,-19.794338053886325
102,102,0.0004285998197186009,0.0004180838877800852,-19.701191249970456,-19.79593154414828
103,103,0.00042417499935254455,0.00041741906285383985,-19.749293651387923,-19.80284306630674
104,104,0.00042362349256681105,0.0004190217510576507,-19.74923864104254,-19.786200179365878
105,105,0.00042423223758586827,0.0004204634889519136,-19.75339112141659,-19.771282956344322
106,106,0.0004297102997727577,0.00041897349690675343,-19.695103080061376,-19.78670033760753
107,107,0.0004256228384076973,0.0004188482723149814,-19.72753774745092,-19.787998569561104
108,108,0.00042797779315151274,0.0004179904277215859,-19.70358856155807,-19.79690249103903
109,109,0.0004250391553871372,0.0004184366062920737,-19.73376673877754,-19.792269142244553
110,110,0.0004273654587600457,0.00042159122561937883,-19.71794012656264,-19.75965021808947
111,111,0.0004311614452630819,0.00041789171671935996,-19.681824861523907,-19.797928225206324
112,112,0.00042930980346204,0.00041981578167331844,-19.696754703954248,-19.777978248315183
113,113,0.0004260796605316519,0.00041915863096763034,-19.72635282803197,-19.784781721206016
114,114,0.0004245801102706068,0.00041945043975781456,-19.7394541549331,-19.78175931286614
115,115,0.0004277181359771255,0.0004197517808183636,-19.711147584624563,-19.778640380094437
116,116,0.00042867869499965195,0.00041506553565053955,-19.699291395452384,-19.827399114607967
117,117,0.00042812063025080206,0.00041903598742608567,-19.703833979067806,-19.786052629239666
118,118,0.0004283869402007843,0.0004173737818889908,-19.70774573192903,-19.803314207699778
119,119,0.0004271512695698586,0.0004172380722593516,-19.72171235363423,-19.80472655149815
120,120,0.0004258214747509199,0.0004205570317265627,-19.727945370095007,-19.77031686550538
121,121,0.00042593170175828115,0.00041681602535965413,-19.729902590426317,-19.809121773721998
122,122,0.00042612637728020624,0.00041963381227105856,-19.72448399654198,-19.779861108443644
123,123,0.00042804719108521707,0.0004176603489261317,-19.69812095781483,-19.800333383725793
124,124,0.0004271152687316626,0.0004194731836354262,-19.71554977168275,-19.78152383158344
125,125,0.0004278115427707197,0.0004202223575894574,-19.7132723436321,-19.77377430369913
126,126,0.00042584335693091,0.0004201260147199623,-19.729410294617967,-19.774770109204432
127,127,0.0004257062964919071,0.0004216378361697456,-19.73454292442209,-19.759170094579485
128,128,0.00042854090156417687,0.00041782837912538335,-19.70635346759827,-19.798586511820478
129,129,0.00043027062171868517,0.0004170052523381616,-19.68735731618742,-19.807150602292296
130,130,0.00042701814984950746,0.00041766323786424965,-19.71477997684032,-19.8003033438729
131,131,0.0004263534309635342,0.00041852596730582024,-19.721396577426404,-19.791341765166077
132,132,0.00042451724629685977,0.00042103719438034063,-19.739322306635195,-19.76536122281892
133,133,0.00042818111041080704,0.0004212420179484118,-19.701148909569287,-19.76324900763354
134,134,0.0004249658809432318,0.00041904547067947293,-19.73319971590634,-19.78595434464986
135,135,0.0004280514315433186,0.0004193844812873163,-19.70586951798641,-19.782442293488728
136,136,0.00042261006178564785,0.0004183175164814058,-19.75595997026555,-19.793505348832976
137,137,0.00042924256011190795,0.00041890363852297395,-19.695229200612566,-19.787424527572323
138,138,0.0004263785508696527,0.0004185512937654398,-19.72537332252488,-19.791078966445482
139,139,0.00042947356021463796,0.00042027225534088517,-19.691866696069482,-19.77325864737495
140,140,0.00042539863239916175,0.00041986056021414697,-19.73684800143371,-19.77751504428673
141,141,0.00042978136472586427,0.0004199385906471626,-19.68565304873955,-19.776707989729886
142,142,0.00042718681224775454,0.00042045768044006665,-19.716513126955878,-19.771342952565966
143,143,0.0004304944619790833,0.00042062224575171347,-19.681519338409217,-19.769643475371296
144,144,0.00042647142569323255,0.0004167538565142374,-19.718089422952907,-19.809769579914327
145,145,0.00042822109337310434,0.0004208459439197261,-19.702928554349203,-19.76733439504097
146,146,0.00042609996750432344,0.00041924819111284847,-19.723036269196804,-19.78385387863627
147,147,0.0004256097275821358,0.00041843013298746784,-19.726317578484874,-19.792336329057893
148,148,0.0004273500988384728,0.00042165190557410056,-19.709717267605974,-19.75902517962622
149,149,0.00042735016154672604,0.0004202981133283557,-19.71450746783715,-19.77299144829933
150,150,0.00042790318293180126,0.00041748708310095886,-19.707894599355487,-19.802135422263394
151,151,0.0004250589885974553,0.00041850825073197484,-19.731085776076657,-19.79152560974721
152,152,0.00042616744788565204,0.0004176365986686984,-19.721615300017802,-19.800580352322516
153,153,0.00042267844348560214,0.0004215509826807599,-19.74937243270227,-19.76006479314025
154,154,0.0004284443491565774,0.00041881833979124695,-19.69655308364667,-19.788308944349954
155,155,0.0004301537026305558,0.0004202672295688995,-19.686518604444988,-19.773310582235354
156,156,0.00042971348619213345,0.0004207681417220125,-19.69188711170103,-19.768137353684832
157,157,0.00042748748632051895,0.0004194328824891464,-19.71199367594265,-19.781941102745584
158,158,0.00042979491150880366,0.00042259811246032387,-19.682692241426505,-19.74929032400982
159,159,0.0004275756328217877,0.00042264335053531746,-19.71255973776104,-19.748825447469315
160,160,0.00042790369059861707,0.00042210490975872075,-19.707650628435623,-19.754361816131247
161,161,0.00042717250036411757,0.00042352877790108323,-19.718491831272114,-19.73973660262314
162,162,0.00042644929988117715,0.00042338106830261255,-19.72323500859985,-19.74125150918558
163,163,0.00043001841812528976,0.0004245758693861334,-19.680404066054624,-19.72901277776223
164,164,0.0004276787461928985,0.0004235901563477359,-19.707765865722727,-19.739107261932997
165,165,0.0004265607024432573,0.0004213254448443063,-19.707126902280162,-19.762388973458293
166,166,0.00042922947658994,0.00042092674993909895,-19.692999946423416,-19.766500592550532
167,167,0.00042987568183926883,0.00042265200815898806,-19.685367053244775,-19.74873648547164
168,168,0.0004305544689768138,0.00042116275443205317,-19.6780672444844,-19.76406628001853
169,169,0.00043162236982697297,0.0004245843983402378,-19.66556204712458,-19.728925536805605
170,170,0.00043305588529694866,0.0004238275624198937,-19.658110542640635,-19.736673889405555
171,171,0.0004328225484866764,0.0004266334397375192,-19.66321775568662,-19.70801692678682
172,172,0.0004337252121893977,0.00042252657371328066,-19.644351073934665,-19.750025573699375
173,173,0.00043267998922395416,0.0004237906342543858,-19.661903642903866,-19.73705230739092
174,174,0.0004289799139441289,0.00042289196158220107,-19.698463121558703,-19.746271552738584
175,175,0.0004317751817390822,0.00042557243968507176,-19.670234366825138,-19.718830903016784
176,176,0.0004353190585610831,0.0004243577514946657,-19.631334754973736,-19.731244457517235
177,177,0.00043194976901712336,0.0004254154367740021,-19.667407776736432,-19.72043340525166
178,178,0.0004313753029096334,0.0004252069078287796,-19.67168589264745,-19.722562739676416
179,179,0.0004345519166948639,0.00042398720765241275,-19.640343005091097,-19.735038318834906
180,180,0.0004355872668609138,0.00042845472681189055,-19.62921029298166,-19.689516469092936
181,181,0.00043235208176690894,0.00042802324414400284,-19.659456923326157,-19.693892309777894
182,182,0.0004344415030629403,0.0004249022366773141,-19.63930763494873,-19.725675681265077
183,183,0.00043372091502383276,0.0004265128686950591,-19.649815021144214,-19.709244461577715
184,184,0.0004366264302288326,0.000425167222458281,-19.619980473288628,-19.72296809390389
185,185,0.0004353027757180413,0.0004283637283247356,-19.626538439768353,-19.69043895484811
186,186,0.0004343109081748911,0.0004239060554506355,-19.6400468918158,-19.735869648792754
187,187,0.0004365150159652124,0.00042632561771346157,-19.618669634947654,-19.711151553498205
188,188,0.0004367093008357225,0.00042632823705820267,-19.62355980673969,-19.71112487052572
189,189,0.0004337230005983225,0.00042772360489164526,-19.641201301155274,-19.696933669014573
190,190,0.0004344691880066524,0.0004276471292158883,-19.636314878213334,-19.697710243726455
191,191,0.0004396239102376414,0.00042735154305486694,-19.588003606402907,-19.700713089179583
192,192,0.0004346133806843541,0.00042968126332485363,-19.6435429731643,-19.67710169082252
193,193,0.0004340919087516125,0.0004254261056255353,-19.63420960151887,-19.72032449135598
194,194,0.00043568033280964825,0.00042920016628493994,-19.629291699000436,-19.681967037873783
195,195,0.0004363225847386669,0.0004282830846741011,-19.626196685842004,-19.69125663354703
196,196,0.00043449241946422564,0.00043139935281176706,-19.637402142529197,-19.659770961044643
197,197,0.00043829714011679375,0.00042735319737786134,-19.603058736476136,-19.700696277213677
198,198,0.00043751734588535254,0.0004295736986310466,-19.610380029949663,-19.678189022412806
199,199,0.0004406632611302409,0.00042741979613262966,-19.57669679965759,-19.700019525094092
200,200,0.0004401466426362773,0.0004293698354893805,-19.589915834459646,-19.680250546497554
201,201,0.00043480727730376513,0.0004291788730035095,-19.633350565659523,-19.682182503401375
202,202,0.00043881191126762207,0.00042899818263800914,-19.59805521526914,-19.68401132949999
203,203,0.00044115231949691996,0.0004325721575265848,-19.574173755412502,-19.647980226680033
204,204,0.00044451896059230815,0.0004324001002762663,-19.551744720663716,-19.649707993430845
205,205,0.0004382485397203259,0.00043354272278711985,-19.59796041576031,-19.638246845508693
206,206,0.0004427115230091377,0.0004307418099702581,-19.563905705755595,-19.666395567208472
207,207,0.00043791213514494525,0.0004292589253868516,-19.61182240552555,-19.681372513242167
208,208,0.0004409217076452891,0.0004326683717265137,-19.572230739497826,-19.647014361238707
209,209,0.0004407614301506084,0.00042667221216680974,-19.56706068487734,-19.70762225807544
210,210,0.0004453888383799607,0.00043226619355233486,-19.539076872284685,-19.651053135531864
211,211,0.00043867263983762297,0.00043270899914205074,-19.598505754168897,-19.646606579316305
212,212,0.00043608351567395263,0.0004310984666900415,-19.625682157774264,-19.66280107160708
213,213,0.0004385381144322647,0.00043324484661417574,-19.60152982409902,-19.64123179794363
214,214,0.00043967082441217966,0.0004305685870349407,-19.59316074302803,-19.668142434916636
215,215,0.00044155570608803754,0.00043123324346532553,-19.569776676743945,-19.66144352416723
216,216,0.00043626846181535995,0.0004312090735000215,-19.619120141610292,-19.661686946419493
217,217,0.00043735301605733013,0.00043767629234169264,-19.615652292904137,-19.59703562565158
218,218,0.00043961791004793545,0.00042980133500685423,-19.5913856061577,-19.67588825219407
219,219,0.00044042040466705395,0.00042865925015097385,-19.58517781213618,-19.687443854209562
220,220,0.00043812566394821654,0.00043175284640471404,-19.608254108569977,-19.656213759301377
221,221,0.00043989021148647847,0.00043305935564843053,-19.585592729284727,-19.643091599705794
222,222,0.0004415614098387281,0.0004317254214057405,-19.575052782154522,-19.65648963250325
223,223,0.00043692952321995935,0.0004329417531966771,-19.615006402480702,-19.64427113852271
224,224,0.0004407589473238349,0.00043448004534615104,-19.584665467159354,-19.628867502285964
225,225,0.00043922429724318004,0.0004334775348022384,-19.591527303927524,-19.63889990480981
226,226,0.00043993631075376396,0.00043425739491603484,-19.58264177427482,-19.631093626102636
227,227,0.0004375925051773293,0.0004332852580486552,-19.611008183526884,-19.640826723430497
228,228,0.00043859022379055926,0.000433055644144157,-19.59655751711259,-19.643128820763643
229,229,0.0004391832281379317,0.00043269891696246833,-19.590172414975513,-19.646707771710712
230,230,0.0004361738599644801,0.0004328456416260451,-19.616566661518668,-19.645235364271286
231,231,0.00044080882588852695,0.0004345810448285192,-19.57987827380711,-19.627858056147808
232,232,0.00043913223042594483,0.0004293873115736795,-19.588008450586834,-19.680073784836743
233,233,0.0004368850015603083,0.0004346269094017579,-19.6098708843926,-19.627399737031098
234,234,0.00043790986024553783,0.0004305958343473704,-19.60510578488971,-19.667867612660977
235,235,0.0004401189861963167,0.0004337514324824473,-19.58843183358234,-19.636156632627646
236,236,0.00043921154556488716,0.000435276149992684,-19.599440990145812,-19.620917137496026
237,237,0.00043774347664721154,0.00043250587585039044,-19.60378826429564,-19.648645733493712
238,238,0.00044074481966444436,0.0004339024568540289,-19.585001424213274,-19.634644761300166
239,239,0.00044096879704288907,0.0004347056551762906,-19.576738670021673,-19.62661295285115
240,240,0.000438505370222685,0.0004324504590936397,-19.596935632753944,-19.64920222844548
241,241,0.0004389975330979592,0.0004334404029099173,-19.596169810700413,-19.639271939468365
242,242,0.0004420687745147644,0.0004327875978656505,-19.566050791274264,-19.64581778379346
243,243,0.00044299821854213773,0.0004360342526955432,-19.56988363164269,-19.613359787035552
244,244,0.0004382681656033569,0.0004336355869829851,-19.602532910871034,-19.637316692908463
245,245,0.0004391632413073952,0.00043426064994970436,-19.592953480752463,-19.63106107310804
246,246,0.00043489249481953987,0.0004319168801885098,-19.631724702732175,-19.654564078507633
247,247,0.00044234674519945665,0.00043447778443805873,-19.571515547701118,-19.628890101769507
248,248,0.00044159914310493495,0.0004352900187337869,-19.57178763954763,-19.620778765067858
249,249,0.00044328280209717294,0.000429180956225058,-19.55637608379362,-19.68216142292691
250,250,0.00044334364680515735,0.00043157972763047407,-19.56218579190267,-19.657955487382424
251,251,0.00043782524610917593,0.00043273177212349286,-19.61025566881557,-19.646378021094705
252,252,0.00043903491711820065,0.0004330931543862741,-19.59565177638195,-19.642752661581664
253,253,0.0004391112375630008,0.0004312525147964296,-19.588980040065405,-19.6612494471595
254,254,0.0004370751056805752,0.0004297997327643986,-19.60657148389151,-19.67590444214737
255,255,0.0004400141689009465,0.0004296599746387648,-19.582737490186513,-19.677316868646855
256,256,0.0004399142494501988,0.00043293362710085744,-19.592021391114486,-19.64435265414619
257,257,0.0004382209570900796,0.0004327320309944059,-19.59966021612208,-19.646375423037835
258,258,0.0004355869455186208,0.0004324793653244055,-19.62965919258806,-19.64891194324165
259,259,0.00043642514153652506,0.0004290455789917982,-19.623397476835002,-19.683531541035713
260,260,0.00043651050937208393,0.0004303406504301452,-19.623375555729382,-19.670442134064736
261,261,0.00043610489198736384,0.000429003851757826,-19.623812952218035,-19.68395393878633
262,262,0.00043602721836446715,0.00043240529913945417,-19.62294407472692,-19.649655777346247
263,263,0.00043809339080063493,0.00042678447789512575,-19.595810513042682,-19.706479695431934
264,264,0.0004403582910920695,0.00042567620709489445,-19.58160471410161,-19.717772091026163
265,265,0.0004372286190850103,0.00042708132011619836,-19.60873344426883,-19.703460088741945
266,266,0.0004387449022483311,0.0004303783598037339,-19.603998166189122,-19.67006159238548
267,267,0.00043603275019253037,0.0004314010913826917,-19.629867143537723,-19.659753458694844
268,268,0.0004347601609026111,0.0004260596684425285,-19.633017263395164,-19.713861602731953
269,269,0.0004351431919146598,0.00042727458946357827,-19.627251774009856,-19.701495197726885
270,270,0.0004326015399989778,0.0004269209442243568,-19.647256569137404,-19.70509124052185
271,271,0.0004366836624613665,0.00042762569194708605,-19.62421056230746,-19.697927954083184
272,272,0.0004333321673593954,0.00042621612603972227,-19.654484436988255,-19.71226707963705
273,273,0.00043085675906226733,0.0004250221153549654,-19.665692462575283,-19.724450568737765
274,274,0.00043097967173923385,0.0004232354587752764,-19.67437465415804,-19.742745394854843
275,275,0.0004308026310382891,0.0004230318024239846,-19.675997175733798,-19.744835676148547
276,276,0.00043081031534964815,0.00042590957845708256,-19.68118132168877,-19.715391781277237
277,277,0.00043341377029944327,0.00042543613572457905,-19.657561286659277,-19.720222100711386
278,278,0.000428345842891824,0.00042402989531279,-19.692511947728633,-19.73460108672489
279,279,0.0004291470875464303,0.0004243030485476514,-19.695798707676836,-19.73180433227671
280,280,0.00043267499746697157,0.00042128805408107216,-19.660763914899796,-19.76277440763845
281,281,0.00043124218889003255,0.0004232573846820742,-19.672520745176882,-19.74252041243689
282,282,0.00043002426769517206,0.00042430031431936905,-19.683931518388285,-19.73183231850225
283,283,0.00042957806606901827,0.00042218487636235197,-19.69316423997399,-19.753539135213668
284,284,0.0004318160402166091,0.0004242727131656322,-19.67278635407824,-19.732114840533423
285,285,0.00042622199386463876,0.00042300698451550777,-19.721538388405648,-19.74509047015737
286,286,0.0004284363915092437,0.000422837247912723,-19.699055946340987,-19.746833478340903
287,287,0.00042787854188870754,0.0004203934498180292,-19.698720041557635,-19.772006447060306
288,288,0.00042784439829494995,0.0004206657360650991,-19.70318830594858,-19.769194459016738
289,289,0.00042948654412349553,0.00042294348761635393,-19.690567334859818,-19.745742431563635
290,290,0.0004281662653569977,0.00042316757485662634,-19.70673781680558,-19.74344202778671
291,291,0.0004290407700536139,0.0004200298617912554,-19.691983888268364,-19.775764179178967
292,292,0.0004277531958914832,0.00041789213030010854,-19.714140344827996,-19.797923927065423
293,293,0.00042729717757332035,0.00041946580198495403,-19.710641454651366,-19.781600256928368
294,294,0.00042587557727154153,0.0004201651746897321,-19.731202904888193,-19.774365321935228
295,295,0.00042964162163378804,0.0004231896631321625,-19.69544102684229,-19.743215342983845
296,296,0.00042921886119281046,0.000420660285989901,-19.695161725339602,-19.769250725850817
297,297,0.00042821923252819204,0.0004211125595151986,-19.706351132711365,-19.764583910657215
298,298,0.00042725999247926027,0.00042003072571548586,-19.710267092013037,-19.775755246548833
299,299,0.0004294675024173501,0.0004181418580150134,-19.68554690712348,-19.79532940642863
300,300,0.00042389029278131873,0.00042022188886460895,-19.74225444296172,-19.77377914791375
301,301,0.0004252055743901232,0.0004173103094983258,-19.73231843788166,-19.803974714096306
302,302,0.0004279646550223577,0.00041967874858528376,-19.71143065465804,-19.77939607088234
303,303,0.0004230414174578738,0.00041869783308357,-19.75486749378665,-19.78955872077774
304,304,0.0004242764976110847,0.0004211422898439004,-19.74136092507721,-19.76427731182396
305,305,0.00042769583314177146,0.00042026324081234634,-19.719033628635295,-19.773351801323106
306,306,0.00042475738260203724,0.00042146687414252053,-19.738059670390243,-19.760931391015106
307,307,0.00042638750614828823,0.0004186319190347077,-19.721418221462713,-19.79024246831418
308,308,0.0004255554828427962,0.000422018768547691,-19.729098125392625,-19.755248194601748
309,309,0.00042529596458669254,0.00042034232664216116,-19.733605063974426,-19.772534615691306
310,310,0.00042693110689348015,0.00042121814821209565,-19.719343491936783,-19.763495108165905
311,311,0.00042570019428877484,0.0004209389735478908,-19.730883900595476,-19.766374476337468
312,312,0.00042367670937086045,0.000418165317234142,-19.750703595678537,-19.79508575888568
313,313,0.0004252446104277924,0.0004173953432320176,-19.7364452980362,-19.803089858906336
314,314,0.0004246512583346519,0.0004167383058780902,-19.736842822779515,-19.809931634358854
315,315,0.0004268270883032303,0.00041479920802981054,-19.716903637168286,-19.83018666814396
316,316,0.0004281855839995917,0.00041859243279568066,-19.70945334884251,-19.790652123281713
317,317,0.0004266674384911612,0.00041575062450168555,-19.727435595615724,-19.820236750913743
318,318,0.00042601902945178376,0.00042165640441357697,-19.72840331159985,-19.758978842571636
319,319,0.0004224717597832385,0.0004200972034595907,-19.756032090047974,-19.775067948424542
320,320,0.00042776480171896673,0.00041827992199135845,-19.710055037579348,-19.79389566988436
321,321,0.0004255233360118396,0.0004159178505161483,-19.73691007080664,-19.818490253638153
322,322,0.0004254895023588744,0.0004178115892787709,-19.737213221409622,-19.79876103046517
323,323,0.0004268952902795305,0.00041427893876588265,-19.72277768117361,-19.835637302706214
324,324,0.00042841213601689363,0.0004150771511424529,-19.704915821881826,-19.827277580223022
325,325,0.0004230292307539392,0.00041849582645993094,-19.7500625798411,-19.791654540846537
326,326,0.00042452781878834226,0.0004202452592404657,-19.73749432284737,-19.77353762448716
327,327,0.0004242500872351229,0.0004156789616804178,-19.74644700038151,-19.820985407647363
328,328,0.0004245492509090985,0.0004164123475723165,-19.751485732445676,-19.813329864922906
329,329,0.00042604843632212464,0.0004181178274417394,-19.724029731423297,-19.795579002231328
330,330,0.00042481954448337944,0.0004169138862236746,-19.74240992465007,-19.808102248505428
331,331,0.00042751357805454317,0.00041913761953382114,-19.716818931357995,-19.7849994282459
332,332,0.000425051394297943,0.00041568817534042815,-19.73959096133281,-19.820889145923207
333,333,0.0004261977353718938,0.00041531382349172707,-19.718991356656097,-19.824801987370215
334,334,0.0004231870227214909,0.00042087786163105383,-19.761335824338804,-19.767005030804864
335,335,0.00042918633451186045,0.0004159640091912527,-19.70531372027702,-19.81800829919531
336,336,0.0004229028451198846,0.0004185033398435304,-19.754684255268597,-19.7915765713295
337,337,0.00042344955877477743,0.00041810630538843965,-19.752027974325557,-19.7956986822064
338,338,0.0004244102885197733,0.00041779318340367784,-19.747298255979594,-19.79895235464737
339,339,0.00042392331632766294,0.000419454682789939,-19.744494097315783,-19.781715381189276
340,340,0.0004252642870174971,0.00041849885938542063,-19.738162261693915,-19.791623066744574
341,341,0.0004253173255980898,0.0004169978936643977,-19.731300472923262,-19.807227240646124
342,342,0.0004243036946905873,0.00041732627065166046,-19.736477358084688,-19.803808609686705
343,343,0.00042096329954952077,0.00041770709120962575,-19.778716782654914,-19.7998473720658
344,344,0.00042536095193990495,0.0004155876782820805,-19.740765455609605,-19.821939226180206
345,345,0.0004207592648958077,0.0004169104764801695,-19.77095760878213,-19.80813776756328
346,346,0.0004250366272544008,0.000416663084730604,-19.739494102173285,-19.810715605437675
347,347,0.00042104190569515004,0.0004165287904661933,-19.77820958043876,-19.812115601290397
348,348,0.00042418839551566036,0.00041923618654867535,-19.741115096738536,-19.783978234345625
349,349,0.0004216055178741166,0.00041601224802434444,-19.76743697221746,-19.817504682442618
350,350,0.00042100344153274736,0.00041900544678547273,-19.777166228896647,-19.786369168044466
351,351,0.00042551188320449565,0.0004178088933450023,-19.736721550034066,-19.79878905345368
352,352,0.000426987435707112,0.00041609043623075674,-19.72705588744306,-19.816688516184843
353,353,0.0004248658120728184,0.00041651348797849526,-19.74024231476823,-19.812275155880588
354,354,0.0004204289184177544,0.00041721897555123036,-19.78129574121549,-19.80492532973324
355,355,0.00042418132418497784,0.00041500401934363733,-19.744875987233282,-19.828042824343445
356,356,0.0004262344647059697,0.0004179592161610919,-19.720697581246537,-19.797226793073243
357,357,0.0004243421135470271,0.0004196325454885434,-19.750337280481702,-19.77987421886207
358,358,0.00042492933643348133,0.0004169649680414678,-19.745112206878737,-19.80757016758006
359,359,0.00042441583534981095,0.0004179563731763904,-19.747632534944344,-19.79725633415571
360,360,0.00042320943687149543,0.0004188651540684269,-19.759027033267408,-19.787823529932126
361,361,0.000424325224024138,0.0004155598825922138,-19.73680947026979,-19.82222970443708
362,362,0.00042430005761189866,0.0004143785045016557,-19.742125734498593,-19.834593666395644
363,363,0.00042443081602146947,0.0004177961994795815,-19.745845950498232,-19.798921002762132
364,364,0.0004234922051876207,0.0004156982437339856,-19.74945167420396,-19.820783956623416
365,365,0.000423439220614136,0.0004195373667722666,-19.750447379722754,-19.780859373140053
366,366,0.0004223678012008865,0.00041977804013233825,-19.7584682182026,-19.77836869766275
367,367,0.00042306516468332907,0.00041787166111661414,-19.75850763556533,-19.798136658306802
368,368,0.0004239155999120786,0.00041377693751679833,-19.750053432102128,-19.840903043952412
369,369,0.00042319555524448604,0.00041581796157467917,-19.75681319659485,-19.819533402572254
370,370,0.00042124945741175605,0.0004167747484691637,-19.770065933084496,-19.80955187267097
371,371,0.0004210903176668186,0.0004132586166777305,-19.771173765798114,-19.84634667714552
372,372,0.00042273713030957993,0.00041682524361500616,-19.766803837623314,-19.80902572671518
373,373,0.00042173590903535254,0.00041412782708280966,-19.76339334716259,-19.837221716874303
374,374,0.0004248795127760158,0.00041827159676406726,-19.74096519821632,-19.79398211047271
375,375,0.0004221566091051575,0.0004163175717143244,-19.768732451233586,-19.81431843591977
376,376,0.0004199523521952101,0.00041436155688164656,-19.78491684973978,-19.83477129164137
377,377,0.00042090324934610386,0.0004161545703506195,-19.777722646405252,-19.81601916775516
378,378,0.00042100455197889705,0.00041466365004644583,-19.7655087896597,-19.83160619125109
379,379,0.0004222338914765602,0.0004198489003005977,-19.763356106576712,-19.777635653529625
380,380,0.0004200116652016019,0.00041666659097628375,-19.7862719669954,-19.810679059441647
381,381,0.0004206174887361523,0.000416655692357668,-19.781532059656843,-19.810792657986177
382,382,0.0004212484462786773,0.0004183650338458584,-19.774626052730046,-19.793012054711077
383,383,0.00042322418231219435,0.0004161723604499313,-19.75009977523108,-19.8158335161397
384,384,0.0004209930847696576,0.0004171181905181392,-19.776151329017043,-19.8059745550518
385,385,0.00042139357387942754,0.0004169152387859006,-19.76953188594567,-19.808088159040484
386,386,0.0004195821796755124,0.00041698972161516155,-19.788154466852173,-19.80731235164356
387,387,0.000421413673524812,0.0004141754562672424,-19.768700082735492,-19.836722259914147
388,388,0.0004216717221874974,0.00041680748721486643,-19.769155072703313,-19.809210736403863
389,389,0.0004230493132970728,0.0004193667800312764,-19.75893588706012,-19.782625603086615
390,390,0.00042267934180383293,0.0004140176139404311,-19.764999942724756,-19.8383776722773
391,391,0.0004212034184524079,0.00041473940884890527,-19.768544378949407,-19.830812810286254
392,392,0.00041878179343388485,0.00041633219409145807,-19.790515293431582,-19.81416590077323
393,393,0.0004201597274885964,0.00041594335313053116,-19.7875994954896,-19.818223967756435
394,394,0.00042105278512703006,0.00041555699212231527,-19.769953748392155,-19.822259912345622
395,395,0.0004210294087503835,0.00041099395419127847,-19.78459677521693,-19.870211519813502
396,396,0.0004160159037054814,0.0004144124747989209,-19.820681610826835,-19.834237651114886
397,397,0.00042172876659531106,0.00041280454177850564,-19.762369083939454,-19.851121184783274
398,398,0.0004235162617537894,0.0004152015470409472,-19.75845552620426,-19.825976223153162
399,399,0.0004229857838357386,0.00041418695381205335,-19.763744999708624,-19.83660170108129
400,400,0.0004193884996846126,0.00042017097401089574,-19.789522251602744,-19.774305378942557
401,401,0.0004206729237321457,0.0004137833434230599,-19.784881443551022,-19.840835808977385
402,402,0.0004223808265151936,0.0004157915398919661,-19.764247852450524,-19.819809368418927
403,403,0.00042263385251682905,0.00041438700282014906,-19.760019255328324,-19.834504599638045
404,404,0.00042477769857589346,0.00041370403701684584,-19.745532886029096,-19.84166826480736
405,405,0.0004196466056548405,0.00041603371592875764,-19.788508462796134,-19.817280574813218
406,406,0.00042264318884561585,0.0004137618433512551,-19.764385103737002,-19.84106147309088
407,407,0.00042162362495725303,0.0004153220629393074,-19.77691643096794,-19.8247158281595
408,408,0.00042250699702093436,0.0004169533111914796,-19.768150405560974,-19.807691582489714
409,409,0.0004199451476469943,0.0004156922743851809,-19.788836805594954,-19.820846320944156
410,410,0.00042052843431538914,0.0004126935765318769,-19.783926265607402,-19.852288760905264
411,411,0.0004225319219013849,0.0004145507608834458,-19.761113588912686,-19.83278868736342
412,412,0.0004206654707512329,0.00041295852401833003,-19.776338952262083,-19.849501503772785
413,413,0.00042038669746090687,0.0004121905459262627,-19.783026131609827,-19.85758558835968
414,414,0.0004196301991955291,0.00041590166878641437,-19.786754445093816,-19.818659223847888
415,415,0.00042170183295048004,0.0004160875120616861,-19.78013374370245,-19.816719037313028
416,416,0.00041962836175369695,0.0004157530845412494,-19.797612659576522,-19.82021105333486
417,417,0.0005317697638751382,0.000420973294622902,-18.770813786746675,-19.766020390666977
418,418,0.00042247250808172466,0.00041589529504754434,-19.76628666452487,-19.81872578046545
419,419,0.0004205340864592875,0.000414854131553224,-19.782108006598232,-19.82961165730408
