,epoch,train_loss,test_loss,train_dbs,test_dbs
0,0,0.00010750804658434306,8.960922231811932e-05,-12.592446514795741,-13.392253780523342
1,1,7.502819343497641e-05,6.425243554986082e-05,-14.153595524862899,-14.836884916658931
2,2,5.627217416479924e-05,5.0604293057021045e-05,-15.40555618590539,-15.873907241938635
3,3,4.5588279745155065e-05,4.260995640499076e-05,-16.316457334857596,-16.62066996461639
4,4,3.961494987435668e-05,3.7732364465850164e-05,-16.92734324693854,-17.14864065587596
5,5,3.561307469859345e-05,3.4294866724705665e-05,-17.393386026589724,-17.563489668673494
6,6,3.293504500875643e-05,3.242330929328761e-05,-17.729852659599715,-17.807207471766585
7,7,3.101918148026878e-05,3.0405484339050753e-05,-17.991825568361527,-18.086261605031375
8,8,2.9193415328561443e-05,2.9459136241807993e-05,-18.253819202903173,-18.22358077389336
9,9,2.8353367204395045e-05,2.8546395697048865e-05,-18.381958986060248,-18.360268048387706
10,10,2.7405883527760508e-05,2.7711412736894808e-05,-18.52919878856961,-18.489194195063572
11,11,2.6740695267511273e-05,2.7001266445088396e-05,-18.636466879763706,-18.60193951901661
12,12,2.6184838631153754e-05,2.633104878967922e-05,-18.727519525456305,-18.711099285321193
13,13,2.5686587907761557e-05,2.6255315740280294e-05,-18.811815841508864,-18.723608409496165
14,14,2.5056375194516167e-05,2.58231496110583e-05,-18.91884040129766,-18.79568874916377
15,15,2.4998210983071238e-05,2.5475462519496335e-05,-18.927238723570213,-18.854560087488434
16,16,2.4494625229392076e-05,2.477609910113786e-05,-19.017958750045374,-18.97545156854846
17,17,2.4257879126660966e-05,2.4767522183155005e-05,-19.056426093564994,-18.976955256850747
18,18,2.4139994867752094e-05,2.437828257633986e-05,-19.07970421347152,-19.045749795447115
19,19,2.371259970740792e-05,2.398558411330573e-05,-19.157379527671303,-19.116277871616912
20,20,2.3572441848242755e-05,2.372385480205259e-05,-19.18249823273328,-19.16392828986303
21,21,2.3186141943463637e-05,2.3994175583203814e-05,-19.254016129041535,-19.11472253743781
22,22,2.3136068146826446e-05,2.3455511645328154e-05,-19.265192051033942,-19.213331754859887
23,23,2.2694731070288006e-05,2.3469306765228364e-05,-19.348502293556862,-19.21077824700397
24,24,2.2731339544707133e-05,2.3064395128657405e-05,-19.340312015875288,-19.286360167497534
25,25,2.250130071224328e-05,2.309401851992956e-05,-19.385957931729724,-19.280785765730172
26,26,2.2223923430650868e-05,2.2991313591391143e-05,-19.439063879412444,-19.30014301261486
27,27,2.2031095111217546e-05,2.2566628965585933e-05,-19.477239002639564,-19.38111397918582
28,28,2.1811153798348502e-05,2.2638685933136577e-05,-19.519421196720096,-19.36726871786462
29,29,2.1882822158996653e-05,2.2087904270799635e-05,-19.506757966492607,-19.474235749292486
30,30,2.1545313897731082e-05,2.2275389614821362e-05,-19.574201361878877,-19.437527773860772
31,31,2.150407704227957e-05,2.1907638399984297e-05,-19.58196510837056,-19.509825223287123
32,32,2.1325152393381866e-05,2.187705553966991e-05,-19.61806965063181,-19.51589216971989
33,33,2.1231870969412993e-05,2.201078237512296e-05,-19.6355312132519,-19.489426064660233
34,34,2.138865186951961e-05,2.1588734039381196e-05,-19.604729233749488,-19.573509102201612
35,35,2.1005002063529245e-05,2.173177754708664e-05,-19.684955937457683,-19.544828355104073
36,36,2.0776139442120637e-05,2.1573852791334502e-05,-19.732684229432344,-19.576503753190412
37,37,2.0833175205046518e-05,2.184100269101021e-05,-19.718147970754952,-19.52305513962886
38,38,2.1042285739313977e-05,2.1314097562265632e-05,-19.676775522383974,-19.62911136960247
39,39,2.0741698321704536e-05,2.097477743901484e-05,-19.739104145700082,-19.698807250521778
40,40,2.0693084179677582e-05,2.0917808940698467e-05,-19.750100907019434,-19.71061894411725
41,41,2.051231696952396e-05,2.095977781305249e-05,-19.787756083741808,-19.701914117889142
42,42,2.105775340319222e-05,2.121170545203648e-05,-19.67242472834421,-19.650024984981258
43,43,2.0558282681731818e-05,2.1369160429841078e-05,-19.779222723570253,-19.61790626767902
44,44,2.0687640731996428e-05,2.0856814492282483e-05,-19.750030156453583,-19.72330107935669
45,45,2.0498136006242875e-05,2.087054733572969e-05,-19.790605192466412,-19.72044247623202
46,46,2.0651580992298196e-05,2.1919745306245442e-05,-19.758699691092296,-19.507425827169335
47,47,2.0390397695177618e-05,2.0697675178158342e-05,-19.811597873753342,-19.75656519324996
48,48,2.0686235618939593e-05,2.1028861163741614e-05,-19.749829527616832,-19.68762332599934
49,49,2.0414587553889376e-05,2.066177033779432e-05,-19.807901964498317,-19.764105564145343
50,50,2.013770590002826e-05,2.0638604837586172e-05,-19.869124608927432,-19.768977505343585
51,51,2.0183209363898003e-05,2.08745005741213e-05,-19.8581497746152,-19.719619926152323
52,52,2.026127328191279e-05,2.1022464448163336e-05,-19.840314408555923,-19.68894459626084
53,53,2.007438717893032e-05,2.094164818500806e-05,-19.88210048252713,-19.705672270611846
54,54,2.0192573661990966e-05,2.0244467506065695e-05,-19.854733183389293,-19.85271728400445
55,55,2.020323459948917e-05,2.0549586559737738e-05,-19.854154010516382,-19.787749976647124
56,56,2.0043670054892384e-05,2.104448360210211e-05,-19.88691962469784,-19.684398130035763
57,57,2.0121428870251547e-05,2.046196076614586e-05,-19.870652119445893,-19.806308387153408
58,58,2.0335080183396768e-05,2.065815782483888e-05,-19.822754480931458,-19.764864952903316
59,59,2.0276191676624802e-05,2.174470122745812e-05,-19.834867653634337,-19.542246414986227
60,60,2.0502213580406644e-05,2.079921154960941e-05,-19.789724009284352,-19.73531214160482
61,61,2.0305725191758836e-05,2.034662582828835e-05,-19.83168322375628,-19.830856877864854
62,62,2.014640726086974e-05,2.0560826669679955e-05,-19.864351562145313,-19.785375143867757
63,63,2.0107626763083036e-05,2.0890240959584173e-05,-19.871979577725984,-19.716346369260943
64,64,1.9958923385462356e-05,2.0664984875015523e-05,-19.90743327661098,-19.763429945760752
65,65,1.994640635680251e-05,2.063430905476899e-05,-19.907923199811943,-19.769881553351713
66,66,2.0666215859069106e-05,2.0600326551127518e-05,-19.754704005830906,-19.77703981578673
67,67,2.029151193672772e-05,2.1114106666094524e-05,-19.83513661729704,-19.670053750965568
68,68,1.9954596891037318e-05,2.068599271871407e-05,-19.906191956801365,-19.75901718847625
69,69,2.0209294759588e-05,2.0260859424812033e-05,-19.850536399858694,-19.849202230164686
70,70,2.039980932450001e-05,2.0723478021529062e-05,-19.810484056822382,-19.751154414902572
71,71,2.0076862570350225e-05,2.0766848329482234e-05,-19.88146627202148,-19.742074952801687
72,72,2.010516585794472e-05,2.0738448304320245e-05,-19.872987135812778,-19.74801827914266
73,73,1.9938940933627107e-05,2.0043631689316643e-05,-19.910301057952818,-19.896016725391522
74,74,2.0074842188815758e-05,2.0492694506844456e-05,-19.880223901762196,-19.799790204343555
75,75,1.9835384948012305e-05,2.0144965674262494e-05,-19.93435979626494,-19.874115546129488
76,76,2.0052652984042052e-05,2.0226366120225163e-05,-19.885492894465607,-19.85660222128158
77,77,1.996818883929608e-05,2.0262590097493222e-05,-19.903164466252818,-19.84883127379017
78,78,1.98128764074597e-05,2.033079454122344e-05,-19.93698803463294,-19.83423734835605
79,79,1.9864998414293987e-05,2.03886828737603e-05,-19.92620609284161,-19.82188915436134
80,80,1.9976650515466824e-05,2.0442612415201056e-05,-19.90307590616723,-19.81041691684699
81,81,1.9855773990860416e-05,2.0147638631322862e-05,-19.926350074997664,-19.87353933591752
82,82,1.997884521994454e-05,2.044753723327487e-05,-19.89886075676042,-19.809370786498942
83,83,1.9860589221484727e-05,2.0056515543393816e-05,-19.927837034119698,-19.893226018967717
84,84,1.9740178001868735e-05,2.0507499453072486e-05,-19.953907039241507,-19.79665377687326
85,85,1.9762402423777493e-05,2.047617961484081e-05,-19.947551914523768,-19.803291558485533
86,86,2.0058176204722407e-05,2.02732932704844e-05,-19.882692557712943,-19.84653783464898
87,87,1.9798430565567015e-05,2.043937102395208e-05,-19.94096529214694,-19.81110559103432
88,88,1.9658851482576603e-05,2.0037868747941073e-05,-19.97523597485791,-19.897265587649116
89,89,1.9480565627127736e-05,1.9989481858685492e-05,-20.009698144310466,-19.907765492797843
90,90,1.9668771238150267e-05,2.035815084941293e-05,-19.9695038693959,-19.828397582607394
91,91,1.985490386696537e-05,2.0115429785954275e-05,-19.93102458560228,-19.880487701924263
92,92,1.961963192387856e-05,2.0181160739172666e-05,-19.981565656022973,-19.866319448372572
93,93,1.9720754692374164e-05,1.9979162300985893e-05,-19.959277335944215,-19.910008114312
94,94,2.0164998073296467e-05,2.2596738218501406e-05,-19.860594891268292,-19.375323319565872
95,95,1.9924754410239236e-05,2.0280341136401004e-05,-19.913586359275822,-19.845028303208775
96,96,1.963473638057884e-05,1.9995217275879296e-05,-19.974868226353188,-19.906519586183723
97,97,1.9528834704989593e-05,1.986940543773878e-05,-19.99947470925528,-19.933932146368928
98,98,1.9738758252510567e-05,1.9925451469086846e-05,-19.954894203490433,-19.92169915942928
99,99,1.972633151698452e-05,1.9713612776908313e-05,-19.95793903431553,-19.968118646209106
100,100,1.9636708558894114e-05,2.007572823602363e-05,-19.97793517886485,-19.889067782974266
101,101,1.9302083780258754e-05,1.966645255666471e-05,-20.050958128601568,-19.978520575731007
102,102,1.9545669995740982e-05,2.0002345320934085e-05,-19.996539297820327,-19.904971656527096
103,103,1.917055469113114e-05,1.9810827277404697e-05,-20.082171560031835,-19.94675474771637
104,104,1.9059218747193863e-05,1.999268069515605e-05,-20.105508500760788,-19.90707056438882
105,105,1.9103262293918813e-05,1.978042420983241e-05,-20.09520553925484,-19.953424851125106
106,106,1.9366333045703887e-05,1.953019593776461e-05,-20.038542475556802,-20.0087148593488
107,107,1.9430328083939287e-05,1.9497416025459596e-05,-20.021938742458183,-20.01601027798339
108,108,1.9333103390983017e-05,1.962140418311863e-05,-20.045376486861095,-19.98848002388995
109,109,1.9335985298405914e-05,1.9668007170318896e-05,-20.04299403635688,-19.97817728379994
110,110,1.9161531425422637e-05,1.985587694339062e-05,-20.08432283714821,-19.93689013700805
111,111,1.9127847595301158e-05,1.93113809904102e-05,-20.089749711842316,-20.057647542849033
112,112,1.918779654476669e-05,1.9577369513219884e-05,-20.079498957967456,-19.99823748331568
113,113,1.9135552900048217e-05,1.9612330920369315e-05,-20.0892938192248,-19.990488738076728
114,114,1.8902405217792792e-05,1.9710311023932025e-05,-20.142318895265166,-19.96884608932654
115,115,1.9322629734383508e-05,1.9543668474254543e-05,-20.045785738969638,-20.005719993816694
116,116,1.9162043358424927e-05,1.945452157470802e-05,-20.082018018760213,-20.025575312199216
117,117,1.899381849276305e-05,1.9675824229412492e-05,-20.123113052560196,-19.976451521182042
118,118,1.902685018705466e-05,1.9816817975400848e-05,-20.1133477989221,-19.94544166081166
119,119,1.889112985567802e-05,1.9169048468220833e-05,-20.141246517723697,-20.0897753084455
120,120,1.9174804169169782e-05,1.9184793927706778e-05,-20.0806112468509,-20.086209477161454
121,121,1.8922031916556135e-05,1.9244020270554374e-05,-20.137545288946434,-20.07282280636033
122,122,1.8825249041124013e-05,1.9596238512588715e-05,-20.15921571401654,-19.99405369563226
123,123,1.9119783733988218e-05,1.9142657899800198e-05,-20.09159874986962,-20.09575848233082
124,124,1.882774523840725e-05,1.9849682614317555e-05,-20.159964255596996,-19.938245193069374
125,125,1.8866931952157456e-05,1.9299434107348422e-05,-20.149577219836132,-20.06033511395682
126,126,1.8901359645806413e-05,1.9319015528277593e-05,-20.14520946908618,-20.055930947623686
127,127,1.884133146716325e-05,1.915568430520484e-05,-20.155301478276307,-20.092804152780914
128,128,1.874070810502126e-05,1.9360317693147073e-05,-20.178995378416595,-20.046656067414006
129,129,1.892212216280876e-05,1.9838578497767327e-05,-20.139115179118395,-19.940675360849408
130,130,1.9019522022569345e-05,1.961216185009107e-05,-20.1134156902729,-19.99052617707655
131,131,1.882350221121763e-05,1.932174420385548e-05,-20.159374378176608,-20.05531758041426
132,132,1.8789816974661044e-05,1.9283996248544244e-05,-20.168343420137063,-20.063810480033403
133,133,1.8776697691736417e-05,1.915929921156739e-05,-20.170388089845318,-20.09198466455651
134,134,1.8529413667697693e-05,1.970003416461527e-05,-20.230397586769186,-19.971111069941337
135,135,1.8773241555612275e-05,1.9489001524083217e-05,-20.17178141428794,-20.017884967581544
136,136,1.862377200840334e-05,1.948846406058261e-05,-20.205718418230198,-20.018004738033035
137,137,1.8780235344839292e-05,1.9529593804403894e-05,-20.17123275957008,-20.00884875827538
138,138,1.8747635585521156e-05,1.9519849813246094e-05,-20.178801897166863,-20.011016144689798
139,139,1.859863150269861e-05,1.9363551808438435e-05,-20.21175401430885,-20.045930644853595
140,140,1.8500665890352355e-05,1.900687469682644e-05,-20.237151994016802,-20.126673746968784
141,141,1.8691970271714866e-05,1.9003832580653435e-05,-20.19227636142944,-20.127368905972492
142,142,1.861696887551927e-05,1.9550081129924174e-05,-20.206488667672666,-20.00429522334835
143,143,1.8300366803290223e-05,1.904057942163873e-05,-20.283734144426457,-20.11897926113882
144,144,1.8466742441193776e-05,1.9522222589186737e-05,-20.24444271273664,-20.010488261083385
145,145,1.8456484616125608e-05,1.903169930684319e-05,-20.243664116192292,-20.121005189217257
146,146,1.8839693307809377e-05,1.940346000513895e-05,-20.156906357808488,-20.036989065442967
147,147,1.867111389860979e-05,1.9323321459140924e-05,-20.197382887888914,-20.054963075508834
148,148,1.8637547505819647e-05,1.9074411140632275e-05,-20.205275278717338,-20.111269468999726
149,149,1.811642074038169e-05,1.9325943388761707e-05,-20.32655979221439,-20.054373832959218
150,150,1.842903545657089e-05,1.8987964530855318e-05,-20.2536928030634,-20.13099674534339
151,151,1.8693671992559287e-05,1.9509230600976335e-05,-20.18897191878116,-20.01337944167542
152,152,1.8541211267295966e-05,1.9186325516784564e-05,-20.227102139643396,-20.085862778553224
153,153,1.8502948534529123e-05,1.9485029904325002e-05,-20.234575129434358,-20.018770096724193
154,154,1.8323460617747768e-05,1.8906763024891627e-05,-20.278325859177293,-20.149609054871767
155,155,1.8447364953354953e-05,1.8865355071427887e-05,-20.248557081808936,-20.159131027059992
156,156,1.8393055255466006e-05,1.8828145872057096e-05,-20.2619343564354,-20.1677053196077
157,157,1.8474247703987614e-05,1.9400935104242405e-05,-20.24179495371984,-20.03755423365403
158,158,1.827317387745932e-05,1.8969676554996495e-05,-20.289201475773055,-20.13518160372132
159,159,1.8363352368040294e-05,1.9265269513294026e-05,-20.266301608109977,-20.068029973329715
160,160,1.8506365693648366e-05,1.9030585941723793e-05,-20.233659928871877,-20.121259261364884
161,161,1.836109209555794e-05,1.9513801864951874e-05,-20.268182162153906,-20.01236195297527
162,162,1.8359255422576998e-05,1.9566525655758788e-05,-20.27007724944251,-20.000643696370382
163,163,1.8405024036969125e-05,1.9154546670937346e-05,-20.26056309717747,-20.093062082985117
164,164,1.8384775562621725e-05,1.9890991959408366e-05,-20.26341822785783,-19.92921644492759
165,165,1.831242558726388e-05,1.923583855195351e-05,-20.28071667585167,-20.074669629817127
166,166,1.834872573360287e-05,1.9289945444861107e-05,-20.271099751105996,-20.062470869384743
167,167,1.8121340450381897e-05,1.9115893576925276e-05,-20.324937605449158,-20.101834823009675
168,168,1.824361876885829e-05,1.9066548463199167e-05,-20.296460694482622,-20.11306004663911
169,169,1.83530047092738e-05,1.9113308218565133e-05,-20.270646499952004,-20.102422230969314
170,170,1.825045109933516e-05,1.9090113805999098e-05,-20.29566244910988,-20.10769568873424
171,171,1.8465107929194946e-05,1.910750865806078e-05,-20.245665511239448,-20.103740212817776
172,172,1.8481189783283908e-05,1.869176766807581e-05,-20.24164296674393,-20.19927712065661
173,173,1.833582452312952e-05,1.882549230159432e-05,-20.274875351272712,-20.168317441605534
174,174,1.8653007856235342e-05,1.867021652096331e-05,-20.20188106642538,-20.20428731779193
175,175,1.8181277838950862e-05,1.9451104890322313e-05,-20.309656701472505,-20.02633810530333
176,176,1.8331093884888705e-05,1.8909105596034542e-05,-20.27597325390157,-20.14907099201126
177,177,1.848952960591708e-05,1.889915620267857e-05,-20.236789206795113,-20.151356718213393
178,178,1.8311809981241822e-05,1.9080430559513746e-05,-20.281141873416143,-20.109899157757596
179,179,1.8365490833866245e-05,1.8664964667741995e-05,-20.26618279592047,-20.20550914172111
180,180,1.817526746665478e-05,1.905765389222468e-05,-20.310452959512546,-20.11508650905644
181,181,1.808823162718909e-05,1.905131318237277e-05,-20.33142125400544,-20.1165316992764
182,182,1.853937403174098e-05,2.060362600643298e-05,-20.22784876920442,-19.776344282884388
183,183,1.832555729369861e-05,1.911476953721017e-05,-20.276207620697214,-20.102090201392414
184,184,1.859322385347902e-05,1.8977286440770657e-05,-20.21393243848181,-20.13343973497451
185,185,1.8268990858167544e-05,1.9171603478178823e-05,-20.289126135436554,-20.089196483271028
186,186,1.8136275900463626e-05,1.9103874987386487e-05,-20.321622948135158,-20.10456618820893
187,187,1.804388786282645e-05,1.8955141489354183e-05,-20.3451722323069,-20.138510557919204
188,188,1.8369133768013027e-05,1.9423878831347746e-05,-20.26726579017019,-20.03242126109034
189,189,1.8550815456336815e-05,1.9163728259292456e-05,-20.222670214664422,-20.09098082372107
190,190,1.825920365441449e-05,1.89063548532431e-05,-20.290583423606027,-20.149702814236015
191,191,1.838633170805646e-05,1.8919595037770802e-05,-20.262062756017677,-20.14666249967357
192,192,1.8052281880092367e-05,1.920687770363752e-05,-20.34323018966832,-20.081213152345896
193,193,1.8002678517245605e-05,1.8551061178808787e-05,-20.352129187367318,-20.2320932866147
194,194,1.821122236130399e-05,1.910901382392407e-05,-20.302868095790814,-20.10339811720747
195,195,1.8154096980333163e-05,1.8979644760532354e-05,-20.317887765601373,-20.132900067921366
