,epoch,train_loss,test_loss,train_dbs,test_dbs
0,0,7.428680482073255e-05,6.720563894640164e-05,-14.199293252597585,-14.631743876213662
1,1,5.643258660224017e-05,5.0007886257892673e-05,-15.396344935717252,-15.915416039523222
2,2,4.221729190267632e-05,4.029871342936531e-05,-16.65266751040395,-16.852889209101622
3,3,3.620491680549938e-05,3.655343310751241e-05,-17.319326277405807,-17.276519297975824
4,4,3.426056575579461e-05,3.5333578604255113e-05,-17.559424431389548,-17.423924768064122
5,5,3.327978798158265e-05,3.57823581381174e-05,-17.68666123777271,-17.36911143892094
6,6,3.236071371275946e-05,3.3643159009730685e-05,-17.807316787152534,-17.636833338303713
7,7,3.126031446037214e-05,3.2748878335329015e-05,-17.95455416103087,-17.753836722627938
8,8,3.0768702045045844e-05,3.224708167468443e-05,-18.024652298068897,-17.8208968447446
9,9,3.0261287018632728e-05,3.210692547758012e-05,-18.098009869879878,-17.839813820373386
10,10,2.970941425973223e-05,3.146670726556821e-05,-18.180139449993245,-17.92728802139421
11,11,3.0380663223901868e-05,3.211956391169224e-05,-18.082139083937502,-17.83810461835477
12,12,2.9963393486825e-05,3.0681504779893564e-05,-18.140410565343828,-18.037034462027094
13,13,2.9723451382206924e-05,3.077393481170906e-05,-18.179592408993976,-18.02397072566323
14,14,2.900916737904556e-05,3.0765295473668774e-05,-18.283211929019423,-18.025190115910863
15,15,2.9002406917402603e-05,3.0458068833563868e-05,-18.28455513480913,-18.068777382303395
16,16,2.8828300143227213e-05,3.081150508047645e-05,-18.31008828594371,-18.018671887995755
17,17,2.8803468950107196e-05,3.0287617559416074e-05,-18.310629548099993,-18.093149892180048
18,18,2.8082704140859315e-05,3.01335487739906e-05,-18.421210423671713,-18.11529821285147
19,19,2.8381501147826564e-05,2.9686761990888044e-05,-18.37756325486823,-18.180172714548203
20,20,3.326546507149445e-05,3.0625643519574385e-05,-17.68675572250764,-18.044948789962937
21,21,2.885845078333322e-05,3.0960058977239225e-05,-18.304144265472452,-17.9977832273344
22,22,2.8681539765081473e-05,3.055341480112953e-05,-18.33244409632052,-18.05520345856715
23,23,2.8444499698660777e-05,3.064998877801516e-05,-18.36676027743697,-18.04149782207857
24,24,2.833836652385311e-05,3.004860149016359e-05,-18.384122887350877,-18.127558380013134
25,25,2.7951304762553393e-05,2.962117660469008e-05,-18.443293588420193,-18.189777965920776
26,26,2.8109183460269987e-05,3.0113739309231996e-05,-18.41825889833504,-18.118154156020985
27,27,2.7802444614299583e-05,2.9599176598008182e-05,-18.46205522139658,-18.193004722070174
28,28,2.7839160165311432e-05,2.9545714010294577e-05,-18.460748175601374,-18.2008561232368
29,29,2.7583249724669905e-05,2.9816518259682007e-05,-18.503763931665947,-18.161231734953084
30,30,2.7667417711687523e-05,2.9020896315494993e-05,-18.488641010506797,-18.27869280482166
31,31,2.7523994278978825e-05,2.9175136277396968e-05,-18.51093155461748,-18.255672087359375
32,32,2.7699944627043413e-05,2.9386518068158214e-05,-18.480931633595436,-18.22431971351512
33,33,2.756820505083786e-05,2.9538374100842414e-05,-18.50432578320748,-18.20193515560949
34,34,2.7315642150777833e-05,2.836941645287688e-05,-18.5424347389358,-18.377296994221336
35,35,2.7307932111032586e-05,2.8887092699541856e-05,-18.543258957614604,-18.29876266960969
36,36,2.7259396607480515e-05,2.8240826826444582e-05,-18.551773753996518,-18.397026943433126
37,37,2.727675219483496e-05,2.8682037353926143e-05,-18.550098170462814,-18.32970104982155
38,38,2.7134430244596214e-05,2.8209615553159413e-05,-18.57230909534652,-18.40182934517552
39,39,2.6938867252743105e-05,2.8486813741772876e-05,-18.604006407815362,-18.359362260581523
40,40,2.6442980024793796e-05,2.81078769866757e-05,-18.68565019507357,-18.417520578607103
41,41,2.6820177669092635e-05,2.8231857772640834e-05,-18.623587758646195,-18.398406445978566
42,42,2.6714540525194325e-05,2.792003713119285e-05,-18.639493615577557,-18.446641105276438
43,43,2.6845599808739187e-05,2.8393662145581882e-05,-18.61672405663688,-18.373586916666678
44,44,2.6600115590329168e-05,2.807222211375024e-05,-18.656316696119134,-18.423033105958048
45,45,2.6676600859947528e-05,2.8204865022991343e-05,-18.646459824565824,-18.402560763429104
46,46,2.654809508122835e-05,2.8461881715645033e-05,-18.667070008820268,-18.363164926112244
47,47,2.6435557544770284e-05,2.8456041802296806e-05,-18.685154310006283,-18.364056118901463
48,48,2.632837395046324e-05,2.8029710033718546e-05,-18.704270909543105,-18.42961497028931
49,49,2.6276079261526657e-05,2.815937410847063e-05,-18.713747440902285,-18.409571044326082
50,50,2.6165955842799057e-05,2.8015989588120167e-05,-18.73091705304631,-18.431741347146723
51,51,2.6127625235474006e-05,2.7817948552853378e-05,-18.735150866288393,-18.462550024578956
52,52,2.6186880793679894e-05,2.769237289612647e-05,-18.725711063004667,-18.48219931011235
53,53,2.5867135817177242e-05,2.7204060308194083e-05,-18.77916931595045,-18.559463730977328
54,54,2.5759072000771094e-05,2.758525471634991e-05,-18.799495563802612,-18.499031035578458
55,55,2.6093276996032298e-05,2.725615798370104e-05,-18.742579360999905,-18.551154642029818
56,56,2.5653205036000256e-05,2.741972907403435e-05,-18.817323995558013,-18.52516942708997
57,57,2.572773106650632e-05,2.701357114251311e-05,-18.80355312368006,-18.589981011688085
58,58,2.5493884657914078e-05,2.751322713983858e-05,-18.845331720050936,-18.51038568484966
59,59,2.52985953677088e-05,2.7498428129260183e-05,-18.87838689591898,-18.512722327423102
60,60,2.5158130558769906e-05,2.705909910697588e-05,-18.90059835525387,-18.5826676874821
61,61,2.5283851108415358e-05,2.6686306993820164e-05,-18.87978434292698,-18.64291624300148
62,62,2.5146276758024805e-05,2.689080563294211e-05,-18.902917494563937,-18.609762884235717
63,63,2.5261804225498128e-05,2.760352225251202e-05,-18.882001555888117,-18.49615599797892
64,64,2.5429985726077575e-05,2.635762977756952e-05,-18.853491107344453,-18.69673748513199
65,65,2.5211148267865694e-05,2.60069996568889e-05,-18.89181442305276,-18.754898501111455
66,66,2.4938032512772664e-05,2.6470553022686783e-05,-18.93840841900679,-18.678170873779113
67,67,2.518080560248657e-05,2.6600355819314964e-05,-18.896252497882276,-18.656926560481693
68,68,2.524921166189687e-05,2.6928258050343413e-05,-18.883333897081258,-18.603718416077502
69,69,2.496865993437955e-05,2.6518925407895278e-05,-18.932556904001597,-18.670241803167272
70,70,2.512918254257043e-05,2.6138262527590422e-05,-18.907019138093887,-18.733033864346467
71,71,2.4667684546958045e-05,2.5949671238011336e-05,-18.985366178143725,-18.764482420038465
72,72,2.483633103373595e-05,2.5871381168192448e-05,-18.958454525125344,-18.777604874948157
73,73,2.4584289517922125e-05,2.680638154790933e-05,-18.999702672603178,-18.6234190723547
74,74,2.4683815607523245e-05,2.618811030467776e-05,-18.983847036284164,-18.724759405445088
75,75,2.4489525711351705e-05,2.6766635863551575e-05,-19.018372095253543,-18.629863112805293
76,76,2.4508588232736693e-05,2.549033764042083e-05,-19.013098669971317,-18.84204513958756
77,77,2.4634319621308697e-05,2.66543520410778e-05,-18.99450963386834,-18.648119726256766
78,78,2.4506593382687515e-05,2.6639219963965987e-05,-19.016404152151864,-18.650585981573776
79,79,2.4456003255594268e-05,2.621825344823791e-05,-19.021753273003448,-18.719763446396772
80,80,2.424884143092828e-05,2.584383324382974e-05,-19.060069576767773,-18.782231719410174
81,81,2.4355927381134044e-05,2.630752638460284e-05,-19.039686036259596,-18.70500087415064
82,82,2.5745933037131218e-05,2.6610020875906277e-05,-18.802772892574893,-18.655348867914284
83,83,2.478790283180622e-05,2.6792957118902306e-05,-18.965390740310323,-18.62559453037615
84,84,2.4535296716683512e-05,2.6378987776728247e-05,-19.010301633793127,-18.6932197541449
85,85,2.4524721234182336e-05,2.584954333877632e-05,-19.010486210370495,-18.781272268548005
86,86,2.4518565839674376e-05,2.626091937647863e-05,-19.010534943438632,-18.7127017568596
87,87,2.4444437924065607e-05,2.5889275332845403e-05,-19.024828138114913,-18.77460207791969
88,88,2.4481363043284462e-05,2.5490759358753596e-05,-19.01917108537144,-18.841973289448738
89,89,2.4408318317113036e-05,2.633299348082418e-05,-19.03154330167749,-18.700798704320178
90,90,2.444274795164244e-05,2.578271156189179e-05,-19.024495217664086,-18.79251511981689
91,91,2.462817243100552e-05,2.6539384634816088e-05,-18.99267478793384,-18.666892533358666
92,92,2.4007934952510603e-05,2.6152410531434917e-05,-19.101786422485382,-18.73068377023213
93,93,2.4193799721071683e-05,2.5590023812439637e-05,-19.071835339608732,-18.825094120385565
94,94,2.5976568845040093e-05,2.6752222095781593e-05,-18.762058080564703,-18.632202407848563
95,95,2.4546373433903936e-05,2.661432249863681e-05,-19.006184064759704,-18.654646869204402
96,96,2.457654123251823e-05,2.649556106342444e-05,-19.00106204385102,-18.6740698159273
97,97,2.4700896021161114e-05,2.6052145729313213e-05,-18.980343809590064,-18.74736603206952
98,98,2.437220036975389e-05,2.6179194671720707e-05,-19.037755267049413,-18.72623819463811
99,99,2.414420730966628e-05,2.648709558247662e-05,-19.077588626791048,-18.675457632970208
100,100,2.3995906191238337e-05,2.65610470753592e-05,-19.108074687256185,-18.663349104949013
101,101,2.3945299430705906e-05,2.6116610235093456e-05,-19.112279990399664,-18.736632943702325
102,102,2.44044148689916e-05,2.5908268071361817e-05,-19.03523118973299,-18.77141720027435
103,103,2.438386169516664e-05,2.6028000846915683e-05,-19.03705844793993,-18.75139289859432
104,104,2.4331040099382007e-05,2.6183185917417224e-05,-19.044055056143026,-18.725576125432784
105,105,2.395617569341881e-05,2.6309442642071334e-05,-19.11483542563878,-18.70468454272364
106,106,2.409898621108462e-05,2.5011474415231006e-05,-19.086690309743563,-18.92440808101991
107,107,2.4239626477491085e-05,2.5146031284269777e-05,-19.060943515371424,-18.90110650527419
108,108,2.406236882924316e-05,2.604097148593466e-05,-19.094108946102317,-18.74922920040062
109,109,2.418907916228246e-05,2.600331467156617e-05,-19.071132637793113,-18.755513905503793
110,110,2.43685070524135e-05,2.5540167514822986e-05,-19.03862713140352,-18.833563606316776
111,111,2.4075420481391665e-05,2.566951020286835e-05,-19.093232708739247,-18.81162520027863
112,112,2.404114255432901e-05,2.6546530869764912e-05,-19.09618483362092,-18.66572327013926
113,113,2.405114450197026e-05,2.545320708840767e-05,-19.096212997754098,-18.84837591095051
114,114,2.3672688388914956e-05,2.5375772135081015e-05,-19.162118756721632,-18.861608361991884
115,115,2.4092247746086716e-05,2.5910865971175218e-05,-19.089422304787675,-18.770981741992273
116,116,2.384134180472981e-05,2.587553516557244e-05,-19.136585323476446,-18.77690761286119
117,117,2.3989712935497327e-05,2.5880462807866645e-05,-19.10732280151475,-18.77608063707194
118,118,2.3919070831793433e-05,2.5555081600415225e-05,-19.12001281443115,-18.83102830005193
119,119,2.3674470707867175e-05,2.5989699918825766e-05,-19.164871822905248,-18.75778836955223
120,120,2.3919824202822222e-05,2.5678374616913252e-05,-19.12153136808122,-18.8101257164511
121,121,2.3399837146760398e-05,2.5547028168435454e-05,-19.21430564210317,-18.832397151989344
122,122,2.3706415284079375e-05,2.5210786732618306e-05,-19.158240048227547,-18.889937034882678
123,123,2.3634597691290257e-05,2.5488294245166654e-05,-19.17110399634117,-18.842393299297186
124,124,2.343336073704215e-05,2.5518675772074955e-05,-19.207368232110838,-18.83721968045882
125,125,2.6511921682821096e-05,2.5659385229166793e-05,-18.674394434720554,-18.813338551102966
126,126,2.402610497830613e-05,2.5707390082779486e-05,-19.100534742549712,-18.80522114487239
127,127,2.4262052760342467e-05,2.5843176780127625e-05,-19.056756580639764,-18.7823420367078
128,128,2.4081323852104895e-05,2.633141785305557e-05,-19.0905747078514,-18.701058571060663
129,129,2.3969575569523287e-05,2.530248677526527e-05,-19.111131153369335,-18.874168955130735
130,130,2.3837737336583177e-05,2.617803731577863e-05,-19.133120383874665,-18.72643019611727
131,131,2.3745586377023672e-05,2.591173104424103e-05,-19.1509440378613,-18.770836748695682
132,132,2.3527383877380906e-05,2.586345736314175e-05,-19.193560671912135,-18.778935222131523
133,133,2.363002666468149e-05,2.513071443612908e-05,-19.17208988425402,-18.903752668122692
134,134,2.379565431351459e-05,2.5743040647572152e-05,-19.1439448274962,-18.7992025962133
135,135,2.401889311662784e-05,2.48082738643892e-05,-19.099255366307123,-18.95983554517602
136,136,2.3334659399739564e-05,2.5220866710266198e-05,-19.226718900987777,-18.888200951121934
137,137,2.3669770495505817e-05,2.5444204622640666e-05,-19.166063524059865,-18.849912225319148
138,138,2.3466158419284613e-05,2.5691738061907115e-05,-19.20497969794138,-18.807866165031676
139,139,2.388346327035796e-05,2.531846616636214e-05,-19.12626383725861,-18.871427101726255
140,140,2.3502531756506513e-05,2.550787528315069e-05,-19.19523428285725,-18.839058171485437
141,141,2.3715187951180717e-05,2.578731992367753e-05,-19.15438823266602,-18.791738937975676
142,142,2.3775572886152825e-05,2.5168040673107545e-05,-19.14547669498439,-18.89730694926127
143,143,2.3306120102958076e-05,2.5835631324872865e-05,-19.231778786133614,-18.783610235307588
144,144,2.361924430495248e-05,2.525705416414176e-05,-19.17295357419597,-18.881974064612976
145,145,2.3642620934757342e-05,2.5328034672910643e-05,-19.169324609266646,-18.869786100048096
146,146,2.3705726177758687e-05,2.526788595883102e-05,-19.159444782265492,-18.88011193920589
147,147,2.3687219554537395e-05,2.5862419964764022e-05,-19.16173532087843,-18.77910942367795
148,148,2.3647142239197003e-05,2.538937099559821e-05,-19.168911379782813,-18.859281603960746
149,149,2.3419000978354178e-05,2.5207553622557927e-05,-19.212617133635796,-18.890494023411314
150,150,2.3245738571558924e-05,2.505858786829968e-05,-19.24143677406682,-18.91623508590201
151,151,2.3510711873745302e-05,2.5773764910378593e-05,-19.191664020912494,-18.79402239172085
152,152,2.3301814864455608e-05,2.5085207246440022e-05,-19.23360563582755,-18.91162408663577
153,153,2.3365396420146127e-05,2.5474227521427612e-05,-19.221184125188568,-18.84479078687892
154,154,2.3398347141280574e-05,2.483241348129109e-05,-19.213751938611487,-18.955611710332995
155,155,2.3690049170703057e-05,2.5521951197573034e-05,-19.161638820735266,-18.836662281654725
156,156,2.3561961600150716e-05,2.5443170383560325e-05,-19.18562747702069,-18.850088758035
157,157,2.342566313018324e-05,2.4948389373572643e-05,-19.21039579747341,-18.935375885159644
158,158,2.328832165731751e-05,2.486591352192734e-05,-19.23615571803462,-18.949756831155902
159,159,2.3312195077506686e-05,2.4511365298071485e-05,-19.230523429579748,-19.01212599657941
160,160,2.350276963156408e-05,2.5527433727371606e-05,-19.194366567147018,-18.83572944673378
161,161,2.338477227652023e-05,2.5641520551289432e-05,-19.21750045576107,-18.816363266249297
162,162,2.3487822123645376e-05,2.4762226722056146e-05,-19.1990595179262,-18.96790406388701
163,163,2.3564401568158425e-05,2.5458542375800836e-05,-19.185246251217436,-18.847465674744885
164,164,2.357917660025198e-05,2.4865071042624647e-05,-19.18278186574254,-18.949903976488137
165,165,2.2807339116026042e-05,2.484001685699791e-05,-19.324159416810915,-18.95428215825889
166,166,2.3434309424402207e-05,2.4938806745922193e-05,-19.208929326474774,-18.93704432222792
167,167,2.3153688790940933e-05,2.565098408300209e-05,-19.26214992268993,-18.81476070865221
168,168,2.358398137637534e-05,2.476846700454572e-05,-19.18130125353645,-18.9668097443606
169,169,2.3365683370412653e-05,2.5224886485375464e-05,-19.22486414293275,-18.887508815097966
170,170,2.3124317212744984e-05,2.4253773804766272e-05,-19.26573851186958,-19.05800779111341
171,171,2.3096783873361065e-05,2.4899394223834143e-05,-19.27216228347409,-18.943913207579236
172,172,2.307688158832685e-05,2.4605863808047663e-05,-19.274474547718356,-18.99541486168235
173,173,2.2915147064381506e-05,2.584061516436601e-05,-19.308994194447077,-18.78277253746987
174,174,2.314167696314734e-05,2.4720548600797836e-05,-19.262647202118337,-18.975219976238662
175,175,2.29446725253305e-05,2.4784608285699505e-05,-19.302042994583395,-18.963980426687456
176,176,2.2990771848873412e-05,2.524816294393723e-05,-19.289008576221917,-18.883503177102025
177,177,2.2940078601958205e-05,2.4167558206643564e-05,-19.301568258190155,-19.073473288046955
178,178,2.3148384655345132e-05,2.5252254808468645e-05,-19.264791748444456,-18.882799391165324
179,179,2.3015756052756712e-05,2.4414653939617748e-05,-19.28695544938279,-19.029295292047117
180,180,2.3186342257327644e-05,2.463634873014311e-05,-19.255306285314823,-18.99003759106177
181,181,2.418921631783398e-05,2.6115395054435603e-05,-19.06801611396811,-18.73683502143279
182,182,2.394643961826997e-05,2.5404828480340686e-05,-19.11571669028937,-18.856638349178013
183,183,2.351914947174703e-05,2.5659983102262852e-05,-19.19119112171239,-18.813237360073163
184,184,2.369854669221653e-05,2.5608404030208476e-05,-19.159290754205873,-18.82197588889586
185,185,2.3401150194575203e-05,2.4734304181612587e-05,-19.21470222612891,-18.972804046289966
186,186,2.375752189164842e-05,2.5464492768821257e-05,-19.148060228430374,-18.84645072233353
187,187,2.3727671094130745e-05,2.4507565141998622e-05,-19.15626200892235,-19.01279936370566
188,188,2.306800778916516e-05,2.5028594839233464e-05,-19.27541577374586,-18.921436340143845
189,189,2.3053639798143702e-05,2.5189739876383866e-05,-19.27930703054246,-18.893564193037694
190,190,2.326215632923233e-05,2.494282068111811e-05,-19.238083879505417,-18.93634537554154
191,191,2.277548100744415e-05,2.4962588692065574e-05,-19.334558327429384,-18.932904811230163
192,192,2.2922072125813018e-05,2.4663104628225003e-05,-19.30476655858348,-18.985323567175243
193,193,2.2900602078190094e-05,2.4696090660750326e-05,-19.309443932177388,-18.979518912559463
194,194,2.303411594729153e-05,2.5680174363323633e-05,-19.284293897497218,-18.809821338718205
195,195,2.3069827959974197e-05,2.4818248532124255e-05,-19.275764533437144,-18.958089727413544
196,196,2.304421415135142e-05,2.4607305596490686e-05,-19.282169032177045,-18.99516039289985
197,197,2.3051149779798695e-05,2.509908986930417e-05,-19.28091178310316,-18.909221284562392
198,198,2.308294758044325e-05,2.4881445968180504e-05,-19.277138517408325,-18.94704486574244
199,199,2.2864401244922043e-05,2.4649427934108597e-05,-19.317443178681824,-18.987732574634034
200,200,2.324261015356691e-05,2.466548271752943e-05,-19.244468688238005,-18.98490482781182
201,201,2.2821681875601705e-05,2.4477636351979238e-05,-19.322775506082372,-19.018106235812493
202,202,2.2714131548652694e-05,2.480328399351014e-05,-19.344691135853957,-18.960709161522317
203,203,2.2765862594656263e-05,2.540001007314698e-05,-19.334195183625056,-18.857462131999355
204,204,2.3176077184430562e-05,2.4487685502543555e-05,-19.25609119871359,-19.016323631089854
205,205,2.279643839071853e-05,2.484934434745044e-05,-19.32934184228297,-18.952651677374078
206,206,2.2847492913307488e-05,2.37138441374746e-05,-19.316763105627803,-19.15578140973221
207,207,2.29606388360874e-05,2.4621044806400804e-05,-19.29696441472555,-18.99273623561822
208,208,2.2641130618870465e-05,2.4541974485864077e-05,-19.35936654021601,-19.006706017781724
209,209,2.2658787286476133e-05,2.4222771810998795e-05,-19.355553447954684,-19.063562640983896
210,210,2.2686155857299288e-05,2.4811709456691078e-05,-19.349673078386992,-18.95923415086619
211,211,2.268936552973548e-05,2.4499780633241724e-05,-19.34963550954188,-19.014179062676256
212,212,2.3050287728841158e-05,2.4258669375405206e-05,-19.27780962409284,-19.05713126575946
213,213,2.2763950367981433e-05,2.427557286098722e-05,-19.33662457660605,-19.0541061476277
214,214,2.3036852063651356e-05,2.419774893113706e-05,-19.28502170286822,-19.068051357522315
215,215,2.3270500727467715e-05,2.4464134759526995e-05,-19.24173939986534,-19.020502416871945
216,216,2.294278290475594e-05,2.4988409342385192e-05,-19.302589610371864,-18.928414904164033
217,217,2.3514013873958076e-05,2.544224078423883e-05,-19.19533896017866,-18.850247436071193
218,218,2.3504424677515455e-05,2.5389259271354315e-05,-19.192867744934276,-18.85930071484356
219,219,2.3250634784716632e-05,2.4726447966378673e-05,-19.244453546157764,-18.974183690070234
220,220,2.3159371548243462e-05,2.524786166185023e-05,-19.258428513241487,-18.88355500104219
221,221,2.320733944271552e-05,2.461027150658131e-05,-19.249913305355093,-18.99463697079598
222,222,2.2945878149631924e-05,2.5394992055800303e-05,-19.300510496185172,-18.858320207463283
223,223,2.2812530174239337e-05,2.4476080158676366e-05,-19.32591237905204,-19.01838235219859
224,224,2.307379838253537e-05,2.4323844914569665e-05,-19.274678456958284,-19.045478763039647
225,225,2.2722287015772193e-05,2.4464564136762517e-05,-19.34361739282613,-19.020426193237043
226,226,2.2735124177190827e-05,2.4543047976821025e-05,-19.34036555517617,-19.0065160571071
227,227,2.2602867829846218e-05,2.512428507447782e-05,-19.364712341854247,-18.904863895395494
228,228,2.274579069354828e-05,2.4857482984723328e-05,-19.341281462491462,-18.951229512460678
229,229,2.2631383892319755e-05,2.4270268975095333e-05,-19.358931317371354,-19.055055126282735
230,230,2.287632015423631e-05,2.4837445571871574e-05,-19.311638613884362,-18.954731736352525
231,231,2.2751254056350535e-05,2.413454249587008e-05,-19.338900240799962,-19.079410314813707
