,epoch,train_loss,test_loss,train_dbs,test_dbs
0,0,0.0001130975652654108,9.634686935705279e-05,-22.471369537094485,-23.15273674540346
1,1,0.00010305618950989116,9.0330968592561e-05,-22.878303900559214,-23.432746149614815
2,2,9.559550905869026e-05,7.988108374870775e-05,-23.201355920448307,-23.96667333708614
3,3,8.899867357614152e-05,7.473146883727934e-05,-23.524611636783355,-24.25607763690108
4,4,8.206288633296823e-05,6.892367826750208e-05,-23.86601047256333,-24.607428355328498
5,5,7.769751247212401e-05,6.454081516207417e-05,-24.106095989233683,-24.89276835711855
6,6,6.577205727133089e-05,5.8695678442171284e-05,-24.82486289617292,-25.305051551929925
7,7,6.431423312700569e-05,5.3017538256857445e-05,-24.926969949148386,-25.746917235964894
8,8,5.420461449605298e-05,4.874102485605123e-05,-25.67445470808899,-26.112166253681956
9,9,2.6641675989528627e+18,4.4353324866326725e-05,201.25226478856177,-26.521851005476186
10,10,193821778681433.72,4.3467246781035916e-05,159.85912728404483,-26.609491492175952
11,11,1.4103816511242476e+18,4.355685862384761e-05,198.48596798088107,-26.60054731689926
12,12,4.789723445974607e-05,4.542701715667805e-05,-26.202805439898007,-26.417970610638754
13,13,4.512913950261079e+16,4.416851046890339e-05,183.5239712300839,-26.539985285971536
14,14,4.6936833670545255e-05,4.3182455747706915e-05,-26.298143498873763,-26.638039453916203
15,15,1.9315526110870984e+18,4.2653311921687996e-05,199.84432512516034,-26.69158523351738
16,16,4.891450323354088e-05,4.3377597122391885e-05,-26.1097575467734,-26.618457911858133
17,17,23374601247501.195,4.38320317985735e-05,150.67898931063698,-26.573196795396974
18,18,4.58712126329402e-05,4.477731971220285e-05,-26.400426952650314,-26.480531880775118
19,19,5.03817053558845e-05,4.4810385493053074e-05,-25.989396541753035,-26.477326019706958
20,20,4.839648286132118e-05,4.525210696508446e-05,-26.15679401983213,-26.434724770095617
21,21,4.940911433728503e-05,4.47988628653356e-05,-26.06656289629168,-26.478442916400994
22,22,5.062388982437791e-05,4.617899388617125e-05,-25.97521282093288,-26.346668154349363
23,23,4.6861874992471935e-05,4.3583714662082984e-05,-26.299828744158766,-26.597870394051295
24,24,4.670460460606732e-05,4.495633813923249e-05,-26.309610117974223,-26.463203529290485
25,25,4.0927106974913095e+20,4.453175011133824e-05,223.11191086366446,-26.504415186596102
26,26,4.91162333964519e-05,4.432525747688487e-05,-26.08919588556169,-26.524600150183055
27,27,4.913636707756596e-05,4.260608272345149e-05,-26.096032232432997,-26.69639675777514
28,28,4.969187421479968e-05,4.314317055487711e-05,-26.04775794204712,-26.641992241605106
29,29,4.564659202608793e-05,4.2266009538587624e-05,-26.414066392396208,-26.7312003531873
30,30,5.106041000132238e-05,4.147927010260326e-05,-25.92908032664028,-26.812801763879026
31,31,4.912443495713793e-05,4.2500899038905594e-05,-26.0982410661678,-26.707131650752636
32,32,1.975468511061728e+17,4.2129552017094717e-05,189.94627046329228,-26.745244409331917
33,33,4.76448290522892e-05,4.170473355196392e-05,-26.229018704463574,-26.789259311626964
34,34,35678647551978.88,4.14508561478119e-05,152.51246059002048,-26.815777769057302
35,35,4.9258041754094934e-05,4.510942275565436e-05,-26.080998350396392,-26.448440123632405
36,36,4.822553335580994e-05,4.338789001753627e-05,-26.18501185382391,-26.617427514235217
37,37,4.9017714286257856e-05,4.317654522884894e-05,-26.111107971823348,-26.638633927150074
38,38,4.967598444224124e-05,4.2807335806796085e-05,-26.054926323777266,-26.675930824713348
39,39,4.9231611856813875e-05,4.226565608022563e-05,-26.091651749725088,-26.73123667212532
40,40,4.763315237798133e-05,4.2570137961056866e-05,-26.227442698085763,-26.70006224393138
41,41,4.4893203088689656e-05,4.14622742315068e-05,-26.49690284714996,-26.814581622982182
42,42,4.5644534467785505e-05,4.210904166699804e-05,-26.42054434711938,-26.747359243318417
43,43,5.0319288515986286e-05,4.118831556728477e-05,-25.990227230769914,-26.843372505702455
44,44,4.581086539042893e-05,4.267090035251673e-05,-26.4059777103142,-26.68979475497469
45,45,4.356016270509086e-05,4.1395465957880095e-05,-26.628362839524478,-26.82158506546152
46,46,4.360511718108139e-05,4.11504997349479e-05,-26.60942902901205,-26.847361683444912
47,47,4.866603948235915e-05,4.18634317611577e-05,-26.140740717889024,-26.772764552137232
48,48,4.560847101509859e-05,4.150571179419976e-05,-26.415478229561526,-26.810034159216425
49,49,4.699106286408874e-05,4.0419891248395865e-05,-26.291515390807355,-26.925161413403185
50,50,4.695219605806771e-05,4.233489648628931e-05,-26.289594674437286,-26.724127798227887
51,51,4.6401094644436655e-05,3.9682468013779726e-05,-26.342487571782716,-27.00512607172596
52,52,4.428575991284757e-05,4.115922494843529e-05,-26.548792360936872,-26.846440938757752
53,53,4.2727683864644315e-05,3.993204259849766e-05,-26.702539994647054,-26.97789756295871
54,54,4.772885355479732e-05,3.740257833621734e-05,-26.220811523226434,-27.262097408312343
55,55,4.1335495843293416e-05,3.880593885696726e-05,-26.850672406979985,-27.10213086967331
56,56,4.134802390778072e-05,3.7397565105684884e-05,-26.854792941773468,-27.26267955114251
57,57,4.818209843918892e-05,3.779661739444189e-05,-26.184903335286265,-27.21658347608727
58,58,4.474543667813648e-05,3.880801657367939e-05,-26.501959844876563,-27.10189834940083
59,59,4.5935512558177847e-05,3.7477399401771104e-05,-26.382191223008125,-27.253418349451444
60,60,3.9922660623242615e-05,3.6313715004086445e-05,-27.000209900386842,-27.390406011924064
61,61,4.4284832134489426e-05,3.6964287382464756e-05,-26.541514962580045,-27.313289439813985
62,62,4.061712480534814e-05,3.6134897240308896e-05,-26.926156091783746,-27.41184458013697
63,63,4.32396473865758e-05,3.505629592837067e-05,-26.647468963348327,-27.54345255694592
64,64,4.3596783874930874e-05,3.6155680199475394e-05,-26.61409383500883,-27.40934745670763
65,65,4.17981684935062e-05,3.52668986172495e-05,-26.794023880724303,-27.517440126855472
66,66,4.075659619291438e-05,3.695429591301179e-05,-26.904655315768796,-27.31446349913236
67,67,4.235532636362363e-05,3.5155612510463564e-05,-26.740102257942972,-27.53116613052871
68,68,3.797280236746523e-05,3.894071472275659e-05,-27.218038292133055,-27.08707363679105
69,69,4.1532722544738154e-05,3.525234229815205e-05,-26.82937802662828,-27.51923303587394
70,70,4.044305978354292e-05,3.503043683993287e-05,-26.943185416881022,-27.546657288991945
71,71,4.1223336778522335e-05,3.514583831450804e-05,-26.867892810357084,-27.532373752660565
72,72,4.1938125138688885e-05,3.23545510630203e-05,-26.784184644963673,-27.891759039035286
73,73,4.3010147912598805e-05,3.279553287651843e-05,-26.67416425147134,-27.83296590124806
74,74,3.712123313946613e-05,3.41132085132382e-05,-27.31591017629696,-27.661887131940496
75,75,4.075607268026305e-05,3.35739959585848e-05,-26.907255486066713,-27.731082482162755
76,76,3.811836543802914e-05,3.370590959667951e-05,-27.203573618869406,-27.71405230411755
77,77,3.593179845318952e-05,3.423312242184214e-05,-27.45901483452334,-27.646647688495722
78,78,3.797066441733215e-05,3.461337483282765e-05,-27.214321203524182,-27.598673365999403
79,79,3.847962291251157e-05,3.399967155066981e-05,-27.155748971635596,-27.676365604134826
80,80,3.9646256266575255e-05,3.295966536442345e-05,-27.025528459626575,-27.81128488324547
81,81,3.366268529791023e-05,3.340352386179515e-05,-27.73487884774986,-27.75318997465355
82,82,3.522955925403686e-05,3.5013699313199855e-05,-27.5330619971329,-27.548732841932825
83,83,3.684264164494192e-05,3.268422312287026e-05,-27.343759917929482,-27.84773115429994
84,84,4.202668215961258e-05,3.2779516435479503e-05,-26.773206627799688,-27.83508739476556
85,85,3.9311286789447927e-05,3.266213341128988e-05,-27.057969181091117,-27.850667336428657
86,86,3.396600287797088e-05,3.264090446464252e-05,-27.700034435355157,-27.85349097680136
87,87,3.871768708871894e-05,3.1983453721439125e-05,-27.126402380987482,-27.94185922959867
88,88,4.0274142417363636e-05,3.3131188502011355e-05,-26.962602646265186,-27.788742665961493
89,89,3.804389829964908e-05,3.352965940824728e-05,-27.204532823091757,-27.736821401109832
90,90,3.715130427848373e-05,3.2268103112935355e-05,-27.301149424179144,-27.90337845967588
91,91,3.908358386754642e-05,3.297413662183221e-05,-27.09721595218027,-27.809378490120725
92,92,3.918735969772073e-05,3.189637209288776e-05,-27.075474886250596,-27.953699930070172
93,93,3.710880866361249e-05,3.244557874974194e-05,-27.317773783054573,-27.879557567167442
94,94,3.4872289773178184e-05,3.118225604818068e-05,-27.585760634531216,-28.052037486697692
95,95,3.6265470643951463e-05,3.17084382483077e-05,-27.408690877260774,-27.979364300027814
96,96,3.856413493230855e-05,3.3313898089354076e-05,-27.157239712401214,-27.764858291768807
97,97,3.548134227645447e-05,3.108832120951296e-05,-27.50332251632671,-28.0651401155258
98,98,3.5212012560280237e-05,3.180400926794391e-05,-27.53550106629739,-27.96629410688979
99,99,3.956351668317982e-05,3.099430365469552e-05,-27.038975510264095,-28.07829398476462
100,100,3.590773753644826e-05,3.340283922769135e-05,-27.45113775822503,-27.753278987974937
101,101,3.667096510624331e-05,3.4187904642940815e-05,-27.37095435108926,-27.65238798078954
102,102,3.665233817656306e-05,3.216950675490998e-05,-27.362398488998025,-27.916668799814502
103,103,3.910885836901179e-05,3.297541608940504e-05,-27.090133686417474,-27.809209977770337
104,104,3.7663657879879935e-05,3.187605254520589e-05,-27.249655202527183,-27.9564674797695
105,105,3.368757948994675e-05,3.201687588060802e-05,-27.736731957311473,-27.937323296515174
106,106,4.018093666897969e-05,3.189111906689696e-05,-26.962461675988077,-27.95441523025357
107,107,3.8782988367623234e-05,3.157300883877293e-05,-27.12067398893958,-27.997953108517628
108,108,4.38282277738939e+19,3.43438264041508e-05,213.40347545157243,-27.63262601759086
109,109,3.643399625232014e-05,3.3481741148103826e-05,-27.403716480709278,-27.74303247544554
110,110,4.080788234130092e-05,3.3208777495019604e-05,-26.9077479375566,-27.778583936942628
111,111,3.837709052099057e-05,3.358621277010044e-05,-27.170811050755766,-27.72950247102621
112,112,3.7207181935862295e-05,3.0648600266814406e-05,-27.305262974137918,-28.127006371177817
113,113,3.8051960970180294e-05,3.264955091110192e-05,-27.206235149801593,-27.8523407002454
114,114,3.647220093213393e-05,3.185074078110598e-05,-27.392704541950845,-27.959917444683825
115,115,3.404870069493178e-05,3.139952849252088e-05,-27.689572486654267,-28.021881554435385
116,116,3.625147985882539e-05,3.090496080690891e-05,-27.421434988994065,-28.09083084867515
117,117,4.282129499450693e-05,3.125441124115911e-05,-26.690633777247946,-28.041999597917894
118,118,3.531618973077635e-05,3.1861852101811615e-05,-27.54183575890291,-27.958402646713854
119,119,3.733253492775719e-05,3.281803841865009e-05,-27.29458781993836,-27.829986629444868
120,120,3.673034489017398e-05,3.160970955880322e-05,-27.360787025450538,-27.99290776625066
121,121,3.990849031605152e-05,3.477471802015268e-05,-26.99857549789958,-27.578476649430215
122,122,3.7473378658442294e-05,3.0421049862190175e-05,-27.276484973761054,-28.159370841000175
123,123,3.434246119683952e-05,3.199173960111741e-05,-27.650924071983752,-27.940734258604376
124,124,3.870892972363154e-05,3.0374993959987095e-05,-27.13592097091321,-28.16595081783899
125,125,2063355076692.4536,3.606619669115293e-05,140.13855918999934,-27.420109351979605
126,126,3.8131836043755084e-05,3.284111129400308e-05,-27.193683764532924,-27.82693437460948
127,127,3.5823698121039905e-05,3.377075872298232e-05,-27.471081720101267,-27.705704640523045
128,128,3.751737274553269e-05,3.4244668840026284e-05,-27.262945659550066,-27.645183112708963
129,129,3.778564011563785e-05,3.6213748276886214e-05,-27.235905267940993,-27.402378035630992
130,130,3.979860411135698e-05,3.568481504675889e-05,-27.003096819414406,-27.46627831867059
131,131,3.744313817526173e-05,3.23632875255211e-05,-27.274825435973593,-27.89058650374633
132,132,3.626481151345099e-05,3.2432111383011366e-05,-27.416171298705954,-27.881360591636685
133,133,3.786769612469067e-05,3.390550313940223e-05,-27.234739683422163,-27.688410885745895
134,134,3.8410531037838736e-05,3.3482742717177117e-05,-27.166650464304823,-27.74290256302131
135,135,3.583752350470942e-05,3.3899491786302716e-05,-27.469010440918304,-27.689180946267125
136,136,3.9339550865631665e-05,3.218924221552075e-05,-27.068550278175174,-27.914005291885324
137,137,3.569916281645119e-05,3.313123833274738e-05,-27.486868084302323,-27.78873613399014
138,138,3.9902809373050276e-05,3.494873056440969e-05,-26.994647741213022,-27.556798764530303
139,139,3.903272032009236e-05,3.464779963810303e-05,-27.099650959848958,-27.594356227482187
140,140,4.0693646323487295e-05,3.58928978608961e-05,-26.920342570599757,-27.44102758939631
141,141,3.450079557015417e-05,3.297724369507418e-05,-27.624078141863436,-27.808969284200128
142,142,3.949000400791998e-05,3.428243479375899e-05,-27.04535747820801,-27.6403962339119
143,143,3.7715094769981116e-05,3.5387305759190656e-05,-27.24422053160827,-27.502637834929352
144,144,0.00015663911488014286,3.494198924607573e-05,-21.057865800304562,-27.557636563130814
145,145,3.468461445851231e-05,3.203028724161222e-05,-27.611652239218145,-27.935504486788055
146,146,3.8672850106317146e-05,3.443672583096869e-05,-27.142177704768912,-27.620894290623845
147,147,3.800178566643339e-05,3.053010952594617e-05,-27.21390460393266,-28.14382919710379
148,148,3.6474418650578096e-05,3.577859335660163e-05,-27.392661734525106,-27.45488019849283
149,149,3.587573209910092e-05,3.445111123686442e-05,-27.45986745676873,-27.619080471883933
150,150,4.492556201474838e-05,3.3870077698482325e-05,-26.487533522557136,-27.692950891075654
151,151,4.1266040761442616e-05,3.602131434825807e-05,-26.85593072661281,-27.425517266912923
152,152,3.872863056965367e-05,3.142465318792107e-05,-27.121249073759163,-28.0184078865382
153,153,3.850936308922006e-05,3.288461338295172e-05,-27.161899282610598,-27.82118541709449
154,154,3.5391694677621003e-05,3.4769352264687e-05,-27.523602378515115,-27.579146819578458
155,155,4.0390332320459926e-05,3.431082117650045e-05,-26.94649165122327,-27.636801696835278
156,156,4.140112817826916e-05,3.276577382693129e-05,-26.84000885142648,-27.83690852916683
157,157,3.731589057463576e-05,3.4290618857898824e-05,-27.298242273799914,-27.639359589421662
158,158,3.9342397330889894e-05,3.4208377368677724e-05,-27.065261770177713,-27.649788075700812
159,159,3.545052275456459e-05,3.412302330137831e-05,-27.524518387640114,-27.660637793210515
160,160,3.695414186049956e-05,3.483785440039355e-05,-27.339702922405266,-27.57059882273571
161,161,3.793561806100884e-05,3.3004839607249446e-05,-27.21801843773507,-27.805336554683336
162,162,3.608188289382673e-05,3.436443742095051e-05,-27.44284243216066,-27.630020435486845
163,163,0.00010336257239651252,3.2745021694848364e-05,-22.872348331297236,-27.839659995297264
164,164,3.610863352394555e-05,3.1575093328827185e-05,-27.42867696969856,-27.997666391261717
165,165,3.833977967287959e-05,3.34209502110944e-05,-27.16694880046823,-27.750924886116174
166,166,4.143713339516646e-05,3.249170745938931e-05,-26.83942398585563,-27.873387476424092
167,167,3.596012882872415e-05,3.492729947059783e-05,-27.453972054251675,-27.559462741310558
168,168,3.833764092576661e-05,3.4021504689008e-05,-27.172821453087067,-27.673577645339428
169,169,3.4249781689591e-05,3.205297757870683e-05,-27.65891763443056,-27.932429022817185
170,170,3.734810084519193e-05,3.366026291922409e-05,-27.289386795888912,-27.719937781184065
171,171,3.590458865013734e-05,3.442806174509889e-05,-27.45112279018306,-27.62198708850685
172,172,3.519628677805513e-05,3.3195449807527966e-05,-27.542358495516,-27.780327241984185
173,173,3.6725525346482006e-05,3.595046444771517e-05,-27.36472787371686,-27.434067765817698
174,174,3.4964187297819736e-05,3.3221918042009314e-05,-27.58129351783365,-27.776865795328987
175,175,3.581737216814666e-05,3.247959260701655e-05,-27.464410129424653,-27.87500708803419
176,176,3.4528362607723225e-05,3.189695345147476e-05,-27.62473973027369,-27.95362077419479
177,177,3.757969199758702e-05,3.4570507810521554e-05,-27.255541366618278,-27.60405523036269
178,178,3.951585636668918e-05,3.45863287101996e-05,-27.03923276352438,-27.60206817314768
179,179,3.853772790835043e-05,3.58827147034677e-05,-27.149956290125168,-27.442259899076763
180,180,3.6408828827447485e-05,3.2629964583688174e-05,-27.399304118794664,-27.854946796233495
181,181,3.706019785014862e-05,3.380787082182666e-05,-27.32542504640733,-27.70093461737555
182,182,3.952562166755952e-05,3.145874803809229e-05,-27.043994003807224,-28.01369846991857
183,183,3.574054782577675e-05,3.3497132024326436e-05,-27.479225135132943,-27.74103657064267
184,184,3.9521269951064916e-05,3.4158230655042355e-05,-27.043916149702007,-27.656159152328044
185,185,3.5295857357886766e-05,3.442379475496924e-05,-27.53861448293904,-27.62252538343867
186,186,3.8027634255956505e-05,3.376250986931202e-05,-27.210125422604655,-27.706765578849748
187,187,3.4802932537017695e-05,3.4838888639473897e-05,-27.601022477184905,-27.570469894687125
188,188,3.7103695667235684e-05,3.472266196599536e-05,-27.313851537008166,-27.584982696507886
189,189,3.762041581364063e-05,3.689953102462153e-05,-27.267626402160566,-27.320904355124668
190,190,118478235.71137704,3.565865843388325e-05,97.72529202971756,-27.46946282107619
191,191,3.776245225755289e-05,3.350702143890023e-05,-27.244460275122613,-27.739754584978243
192,192,4.18741365794312e-05,3.035863212636813e-05,-26.792596857526476,-28.16829082441668
193,193,3.7588223512637e-05,3.258471552295592e-05,-27.25749524237989,-27.860973482405612
194,194,3.699301209353413e-05,3.4823656757285595e-05,-27.327303384062027,-27.572369085263965
195,195,3.780385087179404e-05,3.112254953999869e-05,-27.237091422558635,-28.060361151214384
196,196,3.702398150858947e-05,3.336787358421134e-05,-27.32793563682788,-27.757827505361725
197,197,3.5433100661582115e-05,3.365841793741933e-05,-27.506126598706395,-27.72017583261556
198,198,3.4756754260896054e-05,3.2235602487306e-05,-27.59656127204378,-27.90775490392271
199,199,3.58956835718589e-05,3.153723807707521e-05,-27.4637546851473,-28.002876253915268
200,200,3.6065990280269375e-05,3.140669878121116e-05,-27.430361824914975,-28.020889927661884
201,201,3.7115652461223585e-05,3.00583653466004e-05,-27.29998553883137,-28.211459232209837
202,202,4.027989581521341e-05,3.290094690256458e-05,-26.95534950985224,-27.819028847308388
203,203,3.9008128755385676e-05,3.2317356032619594e-05,-27.099041777261874,-27.896754592425864
204,204,4.3260258871200256e-05,3.191900927241046e-05,-26.648934874269166,-27.95061879121161
205,205,3.545053531871821e-05,3.4532687143502316e-05,-27.519693975338427,-27.608809079628074
206,206,3.800145679502448e-05,3.4088354033500713e-05,-27.21173568471921,-27.665052503370518
207,207,4.0395035312874676e-05,3.224187390802208e-05,-26.94948186002449,-27.906910068308314
208,208,3.8140565200442374e-05,3.280272970809356e-05,-27.19295817475786,-27.83201296617641
209,209,3.412295319725034e-05,3.1521069846157367e-05,-27.68920256484087,-28.00510332719233
210,210,3.7427671289610914e-05,3.182928163656279e-05,-27.280898838836684,-27.96284445006492
211,211,3.753683481637878e-05,3.325759979289662e-05,-27.266971485485072,-27.772203791298942
212,212,7.831153274985618e+19,2.9875667630556946e-05,215.92943970364746,-28.23793662802533
213,213,3.88834493146392e-05,3.6497560263102824e-05,-27.10661838191081,-27.368474477034837
214,214,3.70090968401913e-05,3.240190103257957e-05,-27.327482870344767,-27.885407908453775
215,215,4.714146370574359e-05,3.155278572146352e-05,-26.275249913446125,-28.000735739173134
216,216,3.45876063190574e-05,3.397679349865556e-05,-27.62215520375745,-27.679288913581534
217,217,3.858546193610498e-05,3.2762963655841304e-05,-27.14163145803552,-27.83728101972447
218,218,3.887482356374901e-05,3.539541380872068e-05,-27.108526222248802,-27.501642879887562
219,219,4.2737858789739233e-05,3.193638880666664e-05,-26.705312435295923,-27.948254751133888
220,220,3.9105541835636254e-05,3.329564086877661e-05,-27.08768610413106,-27.767239034969933
221,221,3.4798307695513655e-05,3.286447597355092e-05,-27.595474768259546,-27.82384570216966
222,222,3.6126178070544576e-05,3.3643266713050635e-05,-27.432694971090704,-27.722131234856306
223,223,3.535788648113123e-05,3.0562819694367995e-05,-27.52360554088809,-28.139178627165013
224,224,3.7378298797774894e-05,3.2091821499067775e-05,-27.28889907925784,-27.927169141245216
225,225,3.7658326637591524e-05,3.4551349926914554e-05,-27.245597564371785,-27.606462620331904
226,226,3.7594280386365804e-05,3.190143412499119e-05,-27.25592877798148,-27.953010748813114
227,227,3.901397209007235e-05,3.214465414203005e-05,-27.102419060107074,-27.920025246675145
228,228,4.008263729083035e-05,3.2677994328734806e-05,-26.976006604449733,-27.84855888966009
229,229,3.548963608990721e-05,3.176420547166153e-05,-27.516752359729693,-27.971732853727108
230,230,3.9250011974855656e-05,3.177568609508422e-05,-27.070524753683753,-27.970163454934447
231,231,3.4637472474303687e-05,3.540701599329048e-05,-27.61977127971823,-27.500219548853337
232,232,3.499714803746025e-05,3.3933310461227515e-05,-27.562055681505633,-27.684850514784017
233,233,3.9832484664244835e-05,3.176889367750846e-05,-27.005590694187937,-27.971091908468555
234,234,3.548021299345059e-05,3.324746964943571e-05,-27.50769662257188,-27.773526837940917
235,235,3.784453389654146e-05,3.131018069038155e-05,-27.228244614052045,-28.03425708103308
236,236,3.854116181342367e-05,3.493540426509418e-05,-27.146777448987084,-27.558455088484575
237,237,4.1596192823283104e-05,3.139696673315484e-05,-26.82514011022615,-28.02223589203122
238,238,4.067051190993636e-05,3.4218364099184616e-05,-26.912780601398833,-27.64852038944566
239,239,3.851879409921821e-05,3.2836136118643675e-05,-27.156466718382948,-27.827592347132487
240,240,3.4604902962716564e-05,3.267639938617082e-05,-27.613663502328944,-27.848770864621606
241,241,3.7127659328989374e-05,3.21643997985551e-05,-27.30611085172454,-27.91735830340218
242,242,3.750876224977528e-05,3.331736247434348e-05,-27.275149592689054,-27.76440668293754
243,243,3.730744379730091e-05,3.3220698337812026e-05,-27.29167270978399,-27.777025244439017
244,244,4.0229587668982654e-05,3.2838188273767866e-05,-26.96566649435558,-27.82732093523599
245,245,3.947448437157646e-05,3.4428234525158154e-05,-27.04763445743787,-27.6219652931358
246,246,3.858937406661913e-05,3.330177519513343e-05,-27.147975968299924,-27.76643897266964
247,247,3.968151623226244e-05,3.2708981579114484e-05,-27.027928622788508,-27.844442598099008
248,248,3.782275297519086e-05,3.243567894778129e-05,-27.237212237458106,-27.88088288962554
249,249,4.048851119056128e-05,3.287448539355721e-05,-26.941831810068013,-27.822523187843615
250,250,3.701345271973381e-05,3.2276074498919404e-05,-27.323988657423158,-27.90230572807043
251,251,4.086395857325208e-05,3.3489629123850086e-05,-26.888416585397273,-27.74200943997772
252,252,3.7242766802123276e-05,3.4131382706523016e-05,-27.299677772759022,-27.65957399564584
253,253,3.3143931797951024e-05,3.1255180960885665e-05,-27.804560273245404,-28.041892643123244
254,254,3.572994924023491e-05,3.0138562004523057e-05,-27.480698341848804,-28.19988754968682
255,255,3.735900699933895e-05,3.261807294046249e-05,-27.285734893534563,-27.856529824715828
256,256,3.574358680387227e-05,3.259224309945957e-05,-27.477759146270376,-27.859970310419293
257,257,3.583941822595529e-05,3.345099304696257e-05,-27.461391968151077,-27.747022670005677
258,258,3.8123079367820896e-05,3.282858099402418e-05,-27.20016306054102,-27.82859171150687
259,259,3.9319230967821475e-05,3.4393075207174805e-05,-27.05996120484702,-27.62640272659223
260,260,3.9116885250457685e-05,3.2515358342559344e-05,-27.097891677045588,-27.8702273742477
261,261,3.7233597820361574e-05,3.2045819544260955e-05,-27.300275641434965,-27.933398992618045
262,262,3.741831584268288e-05,3.216033833029398e-05,-27.273280183962562,-27.91790673105471
263,263,4.1391088575672015e-05,3.462204854019403e-05,-26.83371173381662,-27.59758521109746
264,264,3.7256856398691766e-05,3.542547926228604e-05,-27.297249414746844,-27.49795547612927
265,265,3.596335484393627e-05,3.077717687311202e-05,-27.4451283084545,-28.108825016452954
266,266,3.828263269844177e-05,3.337665755584327e-05,-27.175668526923246,-27.75668439135199
267,267,3.960269732113037e-05,3.0211437445503082e-05,-27.037009522130184,-28.189398927464545
268,268,4.1004033358983655e-05,3.487975735831577e-05,-26.880295083321105,-27.565378269382457
269,269,4.002630697700108e-05,3.0459651402213095e-05,-26.983912503633967,-28.15386353319218
270,270,3.841802362396415e-05,3.235951312250874e-05,-27.162933274870632,-27.891093033867463
271,271,3.5783962095930416e-05,3.4132370657109854e-05,-27.4702161909891,-27.659448288673353
272,272,3.8972216456967705e-05,3.0495344976531525e-05,-27.104119209374034,-28.14877731383081
273,273,3.646736381269125e-05,3.5837535841365985e-05,-27.391039695185956,-27.447731417359446
274,274,3.91724216597984e-05,3.196648144933677e-05,-27.082907952661742,-27.94416445923582
275,275,3.958592894856132e-05,3.298779155987799e-05,-27.031904084786937,-27.80758040310532
276,276,3.9057858125441686e-05,3.350866743283788e-05,-27.08809512408466,-27.739541248042805
277,277,361617756793.40204,3.6318017153366543e-05,132.57081108094604,-27.389891526136832
278,278,3.80385391911931e-05,3.7527832701973816e-05,-27.225676493499865,-27.247577981608085
279,279,3.807285112585661e-05,3.4036914209871994e-05,-27.20080857126154,-27.67161102016575
280,280,4.092108410424265e-05,3.5736284237492854e-05,-26.895421978016678,-27.460018882840767
281,281,4.074801473535379e-05,3.402856308591589e-05,-26.913102660134047,-27.67267671373439
282,282,3.936917744926477e-05,3.483678890341636e-05,-27.056220248720116,-27.570731651390666
283,283,4.1185890959522366e-05,3.313910919563281e-05,-26.856349481833306,-27.787704519561508
284,284,4.007798092173936e-05,3.4038079081112395e-05,-26.98021249928516,-27.671462390800563
285,285,3.780106197661281e-05,3.5815139821543675e-05,-27.243454850126156,-27.45044631057235
286,286,4.256069978416151e-05,3.754664713166054e-05,-26.718083304634746,-27.245401209106358
287,287,3.996938398204199e-05,3.456602304427897e-05,-26.99806225947541,-27.604618668883667
288,288,3.731275344612233e-05,3.319044268018364e-05,-27.292759581051435,-27.780982371469825
289,289,4.140984064057174e-05,3.522792748730066e-05,-26.837134094836465,-27.52224188305511
290,290,7.523322392457914e+17,3.4266182243108666e-05,195.7500864024661,-27.642455617018857
291,291,3.7772765430530594e-05,3.3598636898539936e-05,-27.245810407674377,-27.727896236730274
292,292,3.931587285553609e-05,3.367848086399088e-05,-27.063697491439548,-27.71758788493345
293,293,3.541937786797733e-05,3.541400620202981e-05,-27.511090589895236,-27.499362230221497
294,294,4.384616493121733e-05,3.340848008137025e-05,-26.59212757616471,-27.752545641692564
295,295,3.76430860098443e-05,3.6284957834715514e-05,-27.265063742365072,-27.393846592898285
296,296,3.984051332717519e-05,3.243232051892463e-05,-27.004067081270648,-27.881332586589714
297,297,3.901330418810494e-05,3.455580357886471e-05,-27.098868883488073,-27.605902852964608
298,298,3.899255138956918e-05,3.358939698285356e-05,-27.093793004619865,-27.72909074836853
299,299,4.21584367377926e-05,3.573060985218035e-05,-26.762305295505993,-27.46070853201777
300,300,3.93110468047377e-05,3.263613804225124e-05,-27.0716340294793,-27.854125206192624
301,301,4.3185831384913944e-05,3.49284697509383e-05,-26.651814549853317,-27.55931722826279
302,302,4.125337020632662e-05,3.421517852218944e-05,-26.86020149010273,-27.648924717048374
303,303,3.7490147481070584e-05,3.488356627425865e-05,-27.265814168910524,-27.56490403991874
304,304,3.903697898684036e-05,3.4454262300929064e-05,-27.093957213743618,-27.6186832634614
305,305,3.881916721362246e-05,3.841571407591753e-05,-27.119139786479877,-27.14602371714352
306,306,4.130520470969657e-05,3.2945797532815244e-05,-26.847731886031212,-27.81311256871114
307,307,3.631089727895949e-05,3.0966985832492355e-05,-27.41618291293232,-28.08212346614157
308,308,4.204414193567966e-05,3.612699550247175e-05,-26.76582927171787,-27.412794370136528
309,309,4.1113251417928696e-05,3.679672332318181e-05,-26.867714383016423,-27.3330213471729
310,310,4.023622894931474e-05,3.505225087888233e-05,-26.971878404007043,-27.54395370630752
311,311,3.657967368481062e-05,3.6129470405093776e-05,-27.385242148587064,-27.412496864151727
312,312,5.088336286828109e-05,3.4784789309732765e-05,-25.94318359127765,-27.577219048366395
313,313,3.627076977263829e-05,3.470071231659906e-05,-27.40155354172979,-27.587728921976947
314,314,4.126667263523073e-05,3.3423068998672534e-05,-26.857933876504983,-27.750649565222936
315,315,4.103965246256323e-05,3.390216830953968e-05,-26.877101098240832,-27.68883806402163
316,316,3.938726166376638e-05,3.288418764369501e-05,-27.05566494905204,-27.821241643209923
317,317,4.0799412549999615e-05,3.490294583523217e-05,-26.90096119607344,-27.562491987401874
318,318,4.084057410022744e-05,3.40504237005677e-05,-26.89991822618273,-27.66988761680779
319,319,3.604189720304537e-05,3.5713112777701005e-05,-27.44573495576665,-27.4628357680486
320,320,4.118937085502356e-05,3.4915546740720806e-05,-26.856005991186862,-27.560924350067346
321,321,4.1880656390651324e-05,3.5305325869366676e-05,-26.787614128553425,-27.512710576293635
322,322,4.5538480278373376e-05,3.466095892547042e-05,-26.43420400982375,-27.592707083542358
323,323,4.126914778286855e-05,3.505000461844151e-05,-26.85172663088393,-27.54423202503144
324,324,4.0558419500813055e-05,3.333325749783973e-05,-26.929392728389256,-27.762335248004785
325,325,4.165801178761782e-05,3.720522947428675e-05,-26.816494077668928,-27.285072945097507
326,326,4.093193286646112e-05,3.479950093701758e-05,-26.892518005140765,-27.575382662992013
327,327,4.1690234303535635e-05,3.5218713013531864e-05,-26.81010550481194,-27.523378003984593
328,328,4.1043232843164624e-05,3.7103335049132034e-05,-26.880026918915412,-27.296983339168715
329,329,3.7665718916765196e-05,3.486363340542946e-05,-27.24792143372347,-27.567386357550543
330,330,6.370567944875652e-05,3.650918762631543e-05,-24.971130777154325,-27.36709112553076
331,331,3.683093370089353e-05,3.2121758857484615e-05,-27.33916634772967,-27.923119645660947
332,332,3.944457984823774e-05,3.607640897634586e-05,-27.04586568454749,-27.41887980417065
333,333,3.957070564809459e-05,3.540660617019105e-05,-27.037996355641482,-27.50026981712241
334,334,4.088589221939082e-05,3.5224056079498135e-05,-26.904736434061576,-27.52271918148232
335,335,4.0698815600708914e-05,3.326684619471627e-05,-26.913545423383773,-27.770996517415192
336,336,3.731384981854473e-05,3.4461420096034234e-05,-27.291705436659853,-27.617781120198845
337,337,3.5148024235428405e-05,3.4673786773821215e-05,-27.545026943057202,-27.59110007863859
338,338,4.028648898608865e-05,3.504985761537682e-05,-26.96077592073372,-27.54425023979472
339,339,4.147665107122577e-05,3.3054575301081824e-05,-26.825483780680408,-27.798797004947296
340,340,4.1180812763038196e-05,3.603804591540737e-05,-26.863134605066165,-27.42350047759075
341,341,0.00012076005868104553,3.2503926520707626e-05,-22.187319204463954,-27.871754544904807
342,342,4.1491405194317416e-05,3.2207735210632614e-05,-26.833589613942163,-27.911510949364068
343,343,4.244500215679285e-05,3.6093678892556404e-05,-26.73519804201611,-27.416801317174773
344,344,3.8348247818651816e-05,3.4788420060450385e-05,-27.175247288490315,-27.576765766128155
345,345,3.6471463008450716e-05,3.5127618981565125e-05,-27.397281022492127,-27.534625685678463
346,346,4.3463734185671765e-05,3.305580584741332e-05,-26.633406633672795,-27.798635330041698
347,347,4.00464498186958e-05,3.564909514496225e-05,-26.98658876585794,-27.470627710845868
348,348,3.7731641966565426e-05,3.5028418719057776e-05,-27.240821561080892,-27.54690749540857
349,349,3.830850143749183e-05,3.341838897827792e-05,-27.17541283007751,-27.751257722823745
350,350,3.974640173144451e-05,3.554008217657898e-05,-27.01414314527288,-27.483928543756676
351,351,3.621150955444408e-05,3.3304283677257206e-05,-27.419702396927285,-27.7661118492928
352,352,4.090586494807137e-05,3.440832259864117e-05,-26.887348234255395,-27.624477806954882
353,353,4.12348587262161e-05,3.436395567596743e-05,-26.86725823036648,-27.630081318384995
354,354,4.473575311927449e-05,3.545600664342361e-05,-26.5035837212127,-27.49421461945131
355,355,3.699216865440116e-05,3.413155225548268e-05,-27.324357031401313,-27.659552421953574
356,356,4.078919246427345e-05,3.3812929120215e-05,-26.913620968650246,-27.70028487910453
357,357,4.295598546846544e-05,3.440999085126494e-05,-26.676355738301034,-27.624267248784314
358,358,4.108642215871123e-05,3.193811062374152e-05,-26.876260574128885,-27.948020612107737
359,359,4.10643806765048e-05,3.603630820610928e-05,-26.882969583209267,-27.423709893982657
360,360,3.917666519330467e-05,3.470712008971819e-05,-27.081250507828322,-27.586927035383365
361,361,4.233182161695686e-05,3.47461481348881e-05,-26.741196681625944,-27.582046151625377
362,362,3.666130391907573e-05,3.449144218106276e-05,-27.366436306395325,-27.6139992825038
363,363,4.000982635167845e-05,3.495534244728716e-05,-26.984622913144083,-27.555977208894554
364,364,3.9389634029126664e-05,3.951721378383043e-05,-27.057963417068834,-27.023249655736148
365,365,3.728633041693271e-05,3.373752774917337e-05,-27.292001087011514,-27.709980272589373
366,366,4.1521460224964927e-05,3.277524800930558e-05,-26.81922022032996,-27.83565295363899
367,367,3.570087792655782e-05,3.407810678062991e-05,-27.474519625506147,-27.66635822626029
368,368,4.069072472646571e-05,3.554462763962587e-05,-26.90836056213947,-27.483373130496425
369,369,3.891946222942464e-05,3.503218649233244e-05,-27.10837448597711,-27.546440378934513
370,370,4.319241043518072e-05,3.577297756189517e-05,-26.654738728964148,-27.455561918999095
371,371,3.626990871556156e-05,3.5279361734290815e-05,-27.407465272561854,-27.515905626518332
372,372,3.642303071848295e-05,3.383900739687593e-05,-27.3942576753598,-27.696936666829927
373,373,4.058256537561094e-05,3.5654936733695455e-05,-26.931800374058685,-27.469916118614343
374,374,3.8610801536763284e-05,3.0545647429167535e-05,-27.14350910959866,-28.14161947393002
375,375,3.827574782354935e-05,3.4350884178772835e-05,-27.188265558632327,-27.631733619163775
376,376,3.5902963598758656e-05,3.210544218745781e-05,-27.46404109662507,-27.925326262107824
377,377,3.684186659137191e-05,3.594026312432681e-05,-27.351424624944393,-27.435300297087043
378,378,3.5614364371456796e-05,3.352552826790519e-05,-27.498647069718146,-27.737356521961473
379,379,3.825471410835366e-05,3.611821926154478e-05,-27.189833643529944,-27.413849519058886
380,380,3.7168567622447696e-05,3.4400209810165074e-05,-27.297966913196284,-27.62550190648469
381,381,3.841549399103033e-05,3.550784238445646e-05,-27.16953518678317,-27.487869986061728
382,382,4.1461816021858126e-05,3.7099648819237606e-05,-26.83945436567701,-27.297414833758292
383,383,3.329932840961661e-05,3.662052265434269e-05,-27.788744715726015,-27.353867436968024
384,384,4.036806258790017e-05,3.3809760273135525e-05,-26.948606094407634,-27.700691906040007
385,385,3.9380507484200224e-05,3.462648653926168e-05,-27.06158892649704,-27.59702854993309
386,386,3.8373598998959164e-05,3.299954613267848e-05,-27.166892060084553,-27.806033152879174
387,387,3.677456182690689e-05,3.721479757395604e-05,-27.34789055924875,-27.283956209972196
388,388,4.0223554859358516e-05,3.3399694410419266e-05,-26.966872707429545,-27.753687887672143
389,389,3.715046465547801e-05,3.385994717207627e-05,-27.30647767105934,-27.69425005839713
390,390,3.526383518864978e-05,3.470332359555821e-05,-27.535682904825237,-27.587402121372836
391,391,3.684252759243107e-05,3.141476750706237e-05,-27.355476532994633,-28.019774320739764
392,392,3.488457997198416e-05,3.3357138483169315e-05,-27.57869968415068,-27.759224940908304
393,393,0.002547322848184513,3.3504884700768776e-05,-8.94515014957663,-27.74003154280068
394,394,3.9070021913860345e-05,3.125466494231276e-05,-27.088490287732974,-28.04196434511372
395,395,3.8969669318604934e-05,3.2864367647945124e-05,-27.095601404996916,-27.823860017106682
396,396,3.8339433652338614e-05,3.492850359371483e-05,-27.175625674360223,-27.559313020313205
397,397,4.070678989085808e-05,3.0387316703701417e-05,-26.913848093457048,-28.164189298366825
398,398,1.0309208732466497e+18,3.408402735179774e-05,197.11715674952458,-27.665603768839873
399,399,3.818524465273607e-05,3.441565063679407e-05,-27.19814229695522,-27.623552976145092
400,400,3.53077974949949e-05,3.49533281079953e-05,-27.53654358923104,-27.556227482982855
401,401,3.7138694190701046e-05,3.2889333468981354e-05,-27.310146253600976,-27.82056209816096
402,402,3.6739698128998894e-05,3.256597086108645e-05,-27.355882500035342,-27.863472520832218
403,403,4.327093168838699e-05,3.467906825742255e-05,-26.654443329125318,-27.59043861511622
404,404,4.382862960614448e-05,3.3146698019424404e-05,-26.589817157092305,-27.786710103275524
405,405,3.829902936896482e-05,3.427996857920478e-05,-27.18070334858604,-27.64070866851742
406,406,4.147563961466694e-05,3.40486024374274e-05,-26.83233908186523,-27.67011991514654
407,407,4.441417886763955e-05,3.409115958531498e-05,-26.52814652712223,-27.664695083492422
408,408,4.0187999350086306e-05,3.491490083194405e-05,-26.969891910397877,-27.56100469170264
409,409,4.4291895945432245e-05,3.4847116838040836e-05,-26.545597762592756,-27.569444305337946
410,410,3.763255285166357e-05,3.5519031658431664e-05,-27.249929872321136,-27.48650164765472
411,411,3.8533587968165954e-05,3.1931989820134876e-05,-27.149663700896646,-27.948852998849212
412,412,3.7788502482989006e-05,3.23256740318213e-05,-27.243779772152116,-27.895636927870196
413,413,3.933685381066285e-05,3.3653741746476094e-05,-27.06169644228992,-27.72077924333237
414,414,4.028825526230443e-05,3.4911346311242885e-05,-26.956011562484292,-27.561446848854377
415,415,3.942441378161131e-05,3.208695747353455e-05,-27.05804214348868,-27.92782743343674
416,416,3.99274094044963e-05,3.297182573939943e-05,-26.99534917106189,-27.809682861594993
417,417,4.339343064840278e-05,3.185820538706857e-05,-26.638727836281547,-27.95889974233935
418,418,4.072859101330492e-05,3.434718966768981e-05,-26.910334790567717,-27.6322007372905
419,419,3.7642187415014595e-05,3.589055193898323e-05,-27.252712430655563,-27.441311448961414
420,420,4.4226038618344504e-05,3.402977649545248e-05,-26.556407878564066,-27.672521853339816
421,421,3.7173333102774196e-05,3.385775572065828e-05,-27.31219838740887,-27.694531147452984
422,422,3.552962428414306e-05,3.559730325114766e-05,-27.49987936247848,-27.47694183707805
423,423,3.6408146706421155e-05,3.2993644948108246e-05,-27.393356849629548,-27.806809854796573
424,424,4.04464419693092e-05,3.353337802093991e-05,-26.952381934775744,-27.736339772768407
425,425,4.1066367416111536e-05,3.3623748717409875e-05,-26.870227131790227,-27.724651506638317
426,426,3.560925233614398e-05,3.2427337732530615e-05,-27.491650347178997,-27.881999872449068
427,427,3.977861791840435e-05,3.367468621275437e-05,-27.005394179130136,-27.718077244577852
428,428,4.238543914249659e-05,3.4704731349752126e-05,-26.735071001906615,-27.58722595165338
429,429,3.9279541186298264e-05,3.742476689551136e-05,-27.066015369792463,-27.259521780614907
430,430,3.769960958660957e-05,3.4074642156299794e-05,-27.252393675606392,-27.666799783571825
431,431,3.847638856182739e-05,3.219746581874604e-05,-27.15808454151261,-27.912895912129606
432,432,4.274345691246521e-05,3.402263538239487e-05,-26.699243790395542,-27.67343331141202
433,433,3.6825583556117295e-05,3.5294339987127675e-05,-27.344349426539395,-27.51406217138006
434,434,3.6137755028603444e-05,3.2369405839984355e-05,-27.427022426756604,-27.88976554293667
435,435,3.500950616708184e-05,3.18962422026839e-05,-27.558780929731185,-27.953717615690806
436,436,3.748671074437467e-05,3.30201243598008e-05,-27.266914577615662,-27.803325774696482
437,437,3.8438349911677846e-05,3.488995418209877e-05,-27.165756451995033,-27.564108829037743
438,438,4.052210325548022e-05,3.2293706489757535e-05,-26.93682715321153,-27.899933882789544
439,439,3.558572558345593e-05,3.196776254442643e-05,-27.49475309439368,-27.943990414000105
440,440,3.762965687051339e-05,3.326137883911877e-05,-27.244193224763027,-27.771710332452564
441,441,3.6290747798891074e-05,3.131303391886544e-05,-27.41974731593858,-28.0338613359744
442,442,3.531192382557567e-05,3.230014508996024e-05,-27.523887464771573,-27.899068088761133
443,443,3.7578947796515125e-05,3.3171648761995844e-05,-27.2580022320888,-27.783442238241086
444,444,4.085544701551625e-05,3.1448307373992925e-05,-26.892186554242265,-28.01514006428908
445,445,3.952388009772043e-05,3.3002310852967445e-05,-27.03973831385552,-27.80566931379311
446,446,4.233103714495977e-05,3.244638346108044e-05,-26.740230145775854,-27.879449855308547
447,447,3.7673766013371674e-05,3.1383312537065266e-05,-27.244350554025214,-28.02412500185327
448,448,3.7544741428870656e-05,3.166517727119131e-05,-27.2628996066586,-27.985293583502553
449,449,3.744529038664679e-05,3.268639628865793e-05,-27.270117060010985,-27.847442402588946
450,450,4.132412123374135e-05,3.061926575978041e-05,-26.849717772494095,-28.131165097875485
451,451,3.9103446509863115e-05,3.357704611660569e-05,-27.083285975718002,-27.730687948658172
452,452,3.880156694875266e-05,3.3001464879290375e-05,-27.116102035737853,-27.805780641272708
453,453,4.051523616730377e-05,3.313283133665161e-05,-26.935532015902133,-27.78852732314926
454,454,3.8456925272070875e-05,3.343425817691145e-05,-27.165076136347622,-27.749195903039045
455,455,3.572289721521827e-05,3.18153501881936e-05,-27.481401793898694,-27.96474574199633
456,456,0.0009764270577864774,3.194221842836429e-05,-13.111756928674854,-27.947462068684636
457,457,3.749254517632713e-05,3.154492313976669e-05,-27.267039554583747,-28.001818084609678
458,458,3.685572229778231e-05,3.253788073427706e-05,-27.34252083119548,-27.86722019090929
459,459,3.509386400408628e-05,2.910670733207984e-05,-27.55645067037304,-28.351182029544653
460,460,3.7742717769603037e-05,3.172448719181519e-05,-27.241661366240816,-27.977166713299457
461,461,4.0487837911323646e-05,3.306070783238331e-05,-26.939410229507367,-27.797991344172438
462,462,4.0164040526469384e-05,3.03734869751344e-05,-26.967609824335668,-28.166166288315257
463,463,3.760640672610571e-05,3.2357614671989145e-05,-27.262287556419608,-27.891347830893586
464,464,3.7441523883111604e-05,3.0209087000050778e-05,-27.285333566085935,-28.1897368210859
465,465,3.790926001380923e-05,3.2048811063807657e-05,-27.224309983187748,-27.93299359190967
466,466,3.6398486091203855e-05,3.0393723232248848e-05,-27.405693242685032,-28.163273776023164
467,467,3.59855207768971e-05,2.9090605494275223e-05,-27.445664596930357,-28.353585212491037
468,468,3.733960518017279e-05,2.8805238463591148e-05,-27.28966912964031,-28.39639807155981
469,469,3.6428104470632175e-05,3.026606813555669e-05,-27.400142221366085,-28.181552766000625
470,470,3.850429883519591e-05,3.2306010229819405e-05,-27.149111673065768,-27.89827955773934
471,471,3.368072229838533e-05,3.1354354369365244e-05,-27.735900688939257,-28.0281341956762
472,472,3.593938201691382e-05,3.047471555443113e-05,-27.45021654961797,-28.151716213496293
473,473,3.5542306353274454e-05,3.285362883712208e-05,-27.50255410394675,-27.825279356275132
474,474,3.378855438585533e-05,2.8914124796804236e-05,-27.71606887208491,-28.38001230876025
475,475,3.5487446917407576e-05,3.2243388312436814e-05,-27.51927312401773,-27.906706084496147
476,476,3.305144081864033e-05,3.053940803223859e-05,-27.821257927514207,-28.142506674783192
477,477,4.0821176458173554e-05,3.0671447156668076e-05,-26.908600711859485,-28.123770144505414
478,478,3.3105616858313055e-05,3.149243273008707e-05,-27.809800001386375,-28.009050716826206
479,479,3.633069665982513e-05,3.109100864668634e-05,-27.400857687273948,-28.064764704874612
480,480,3.63785238826579e-05,3.0211654312121316e-05,-27.401296829627015,-28.189367752636226
481,481,3.353232496573179e-05,3.1053977157793464e-05,-27.759405712853493,-28.069940528146017
482,482,3.8215866683008386e-05,2.9693701626935142e-05,-27.1866367318426,-28.2644694176307
483,483,3.762586688420006e-05,2.9262636895796995e-05,-27.256502373568523,-28.32797823615679
484,484,3.494296404674107e-05,3.193178590184911e-05,-27.578711487946702,-27.94888073306482
485,485,3.517869753494844e-05,2.956404602484422e-05,-27.546466474702726,-28.28347412321721
486,486,3.440424491591048e-05,2.9104082195293524e-05,-27.639404829287223,-28.351573737827795
487,487,3.2039636546860215e-05,2.8965370730522983e-05,-27.95438837966405,-28.3723219058475
488,488,3.731821344285656e-05,3.145256409640608e-05,-27.29245557766847,-28.01455225969604
489,489,3.07662642992056e-05,2.8749333332119643e-05,-28.12611230979133,-28.404835037377293
490,490,3.6269776144988484e-05,2.8066819978496488e-05,-27.414261236550736,-28.50918072960644
491,491,3.6792326550921736e-05,2.8877446239723787e-05,-27.35693293171905,-28.385524980174893
492,492,3.265471641685677e-05,3.0005003234117267e-05,-27.87063318832736,-28.21917604118646
493,493,3.502906303165406e-05,2.885527615753266e-05,-27.562531734013387,-28.38886046980103
494,494,3.175900735758538e-05,2.654463706245511e-05,-27.987919142111487,-28.751344903032123
495,495,3.43784688890626e-05,2.665975250094657e-05,-27.64528617024052,-28.73255168760666
496,496,3.5833025762745894e-05,2.8579413226811756e-05,-27.468596637952945,-28.430579741257667
497,497,3653412179467697.0,2.8558865539564164e-05,172.606699462444,-28.43370330317267
498,498,3.3975931573783696e-05,2.7853458552846477e-05,-27.70131542091555,-28.542321530008657
499,499,3.554101963392483e-05,2.677666842780462e-05,-27.503230314390443,-28.713547412237173
500,500,2.8052128429183156e-05,2.654549380646418e-05,-28.53392078619865,-28.751204734157234
501,501,3.19254724260092e-05,2.677625848503483e-05,-27.974457757894523,-28.713613901929925
502,502,3.1549179663304984e-05,2.699163752894444e-05,-28.014825740823937,-28.678820488937028
503,503,4.59115190471831e-05,2.714779942068976e-05,-26.39335708352922,-28.6537665024981
504,504,3.2789627813641705e-05,2.6560773269585824e-05,-27.86239136531501,-28.748705674415838
505,505,2.8283238819866027e-05,2.712693893906697e-05,-28.494646893283875,-28.65710492209385
506,506,3.1550168480946724e-05,2.6649003350604816e-05,-28.023152999202132,-28.7343031059871
507,507,574582850549.4434,2.634766896766163e-05,134.58519161604866,-28.783690837074335
508,508,2.93981521918823e-05,2.797741798962019e-05,-28.317840210226827,-28.52303650667889
509,509,3.467236678561582e-05,2.7693868488361323e-05,-27.606169460528065,-28.567276565207234
510,510,211348173.85570413,2.6919027516812906e-05,100.23885776154144,-28.690519156219587
511,511,3.138852685672824e-05,2.788185348005132e-05,-28.05078729262505,-28.537896413931897
512,512,3.048967592456899e-05,2.9009039304870193e-05,-28.161092913206215,-28.365779355626906
513,513,3.5131436458503175e-05,2.8732226622339925e-05,-27.555193974026402,-28.407419988059242
514,514,3.5458824659707314e-05,2.821553143324931e-05,-27.515036407124015,-28.48623047508682
515,515,3.2562870283353986e-05,2.693084862633106e-05,-27.88055333361271,-28.68861243216231
516,516,3.431626753846319e-05,2.9499695684583122e-05,-27.663389648946502,-28.292937461615043
517,517,3.2949386193124774e-05,2.764717177533863e-05,-27.835566394105594,-28.57460571171596
518,518,3.2496630813783636e-05,2.9208276158131314e-05,-27.893321198085207,-28.33605355907185
519,519,3.079774409549649e-05,2.645764492339559e-05,-28.12577115408816,-28.765600983514542
520,520,3.109792563468686e-05,2.7964939052157877e-05,-28.087908330349258,-28.524974048840633
521,521,3.294118126637072e-05,2.9075280412814065e-05,-27.836411808458912,-28.355873701134684
522,522,3.371480068512328e-05,2.606313115680486e-05,-27.732719969862856,-28.83084692510944
523,523,3.764781833580724e-05,2.7342849199684632e-05,-27.251620494102195,-28.62267514768749
524,524,3.0898760771903944e-05,2.8388297060270195e-05,-28.11151513694665,-28.459719409150374
525,525,1659072010718514.2,2.7083150287485058e-05,169.18789964278872,-28.66412102339876
526,526,3.311901801896159e-05,2.7595392183636585e-05,-27.807932561453555,-28.58274711425971
527,527,3.337757302641379e-05,2.745620665671978e-05,-27.779790929711126,-28.604707470133643
528,528,3.429655353758471e-05,2.806516263980915e-05,-27.6616794283973,-28.509437186981792
529,529,3.198351368689717e-05,2.873851103925661e-05,-27.969667080604538,-28.40647018726989
530,530,3.3818697975033334e-05,2.6635117999256564e-05,-27.713792603236577,-28.73656656889258
531,531,3.107110611737655e-05,2.6573883300634887e-05,-28.087756618588692,-28.746562585657863
532,532,3.057091213197486e-05,2.7514253097730323e-05,-28.157763936616085,-28.595535540880213
533,533,3.2416480899348584e-05,2.6393811822345015e-05,-27.90327700551222,-28.77609166011493
534,534,1.517676076424341e+19,2.75252777531645e-05,208.81038001436133,-28.593795719697155
535,535,3.555377955392745e-05,3.0036389704802884e-05,-27.503801741970122,-28.21463551619209
536,536,3.301634180069854e-05,2.7001438650729954e-05,-27.821527052149246,-28.677243778197116
537,537,3.4382492221712456e-05,2.674606134621028e-05,-27.652070778099166,-28.71851445638782
538,538,3.278070620506265e-05,2.7581992406722795e-05,-27.85271774056415,-28.58485647458188
539,539,3.169098108722294e-05,2.6819817704611188e-05,-27.99927420227165,-28.706554604231975
540,540,3.5007653273216005e-05,2.6084583049324512e-05,-27.572391068002137,-28.827273829254707
541,541,3.1285714186131224e-05,2.8401921530243463e-05,-28.050622286926384,-28.457635588242965
542,542,1.2525306356051353,2.8205940620146546e-05,17.966476022104274,-28.487706947463746
543,543,3.323173799818158e-05,2.7612670476772012e-05,-27.797814540453693,-28.580028718703403
544,544,3.497042556417225e-05,2.9051598008472385e-05,-27.568130191931893,-28.359412559016693
545,545,3.1016464641446143e-05,2.9081075282240482e-05,-28.091219184906663,-28.355008213676438
546,546,3.427227040878485e-05,2.7796115797460324e-05,-27.660761935902066,-28.55127169767701
547,547,3.493666253300184e-05,2.7543714072395998e-05,-27.573254738823145,-28.590887806643895
548,548,3.446971196194447e-05,2.8859951845860404e-05,-27.63311736825973,-28.388156799135757
549,549,3.1669011966102715e-05,2.8121377334556247e-05,-27.997764195512197,-28.50074694199153
550,550,0.00015856751562432224,2.8822222176179485e-05,-21.010193986198104,-28.393838204166375
551,551,3.508247747734074e-05,2.8770369537692442e-05,-27.565864513025602,-28.401658418600782
552,552,3.0490739827092913e-05,2.8590267256253067e-05,-28.167804214872763,-28.428930669543572
553,553,3.481246569639758e-05,2.7762573872199648e-05,-27.58933976545082,-28.556515548786358
554,554,3.610311281609591e-05,2.8190658141331943e-05,-27.437565280060127,-28.490060669683594
555,555,6.638377950723e-05,2.8544045084058062e-05,-24.79192003598587,-28.435957633860834
556,556,3.1382240316834777e-05,2.845742203230896e-05,-28.040812724360045,-28.44915727388519
557,557,0.2835667790193782,2.9645054239249714e-05,11.515976193987411,-28.271590327550598
558,558,3.36877219430705e-05,3.0220728747640113e-05,-27.738218733534413,-28.18806349253517
559,559,3.503249441452034e-05,2.923891363599595e-05,-27.57195765500349,-28.33150049541161
560,560,3.6250583997167906e-05,2.9404563639744946e-05,-27.415028598323254,-28.30696543124594
561,561,3.262265512528325e-05,2.7924977745753592e-05,-27.880977941572667,-28.531184463460217
562,562,598448079512818.8,2.8706692845796505e-05,164.75631035763047,-28.41128119543852
563,563,3.4112276826470914e-05,2.9103761670213363e-05,-27.685481100313517,-28.351621567214483
564,564,3.480752299587151e-05,2.8368817239472838e-05,-27.595929307958002,-28.462700525832332
565,565,3.368758554230582e-05,2.9189290360495523e-05,-27.736722818818418,-28.33887745326122
566,566,3.3227656167207556e-05,2.944859701720385e-05,-27.792184750581093,-28.300466729662244
567,567,3.596786120265888e-05,3.109996070729961e-05,-27.454874171127095,-28.06351441706169
568,568,3.365504395783178e-05,2.9458756288429294e-05,-27.74164059642444,-28.2989687450374
569,569,3.3327388543333766e-05,2.9473416553197528e-05,-27.790696309169093,-28.29680799924561
570,570,3.285540924949113e-05,3.052699642131828e-05,-27.848005585435082,-28.144272062562834
571,571,3.456985294966198e-05,3.021937728638142e-05,-27.62746964298726,-28.188257711971822
572,572,3.224309522320442e-05,2.7857406980489797e-05,-27.931491676830028,-28.541705930044756
573,573,3.3227340347516424e-05,2.9410801672431836e-05,-27.799176802431322,-28.306044194705237
574,574,3.592857266300701e-05,2.9290299943041693e-05,-27.458623093809756,-28.323874629979727
575,575,3.405357730707223e-05,3.0031727012675746e-05,-27.687459409014178,-28.215309744576913
576,576,3.5720356171407624e-05,2.8871348149550613e-05,-27.487519285832892,-28.38644218267244
577,577,3.3819761202468404e-05,2.8750505311779162e-05,-27.720417881478863,-28.404657998863406
578,578,3.345900704422918e-05,2.9639325499661745e-05,-27.765271742824893,-28.272429658251205
579,579,3.276218250771917e-05,2.7966435266678575e-05,-27.871639579512415,-28.52474169348797
580,580,3.568573259885336e-05,3.069871505239893e-05,-27.484691141920297,-28.119910843176545
581,581,3.70613891944456e-05,2.9720519322788613e-05,-27.31403652087224,-28.260548882132195
582,582,3.628646261615321e-05,2.959109509136301e-05,-27.414867905497374,-28.279502444365026
583,583,3.484004132259702e-05,3.1262694966771e-05,-27.593237130321533,-28.040848688490982
584,584,3.721947773227999e-05,2.8357809002811434e-05,-27.303203592608867,-28.46438608931962
585,585,3.0416653973270043e-05,3.119718255555582e-05,-28.181188519812487,-28.049959077511613
586,586,3.3893924560241845e-05,2.8685825830172307e-05,-27.709013677948484,-28.41443924821187
587,587,3.5699225674724186e-05,2.9771950003602176e-05,-27.48332580862668,-28.253040010271604
588,588,3.817117566044188e-05,3.006050232407257e-05,-27.189425803067408,-28.211150484703285
589,589,3.71197518351315e-05,2.8239360960326037e-05,-27.315492234619065,-28.482564173623253
590,590,3.316734609677613e-05,2.792612102846186e-05,-27.80734653278035,-28.53100666163271
591,591,3.108247404167376e-05,2.8576916544185032e-05,-28.083811945061147,-28.430959155223846
592,592,3.355363824272159e-05,2.941806954032999e-05,-27.749759732809256,-28.3049711178726
593,593,3.365563489498208e-05,2.831992179907454e-05,-27.73356667780665,-28.47019232246824
594,594,3.6021010488446936e-05,3.064717451419902e-05,-27.440066956397953,-28.12720840679797
595,595,3.686096550660933e-05,2.89351626059598e-05,-27.336246504495584,-28.37685354735088
596,596,3.80606551488265e-05,3.0414785071211792e-05,-27.198948967746986,-28.160265302024598
597,597,463214869176.74225,2.9365337468334474e-05,133.64325892156234,-28.312762858840106
598,598,3.836143170382897e-05,3.23422462698593e-05,-27.175558111971764,-27.89341102307639
599,599,3.557039949133543e-05,3.1740847206444746e-05,-27.497109066510244,-27.974927675468106
600,600,3.244663809344218e-05,2.9620453029852606e-05,-27.9014540486222,-28.27519585481099
601,601,3.637985035723985e-05,3.102980812591819e-05,-27.404448528349306,-28.07332191916741
602,602,3.3219667104801665e-05,3.067641515180616e-05,-27.797672464303954,-28.12306675475454
603,603,3.427588444069021e-05,3.1242695561224154e-05,-27.65628607364622,-28.043627850957886
604,604,3.378505941805791e-05,2.961910755211169e-05,-27.726573283710874,-28.275393132965235
605,605,3.511614413020146e-05,2.9794073318618375e-05,-27.552117927340426,-28.2498139986835
606,606,3.611317366523939e-05,2.9582459199828965e-05,-27.432274701478015,-28.280770078229885
607,607,3.4480454721149015e-05,3.053527119558758e-05,-27.644107528086188,-28.14309500544838
608,608,3.6453988596082293e-05,3.0237847113312455e-05,-27.39958943925683,-28.185604151790372
609,609,3.573759164920403e-05,3.147350817973922e-05,-27.478560848665303,-28.011661279907543
610,610,3.7562737605222754e-05,3.030875976898977e-05,-27.264128509152272,-28.17543116581303
611,611,3.5925574705935415e-05,2.9820078883571305e-05,-27.457897540371782,-28.246024940663872
612,612,3.3198700518753576e-05,2.9274016876450715e-05,-27.801918868373797,-28.32628963165146
613,613,3.51990865074748e-05,3.0674761307493194e-05,-27.54276487940048,-28.123300900373472
614,614,3.7975700683297694e-05,3.2120510312731645e-05,-27.21070636730335,-27.92328845541929
615,615,3.749782668238208e-05,2.9485871556588744e-05,-27.264053716103685,-28.294973126573716
616,616,3.441280733502786e-05,2.9212323313817922e-05,-27.64258554955788,-28.33545183385821
617,617,3.488673667458532e-05,3.084950807724932e-05,-27.586674429406372,-28.098630388175895
618,618,3.373052206051838e-05,2.8959214360886682e-05,-27.738877062347388,-28.373245063904633
619,619,3.5832580729173475e-05,3.3303342063032016e-05,-27.463614456529587,-27.766234639396053
