,epoch,train_loss,test_loss,train_dbs,test_dbs
0,0,0.0008229461478155836,0.0008026705013195935,-3.7546958774162027,-3.8604279939665758
1,1,0.0007857600816275886,0.0007697327773233777,-3.9587448839456494,-4.042401216544993
2,2,0.0007567121785316501,0.0007469996895739122,-4.118263988122112,-4.1725968071426385
3,3,0.0007376840317708239,0.0007311616025521959,-4.2282979896934005,-4.265667259974543
4,4,0.0007238395778539101,0.0007192553694997178,-4.310946478456296,-4.336969893138125
5,5,0.0007131591129606378,0.0007091691398895101,-4.376602384840843,-4.398302734137667
6,6,0.0007041709211933398,0.0007011438934377542,-4.430716832169893,-4.447729461215571
7,7,0.0006962690482002482,0.000694287162715275,-4.476716689872852,-4.490409667736661
8,8,0.0006901881994785184,0.0006881687624723112,-4.516068763980721,-4.528851469234599
9,9,0.0006852565368051766,0.0006835326233780698,-4.548351946427128,-4.5582085481669665
10,10,0.0006809829729465172,0.0006789154170914308,-4.577717813861017,-4.5876443112793455
11,11,0.0006764999233167042,0.0006753165415782286,-4.605434071679528,-4.6107271435202115
12,12,0.0006723719476194112,0.0006713270130077083,-4.630224683991155,-4.636459792768051
13,13,0.0006698606278958548,0.0006681666770753892,-4.650740254524232,-4.656952894202693
14,14,0.0006661718848074988,0.0006653445368436607,-4.672701570365895,-4.675335068222926
15,15,0.0006635142628285918,0.0006621866027432445,-4.690392922426337,-4.695997121263419
16,16,0.0006608866411981356,0.0006596204659313356,-4.707008902553214,-4.712859800904934
17,17,0.0006579649778678245,0.0006573803287832753,-4.723049724195127,-4.72763397787213
18,18,0.0006555001714660489,0.00065500062498215,-4.739871573108664,-4.7433838766971945
19,19,0.0006538505087481792,0.000653420853747153,-4.7531322183009586,-4.753871113028466
20,20,0.000651621726010302,0.0006515165227220246,-4.766736158933693,-4.76654667980957
21,21,0.0006498515710340256,0.0006496679331911238,-4.778732663789901,-4.778886709988493
22,22,0.0006483890309440184,0.0006479500076047292,-4.790112131961739,-4.790386027544629
23,23,0.000646251892867815,0.0006459167343564332,-4.802724990961902,-4.804035656987817
24,24,0.0006450428483412438,0.0006444529342269035,-4.811985372995346,-4.813888966578688
25,25,0.0006432047098174153,0.0006428531426201133,-4.823822284961754,-4.824683307368285
26,26,0.0006417844290893103,0.0006415585429701758,-4.832849437873482,-4.833438096521124
27,27,0.0006394874053699992,0.000639918272530562,-4.844565108770695,-4.8445559065536
28,28,0.0006390612238787653,0.0006388255156037447,-4.851884803716913,-4.851978478976702
29,29,0.0006381201536212232,0.0006374768931173572,-4.861193634149695,-4.861156547089587
30,30,0.0006365826012585888,0.0006359024586057977,-4.869779634559142,-4.871895979419756
31,31,0.0006351185369679762,0.0006347731748399766,-4.879498258502939,-4.879615366243786
32,32,0.0006336263091706662,0.0006332510873969449,-4.887388627057179,-4.890041578338571
33,33,0.0006330190052412758,0.0006319641895396145,-4.89424319582948,-4.8988763251383824
34,34,0.0006315321163466373,0.0006313578403358789,-4.902594471438534,-4.903045240542095
35,35,0.0006301444637128295,0.0006303577408145525,-4.911745852525016,-4.909930116989989
36,36,0.0006291487154589256,0.000629384012427181,-4.919402995684893,-4.916643952562073
37,37,0.0006283984157093561,0.0006278385377587064,-4.925673938206043,-4.927321321631291
38,38,0.0006272939463462873,0.0006272079894858363,-4.9328052001336,-4.931685202213841
39,39,0.0006261704436781787,0.0006262201043826185,-4.940874066688991,-4.938530958105474
40,40,0.000624880124454761,0.000625178024883529,-4.950787051460502,-4.945763979638514
41,41,0.0006242215245741314,0.000624147121255335,-4.9548168630811915,-4.952931302894584
42,42,0.0006228795469517714,0.0006227743303354241,-4.962930000320687,-4.962493986437196
43,43,0.0006218318390592779,0.0006218391721823105,-4.968725624322394,-4.969020255053276
44,44,0.0006206374004550432,0.0006210795223810955,-4.97677250252316,-4.974328916985363
45,45,0.000619971422003294,0.0006202759840035517,-4.984048024347662,-4.979951356815219
46,46,0.0006189034170394321,0.0006199593527095491,-4.991174847768787,-4.982168858973079
47,47,0.0006182376354135881,0.0006176472157484999,-4.995484660714709,-4.998396140201863
48,48,0.0006177284503979704,0.0006172898115198079,-5.0005352483688785,-5.000909931354547
49,49,0.0006165896523167792,0.0006161374407575318,-5.009390752644771,-5.0090250173129025
50,50,0.0006155939676712468,0.0006154944973164483,-5.015339540131269,-5.013559274754118
51,51,0.0006141241804274164,0.0006144239512076112,-5.0235882715404445,-5.021119652202961
52,52,0.0006135207536083061,0.0006133721203935382,-5.028256193280867,-5.028560699470725
53,53,0.0006126513147784263,0.0006128657290613965,-5.034519051100485,-5.032147654054329
54,54,0.0006120896120507692,0.0006118166278802642,-5.040647603830446,-5.039588260392591
55,55,0.0006109854793320074,0.0006110777674046787,-5.047556717619067,-5.044836188058728
56,56,0.0006100089630092849,0.0006104176190044535,-5.055378156173442,-5.0495304151275775
57,57,0.0006090835524127656,0.0006087006615033667,-5.06079927707745,-5.0617632833129
58,58,0.0006086388266808593,0.000608554563338035,-5.066095349026488,-5.062805786578108
59,59,0.0006077379983196937,0.0006073279165368723,-5.072187073733282,-5.071568576182209
60,60,0.0006068445197258567,0.0006063038354592496,-5.076607678206936,-5.078897864755284
61,61,0.000605648323490294,0.0006062515772339937,-5.086011391036081,-5.079272205732021
62,62,0.0006047720803648771,0.0006048035912068659,-5.091737069997483,-5.089657407950746
63,63,0.0006039852322050437,0.0006040997931880778,-5.096382007046206,-5.094714150026447
64,64,0.0006031601242096999,0.0006031160040660516,-5.102626051666018,-5.101792491489576
65,65,0.0006023623666140376,0.0006028205909962324,-5.109162379065491,-5.103920236334474
66,66,0.0006017723473595436,0.000601510842036652,-5.112708015472251,-5.11336642289864
67,67,0.0006006440956663993,0.0006008598138578236,-5.120776577299554,-5.118069431440521
68,68,0.0005995357113880749,0.000599775901431904,-5.127661557204332,-5.125910899211879
69,69,0.0005986756355904965,0.0005989675195642599,-5.134593408880837,-5.131768296740951
70,70,0.0005983432092387037,0.0005984858297252734,-5.139299084775165,-5.135262299250002
71,71,0.0005973838365723178,0.000597590893065851,-5.144115360872503,-5.141761315876022
72,72,0.0005969222162168511,0.0005966449787497128,-5.150151495266132,-5.148641120166886
73,73,0.0005956948662810412,0.0005958493658047365,-5.156040716759258,-5.154436206149155
74,74,0.0005951109840342603,0.0005946637308960291,-5.161990309624322,-5.163086507772299
75,75,0.0005942102444847834,0.0005944801347428246,-5.168774487617721,-5.164427553194519
76,76,0.0005934343237631483,0.000593702520219315,-5.172555003711911,-5.170112095775805
77,77,0.0005928489587212116,0.000592769598465805,-5.180474739145126,-5.176941802883385
78,78,0.0005922721003988738,0.0005921299973698823,-5.18402084947067,-5.181630390077335
79,79,0.0005907024048057568,0.0005912904590858441,-5.191920719162761,-5.187792306635069
80,80,0.0005904135867934098,0.0005900012604941271,-5.195416081882986,-5.1972716257137375
81,81,0.0005892492901562646,0.0005894353074070654,-5.202742061111715,-5.201439553490122
82,82,0.0005891003715565678,0.0005890886838498869,-5.207966279604836,-5.203994218539587
83,83,0.0005880946133852235,0.0005884672343534859,-5.213316575565039,-5.208578155624062
84,84,0.0005871486974899302,0.0005871959453399636,-5.220733760569473,-5.217970539909076
85,85,0.0005861288086588005,0.0005864876929033352,-5.226596328131348,-5.22321198917761
86,86,0.0005855279849822988,0.0005855310438691001,-5.230009010533703,-5.230301764723326
87,87,0.0005846236131547653,0.0005857424357121712,-5.237865166658483,-5.228734132337511
88,88,0.0005843281882728651,0.0005849376443381372,-5.240958654086424,-5.234705302665638
89,89,0.0005832884008228087,0.0005836262778182956,-5.248088484126184,-5.244452642483251
90,90,0.0005824129065959571,0.0005827271134445542,-5.253685605867365,-5.251148764021128
91,91,0.0005817086935120145,0.0005818255901287653,-5.2599411009583354,-5.257872833758209
92,92,0.0005806072137424166,0.0005810555793639077,-5.266510205703392,-5.263624263634819
93,93,0.000580390860067354,0.0005808413077734018,-5.271670505535766,-5.265226074801892
94,94,0.0005796560291536921,0.0005793502235687093,-5.276172366941221,-5.276389231594527
95,95,0.0005785071365439246,0.0005787485034057969,-5.282970226682826,-5.280902210735798
96,96,0.0005779196604241416,0.0005778063296977626,-5.287594979016519,-5.287978069505264
97,97,0.0005774189161194354,0.0005779822516304098,-5.29256081297675,-5.286655995097909
98,98,0.0005763848792262299,0.0005764706813926367,-5.299576875213326,-5.298028775566269
99,99,0.0005753827875374442,0.0005762299099986098,-5.30614948199103,-5.299843048763102
100,100,0.0005752124119137135,0.0005753675726928601,-5.311163755112194,-5.306347203366677
101,101,0.0005740953144886214,0.0005744615030523978,-5.314642688464745,-5.313191718518045
102,102,0.0005739099656942195,0.0005741989803745559,-5.321477521095687,-5.315176850835057
103,103,0.0005730307743807813,0.0005726221593488988,-5.326303849505777,-5.327119517013941
104,104,0.0005720351305406195,0.0005723486752494386,-5.331434790417014,-5.329194201083675
105,105,0.0005717212892348695,0.0005714435338679897,-5.337166677057914,-5.336067792042409
106,106,0.0005703508096612682,0.0005709808135993386,-5.345257417621316,-5.339585869554932
107,107,0.000569880365744502,0.0005705699318480727,-5.348365804302382,-5.34271220775246
108,108,0.0005691332200100434,0.0005700877487757488,-5.355353381163868,-5.346383939659553
109,109,0.0005684160134159797,0.000568774948509312,-5.360662952206004,-5.356396422559309
110,110,0.0005680628327326369,0.0005677693315144433,-5.362952607451752,-5.36408171970831
111,111,0.0005672517983895755,0.0005674905413271565,-5.37121270338298,-5.366214747489487
112,112,0.0005661253157292598,0.00056665637959285,-5.376610111129644,-5.3726031949977635
113,113,0.0005658225830855597,0.0005653655818222385,-5.3807677038142065,-5.382507359600458
114,114,0.0005645452297686302,0.000565656963245649,-5.387607149542857,-5.3802696438684805
115,115,0.0005646323378332267,0.0005645455982487061,-5.390538033513616,-5.388810764859797
116,116,0.0005636828982741715,0.0005634798527401136,-5.399543676084718,-5.397017096211729
117,117,0.0005629361623936554,0.0005625312884436234,-5.402981831661494,-5.404334187882993
118,118,0.0005620821881991302,0.0005623305884287937,-5.409457631689723,-5.405883940998029
119,119,0.0005614801169584322,0.0005616688561674796,-5.414330788111154,-5.410997585923225
120,120,0.0005612054734116362,0.0005614463558518573,-5.417892222859932,-5.41271834724008
121,121,0.0005597932223403423,0.0005602251468716483,-5.426157631499857,-5.42217502915853
122,122,0.0005591273092972019,0.0005599127310377202,-5.431791879359839,-5.424597596575063
123,123,0.0005583575099812264,0.0005588832642196825,-5.437462519337717,-5.432589972065392
