,epoch,train_loss,test_loss,train_dbs,test_dbs
0,0,0.0019780354605526806,0.0018519785831143196,-14.023628455314272,-14.31025186069065
1,1,0.001733622608523931,0.0016199674726905006,-14.599890202271004,-14.891548516847417
2,2,0.0015223288726176798,0.0014502527498591103,-15.163321938092274,-15.372174485040514
3,3,0.0013773240768302655,0.0013258131282207998,-15.598675929354313,-15.76178831027623
4,4,0.0012677362651957833,0.0012270286372911773,-15.958086811909705,-16.098064473933448
5,5,0.0011773382075918244,0.0011398075087192027,-16.282731065925297,-16.418296324681474
6,6,0.0011110183466033837,0.001068737017799561,-16.539484890047262,-16.69790293829834
7,7,0.0010383190519954125,0.0010031067435384582,-16.826103010696343,-16.97313996088203
8,8,0.0009676672682674966,0.0009479083758043615,-17.130045659433495,-17.21894785370839
9,9,0.0009200886034733165,0.0008947608906677679,-17.35380575437701,-17.46954152969636
10,10,0.0008685171391728535,0.0008494505554584688,-17.609862386154724,-17.69523041451805
11,11,0.0008223628014393305,0.0008055299250899177,-17.840370601970296,-17.925794672127203
12,12,0.0007853975817177099,0.0007663574069738388,-18.036872527661842,-18.14229786832891
13,13,0.0007477459622566233,0.0007284261856081063,-18.246411287110057,-18.36275596613531
14,14,0.0007095290533958253,0.0006956408308867953,-18.47780020936931,-18.562760809722832
15,15,0.000684664553492186,0.0006644695960475426,-18.631825018340646,-18.761860322804022
16,16,0.000656387510651857,0.0006394158730185346,-18.818348738829247,-18.928777330170433
17,17,0.0006223196276588385,0.0006124663019650861,-19.056021171383506,-19.115789474077204
18,18,0.0005991380246471345,0.0005876715907728986,-19.21521076051106,-19.295264495678936
19,19,0.0005760596994281814,0.0005638089956176516,-19.38737812072791,-19.47529145326595
20,20,0.0005537369978594949,0.000544104714399988,-19.556828088778087,-19.629786572501878
21,21,0.000527381638638656,0.0005244172919590614,-19.76668225425464,-19.789841425866353
22,22,0.0005079531710902133,0.0005049132925801372,-19.927744251726786,-19.95444341837919
23,23,0.0004942875419090473,0.00048671548536635543,-20.052335445059832,-20.113859821204976
24,24,0.00047632795278482214,0.00047039394695801953,-20.216479893310474,-20.2619942152973
25,25,0.00046186535631200854,0.0004537521990163154,-20.342126482153745,-20.41842403352899
26,26,0.00044180564408324965,0.0004393220419603351,-20.52625110872125,-20.55878152594496
27,27,0.0004246510213034554,0.0004258835335923849,-20.708888095669803,-20.69370297331762
28,28,0.0004191620166763932,0.00041461699201088205,-20.762541737517587,-20.810140495559246
29,29,0.0004119711325590297,0.0004034911659178569,-20.841968834552382,-20.928271154519962
30,30,0.0003921533139667368,0.0003963054102649422,-21.05395826389218,-21.006311448635202
31,31,0.0003848215967138327,0.0003863251400425246,-21.139029317444976,-21.117081754169998
32,32,0.00038107225645007085,0.0003784949137633176,-21.184477257871485,-21.206010983198993
33,33,0.00037420037551783025,0.00037480379902071466,-21.25186325341991,-21.248571618628564
34,34,0.0003674793385386889,0.0003686683745687141,-21.344220978123616,-21.32025261943856
35,35,0.0003615489227159582,0.00036081057777138134,-21.405409229780297,-21.41381884988016
36,36,0.00035629701409392903,0.00035641430325708106,-21.46912686089933,-21.46706021740748
37,37,0.0003576737422899333,0.00035197820704381327,-21.453347887223615,-21.52145371431217
38,38,0.0003513631665330265,0.0003484463193576391,-21.528922898503275,-21.565252646979914
39,39,0.00034550642660703776,0.0003441544693870176,-21.60586530339543,-21.619077321974633
40,40,0.00034200517639527387,0.0003412141522858292,-21.651382181544264,-21.65634110342136
41,41,0.0003360629333159166,0.00033740260282923514,-21.7211832622149,-21.705127175711443
42,42,0.00033450140479769673,0.00033504830820387915,-21.749850324633524,-21.735537167739025
43,43,0.00032722194452251585,0.00033378901456384674,-21.841186392587822,-21.751891067457237
44,44,0.0003289534967181455,0.0003325443249195814,-21.8152630139701,-21.76811605398832
45,45,0.0003251484400213494,0.00033127738922638327,-21.861901827547534,-21.784693512568882
46,46,0.00032542604885841766,0.00032778406564734484,-21.858542504025444,-21.830733084470005
47,47,0.0003282321912846192,0.00032695518396059543,-21.832773759437075,-21.841729185138558
48,48,0.0003243848542231567,0.00032314232942697247,-21.883047622555832,-21.89267294780681
49,49,0.0003217585857707969,0.000322077309982361,-21.915605366317386,-21.907010158261457
50,50,0.0003185894339676639,0.00032170494025769204,-21.951267674249742,-21.912034159299875
51,51,0.00031638734244271037,0.0003205240293602018,-21.989686700518256,-21.928005524301206
52,52,0.0003163351991799535,0.00031675539273572594,-21.98932017347705,-21.979371286727538
53,53,0.00031646624622751294,0.00031642057767481004,-21.985466419676904,-21.98396427047177
54,54,0.00031475410268632406,0.0003134360227513274,-22.017162237876242,-22.025122382794542
55,55,0.00031439137744678896,0.0003148733215455554,-22.020718046694903,-22.005252806456976
56,56,0.0003127152089404,0.00031268262874188,-22.042529314482444,-22.035573916801212
57,57,0.0003083529660103785,0.00031092542830217436,-22.096390757413232,-22.06004904876043
58,58,0.00030724602102148393,0.00030940730663898746,-22.108556215126832,-22.08130580792475
59,59,0.0003034072563882687,0.00030869150711958736,-22.174909193942995,-22.09136465008639
60,60,0.00030623855112485356,0.0003065966425071421,-22.135147715043956,-22.12093751468612
61,61,0.0003041560202356927,0.0003051963454038885,-22.16574888957345,-22.140818172979504
62,62,0.00030465780627750554,0.0003035261409087597,-22.148900542757552,-22.16465045887208
63,63,0.0003001956318951567,0.00030418303887065694,-22.21561031083514,-22.155261518219834
64,64,0.0003044647797726133,0.00030179907518782114,-22.149758399521065,-22.18943241500991
65,65,0.000299208215737869,0.00030089234688172216,-22.231651364998257,-22.2025000440687
66,66,0.0002998600332258442,0.00030003427558480516,-22.222599914894413,-22.21490275244182
67,67,0.0002986307228320115,0.0002984812354521924,-22.23884397694587,-22.2374411248351
68,68,0.0002977890231029716,0.00029773990727814014,-22.246658102807494,-22.248240973351336
69,69,0.00030268923233661645,0.0002998273350960134,-22.180770092957086,-22.217899214103298
70,70,0.0003020246774222241,0.0003001160343716803,-22.196122775675544,-22.21371946920035
71,71,0.00029759928398074333,0.00029888107766103193,-22.253627605062192,-22.23162725653266
72,72,0.00030017524661217845,0.00029969163312527696,-22.218352687347313,-22.21986527760436
73,73,0.0002957444803635638,0.00029791729052943225,-22.278375607586618,-22.245654365826773
74,74,0.00030209469673771064,0.0002987456437518918,-22.194009755699376,-22.233595649119593
75,75,0.0002986973592022568,0.00029634737783405736,-22.238510000642183,-22.268600572898194
76,76,0.0003004563110040443,0.00029841979879787877,-22.20800489702434,-22.238335128983806
77,77,0.0002969061429540329,0.00029616481869628553,-22.2624132717611,-22.27127678544296
78,78,0.0002966719264279782,0.00029574211772629306,-22.26837530946255,-22.277479677102914
79,79,0.00029597956880437424,0.000294818322321302,-22.274905064010984,-22.291066756318713
80,80,0.0002991047135155802,0.0002947118620412718,-22.227880136185817,-22.2926352972989
81,81,0.0002969855865098766,0.00029309240237221514,-22.267611166475692,-22.31656585446106
82,82,0.0002989098045629324,0.00029136520491814926,-22.243825915665077,-22.34223459408435
83,83,0.0002903357549023229,0.0002875992412507338,-22.374647056757162,-22.39873410171494
84,84,0.00029154417504671695,0.0002888322526000832,-22.34211680100964,-22.38015458801476
85,85,0.0002827209140865382,0.00028447913140744756,-22.47179138792147,-22.446107328483027
86,86,0.00028550771521716425,0.0002827352712445549,-22.42659212746367,-22.472811559849845
87,87,0.00028437441535961346,0.0002813977633578409,-22.45407911425785,-22.49340504923897
88,88,0.000278767978726915,0.00027600297471508384,-22.535641292427897,-22.57747383275081
89,89,0.00027669919069649976,0.0002761920531108779,-22.573402076539395,-22.57449967677288
90,90,0.00027415043189545573,0.00027135640649296537,-22.612493412846288,-22.65121066762399
91,91,0.0002712069585446518,0.0002695132432946641,-22.64883621227474,-22.68081035787215
92,92,0.0002714411657694823,0.00026826779082368473,-22.65626241695523,-22.70092613244664
93,93,0.0002701833379723746,0.0002656484736546286,-22.67783706405369,-22.74353821208166
94,94,0.00026291669628429273,0.0002651802343806546,-22.79024245481554,-22.751199959932187
95,95,0.00025967593915693306,0.0002602009595935478,-22.842539584826234,-22.83352252260158
96,96,0.00025981168737322977,0.0002593982774813316,-22.839664603903426,-22.8469405826944
97,97,0.0002586315039451685,0.0002563124680340192,-22.86671234377089,-22.898914136521007
98,98,0.0002543411779303833,0.00025615639567963387,-22.932461866485838,-22.901559423647004
99,99,0.0002536989806085518,0.00025357411619839504,-22.944816470345533,-22.94556225640932
100,100,0.0002571036281561018,0.00025349417027380124,-22.886607641177157,-22.946931700135767
101,101,0.0002540791265908917,0.00025530143236545354,-22.93956351695527,-22.916078947058992
102,102,0.0002583090010994431,0.00025541014129933163,-22.87058065602633,-22.914230087809884
103,103,0.00025653844662058676,0.00025647278801587065,-22.90840429844269,-22.896198532478028
104,104,0.0002577970918752829,0.00025602704676873004,-22.877685782503214,-22.903752993949528
105,105,0.000263280994030791,0.0002526651254524232,-22.799665034267488,-22.96115844322597
106,106,0.00025836784514411324,0.00025320615953349163,-22.868939184467102,-22.951868799299028
107,107,0.000256157321309354,0.00025506732191914985,-22.901425837044663,-22.920063238074583
108,108,0.00026135556816877126,0.00025429678575356344,-22.818479282543287,-22.933202752816285
109,109,0.0002599526520760864,0.0002549236876228334,-22.840731149653376,-22.92250953939302
110,110,0.00026045647718626815,0.00025444244200020636,-22.833693027312076,-22.93071591073888
111,111,0.00025740032565549554,0.00025368284427953,-22.881560427398945,-22.943700477860496
112,112,0.00025716212790545805,0.0002533009882379127,-22.89118577070265,-22.95024261954151
113,113,0.00025597256494292353,0.0002499074402485827,-22.91017948810989,-23.008819599790105
114,114,0.0002588070573503651,0.00024962583694631527,-22.860255153986998,-23.013716121355294
115,115,0.0002550089720711016,0.0002505603977050142,-22.931331285991277,-22.997487164031234
116,116,0.0002574140064060669,0.0002494186291618175,-22.881196840385098,-23.017322581648823
117,117,0.00025187864717811386,0.00024305486448084643,-22.97941002459074,-23.129568286877003
118,118,0.00024268421126630389,0.0002445834091447882,-23.133510936622613,-23.10234151970052
119,119,0.0002506483486042233,0.00024304590969174904,-23.00780327352012,-23.129728295488334
120,120,0.0002464743264465948,0.0002448671301336665,-23.07719148156634,-23.097306548287357
121,121,0.000246431289082297,0.00024330932616354212,-23.066383400254086,-23.125023901543557
122,122,0.00024295533234949617,0.00023802004809687403,-23.132478624816653,-23.2204760750469
123,123,0.0002411347240828861,0.00023837135124363398,-23.175253246083543,-23.21407087772471
124,124,0.00024418658789933763,0.00024048739348807814,-23.118816892182398,-23.175688308248013
125,125,0.00024249412064781392,0.00023885697546096422,-23.148479398152624,-23.20523217394875
126,126,0.00024485983525777293,0.0002418181439248943,-23.10185447323054,-23.151722627024647
127,127,0.00024032578881609147,0.00023790052479231045,-23.18101918246486,-23.22265746058386
128,128,0.0002429706553662119,0.00023672299453449485,-23.138500652309517,-23.24420700129044
129,129,0.0002413240790045484,0.0002364486549355972,-23.168388361238694,-23.249242982945407
130,130,0.00023872051709067536,0.00023296037321224024,-23.20602262452972,-23.31379092729291
131,131,0.00023936381570745222,0.00023230660697567816,-23.19973992893268,-23.32599584481116
132,132,0.00023827592097582854,0.00023284826602321118,-23.219452077135557,-23.31588137948362
133,133,0.00023903740094686598,0.00023375153939827884,-23.202971317386485,-23.299066664692695
134,134,0.0002365527994397874,0.00023468843688820735,-23.24685864860055,-23.28169453707236
135,135,0.00023846988525414437,0.00023380753363629706,-23.218727566854753,-23.29802645437026
136,136,0.00023977675990647992,0.00023411321269936467,-23.197552896595624,-23.292352213582767
137,137,0.00023674963149554145,0.0002339960575275319,-23.241527475958158,-23.294526058407122
138,138,0.0002368767292733237,0.00023081695728347098,-23.248346488683072,-23.353934344267874
139,139,0.00023499994056260925,0.00022960874163178042,-23.280248795098522,-23.376727276814332
140,140,0.00023285475152679094,0.0002288961741693416,-23.31745202817729,-23.39022612297288
141,141,0.00023489634442796028,0.00022942942297576288,-23.283474011107824,-23.380120332676633
142,142,0.00023111649179835948,0.00022997224770829474,-23.356340703304173,-23.369857161655034
143,143,0.00023629487964406263,0.0002304784536949898,-23.258162847749823,-23.36030814567454
144,144,0.00022981633352999066,0.00022994812752585858,-23.370855784327738,-23.370312686685374
145,145,0.00023498811435612092,0.00023030477275728787,-23.287463922593762,-23.363582078929817
146,146,0.00023332986315789144,0.00023098314321894002,-23.316421793950724,-23.350808591900943
147,147,0.00023555123792077924,0.0002319631358228722,-23.266029655750508,-23.332421749401515
148,148,0.00023415091086884712,0.00022910778735470223,-23.295003162897462,-23.38621295046957
149,149,0.0002335758271300685,0.00022819956862612774,-23.310431010712026,-23.40346327000222
150,150,0.0002379010982941068,0.0002310993012016345,-23.22982163335289,-23.34862513859797
151,151,0.0002331820301010667,0.00022871188335365762,-23.319272837414363,-23.393724159658564
152,152,0.00023161953035502012,0.0002296182333099607,-23.347251598684842,-23.376547749753286
153,153,0.00023095584990571915,0.00022944441527789948,-23.356946155444923,-23.3798365477428
154,154,0.00023182164430594283,0.00022751902533376493,-23.33884274722399,-23.416434275363443
155,155,0.00022964371616121613,0.000227589951368588,-23.385599950909125,-23.415080630967353
156,156,0.0002298371450190634,0.0002283566090658209,-23.373843920277416,-23.400475607041272
157,157,0.00022803626434887117,0.00022677570354732635,-23.413000249586506,-23.43064623150952
158,158,0.0002297273700211927,0.00022591546478093063,-23.369347232608465,-23.447151850580397
159,159,0.0002284156129762684,0.00022650568510136125,-23.403427280121996,-23.43582039210391
160,160,0.0002285815700684607,0.0002274472491607364,-23.3987866408618,-23.417804574565146
161,161,0.00022773712107758087,0.00022686418761670786,-23.414751878004093,-23.42895201791391
162,162,0.00022553559002639324,0.00022570767645160422,-23.466275931871813,-23.45114816179473
163,163,0.00023002853435848255,0.0002251175204659567,-23.374383133304946,-23.46251849496082
164,164,0.00022741626814900678,0.00022354928124083303,-23.424751720059636,-23.49287868264834
165,165,0.00022727786488326978,0.0002215908446631051,-23.422807423668928,-23.531093331799504
166,166,0.0002281479147435694,0.0002227110296524571,-23.406759119860517,-23.509194203368253
167,167,0.00022272546712630764,0.00022297291281191925,-23.507305846873678,-23.504090388161508
168,168,0.0002277025743807695,0.0002213060881905748,-23.426334453726334,-23.53667784469959
169,169,0.0002278943122160554,0.00022369325712421224,-23.42242520203007,-23.49008252939926
170,170,0.00022770943433363182,0.00022261624230611088,-23.41440636770965,-23.511042984015035
171,171,0.00022673129944788466,0.00022255765093416957,-23.43050227225752,-23.512186173678874
172,172,0.0002239483122692261,0.00022202017900877093,-23.477171091770316,-23.52268697643496
173,173,0.00022479238216021127,0.00022315970196168085,-23.474336701677338,-23.500453733988525
174,174,0.00022796075476079066,0.0002196962978862422,-23.41259152233501,-23.56838407457439
175,175,0.0002258898573027463,0.00022028445106882013,-23.449452504205695,-23.55677302866102
176,176,0.0002278169476338326,0.00021977334338436392,-23.41001561725916,-23.566861310228905
177,177,0.00022571480856397065,0.00022219464038866326,-23.463341822643727,-23.519275671130437
178,178,0.00022508856944245353,0.0002228663039491757,-23.466714612633282,-23.50616735402513
179,179,0.00022598380896805297,0.00022203068089622416,-23.450996624200453,-23.52248155348984
180,180,0.0002277222941761606,0.00022101106342712514,-23.4164767278153,-23.542471318695483
181,181,0.00022992879208105318,0.00022303647021640485,-23.379312488843308,-23.502852628092352
182,182,0.00022897029748023248,0.00022234999586975105,-23.40338793374109,-23.516240204029337
183,183,0.0002201104162503322,0.00022349077411682198,-23.5624280951463,-23.494015463165006
184,184,0.00022481397990276557,0.00022052246372607586,-23.472181855244987,-23.552083102516697
185,185,0.0002235275749945245,0.00022226750106232144,-23.489265920538752,-23.517851793330735
186,186,0.00022739567748899812,0.00022189318214690216,-23.430643578361572,-23.525171877438606
187,187,0.00022454174327275227,0.00022184254377957826,-23.476918868175108,-23.526163096414763
188,188,0.00022542470803282695,0.0002216408534686228,-23.45190005357068,-23.530113322992975
189,189,0.00022820291333212566,0.00022299601665796027,-23.403243082144822,-23.503640407358258
190,190,0.00022747321099345332,0.00022076557108544206,-23.421247634220947,-23.54729801037574
191,191,0.00022654347457759774,0.00022333087001338994,-23.440317876878378,-23.49712388343207
192,192,0.00022637540925793428,0.00022265728177061597,-23.44330711118744,-23.51024243280048
193,193,0.00022588718680127226,0.0002218624653515259,-23.444354295772634,-23.525773115296886
194,194,0.00022767775976483126,0.00022259018365538826,-23.414984241605744,-23.51155138315609
195,195,0.0002236875041433581,0.00022328651883933497,-23.491264927262772,-23.497986432481976
196,196,0.00023250408517436807,0.00022166904282609098,-23.32369679774445,-23.529561001354516
197,197,0.00022405776262436944,0.00022145280979059048,-23.479975659095878,-23.533799511417715
198,198,0.00022479980018652362,0.00022259826839313303,-23.469723119836914,-23.511393645147642
199,199,0.0002251663387779473,0.00022108659782373396,-23.459851434677475,-23.54098729492266
200,200,0.00022365039690954553,0.00022202473605590823,-23.487777496296513,-23.522597836784517
201,201,0.00022585164847394894,0.0002223484480055049,-23.45792689733495,-23.516270437051745
202,202,0.00022581164135847278,0.00022047856672495407,-23.448336518417236,-23.55294769121858
203,203,0.00022535362222697586,0.00022153828697475163,-23.459942855812063,-23.53212352875614
204,204,0.00022962004829620578,0.00022172722904207674,-23.39103146249947,-23.52842116530835
205,205,0.00022717780906457416,0.0002218233880979058,-23.41915936666604,-23.52653811763027
206,206,0.00023074905068815214,0.00022274570993000738,-23.359051496318763,-23.508517978187978
207,207,0.00022078421238099332,0.0002221074698211037,-23.552689541202803,-23.52097981324866
208,208,0.00022268998070581596,0.0002228926406180682,-23.508827517083937,-23.50565416768869
209,209,0.0002242228440513124,0.00022421155651835236,-23.48582226546856,-23.480031524790146
210,210,0.00022249107912768485,0.0002235743273846119,-23.515058002098375,-23.492392132538356
211,211,0.00022790398263881347,0.00022248430315429638,-23.406114146402714,-23.51361770327084
212,212,0.00023079296116736362,0.00022209550201966378,-23.36060286416231,-23.521213830148888
213,213,0.00022422629105498456,0.00022270832759156627,-23.484655414692067,-23.50924689484273
214,214,0.0002243348621444047,0.00022266330549763026,-23.475655262993364,-23.510124941201052
215,215,0.00022469772300178897,0.0002218884880054056,-23.479215495005658,-23.525263753236388
216,216,0.0002234461264247939,0.00022141458803640775,-23.49193933251413,-23.53454914876076
217,217,0.00022501067499049277,0.00022167704101823467,-23.464267967343346,-23.52940430342303
218,218,0.0002252607273007503,0.00022162363702112712,-23.466017642185392,-23.53045068401826
219,219,0.00022216531335251386,0.00022104990095708912,-23.525946981052467,-23.54170821467335
220,220,0.0002248482295604826,0.00022134069264498785,-23.47190584615234,-23.535998814633988
221,221,0.00022486454450774976,0.00022014913051144073,-23.473093897730188,-23.559441715866765
222,222,0.000221743683910391,0.00022184892364557048,-23.525734699629016,-23.526038201491183
223,223,0.00022463196154669427,0.00022223883991644375,-23.478008105532453,-23.518411847321843
224,224,0.00022199271533628637,0.0002211873790273737,-23.52577467981819,-23.539008036649793
225,225,0.00022522758208839318,0.0002209975569521224,-23.463182146985222,-23.542736733770894
226,226,0.00022400388678358197,0.000221836383724095,-23.485528248841575,-23.526283691644284
227,227,0.00022554172898436292,0.0002230660825980043,-23.462216376996288,-23.502276056904297
228,228,0.00022461842976572932,0.00022294002778117398,-23.47214370855155,-23.50473095209745
229,229,0.00022367486272957752,0.00022257986328393025,-23.497382337568865,-23.511752748023603
230,230,0.00022730255723311615,0.0002213172418506522,-23.42468430219086,-23.536458969068917
231,231,0.00022766548064873392,0.0002216471169192932,-23.417611214868096,-23.529990595454862
232,232,0.0002235119609395042,0.00022255024247753777,-23.50119935324215,-23.512330743203815
233,233,0.00022397726187938535,0.00022229567969732575,-23.49373077901833,-23.517301238258433
234,234,0.000218819411736721,0.00022160063350671217,-23.59173089350979,-23.530901485115944
235,235,0.00022290828328738085,0.0002207601485822938,-23.50616710301488,-23.547404684260886
236,236,0.00022126703337675018,0.00022128257918857823,-23.53095136185231,-23.537139213487556
237,237,0.00022462066160947006,0.00022188689189007213,-23.478809922669726,-23.52529499354909
238,238,0.00022387197217183937,0.00022124687721340082,-23.488637004576876,-23.53783996552211
239,239,0.00022175637198031218,0.0002215183776570484,-23.534587792319762,-23.532513840312788
240,240,0.00022101676293778395,0.00022134664897365789,-23.544589591503975,-23.53588194656794
241,241,0.00022640656940903055,0.00022081210581267156,-23.444768501235686,-23.546382666309007
242,242,0.00022574327241019681,0.0002201151357056867,-23.457324283003107,-23.56011239289938
243,243,0.0002211635833613325,0.0002211929792170658,-23.541611130895355,-23.53889808007348
244,244,0.0002240463317199082,0.00022171586935751533,-23.49159923433563,-23.52864367179634
245,245,0.00022491167651095725,0.00022044289385360715,-23.481385364415374,-23.55365042549661
246,246,0.00022674200665709782,0.00021909244012357178,-23.429878809979414,-23.58033753814468
247,247,0.00021902836943837363,0.0002210881633034564,-23.580411711372832,-23.54095654331652
248,248,0.00022679010073692758,0.00022024171745502636,-23.428087378523678,-23.55761561073885
249,249,0.00022408196741004581,0.00022168373719691053,-23.48482114662373,-23.529273118456207
250,250,0.00022238152075832536,0.00022122270954576763,-23.516692787131994,-23.538314388398533
251,251,0.00022169776091630542,0.00022051288243873338,-23.536369528451864,-23.55227179942089
252,252,0.00022708547581227247,0.0002204651690063704,-23.425477574183752,-23.553211604946398
253,253,0.00022524350323383072,0.00022275836779858525,-23.466235268679114,-23.508271190661112
254,254,0.00022708525513322813,0.00022132492985723443,-23.4272387675728,-23.536308108665224
255,255,0.00022529861388713622,0.00022169382856717626,-23.464475095533537,-23.52907542571032
256,256,0.00022371461811192218,0.0002214040662358074,-23.492234751204823,-23.534755533920787
257,257,0.00022307873107060868,0.00022247223808479153,-23.506569923458812,-23.513853222591283
258,258,0.00022305385539663438,0.00022103217595845068,-23.50508022455486,-23.542056469873298
259,259,0.00022258499658848975,0.00021863742471108898,-23.518359197133407,-23.589366428785816
