,epoch,train_loss,test_loss,train_dbs,test_dbs
0,0,0.0005218895682080928,0.0004919962007797471,-5.732623883526308,-5.986183529168709
1,1,0.00046690121909949124,0.00044707059216881663,-6.219394424040104,-6.4020399867719195
2,2,0.0004273943216587926,0.0004132569470369306,-6.599283745248096,-6.74359939060307
3,3,0.00039648334315699554,0.0003859566120234759,-6.924752349095241,-7.040416165981744
4,4,0.00037176984502722694,0.0003631611716149277,-7.204628130756178,-7.3048069352189255
5,5,0.0003494568470356621,0.00034174465690739453,-7.4745312042379455,-7.568783688457326
6,6,0.00032976913156669547,0.0003234379033337494,-7.725397695310586,-7.80789189005039
7,7,0.0003121973809872552,0.0003064568307691891,-7.960195030945182,-8.04210796050215
8,8,0.0002955346036409556,0.0002904729442793484,-8.199660670568804,-8.274744152312156
9,9,0.00028059541904271494,0.0002761113681021686,-8.42607805173872,-8.494958142021662
10,10,0.0002672900771302142,0.0002630463844214223,-8.639251981726302,-8.705477652659981
11,11,0.00025534254862427636,0.00025090837459030907,-8.83687970026185,-8.910649450119568
12,12,0.00024371126008978516,0.00024077462378619728,-9.037564589427742,-9.089693891111931
13,13,0.00023420405566341906,0.0002310924549084647,-9.214640662679033,-9.267943359119242
14,14,0.0002248143000449006,0.00022281762932451735,-9.390325242768096,-9.42630552824403
15,15,0.0002164632632857976,0.00021491985841605224,-9.555053537348254,-9.583035562584364
16,16,0.0002096170387302823,0.00020875619176015454,-9.694012822301247,-9.709407364244388
17,17,0.0002031054125124224,0.00020249981638411745,-9.827862530610593,-9.841554682964853
18,18,0.00019747468813312882,0.0001972245311327769,-9.950485303121237,-9.956191697790151
19,19,0.0001923507969099164,0.00019214634850964343,-10.066976978896843,-10.069479663731325
20,20,0.00018770428831669858,0.00018800141314338696,-10.171949770938921,-10.1641898833111
21,21,0.00018328260876401568,0.00018419591115640573,-10.275661817906894,-10.2530011670165
22,22,0.00018022211356155728,0.00018084244373695632,-10.350387937134432,-10.33279734998105
23,23,0.00017657894962203218,0.000176657510516969,-10.43735398150995,-10.43447996048856
24,24,0.000172684444852663,0.00017390983013779317,-10.535338830713805,-10.502559711485572
25,25,0.0001696955213700085,0.0001700946044078783,-10.610610638334705,-10.59889564530863
26,26,0.00016635351636706247,0.00016680373243472882,-10.696421344814448,-10.683743377792325
27,27,0.00016265600522471227,0.0001631449306028356,-10.790184044240226,-10.780065185374726
28,28,0.0001599624348395101,0.00016072940534764998,-10.867129411196824,-10.844847641071368
29,29,0.000157410758829522,0.000158422810368632,-10.939874119647378,-10.907623887889656
30,30,0.000154794244960997,0.0001561190338658267,-11.010779178241226,-10.971242470429194
31,31,0.00015233679560250747,0.00015379570877963774,-11.079997983765127,-11.036358841380576
32,32,0.00015013666371046806,0.0001514478146993114,-11.140853033754059,-11.1031709094614
33,33,0.00014815618585286298,0.0001499342845483242,-11.201212797331461,-11.146791504073462
34,34,0.00014624967628048215,0.00014834481637655315,-11.255599750352438,-11.193077267175093
35,35,0.0001442892427109758,0.00014612214688799883,-11.313807561997038,-11.258640576287798
36,36,0.00014261532862629915,0.00014454360337511294,-11.365274068015115,-11.305812248654298
37,37,0.00014118169906630765,0.0001430790641614677,-11.410240711109761,-11.35004011160235
38,38,0.0001396307392140668,0.00014142186754677248,-11.457705792353348,-11.400635340300623
39,39,0.00013845798048819655,0.00014018207960026828,-11.494619781709844,-11.438876036013813
40,40,0.0001377714552572141,0.00013956218332934536,-11.51716170627994,-11.458123470627854
41,41,0.00013627536512656886,0.00013848849783627023,-11.564030720353164,-11.491663974873358
42,42,0.00013529215687309805,0.00013670853360580573,-11.594244500204006,-11.54784477153843
43,43,0.00013414765489119652,0.00013582394412400104,-11.629624325385075,-11.576037644771745
44,44,0.0001333924424450499,0.00013534974584074102,-11.6538396881345,-11.59122657461904
45,45,0.0001329057575407505,0.00013507788887517038,-11.672326781060761,-11.599958376005448
46,46,0.00013191545807898102,0.00013367174228494006,-11.704446753693476,-11.64540493345412
47,47,0.00013093128099799943,0.00013340815616845104,-11.736604884947948,-11.65397720218169
48,48,0.00013079242249734737,0.00013181109840699814,-11.742685449889827,-11.706281229479325
49,49,0.00013021872786639412,0.00013117609380156194,-11.76261859013577,-11.727254078366776
50,50,0.00012960266585932258,0.00013095221258577352,-11.782143746169822,-11.734672613327838
51,51,0.00012897743314526226,0.00013119844898985895,-11.801012951736077,-11.726514011526486
52,52,0.00012884948205517258,0.00013039466744215277,-11.805722004205636,-11.753202709926033
53,53,0.00012868723367609697,0.00012999921646520592,-11.811298098034843,-11.766393673293255
54,54,0.0001282010409865797,0.00012934461694002444,-11.829882177595312,-11.788317430772741
55,55,0.00012762421529353645,0.00012982666981100154,-11.848534758806178,-11.772161849196099
56,56,0.0001272038652197957,0.00012865866186697721,-11.863737238731266,-11.811410719073407
57,57,0.00012637253470548437,0.00012793367089838475,-11.891041033549243,-11.83595240444366
58,58,0.00012617425188378998,0.0001283654109054049,-11.899984502210952,-11.821320867046154
59,59,0.00012577799850649958,0.00012813138968531827,-11.91330418915576,-11.82924565616624
60,60,0.00012531922492570695,0.00012705477542783084,-11.927205019072723,-11.865891091480702
61,61,0.00012507836124979766,0.0001272568375785149,-11.936394759080475,-11.858989755401495
62,62,0.00012495271513807425,0.00012657540278987174,-11.940197430218317,-11.882307839740477
63,63,0.0001244009736464503,0.00012657103644941295,-11.958407412480119,-11.882457656389942
64,64,0.00012392366490117994,0.00012631882418645546,-11.975409784340076,-11.891120275769893
65,65,0.00012408054609886209,0.00012507908793754483,-11.970703726131894,-11.933953962960292
66,66,0.0001232186935424382,0.00012592031309491416,-12.000264289475187,-11.904843071835419
67,67,0.0001229959162469406,0.00012492088449346883,-12.008041779616995,-11.939450514922555
68,68,0.00012187289986783427,0.00012381695092986584,-12.04674067764888,-11.977999970182495
69,69,0.00012157435495029539,0.00012363257241974535,-12.058089508682352,-11.984471963602568
70,70,0.0001215513362957299,0.00012324588284460142,-12.061205372463139,-11.998076819145819
71,71,0.00012111589288550247,0.00012328867811256235,-12.074638685864977,-11.996569059029628
72,72,0.00012066722943533942,0.00012144931794242247,-12.093435509823491,-12.061850218960053
73,73,0.00011950648271541121,0.00012091309824762375,-12.13236464485245,-12.081067524859288
74,74,0.00011887762282396542,0.00011927249962402704,-12.15696885137272,-12.140397810838031
75,75,0.00011767679555389608,0.00011951350461458787,-12.201267501032149,-12.131631202142856
76,76,0.00011701821960141576,0.0001178013454160751,-12.223746761621719,-12.194298514704439
77,77,0.00011636821007639285,0.0001172246955224852,-12.25157181075666,-12.215609886696628
78,78,0.00011611690652645529,0.00011655291861021204,-12.260279029077331,-12.240569488597588
79,79,0.00011468545382796816,0.00011630630270749527,-12.310524733391297,-12.249768520110072
80,80,0.00011463558854002352,0.00011582936368588554,-12.313784862582011,-12.267614315197136
81,81,0.00011431011507832493,0.00011586177960883728,-12.32488612167366,-12.266399071804106
82,82,0.00011371438787258758,0.00011471003840836745,-12.351705067307533,-12.309786768749813
83,83,0.00011322272756345781,0.00011412534858161387,-12.368452461485145,-12.33197985010003
84,84,0.00011286478930395384,0.00011421457020333037,-12.38263002676808,-12.328585922296593
85,85,0.00011232295751658067,0.0001127689940499534,-12.401841704948264,-12.383903957035713
86,86,0.00011238390738840608,0.00011326843684257351,-12.398444301520378,-12.36471194967715
87,87,0.00011177859662134277,0.00011277048064297752,-12.423042165962425,-12.383846705936048
88,88,0.0001117406909824493,0.00011210485076605294,-12.425413501748796,-12.40955697170816
89,89,0.0001110374514516395,0.0001129013295499853,-12.452227033872617,-12.37881045753655
90,90,0.00011097449124022627,0.00011100253859216249,-12.453763885173288,-12.452471909780067
91,91,0.00011089960393404646,0.0001120003358473217,-12.457696692647405,-12.413607770929563
92,92,0.00011014621280260941,0.00011044518109165917,-12.485638787444021,-12.4743333042783
93,93,0.00010965350768096822,0.00011048797521078469,-12.508650863679179,-12.47265087233032
94,94,0.00010934103470530899,0.0001099994478863664,-12.5200441478082,-12.491895967171597
95,95,0.00010926396731220032,0.00011043017347171706,-12.521287780565418,-12.474923476644996
96,96,0.00010880240298910834,0.00010829026340568242,-12.539884798018681,-12.559906919580065
97,97,0.00010825580769979405,0.00010844950922642296,-12.562958838196339,-12.55352511038845
98,98,0.00010779596050269902,0.00010797333686097868,-12.580677800123016,-12.572635788228762
99,99,0.00010729673244755177,0.00010767259932196651,-12.599853176988889,-12.58474904579149
100,100,0.00010719361870139165,0.00010822533390876885,-12.607756918560082,-12.562511676319755
101,101,0.00010655474761733785,0.0001068231956052937,-12.628754664500459,-12.619145363488336
102,102,0.0001063214339101063,0.00010671175780436515,-12.64370693143163,-12.623678281929982
103,103,0.0001060935530179065,0.00010664756662567685,-12.651193371996527,-12.626291514382492
104,104,0.00010511862817964488,0.00010538432711894672,-12.688864954747395,-12.678040751597361
105,105,0.00010490405148845742,0.00010484540191675096,-12.70108770722726,-12.700307131832375
106,106,0.00010454002527769694,0.000105336853793185,-12.713852033898316,-12.679997593683712
107,107,0.00010438477922022132,0.00010545045944653746,-12.719830977925772,-12.675316257565054
108,108,0.00010374677082470897,0.00010437764706837602,-12.747746860676552,-12.71972599499994
109,109,0.00010350014354023103,0.00010347032749498459,-12.757916474934678,-12.757642783734964
110,110,0.0001032515963780713,0.00010218341891519039,-12.767948608636354,-12.811996725734433
111,111,0.00010268092216964638,0.0001021589203829583,-12.79407391382108,-12.813038074037543
112,112,0.00010229823747817812,0.0001013585148795851,-12.80705435802194,-12.84719863479567
113,113,0.00010089504497411382,0.00010149049002824253,-12.868872091338662,-12.841547526285336
114,114,0.00010030368889367554,0.00010030717691590421,-12.891425515857673,-12.892480944213586
115,115,0.00010012314238131872,0.00010123549030762853,-12.902850793956816,-12.852473114586637
116,116,9.96336155779871e-05,0.00010034392433130721,-12.925833358505137,-12.890890202890668
117,117,9.883641043003437e-05,9.856262936648961e-05,-12.958403671363936,-12.968678213543527
118,118,9.839846461545676e-05,9.842532285562668e-05,-12.977572644749172,-12.974732540113434
119,119,9.76887530828442e-05,9.775852231541649e-05,-13.009228942919504,-13.004254737522281
120,120,9.735903458744192e-05,9.74852591753006e-05,-13.025348615398167,-13.016411514085913
121,121,9.696658241044078e-05,9.67837170863181e-05,-13.040213099597608,-13.04777804396997
122,122,9.665287357212535e-05,9.571186819812283e-05,-13.054751223345937,-13.096143087545718
123,123,9.588779140198988e-05,9.639054233526909e-05,-13.088952981920707,-13.065456782442062
