,epoch,train_loss,test_loss,train_dbs,test_dbs
0,0,0.0002877524099492746,0.0002733693660334929,-8.318220348298858,-8.538302564441407
1,1,0.00026081957972546097,0.0002524765854774925,-8.748242595283848,-8.883589939323004
2,2,0.0002437141001135706,0.00023950590586632883,-9.038764662947932,-9.112638751014593
3,3,0.00023385261355889672,0.0002304542056088777,-9.217579536145557,-9.279954639853678
4,4,0.0002267168989025786,0.0002252431900399786,-9.352530809306874,-9.379284325802686
5,5,0.0002220022970973754,0.0002210116386107218,-9.444892064110613,-9.461649575470272
6,6,0.0002180566493969065,0.00021782259328143768,-9.521804355462152,-9.524771778331885
7,7,0.00021500967532401118,0.00021441908642085954,-9.579907551731633,-9.593166607785053
8,8,0.00021267703046647774,0.00021204607190539767,-9.628538182635072,-9.641498703670411
9,9,0.00021037885159513309,0.00021091033934345958,-9.676863016228145,-9.664822316078233
10,10,0.00020907509300291307,0.0002082656405706841,-9.706057358473515,-9.719624756065452
11,11,0.00020733780870286114,0.0002076508275135175,-9.741326545900561,-9.732464358875214
12,12,0.0002057023371027341,0.00020599653515474578,-9.773928281254985,-9.767201864204841
13,13,0.00020492670621924562,0.00020462844986468554,-9.794599179490191,-9.796140877287963
14,14,0.0002035192755823859,0.00020289853120247195,-9.822509086461848,-9.833011988978669
15,15,0.00020256897055942412,0.00020233559419131396,-9.843166340396591,-9.845078129490997
16,16,0.0002016890495499481,0.0002014312347838361,-9.861455442357252,-9.864532870640064
17,17,0.0002002934032640679,0.0002007526184714056,-9.888411041575177,-9.879188834430225
18,18,0.00019937898716457266,0.00019929697660508712,-9.908805814665461,-9.910793916796942
19,19,0.0001988122644762211,0.0001984110422199592,-9.923485158565867,-9.930142636611091
20,20,0.0001976128482168598,0.0001977866348553155,-9.94853994034129,-9.943831606190145
21,21,0.00019727732515749857,0.0001975548067620318,-9.956102687901998,-9.948925009643709
22,22,0.00019669734822470964,0.00019717624787804917,-9.970483672839716,-9.957255040071265
23,23,0.00019562186192620314,0.00019588109142588159,-9.992569390470967,-9.985875868630611
24,24,0.00019502584308208227,0.0001953185733567041,-10.00694937826494,-9.998365585968424
25,25,0.00019437269671920918,0.00019411953536818097,-10.020961842449413,-10.02510858906966
26,26,0.00019372087968129318,0.00019362765842264421,-10.03497687366136,-10.036127085720565
27,27,0.0001924591785243991,0.00019321231229696423,-10.059498786385074,-10.04545304029774
28,28,0.00019234369182479137,0.0001931495897128786,-10.066529995738929,-10.04686312096339
29,29,0.00019199091484458137,0.00019167918224794497,-10.077411464435933,-10.080051541499502
30,30,0.000191374363398093,0.0001910184203696094,-10.089489689550843,-10.095048527151334
31,31,0.00019058972142862405,0.00019025061613463454,-10.107051390873165,-10.112540301267392
32,32,0.0001899481693417141,0.00019004711296139774,-10.119369519353235,-10.11718825506046
33,33,0.00018971132326957567,0.00018958852467078127,-10.127478153679476,-10.12768055036732
34,34,0.00018928268700526047,0.00018923715872101878,-10.13543996038675,-10.135736832903547
35,35,0.00018837608633438105,0.00018872889555304458,-10.15588940427479,-10.14741703644365
36,36,0.0001876813478974299,0.0001886586588194692,-10.172724999881485,-10.149033593524958
37,37,0.0001875375503717355,0.00018712874474371537,-10.177142363407071,-10.184395976914242
38,38,0.00018691244464938902,0.00018710222349526654,-10.191133987324116,-10.185011534302665
39,39,0.0001864455431488525,0.000186527208394469,-10.202279646735375,-10.198379115180035
40,40,0.000185877989201096,0.00018642866665399387,-10.216474507375612,-10.200674085603323
41,41,0.00018569667083715309,0.0001860665108420347,-10.22016308559877,-10.209118883269577
42,42,0.00018463088811576826,0.00018514765389753799,-10.24392711775646,-10.230618888041027
43,43,0.00018450634622437515,0.00018479650546061364,-10.24534208859173,-10.238863476875705
44,44,0.00018393582563616873,0.000184620893713528,-10.258488673775965,-10.242992530820224
45,45,0.00018358798265533964,0.00018424329449006014,-10.269322236533466,-10.251884113231867
46,46,0.00018340607891435321,0.0001845052266664999,-10.273266391944283,-10.245714286834389
47,47,0.00018315201192570983,0.00018274594683469715,-10.278922116651541,-10.287323486352658
48,48,0.00018255626206699105,0.0001833990904024655,-10.294543939471687,-10.271829246671789
49,49,0.00018215248542453747,0.00018225641427929267,-10.305002058762325,-10.298972803598051
50,50,0.00018168956709824043,0.00018189683951756082,-10.314983193054278,-10.307549488495233
51,51,0.00018088110274342418,0.00018224222616194501,-10.332218276884868,-10.299310902037506
52,52,0.000180881992810569,0.00018073750911035428,-10.332595434818295,-10.335318094298557
53,53,0.00018053906192623808,0.00018083094542625507,-10.340940934221578,-10.333073491551874
54,54,0.00018055987191511338,0.00018049889829279366,-10.342585314163252,-10.34105546596634
55,55,0.00017966563212109212,0.00018059044668916613,-10.36321550961586,-10.338853298288113
56,56,0.00017908057491967128,0.00017962754109727315,-10.378255518977124,-10.362071771290093
57,57,0.0001785609842345272,0.00017937781874360027,-10.38970228643409,-10.368113634160768
58,58,0.0001786455929701783,0.00017862165757258865,-10.38976881595103,-10.386459868392272
59,59,0.0001783163542379193,0.00017838705236116717,-10.39743922268556,-10.39216772708464
60,60,0.00017793012555501395,0.00017802333106948552,-10.404887168912648,-10.40103179009223
61,61,0.00017755381392732685,0.0001788909645064881,-10.414916529239296,-10.379916964437017
62,62,0.00017704916955931977,0.00017696933125415328,-10.426715464511208,-10.426820923073734
63,63,0.00017651240401373236,0.000177419781960596,-10.438892908315427,-10.415780608671561
64,64,0.00017635493428859206,0.0001769480900532615,-10.443076117079977,-10.427342227524544
65,65,0.00017608774522290632,0.00017712997750526197,-10.45044936407619,-10.422880345757955
66,66,0.00017580663162456423,0.00017638304531206623,-10.45667775586785,-10.441232654818446
67,67,0.00017564448203349044,0.000175676945027111,-10.460603592984539,-10.458653314763872
68,68,0.00017510456022249593,0.00017518767746974175,-10.472837562095329,-10.470765469962426
69,69,0.00017452455838642936,0.00017538345510777282,-10.487943770836893,-10.465914804929584
70,70,0.0001744121043359592,0.00017466901963895284,-10.493036529257736,-10.483642193534395
71,71,0.00017401402094281403,0.00017523126734886318,-10.500807614199232,-10.469685000749969
72,72,0.00017348722885986886,0.00017321597950189913,-10.51665382244989,-10.519921480353425
73,73,0.00017318640896791265,0.00017359937038762788,-10.521141218402976,-10.510319563139415
74,74,0.00017307013061411257,0.00017395857752202764,-10.525748756909742,-10.50134254317407
75,75,0.00017273172867585205,0.0001732615675887485,-10.534454643460847,-10.518778626806942
76,76,0.00017243017203693,0.000173121353758401,-10.540149008173765,-10.522294625568982
77,77,0.00017207763088775857,0.00017234484518044874,-10.552671171370108,-10.541818038251174
78,78,0.0001719276087428203,0.00017179383001731416,-10.55577737341351,-10.555725399820115
79,79,0.00017128639765078989,0.00017139950911146835,-10.568379350803571,-10.565705282838922
80,80,0.00017095993803430002,0.00017123301605399894,-10.578035995042544,-10.569925957556844
81,81,0.00017086771474647116,0.00017126362945418805,-10.57913263090385,-10.569149586110047
82,82,0.0001708233038013916,0.00017070783819929746,-10.58438807546997,-10.583266394700823
83,83,0.00017019361872634052,0.00017050382341135686,-10.598355865549298,-10.588459799097933
84,84,0.0001694392874961738,0.00016983389918765935,-10.618073613227441,-10.60555721440602
85,85,0.00016913444482476557,0.00016992324105414905,-10.624206384058201,-10.603273189971027
86,86,0.0001691732261289084,0.00016893821042398676,-10.622169264483027,-10.62852212697889
87,87,0.0001685899559626855,0.00016955197497736663,-10.63831172132595,-10.612772491547936
88,88,0.00016883014447473412,0.00016962819331399115,-10.633027106857343,-10.610820655522865
89,89,0.0001680980215674823,0.0001688396885966588,-10.651295865865995,-10.631055595704524
90,90,0.00016779553705643978,0.00016831197028391456,-10.658191457128812,-10.644650981184629
91,91,0.00016781213419084657,0.0001677981827493855,-10.658763037070178,-10.657928489341016
92,92,0.0001671187942379548,0.00016774844123957386,-10.675081544333837,-10.659216087656514
93,93,0.00016690366127355426,0.00016685319516048032,-10.684217514882446,-10.682455744463926
94,94,0.0001665856546695949,0.00016645528376102448,-10.691499942131212,-10.692825166071604
95,95,0.00016594551426848186,0.00016668894616151718,-10.706402261692851,-10.686733011461795
96,96,0.00016568832281861723,0.00016592720394807033,-10.713350651988002,-10.706625071314482
97,97,0.0001657496477398042,0.00016656329267119107,-10.712944743777344,-10.690008045427524
98,98,0.0001652395633558176,0.00016594686358554385,-10.725562279255428,-10.706110534451483
99,99,0.0001648877609038687,0.00016595866825235518,-10.733833935766963,-10.705801609099705
100,100,0.00016458965126861885,0.0001650363303365578,-10.745420991238891,-10.73000543730149
101,101,0.00016421879435884622,0.00016554005560465157,-10.75025411853412,-10.71677005310895
102,102,0.00016424651425715883,0.0001644987649725456,-10.75495356795791,-10.744174603600543
103,103,0.00016378591178565948,0.00016446990775875747,-10.76531788407266,-10.744936532001772
104,104,0.0001635741298122946,0.00016419375682935904,-10.768515614917833,-10.752234622174486
105,105,0.0001633166563253101,0.00016437555160863618,-10.778705522978653,-10.747428788184035
106,106,0.0001628369201855619,0.00016308737011920465,-10.789149244028838,-10.781597725262449
107,107,0.00016272975328095142,0.00016304962551466336,-10.791533087927261,-10.782602963782857
108,108,0.00016236897274736584,0.0001631429553718159,-10.802462309497125,-10.780117766666844
109,109,0.00016168958463072392,0.00016273410093210834,-10.82050554225971,-10.791015331671726
110,110,0.00016226910115291662,0.00016240228356572946,-10.80455805384458,-10.799879704170085
111,111,0.0001616853572243402,0.00016167776208787568,-10.82226461262687,-10.81929812923465
112,112,0.00016086502390740841,0.00016175809938240011,-10.841119591656867,-10.817140666282834
113,113,0.00016100231177634415,0.00016120581743675038,-10.839249354297625,-10.83199391909259
114,114,0.00016045294142179382,0.00016136611980312554,-10.851117740691066,-10.827677459360881
115,115,0.00016048583610117742,0.00016071124532333525,-10.853828417759603,-10.845338356750487
116,116,0.00016016822449920566,0.0001603962829042422,-10.864128651001481,-10.853858025239179
117,117,0.00015980416048346952,0.00016006758500895413,-10.871692493840072,-10.862767094029177
118,118,0.00015954191906896142,0.00016064867591730465,-10.878707746293163,-10.847029516495208
119,119,0.00015948000652043476,0.00015947918138025621,-10.880612157693683,-10.878761043257882
120,120,0.0001592191920937375,0.00015971422927625674,-10.889157044155409,-10.872364919825557
121,121,0.0001586608631601173,0.0001597421283613106,-10.901735864782541,-10.87160635494305
122,122,0.0001583368179613974,0.00015953979623430458,-10.911079800054207,-10.877110690219439
123,123,0.00015789247973049155,0.0001587866542027577,-10.922971682991214,-10.89766104274277
124,124,0.0001575839129689428,0.0001585114920377045,-10.930595211380183,-10.905193481320417
125,125,0.00015758196991321046,0.00015813294540796625,-10.933741263873898,-10.915577418084666
126,126,0.00015721806161796923,0.0001582713402489102,-10.942344071346986,-10.911778220519812
127,127,0.00015700487440965647,0.00015805834922694455,-10.946900650499103,-10.917626602293055
128,128,0.00015665230550683228,0.00015709050211099615,-10.958010381008565,-10.944301742085496
129,129,0.00015622707709103591,0.00015710887581869764,-10.970171518968499,-10.943793809833782
130,130,0.0001561422379250571,0.00015682197485339681,-10.970566688013037,-10.951731834434108
131,131,0.00015548001731789104,0.0001568670007767842,-10.990027220363633,-10.950485089299713
132,132,0.00015569456835570216,0.00015601330884046068,-10.986562439642224,-10.974184542786926
133,133,0.00015534763944517705,0.0001557258326915632,-10.993685417223723,-10.982194402564039
134,134,0.00015514315053167724,0.0001560717003150402,-11.001595273974543,-10.972559402536543
135,135,0.00015483846043034928,0.0001552667856326719,-11.005996817435268,-10.995015398153804
136,136,0.00015475343704012405,0.00015550244470911197,-11.010330528779308,-10.988428809384184
137,137,0.00015451882311176587,0.0001548238651594147,-11.018190076983876,-11.007421966864149
138,138,0.00015409582758984847,0.00015488965666583297,-11.031490884420457,-11.005576849579315
139,139,0.00015387103380395348,0.00015400757777235029,-11.035668148445787,-11.030380117112621
140,140,0.0001534121313562002,0.0001551592370225607,-11.047783728242981,-10.998024667117594
141,141,0.0001530725171083834,0.00015365096777187367,-11.055681704529386,-11.040448020442533
142,142,0.0001532164726048689,0.00015374405560769926,-11.053732001479805,-11.037817689331593
143,143,0.00015280160395255714,0.00015298607544728408,-11.065199457420212,-11.059281982389866
144,144,0.00015245696899394707,0.00015315331065243013,-11.07414074431136,-11.054537128424835
145,145,0.00015253416360379917,0.00015219406295249142,-11.072609550939683,-11.081823909929682
146,146,0.00015202617334542776,0.00015223782515692475,-11.088793778290585,-11.080575309847065
147,147,0.00015125194454647254,0.00015232239322932926,-11.109866507913658,-11.078163474950898
148,148,0.00015152966544829002,0.00015238530039297124,-11.101721372830472,-11.076370265589803
149,149,0.0001509738199415223,0.0001516920816165542,-11.119284343907923,-11.096171910087232
150,150,0.00015079264094592217,0.00015254362216709475,-11.121068792925094,-11.071860475015116
151,151,0.0001503714075559251,0.000151275465644798,-11.132669163155695,-11.108116036333609
152,152,0.0001504737646775032,0.00015043023603012492,-11.132895243528885,-11.132449651236449
153,153,0.0001498273280977281,0.00015075777206986554,-11.151005315119413,-11.123003913230104
154,154,0.00014986992245372,0.00015052008644775733,-11.148458912078976,-11.12985642977634
155,155,0.0001494426276659612,0.00015075396865875902,-11.162553490119782,-11.123113481132972
156,156,0.00014952746398156489,0.00014923358991693117,-11.160532239249012,-11.167135156873783
157,157,0.0001489601292126553,0.00014989052770512275,-11.176614330666943,-11.148059134696826
158,158,0.00014899852376589647,0.00014947693010694101,-11.175717971627432,-11.160059321371511
159,159,0.00014839337937072995,0.0001494614047451729,-11.192209864397569,-11.160510423031313
160,160,0.00014833489612354561,0.00014892812147368923,-11.193123686504933,-11.176033905481837
161,161,0.00014820532392009555,0.00014926280480147782,-11.198193857247794,-11.166285038519725
162,162,0.00014783929254542845,0.00014818012392712072,-11.209588254180769,-11.197901483936157
163,163,0.0001476944408309886,0.00014824282966162028,-11.214168912720137,-11.19606405842282
164,164,0.00014744756983943553,0.00014807376397871658,-11.221692026481929,-11.20101985925933
165,165,0.00014657158722330518,0.00014766174028505032,-11.244407708449277,-11.213121195065822
166,166,0.0001467663038506403,0.00014716069869648077,-11.241187355182852,-11.22788260924867
167,167,0.00014664987420192775,0.00014667292845459948,-11.245534891314154,-11.242301389095166
168,168,0.0001469574427320958,0.0001464990085591317,-11.235556625586248,-11.24745416466604
169,169,0.00014633423055896593,0.0001467678360457189,-11.257189732037205,-11.239492110389712
170,170,0.00014599547149870334,0.00014688271728932465,-11.26303384451745,-11.236094037942657
171,171,0.00014589047950534055,0.00014578058816320998,-11.267407871259179,-11.268804039613677
172,172,0.0001455235823667272,0.00014634560380057481,-11.27691199140145,-11.252004212262692
173,173,0.000145174961083463,0.00014554162044078112,-11.291303499554715,-11.275928960640368
174,174,0.00014483567582894617,0.00014562197688256244,-11.297839969751099,-11.273531795578673
175,175,0.00014491431272862306,0.00014560805759270137,-11.29774881642421,-11.273946936193834
176,176,0.00014439462543076347,0.00014517184631825474,-11.309033808327516,-11.28697701764021
177,177,0.00014432691566924536,0.00014498353611040664,-11.31404396800777,-11.292614141787423
178,178,0.0001442675609573645,0.00014426289769624802,-11.318311757350516,-11.314254507765945
179,179,0.00014392796846241066,0.00014457737607268713,-11.325755953099916,-11.304797635581929
180,180,0.00014366852746647543,0.00014356576368874428,-11.33401230323261,-11.335292165598997
181,181,0.0001433366521372047,0.00014402096138311257,-11.3406615312367,-11.321543964121206
182,182,0.00014333313492429203,0.00014355786276466556,-11.344660205330012,-11.335531179557726
183,183,0.000142359779967648,0.00014386539068685748,-11.371534162875157,-11.32623772615753
184,184,0.0001426025416183564,0.00014329743096727485,-11.365235231849196,-11.343416976059723
185,185,0.00014235105736963642,0.00014304429427475522,-11.373467292502731,-11.351095626265153
186,186,0.0001421818257214684,0.00014331533518423768,-11.377630743702518,-11.342874383156813
187,187,0.00014193740882790772,0.00014251587287473835,-11.387844419591172,-11.367168649501032
188,188,0.00014137081260620087,0.00014259224438941792,-11.401919124065794,-11.364841972273354
189,189,0.00014131970748007682,0.0001413595999015103,-11.404674764814375,-11.402547947616764
190,190,0.00014144982830573296,0.000141755704565807,-11.398559333118053,-11.390395571571336
191,191,0.00014117068221634158,0.0001415367595128421,-11.411788771056674,-11.397108538510574
192,192,0.00014050051678852994,0.00014143129795373075,-11.430526089258793,-11.400345750209004
193,193,0.000140214492668897,0.0001402840035121986,-11.43998388779995,-11.43571950500067
194,194,0.0001401131432299435,0.00014105439951986467,-11.44322062441297,-11.411934656030272
195,195,0.00014023036483288792,0.00014034792011922322,-11.43778745259629,-11.433741210453594
196,196,0.00014002358549293706,0.0001401979105522562,-11.445776115624454,-11.438385609068922
197,197,0.0001399326945304602,0.00014009792893806376,-11.448645740218435,-11.441483868768824
198,198,0.00013963700351353312,0.0001402674281148632,-11.46004596397397,-11.436232680325759
199,199,0.0001394464298314655,0.00013944179916411246,-11.464967510221962,-11.461871243791983
200,200,0.0001387467437433367,0.00013989503081814436,-11.485089672810664,-11.44777813769405
201,201,0.00013865177171873698,0.00013871850923782118,-11.486997743590951,-11.48445689115297
202,202,0.00013849654636398611,0.00013892878211520024,-11.493263065545467,-11.477878734574967
203,203,0.00013837956839310697,0.0001390193317906539,-11.496316569605183,-11.475049053507789
204,204,0.00013795941289497502,0.0001387289866167856,-11.508977109216477,-11.484128881858295
205,205,0.00013805169266523773,0.00013881915564477247,-11.507594484481844,-11.481307035359745
206,206,0.00013759806716200155,0.00013784505388589183,-11.51902528440527,-11.5118891455315
207,207,0.00013727717935383684,0.00013796568275306766,-11.530820616744498,-11.5080902756723
208,208,0.00013731549184627773,0.00013821810793352167,-11.531152273991959,-11.500151584323493
209,209,0.0001369068217097743,0.00013764370707672482,-11.543669187780718,-11.518237413492383
210,210,0.00013718649466850882,0.0001376766380608866,-11.534168599309142,-11.517198496824879
211,211,0.00013669478155242892,0.00013731126091443002,-11.550339673905018,-11.528739468081605
212,212,0.0001364983046684203,0.00013728928828832547,-11.553300559171616,-11.529434484192695
213,213,0.00013649193790546838,0.00013665701063521403,-11.55803087809845,-11.5494818573055
214,214,0.00013617923877504414,0.00013616187176299527,-11.56814401487166,-11.565245891978629
215,215,0.00013610495552336606,0.00013646060879660867,-11.571057304206995,-11.555727975708422
216,216,0.0001356635793573079,0.00013611335146522738,-11.584417853447631,-11.566793744739826
217,217,0.0001351689820366278,0.00013598392558235086,-11.599836230104838,-11.570925278255908
218,218,0.00013485141086497717,0.00013625983219275154,-11.605809052742392,-11.562122522929542
219,219,0.00013496435472991355,0.0001347256153454318,-11.606610863782066,-11.611299261844996
220,220,0.00013475321836651965,0.00013567928008820958,-11.610304751258735,-11.580665714924647
221,221,0.00013457638889337534,0.00013529899756816266,-11.616478144154783,-11.59285523135896
222,222,0.00013405039409036297,0.0001346868712540814,-11.63487637534001,-11.612548375826922
223,223,0.00013397088167545646,0.00013412179357960428,-11.63754278634325,-11.630807495377164
224,224,0.00013385808490487967,0.00013428375218369948,-11.639423318661228,-11.625566341630357
225,225,0.0001336178997682753,0.00013424043725918685,-11.64949139449725,-11.626967439453395
226,226,0.00013360048592637877,0.0001340355968415296,-11.64925848401348,-11.633599495175076
227,227,0.00013315557642028543,0.00013340324068466494,-11.66275420721937,-11.654137222893668
228,228,0.00013340848975709266,0.00013357565522279687,-11.658457169143261,-11.648527888667783
229,229,0.00013289501320165053,0.0001338059526843656,-11.670955586565066,-11.641046675410749
230,230,0.0001326365336822586,0.000133190788849453,-11.678868637391606,-11.661059109283688
231,231,0.00013211930243264806,0.00013324738928962402,-11.699290921579559,-11.659213933837659
