,epoch,train_loss,test_loss,train_dbs,test_dbs
0,0,0.0003721376790391454,0.00036320108215716714,-17.762007067293144,-17.859217978407198
1,1,0.00034896474506840416,0.0003478093942823379,-18.043179388644297,-18.04727623614174
2,2,0.0003401790931580838,0.00034716933365225007,-18.147463942269983,-18.05527575805948
3,3,0.00034327186540863714,0.0003437634487023675,-18.111359036095664,-18.098092340464
4,4,0.00034580279331289463,0.0003428780535039933,-18.08796406285435,-18.109292434278235
5,5,0.0003347422092908168,0.00034455010532646586,-18.218964636048216,-18.088165446601593
6,6,0.00033284098476401924,0.00034327650791965425,-18.244917267493207,-18.10424848111689
7,7,0.00033668449032120407,0.0003445210336634007,-18.19282336638885,-18.088531901155907
8,8,0.0003324623733336471,0.00033603804369800185,-18.24810877925619,-18.196804839459382
9,9,149480140842.2271,0.0003365032699596333,128.27043595157642,-18.190796428484866
10,10,0.0003352581499955742,0.00033684395174005707,-18.218284925154457,-18.186401779626745
11,11,0.00033572417073019005,0.0003369470405710959,-18.22043082268948,-18.185072853852247
12,12,0.0003343773399690915,0.0003404202043863111,-18.221756905139227,-18.14053603546062
13,13,0.00034347033192950885,0.00033688766722518365,-18.109949057594473,-18.18583819040349
14,14,0.0003387510036022316,0.00034295504385801524,-18.175872147200916,-18.108317372381087
15,15,0.00033492218587816375,0.0003382522554602474,-18.21700897081281,-18.16828230524073
16,16,0.0003366303103903942,0.0003372147820252729,-18.19020583052369,-18.181623277256783
17,17,0.00033537116046927713,0.00034395039485963553,-18.21650856869054,-18.095731193098
18,18,0.00033320083772552385,0.00033368340289024144,-18.240627843235863,-18.227343258931242
19,19,0.00033590507623979573,0.0003422234026641634,-18.2026478341891,-18.117592265822452
20,20,0.00033680570627485893,0.0003345391994930412,-18.200828949972244,-18.21621918308867
21,21,0.0003312851269921461,0.00032708436054618736,-18.263642573098007,-18.3140915272808
22,22,0.0003305807974928817,0.0003388952310687225,-18.271241546316965,-18.160034741800352
23,23,0.0003269738124649895,0.0003290162544305387,-18.324486726795538,-18.288515776878047
24,24,0.0003327317166828656,0.00033093226681414406,-18.24868307791136,-18.26329817530316
25,25,0.00032148319782602803,0.00033693503141158114,-18.399438630248046,-18.185227643894212
26,26,0.00032922810486028185,0.00032955130078143587,-18.298628588180097,-18.281459014757182
27,27,0.00032643164230808234,0.00033265068563387583,-18.33587363204052,-18.24080508754356
28,28,0.0003233140555916104,0.00032750757466266424,-18.369890402546627,-18.30847582775342
29,29,0.00032312563169248327,0.0003337558698962982,-18.37263212286006,-18.226400191231832
30,30,0.000320710665450345,0.00033426645218002563,-18.401746797434328,-18.219761397759456
31,31,1.8234685324051763e+18,0.0003321370765517809,199.13987603719949,-18.247515729564306
32,32,0.000324304503047858,0.00031703429780655394,-18.357131472990687,-18.449626835156828
33,33,0.0003261240691273022,0.0003187726772586374,-18.329599675449415,-18.425878417339497
34,34,0.00032486171058388716,0.0003291297991956143,-18.355275192339988,-18.287017268601993
35,35,0.00032236906741841783,0.00032315697171725333,-18.375052622765537,-18.36655401938405
36,36,0.0003281226048615675,0.00032398612452916016,-18.305627953913895,-18.35542520753394
37,37,0.000323273702080544,0.00031767848352166385,-18.376530273631456,-18.440811307703054
38,38,0.00032580333231401045,0.00032711686952480753,-18.330847006738665,-18.3136599025944
39,39,0.000326838121106176,0.0003212851404800619,-18.322622697281815,-18.391782918864457
40,40,0.00032303675279482123,0.00032368888098158335,-18.37477625266938,-18.359411504379082
41,41,0.00031967449437625244,0.00032563409063425893,-18.423465784914303,-18.33339066783236
42,42,0.00032498457255418,0.00032154773361980915,-18.342342117614194,-18.388234788004446
43,43,0.000323495996837533,0.0003301721008028835,-18.37681097597471,-18.27328558623817
44,44,0.00031758458821640645,0.00032115618600264976,-18.44512655124246,-18.39352640006345
45,45,0.0003233357208430498,0.00031763742720757266,-18.37773732655959,-18.441372619969307
46,46,1.6494214583056742e+16,0.00031865300996670206,178.70685569726095,-18.427509065310044
47,47,0.00032114441153718176,0.0003094150405989862,-18.406654240739947,-18.55527510833157
48,48,0.00031539273433886544,0.000319339557072932,-18.48173914342841,-18.418162130869185
49,49,0.00031480134120355025,0.00031739272526465356,-18.487367530775224,-18.444719632969147
50,50,0.00031710403851958316,0.00031735120788461675,-18.454991972867685,-18.445287760307973
51,51,0.0003188283590134233,0.0003177062531712612,-18.433693545535824,-18.440431688713307
52,52,0.00031996166727207983,0.00032518907928055053,-18.409421654530444,-18.33932979275457
53,53,0.0003128715932726879,0.00032457831854882995,-18.507298102926903,-18.34749425574718
54,54,0.00031688134816052757,0.0003224449878632042,-18.466983153780156,-18.376133010890655
55,55,0.00032313710250219654,0.0003224328730108314,-18.38748187036973,-18.3762961863958
56,56,0.0003184550402796414,0.0003250331179802551,-18.436852146330732,-18.34141317697901
57,57,0.00031629940986959744,0.0003130261274667359,-18.460215909017,-18.50488343195193
58,58,0.00031069974347795406,0.00031677716393268814,-18.544981252883964,-18.45315065368641
59,59,0.0003155214368778559,0.00032271506987806216,-18.475838174672283,-18.37249685474123
60,60,0.00031424704735100113,0.00031539900718550936,-18.4914678756155,-18.472086097507514
61,61,0.00032013010524078897,0.0003107943630311638,-18.41674162129658,-18.535957983980897
62,62,0.0003122163935895702,0.0003127187128963047,-18.5185773619559,-18.5091506173516
63,63,4.97658413885575e+17,0.0003127515496759626,193.49693027202918,-18.508694613826723
64,64,0.00032074241052842554,0.00032721887998233895,-18.40867978865846,-18.312305778837764
65,65,0.0003125299804618332,0.00032234025466574455,-18.518869387353924,-18.377543869797737
66,66,0.00031188787405196693,0.0003157512370595022,-18.51236799951689,-18.467238709491355
67,67,0.0003201295384661938,0.0003152330893116366,-18.417593425998177,-18.474371335418333
68,68,0.0003173871946367483,0.0003249519933505278,-18.44525995434838,-18.342497262709767
69,69,0.000318373817189587,0.0003177716801139085,-18.435641710652444,-18.439537415009323
70,70,0.0003208262925684337,0.00032093603850195284,-18.412166568908482,-18.396504441063016
71,71,0.0003139661518813677,0.00032382188395499006,-18.493717892762007,-18.357627365446803
72,72,0.0003147195672409935,0.0003208261240567816,-18.489724274145672,-18.397992071224813
73,73,532840828.0415486,0.00031793511956685076,103.80419005736033,-18.437304283190137
74,74,0.0003198362420644304,0.0003131516201201042,-18.425748806921366,-18.50314268764037
75,75,0.000317292034412379,0.0003188828911669062,-18.457697053288808,-18.424377127457095
76,76,0.0003209522047401742,0.00032875058853900745,-18.397940730177908,-18.292023926862463
77,77,0.0003150915054930854,0.00032086674228163536,-18.480621120072463,-18.397442267046905
78,78,0.00031601445936626685,0.0003160420195567177,-18.45983497736556,-18.463241033303163
79,79,0.0003135015338313641,0.0003199401927352148,-18.4954099886783,-18.41000129578569
80,80,0.0003083145633560711,0.0003147594964646391,-18.571967517416173,-18.480900897940426
81,81,0.0003127685382592578,0.00032876886727631484,-18.512240577848665,-18.291782463140574
82,82,0.0003144545381595909,0.00031766896963266556,-18.484981335564704,-18.440941372897246
83,83,0.0003161385534487223,0.00031265285705510333,-18.468892721236703,-18.51006530007512
84,84,0.0003184159412336795,0.0003199008765238288,-18.44194844271997,-18.410535016251476
85,85,0.00031777258875981436,0.00031818730425775836,-18.446596804748683,-18.43386084459035
86,86,0.0003229755042336843,0.00032848230177095453,-18.37868163713977,-18.295569564067257
87,87,0.0003135862333289607,0.00031891634295645515,-18.502072568745312,-18.42392156317144
88,88,0.00031426482559085737,0.0003234171936607086,-18.495770142039966,-18.363058273149015
89,89,0.00031906096762785515,0.0003164240027361206,-18.437225236586514,-18.45799511648493
90,90,0.00031846175126289735,0.0003167631404817496,-18.4375355762491,-18.45334291635126
91,91,0.00031806833633418513,0.0003164681731600706,-18.446847138665444,-18.457388916182683
92,92,0.0003159250051428842,0.00032372173767438844,-18.46707177665327,-18.358970687377326
93,93,0.0003136313579179654,0.0003236863979653112,-18.502610451599235,-18.359444819221352
94,94,0.00032099159332424327,0.000313801597497475,-18.40737303939465,-18.494137815137805
95,95,0.00031544895543832066,0.0003137295057776531,-18.47471578582036,-18.49513566324713
96,96,0.0003153040956228146,0.0003153702924273124,-18.485702626096245,-18.472481508668153
97,97,0.00031465444517005044,0.00031631078806975365,-18.500581443930326,-18.459549274913165
98,98,0.00031156542551338904,0.0003188272775763548,-18.52746663529209,-18.425134608731202
99,99,0.00031887644904271995,0.0003147005435924879,-18.43431319919783,-18.481714385867004
100,100,0.0003182873476090236,0.00031946864941059366,-18.44738512974559,-18.416406859409093
101,101,0.00031635096505495535,0.0003106351221887101,-18.467127443567303,-18.538183736776016
102,102,0.000309130507245295,0.00031479051195722267,-18.56608645201209,-18.480472977771633
103,103,0.00031499161394601017,0.00031692751125726655,-18.485569773488674,-18.451089914126968
104,104,0.00031631873811345507,0.0003254696846277894,-18.46005945294586,-18.335583885738068
105,105,0.00031689138388136384,0.00032624980667605996,-18.461807293240962,-18.32518668672485
106,106,0.00031586443932160504,0.00031498916551323707,-18.475830278890324,-18.477733157827124
107,107,0.00031198077797937716,0.0003113949481446884,-18.527994037398614,-18.527573690742727
108,108,0.0003130488072464377,0.0003034287211975377,-18.516580948582664,-18.64012244913512
109,109,0.0003178985933437175,0.00031469017114049117,-18.447615302196574,-18.481857530611943
110,110,0.00031611500589954713,0.00031488448669398695,-18.470916478467128,-18.479176667452645
111,111,0.00031908208770754256,0.00032528829423857753,-18.431002917521692,-18.338004965454445
112,112,0.0003164363250894875,0.00032031436383381094,-18.46258557551443,-18.40492517535076
113,113,0.00031512734430995723,0.00031462423411492065,-18.485218904314348,-18.482767603104296
114,114,0.0003204198383735781,0.00031161872443350916,-18.412679982936908,-18.5244538615681
115,115,0.00031362263637009204,0.0003106895241408462,-18.500347942631777,-18.537423217526783
116,116,0.00031261915069783934,0.00031845185960839063,-18.512549509292473,-18.430251423679035
117,117,0.0003056863461472286,0.0003219084097317567,-18.612650988764948,-18.383366090636436
118,118,0.0003218629122015626,0.0003211502763932865,-18.400200524588012,-18.393606315520856
119,119,0.00031346054693693584,0.00031994456137334436,-18.506840112854018,-18.409941995250055
120,120,0.00032035840318787883,0.0003141658288720799,-18.421081608129374,-18.489099856567883
121,121,0.0003228850402274006,0.0003193506854586303,-18.37872378284566,-18.418010790010037
122,122,0.0003150627530088706,0.00031919255975241726,-18.488157857666565,-18.420161721010373
123,123,0.00030888323705120145,0.00031981500490617593,-18.57278292306901,-18.411700957914185
124,124,0.00031088399502794385,0.0003113779446146892,-18.54058516264732,-18.527810841053515
125,125,0.0003114355639218516,0.0003149794678105728,-18.53808659041498,-18.47786686793686
126,126,0.00030814055185380976,0.0003101695635306992,-18.571342879381177,-18.544697527626205
127,127,0.0003072275778941196,0.00031101772880279705,-18.59126845431108,-18.53283786047372
128,128,0.00030962573202355696,0.0003247708541733262,-18.563254841539155,-18.34491884130911
129,129,0.00031378014270005,0.0003156893883562206,-18.505307071677148,-18.46808947992179
130,130,0.0003139689035435236,0.00031080265302750235,-18.501733684004428,-18.53584214366725
131,131,0.0003140910058138297,0.0003144649856135641,-18.49384636679269,-18.484966361076896
132,132,0.00031330391642224697,0.0003202281628833397,-18.50486016871936,-18.406094078141408
133,133,0.0003078716537631933,0.00031111778547423646,-18.583994045871762,-18.53144092814431
134,134,0.0003159460080571511,0.00031346072883982405,-18.472729225698302,-18.498857926179966
135,135,0.0003099088210818963,0.0003142726460569783,-18.550191867326973,-18.487623495196917
136,136,0.00031179610457386555,0.00031527741291364163,-18.523784361034583,-18.47376073509581
137,137,0.0003127089288138506,0.0003134227529364197,-18.52146700783702,-18.499384107704714
138,138,0.0003133242017920753,0.00031932127374028295,-18.505979903499487,-18.418410787123
139,139,0.00030663484928303774,0.0003122292094447307,-18.603986717163885,-18.51595402236398
140,140,0.0003128025954416425,0.00030810439095244204,-18.51410475204483,-18.573710439588776
141,141,0.0003044640011701387,0.00030625657803428014,-18.632307654322908,-18.599835060595918
142,142,0.00031462954909339085,0.0003081655135917428,-18.49594731545416,-18.572848959095925
143,143,0.00030939003270234646,0.00031112665295184245,-18.566411105322352,-18.531317147316223
144,144,0.0003104938506796841,0.00030746575334648555,-18.54757948061094,-18.582721821647592
145,145,0.0003103753089779969,0.0003135919909446353,-18.54852263339928,-18.49703969282138
146,146,0.00030978161393972016,0.0003154531510326227,-18.556233558419816,-18.471340617801
147,147,0.00031005362343984014,0.00031792351632918184,-18.558401607531184,-18.437462784523856
148,148,0.0003115208918521584,0.00031653494500604113,-18.539103563729334,-18.456472691806315
149,149,0.0003036209130083624,0.0003132580467009623,-18.646463116390372,-18.501666960821726
150,150,0.00030912122267332003,0.00031051507501519824,-18.569275521453033,-18.53986242337736
151,151,0.0003094727358872013,0.0003160990982953655,-18.560629861723733,-18.46245674699126
152,152,0.00030885557146003643,0.0003066637268363449,-18.564327444880533,-18.594065223876413
153,153,0.0003070936485172067,0.00030778821459726284,-18.59609221808618,-18.57816945264358
154,154,0.00031187213968111144,0.0003090480037683033,-18.530761710564107,-18.560429889700856
155,155,0.00030351074570885946,0.0003114199077428662,-18.642267991734432,-18.527225599631464
156,156,0.00031373128051912777,0.0003138643292722439,-18.5006487864454,-18.493269707995108
157,157,0.0003105627520480337,0.0003125751260851853,-18.542184118858003,-18.511145166376455
158,158,0.00031049136080198256,0.0003080314153952426,-18.543122631450085,-18.574739202456545
159,159,0.0003081861461546349,0.00031737029080671305,-18.577210840297088,-18.445026618758973
160,160,0.000308026140795771,0.00031062679849319945,-18.593438058218926,-18.53830011072102
161,161,0.0003077422182277306,0.000315361231945357,-18.586506140086797,-18.472606281797916
162,162,0.0003017153763140254,0.00031454694582958167,-18.67156612091137,-18.483834590184355
163,163,0.00030499519468237137,0.0003055809172924216,-18.61621323341447,-18.60942701445137
164,164,0.0003042128595665155,0.0003082977981600714,-18.63453378392404,-18.570985086328392
165,165,0.00030981743415414367,0.00031663799401078567,-18.559247788757578,-18.455059061761073
166,166,0.00031287063359638156,0.00031580215191321547,-18.513022120371613,-18.466538466552322
167,167,0.00030547439285131536,0.0003140624444073948,-18.618326572553592,-18.490529251099844
168,168,0.00031283053241852555,0.00030894433362654557,-18.52326284730292,-18.561886974787562
169,169,0.00031033289239540233,0.00031285727163776755,-18.556700734680202,-18.507226780781515
170,170,0.0003070282111047604,0.0003219207359698454,-18.59877909808452,-18.38319979753769
171,171,0.0003072017512449841,0.0003091323857293709,-18.59438697755701,-18.559244261010136
172,172,0.0003134996860381696,0.0003134993572817429,-18.511377145295302,-18.49832276869347
173,173,0.0003138787829324353,0.00030849151631915256,-18.502119969304232,-18.568257064674167
174,174,0.0003115086121359821,0.00031310905883162235,-18.531772428221057,-18.50373298919945
175,175,0.0003062994004834501,0.00031492786518739243,-18.602029456793794,-18.478578424490504
176,176,0.00030905540076026826,0.0003172678315374804,-18.562307343016688,-18.446428913832893
177,177,0.00030750269130275573,0.00030095099875899524,-18.590055106154463,-18.67573142725483
178,178,0.000305743418908774,0.00030803772556521977,-18.62006286493814,-18.57465023607862
179,179,0.00030951954894843176,0.00031227514677754556,-18.56193608059035,-18.515315105117303
180,180,0.00030496550697506857,0.00030212557497801945,-18.627244857716693,-18.658814417451563
181,181,0.0003121625995095435,0.00031564204255118966,-18.5181351273768,-18.468740865894297
182,182,0.0003059748509183488,0.00031392003247195755,-18.60846853706004,-18.49249901048183
183,183,0.0003072487257274597,0.00030558352514880856,-18.588746096551628,-18.609389951508575
184,184,0.00030972473815409947,0.00031518368019820437,-18.571802920390038,-18.475052094763612
185,185,0.0003103195586405003,0.0003183405619653824,-18.550094559156356,-18.43176953071241
186,186,0.0003079476350133509,0.000302944854698389,-18.58575351232078,-18.647053509574228
187,187,0.0003090773960551458,0.00031412733982219115,-18.56572147752281,-18.489631951546283
188,188,0.00031077287090250973,0.00030664522445907717,-18.546056770824578,-18.594327260826468
189,189,0.00030657247167330276,0.00031029086523248176,-18.59563667972404,-18.54299941255041
190,190,0.00031043919308600733,0.00031040221955137034,-18.557565980168004,-18.54144113623209
191,191,0.0003096941516785066,0.00030633994442484295,-18.55763180052869,-18.59865302438469
192,192,0.00030342794021053876,0.00031793963066057156,-18.651899640051546,-18.437242662781095
193,193,0.00030942473932020557,0.0003092747846446735,-18.5625308977058,-18.557244185098966
194,194,0.0003099977518863899,0.0003092075900272711,-18.557912922468102,-18.558187857962135
195,195,0.0003135661003791929,0.00031070560707073465,-18.510139360170196,-18.537198409595273
196,196,0.0003133472815796867,0.0003155413800605426,-18.5141934456488,-18.470126110278958
197,197,0.0003061217148476232,0.00031101683347706536,-18.607982596629196,-18.532850362512942
198,198,0.0003095964703723289,0.00031901462812368805,-18.569785763384054,-18.422583339819543
199,199,0.0003060640754615024,0.00029933805987974137,-18.608725705170276,-18.69906992162165
200,200,101987064.08278261,0.00031141322535021524,96.62384348139469,-18.52731879076405
201,201,0.00030689267051579026,0.00031486378314806834,-18.595350913257803,-18.479462223957746
202,202,0.00031506878680299927,0.0003196767042697358,-18.48890407468338,-18.413579424931793
203,203,0.0003087775305888049,0.00031446970809300085,-18.574930529965346,-18.484901141371868
204,204,0.00030842778175714015,0.0003092731027496292,-18.57596915110371,-18.557267802922315
205,205,0.0003092683861920245,0.0003115133057642532,-18.56630494544318,-18.525923301255535
206,206,0.0003095974429503333,0.00031272153673374926,-18.56124715805098,-18.509111400911
207,207,0.0003077791131836045,0.00031786740108050014,-18.58551135841426,-18.438229405821804
208,208,0.0003088081919242503,0.00030621470987649734,-18.568115073013573,-18.60042882263113
209,209,0.0003160474046023044,0.0003178911850371055,-18.468929987744218,-18.437904463576686
210,210,0.0003101935762595193,0.0003140076664031336,-18.55267514993171,-18.49128680299194
211,211,0.00031065705896009564,0.00031093504635225003,-18.5394174395241,-18.53399256332798
212,212,0.0003122441742458794,0.0003063904326776729,-18.51997026393379,-18.59793731742861
213,213,0.0003119326361932686,0.0003184617778874542,-18.523427864764393,-18.430116163461197
214,214,0.00031566009772749444,0.00031308612654500296,-18.475338313152506,-18.504051080611625
215,215,0.00031182358249033003,0.0003182875975892928,-18.527282387891322,-18.432492154617147
216,216,0.0003116599799580296,0.00031343304190637643,-18.54439889330569,-18.499241540852374
217,217,0.00031108276818917353,0.000313804077450186,-18.539926633838462,-18.494103493275503
218,218,0.0003090104545447399,0.00031577592936197395,-18.571706338222473,-18.466899096841743
219,219,0.00030497730782822006,0.00031006282140304774,-18.62416009152065,-18.546192371127106
220,220,0.0003057852745675434,0.00030291494208780164,-18.61382871088368,-18.64748235076148
221,221,0.00031073221615179604,0.00030837368716387764,-18.550984653276256,-18.56991618087254
222,222,0.0003020976191223359,0.00030384716841294184,-18.664083170844854,-18.634137382100896
223,223,0.00031176982831555546,0.0003133795751062663,-18.534326029538644,-18.499982442859736
224,224,0.00031498776353924466,0.0003133140072398084,-18.48465853845233,-18.500891204765036
225,225,0.00030606506739205386,0.0003075568513993762,-18.61667881403956,-18.58143525488837
226,226,0.0003052865648306138,0.0003068039406666924,-18.618707827664956,-18.59207998171639
227,227,0.0003121564784039234,0.00031407806397366683,-18.53560934196738,-18.4903132646652
228,228,0.00030785715030434246,0.00032324405190976044,-18.57773308930873,-18.365383896010623
229,229,0.00030462337299562106,0.0003069201300508882,-18.625117997447703,-18.59043558119758
230,230,0.0003062999215020232,0.00031495861338427,-18.606865644434883,-18.478154418810202
231,231,0.00030834737777489133,0.00031029999311278135,-18.565781290310774,-18.54287165726712
232,232,0.0003071147315420172,0.00031672475865649944,-18.592793025833934,-18.45386917786169
233,233,0.00030571137964197423,0.0003165461254722782,-18.628597936118602,-18.4563192955031
234,234,0.00030667439568787813,0.0003119862430091751,-18.6080471403088,-18.519334873868488
235,235,0.000301546290560059,0.0003122190981613178,-18.669216045506644,-18.516094667299296
236,236,0.0003063037647078409,0.000317043212769357,-18.598399765617486,-18.44950471383609
237,237,0.00030284188102724355,0.0003117891518693221,-18.6576646869874,-18.52207931034423
238,238,0.00030907020050811477,0.0003123072980854072,-18.573426338951823,-18.514867986063045
239,239,0.0003087260669154912,0.00031020730966702104,-18.572540359553955,-18.544169044394604
240,240,0.0003047718098819179,0.00030910593034748574,-18.61921818308732,-18.559615943776397
241,241,0.0003069140319772468,0.00032045517276090224,-18.598945891643623,-18.403016453492732
242,242,0.00030296713686260135,0.00031307695500895773,-18.651357478398914,-18.50417830457652
243,243,0.00030806589347776026,0.0003118717960253554,-18.580592494372418,-18.520928303494813
244,244,0.00030579539489951563,0.0003151302639468524,-18.61064022041386,-18.47578818456385
245,245,0.0003131613847631577,0.0003121284236457493,-18.513306036677946,-18.517356126363747
246,246,0.00031357734360895357,0.00030254420141174803,-18.503338895938725,-18.652800980488333
247,247,0.000313535506852672,0.00030997334091041823,-18.51203349430444,-18.547445874932812
248,248,0.0003121506754901817,0.00030385671906467334,-18.53132393784929,-18.63400087498184
249,249,0.00030850054193336094,0.0003082927371571331,-18.571308384878808,-18.571056380502505
250,250,0.00030697456269390574,0.0003123244861949627,-18.602290791684833,-18.514628974814368
251,251,0.0003108382924128631,0.0003172016923168772,-18.55477463577377,-18.447334359959758
252,252,0.00030967525429135553,0.00031001414448071857,-18.55774929827209,-18.54687422579903
253,253,0.00030473306518259273,0.0003074999779193221,-18.62424794071061,-18.582238427455426
254,254,0.0003074168455042905,0.00031147628875547335,-18.58562506787911,-18.526439402417097
255,255,0.0003093409723453416,0.00030703252138520936,-18.55729569342152,-18.588845525784006
256,256,0.00030361003027604795,0.000305860140973604,-18.641006623931567,-18.60546047308996
257,257,0.00030617534870656265,0.00030829141676229864,-18.613059942454516,-18.571074981051574
258,258,0.0003115353177508013,0.00030718847655838256,-18.537904804478124,-18.586640115261876
259,259,0.0003121367025011478,0.0003107037076628522,-18.52386588637272,-18.53722495899975
260,260,0.0003054635278213308,0.0003147900217874466,-18.617873503940615,-18.480479740306926
261,261,0.0003069113884793268,0.00030785044318212097,-18.60834056673973,-18.57729148532392
262,262,0.0003046443999130471,0.00031192019263184383,-18.630656695506758,-18.5202544128529
263,263,0.00031049409551190733,0.0003066832524430203,-18.554029475793893,-18.593788712748967
264,264,0.00030666796089097204,0.0003140606721372981,-18.60291671802195,-18.490553758624028
265,265,0.0003041287739497139,0.0003102639955039577,-18.635809934594977,-18.543375507415632
266,266,0.0003101983924934007,0.00031064972312091604,-18.551409503249822,-18.537979608047085
267,267,0.0003096608144408764,0.0003049052642094658,-18.564418720103404,-18.619040091186182
268,268,0.00030559175509777036,0.00030668011842001423,-18.618992109166495,-18.593833093909055
269,269,0.0003014572824953969,0.00030715522466619546,-18.672425893032056,-18.587110246664707
270,270,0.0003011787549374126,0.0003074708603028404,-18.67965496998236,-18.58264968663676
271,271,0.00030634416052447534,0.00031234671692609,-18.608820783927094,-18.514319862314444
272,272,0.0003069018475236083,0.00030405137314167067,-18.598053348432327,-18.631219625793257
273,273,0.0003061677232029435,0.000313354903482832,-18.603189098268388,-18.500324365963973
274,274,0.0003037774781144426,0.0003092570251809727,-18.647692964383456,-18.557493576867227
275,275,0.0003087856252041655,0.00031637418463728145,-18.57150728466332,-18.458678927718942
276,276,0.0003056732413224569,0.00030565027631574164,-18.615523862376694,-18.608441389321555
277,277,0.00030730272833493145,0.00030145714653802936,-18.588533568327243,-18.668433476823555
278,278,0.0003051177608137278,0.00030677738035783956,-18.629148379906397,-18.592455970853756
279,279,0.0003064266191771465,0.00030966263760714546,-18.60509800893601,-18.551801230209385
280,280,0.00030396442116867057,0.0003037894539853656,-18.637018304957365,-18.63496238364208
281,281,0.0003066204419868432,0.00031857339720437795,-18.59938325164785,-18.4285942489483
282,282,0.0003077196630591661,0.00030971664818935096,-18.588605436363277,-18.551043810695575
283,283,0.0003042283315528376,0.0003046762400404795,-18.637148441913684,-18.622303442741295
284,284,0.00030251208137115944,0.00030768633280929764,-18.656613414594506,-18.579607260231572
285,285,0.0003029310619146515,0.0003029493366882793,-18.652502812448187,-18.64698925731682
286,286,0.00030770736564065995,0.0002968854157523693,-18.589290770979122,-18.73480067904542
287,287,0.0003044409005297828,0.00031160206019290184,-18.63054212631489,-18.524686112735623
288,288,0.00030606369126093643,0.0003072074392357057,-18.607003371319124,-18.586372034504357
289,289,0.00030603362685405487,0.0003055371780646965,-18.616292960797317,-18.610048684973666
290,290,0.00030384450663630035,0.00030012218753415113,-18.640531559324995,-18.68770828391136
291,291,0.0003089841686851662,0.0002997731115963114,-18.571609950914198,-18.69276255824555
292,292,0.00030442517410997377,0.0003067610868081254,-18.624349958266958,-18.592686639315858
293,293,0.0003026382445259327,0.00030810763220008656,-18.659215353863836,-18.573664752198276
294,294,0.00030077222498258593,0.00030112866002845724,-18.68346945895636,-18.67316840058258
295,295,0.00030191424068725986,0.00031076733935869445,-18.66663048007333,-18.536335620884728
296,296,0.00030289286283713754,0.0003029320811803796,-18.65860025236003,-18.647236631527164
297,297,0.0003033898086419099,0.0003080966148684782,-18.64768807896011,-18.573820050262064
298,298,0.0003026735918781211,0.0003074611694931886,-18.659384216693702,-18.582786568924668
299,299,0.00030212623448850414,0.0003079474393560208,-18.66619994774196,-18.575923344749445
300,300,0.00030099190429534723,0.0003124269699726842,-18.67847745794403,-18.513204147737653
301,301,0.0003055582103828333,0.000307928129730403,-18.62307906387491,-18.576195674560108
302,302,0.00030129882083970515,0.00030106946283730825,-18.67676746951999,-18.67402223962879
303,303,0.0003014196522927545,0.00030783477383298114,-18.6842981266888,-18.577512543477656
304,304,0.00030197407456220504,0.00030186840434142043,-18.668676288981125,-18.662512725678333
305,305,0.0003028200809080538,0.00031137899771381755,-18.66054998186128,-18.527796152975093
306,306,0.000303661171256891,0.000310644930179574,-18.65063319178309,-18.538046614835764
307,307,0.00030352667135488936,0.0003021941719405157,-18.647958096985647,-18.65782847308793
308,308,0.00030318133280367695,0.00030857298100416203,-18.652733983012457,-18.567110355909406
309,309,0.0002988359175884098,0.00030699704228410204,-18.712856404005073,-18.589347403177626
310,310,0.0003047995611343571,0.00030546290125991956,-18.628224683601037,-18.61110459339982
311,311,0.0003075825915187021,0.0003096098172184276,-18.58979629747577,-18.55254208678161
312,312,0.0003055238168561812,0.00029535508732997666,-18.618577365804082,-18.757244759282116
313,313,0.00030161748813061986,0.0003111690488080249,-18.671829584732272,-18.530725393705456
314,314,0.00030974691467282854,0.0003050075611099601,-18.558391988900173,-18.617583260702453
315,315,0.00030346984102525124,0.0003084928505000119,-18.6469456058785,-18.568238282111228
316,316,0.0003034835210257239,0.0003049341704402315,-18.646288571931468,-18.618628382273627
317,317,0.0003001965345639601,0.00030379091530401066,-18.683132760474138,-18.634941492821508
318,318,0.0003030728385243661,0.00030213697372298494,-18.64892961585664,-18.658650567745823
319,319,0.0003032025007396629,0.00030104429491697565,-18.65256072920561,-18.67438530354444
320,320,0.0002955717222762688,0.0003026795702202148,-18.759611201357345,-18.6508582303759
321,321,0.0002975829826852729,0.00030416231541159123,-18.729387735633928,-18.629635261051803
322,322,0.0003007282475945684,0.0003044661900371705,-18.684656069836464,-18.625298589901377
323,323,0.0003020621053982507,0.00030677755651260287,-18.669915161141034,-18.592453477090373
324,324,0.0003043600532391886,0.0003060141301064409,-18.62732826671826,-18.60327451315548
325,325,0.00030005850559748594,0.0003057842305248701,-18.69770327501952,-18.606538468432007
326,326,5224800041825.649,0.0003018149245211757,143.71106905399012,-18.663282201652766
327,327,0.0003017435705747705,0.0003021197320011101,-18.668136626788808,-18.658898408923253
328,328,0.0003030663504704507,0.00030940077206315965,-18.652788824935435,-18.55547538590201
329,329,0.00030214153995290977,0.00031048601713815803,-18.670723215868932,-18.540268853440786
330,330,0.0002934247318033571,0.000302378625124938,-18.794861972077086,-18.655178436465757
331,331,0.0002944741941767639,0.0003035705740330741,-18.768685974259853,-18.638092598184013
332,332,0.00030581208684640103,0.00030078634996530846,-18.614549154912808,-18.678108080938912
333,333,0.00029834981416064054,0.0003025113385918207,-18.714244179841785,-18.65327274350593
334,334,0.0002973937075741147,0.0003046818632068799,-18.73092637416964,-18.622223289211686
335,335,0.00030021393910463246,0.00030215003981107945,-18.68990526052427,-18.65846275864739
336,336,0.0003115468794724798,0.00030250444481345385,-18.530948891581314,-18.653371713813364
337,337,0.00029815384831889197,0.00030034789539824585,-18.716709611371552,-18.684443385715717
338,338,0.00030114240575336955,0.0003086867471115272,-18.687149941130414,-18.56550947410989
339,339,0.00030109803426348286,0.0003025375128919749,-18.676173180023284,-18.652896993544456
340,340,0.0003040563801217095,0.00029920126268591146,-18.636996101219637,-18.701055096704216
341,341,0.0002989081030389889,0.0003002528216089367,-18.703938708513174,-18.685818343195663
342,342,0.0003076012935801457,0.00030745389353557443,-18.585112400815692,-18.58288934436253
343,343,0.00030032257050198994,0.00030764253154446025,-18.68806699267903,-18.580225552294674
344,344,0.0003058399522638659,0.0003007602691037678,-18.60887643081284,-18.678484669349466
345,345,0.00029897942092538493,0.00030200095543956484,-18.716466627452725,-18.660606147360145
346,346,0.0003024818555430327,0.00030673751883257766,-18.66016341629487,-18.593020313806427
347,347,0.00030711127688733803,0.0003088304089798935,-18.6012023126615,-18.563488751051377
348,348,0.0003074221587535858,0.00030350914427177295,-18.592845990688435,-18.638971514268487
349,349,0.00030413261130476157,0.0002992389337649863,-18.63857538349382,-18.7005083305649
350,350,0.0003012839412813545,0.00030497276441708793,-18.680826229508043,-18.61807875247774
351,351,0.0003018363315333641,0.0003046775772849,-18.673619468294312,-18.622284381307487
352,352,0.0003031948908380972,0.00030747454653273483,-18.6565259490984,-18.582597619923703
353,353,0.000299922095494076,0.000304297266809858,-18.704685301299676,-18.62770880117621
354,354,0.000301131660589161,0.0003073365185532327,-18.67092095709762,-18.58454764308553
355,355,0.00029955411836332115,0.0002953335122009249,-18.702393641703665,-18.757562014753276
356,356,0.0002984466691580649,0.0003121362449172394,-18.716864682636434,-18.51724730280794
357,357,0.0003036088404694534,0.0003046329427314432,-18.643662800583403,-18.62292065918769
358,358,0.0003020206433912912,0.0003016157762000435,-18.66851055366124,-18.66614877837764
359,359,0.00030164704907123844,0.00030865186310716366,-18.688008908577306,-18.566000288401014
360,360,0.00030306776620678066,0.00030530275053981885,-18.64009047018637,-18.613382147004923
361,361,0.0003015126390310638,0.00030919182647362744,-18.662027610404827,-18.558409269049577
362,362,0.0003034972223290002,0.0003036845476967038,-18.649955084909564,-18.63646237286333
363,363,0.0003010795255774901,0.00030097998004700795,-18.6771568289716,-18.67531322603525
364,364,0.00030379712920079066,0.0003075235198546005,-18.645144633611267,-18.58190594804198
365,365,0.0002999122439974861,0.00029974338586295123,-18.701719907616884,-18.693193229362496
366,366,114327811938747.38,0.0003021219699324942,157.11925954431814,-18.658866238973783
367,367,0.00029700879726472513,0.0003067022281404781,-18.73258821822042,-18.593520006007132
368,368,0.0002994468452447315,0.00031004510942454403,-18.69672670316221,-18.5464404638912
369,369,0.0003069005561536466,0.00031039802323855266,-18.598913841555337,-18.541499848693054
370,370,0.0003037212075084717,0.00030392894404940307,-18.64979219276453,-18.632968704781884
371,371,0.00030397445298899347,0.0003039622158547373,-18.64742901567571,-18.632493298576726
372,372,0.0002996214328228122,0.00030220905472034295,-18.691428089161843,-18.657614592391383
373,373,0.00030491421852481656,0.0003010938794192809,-18.633911071019668,-18.673670043270118
374,374,0.000302772008581087,0.0003091077148718269,-18.653020644264075,-18.559590871244264
375,375,0.0003051940929600681,0.0003073856504143853,-18.623106814825018,-18.583853420644665
376,376,0.00030335736747221425,0.00031089931833680327,-18.64616301212817,-18.534491618409398
377,377,0.00031137903288160404,0.00030968283413370187,-18.540104721021002,-18.551517987966072
378,378,0.00030258095678609327,0.0003040011475892051,-18.660945769667784,-18.631937086196505
379,379,0.0003026203866255921,0.0003029381899212144,-18.664608954933076,-18.647149055273218
380,380,0.0003038010339147037,0.00030653175321946805,-18.649587588467902,-18.59593462495048
381,381,0.00029778704089208593,0.0003021860749485265,-18.720170740263992,-18.657944839529726
382,382,0.0003010850785583373,0.000301614132599513,-18.678856574554455,-18.666172444533128
383,383,0.0003029046503385318,0.0003036650634481032,-18.65470101791808,-18.636741022968604
384,384,0.0003037075306584137,0.00029953017579636683,-18.643111731761245,-18.696283502828067
385,385,0.00030096988934788315,0.00030670991155171866,-18.693510886786402,-18.593411209232883
386,386,0.00030465753159135314,0.00030761801846031293,-18.629155153027398,-18.58057161372134
387,387,0.0003041230928520048,0.00029820997396631067,-18.63706284982975,-18.71546766846693
388,388,0.0003062055052255674,0.0003120697135608153,-18.60179169246459,-18.518173093428345
389,389,0.00031004430301314625,0.0003083232042722796,-18.555732542468604,-18.570627208983918
390,390,0.0003065118120896832,0.0003085815359985358,-18.59955063454673,-18.56698995212892
391,391,0.00030045184776662207,0.0003037443476434993,-18.68998887660928,-18.63560726744459
392,392,0.0003065264295635399,0.00031095904169457133,-18.60360358939382,-18.533657424436424
393,393,0.0003031362319177919,0.00031364875490238006,-18.650054825779527,-18.49625363822113
394,394,0.0003040607707495753,0.000305115390035912,-18.640478943579012,-18.616048176407393
395,395,0.0002994345689790093,0.0003046802196063493,-18.714850056550823,-18.62224671720831
396,396,0.00030171231441103767,0.0003008271527697185,-18.670560513299513,-18.67751898402709
397,397,0.00030688135077595977,0.0003063060101244207,-18.604194993222826,-18.59913413355798
398,398,0.0003071558210499508,0.0002980365764080106,-18.588147384133315,-18.717993657248616
399,399,0.0003115545477317262,0.0003068070080572445,-18.533970377339863,-18.59203656167008
400,400,0.0003056694695260376,0.00030670859115688423,-18.611741101643407,-18.593429905773274
401,401,0.00030041864134620915,0.0003069286888747133,-18.69389783191384,-18.59031447483248
402,402,0.0003115666871794413,0.00031076705904285376,-18.537575568348814,-18.536339538274436
403,403,0.0003020512223658968,0.0003098071917376824,-18.67062817237492,-18.549774365965344
404,404,0.0002974318981005033,0.0003026211986587824,-18.72692305700425,-18.651695845274546
405,405,0.00030583809726972364,0.0003095761961671279,-18.612238786959136,-18.553013720079328
406,406,0.0003028739358960968,0.0003075933613887939,-18.66169530661613,-18.580919735698828
407,407,0.00029954705663390226,0.0003029452483659904,-18.706189012331283,-18.647047866053526
408,408,0.00030048492396989664,0.0003031713345798811,-18.691466657165535,-18.643807961307687
409,409,0.0003018246903012209,0.00030601451381746873,-18.679241174707613,-18.60326906754166
410,410,0.00030462683185085307,0.0003074261951137726,-18.627970630003738,-18.58328061648131
411,411,0.0003005851779646749,0.0003026487339459556,-18.688340061719412,-18.651300701797528
412,412,0.00030529567868011934,0.00030272124231008713,-18.624426773181128,-18.650260346847006
413,413,0.00030713246822640415,0.0003054759351806225,-18.59635722966233,-18.61091928647539
414,414,0.00029993879329173143,0.0003027144304819797,-18.699314974023935,-18.650358072814992
415,415,0.0003098510657305128,0.00031266391038355465,-18.565077755862703,-18.50991176510521
416,416,0.0002999838011653748,0.00031423291779662435,-18.696954308597395,-18.488172536136652
417,417,0.000301457349404203,0.00030660141323766624,-18.67243143372983,-18.59494779327025
418,418,0.00029801568673496354,0.000304244716014517,-18.722242716403375,-18.62845887335322
419,419,0.00029778502102624434,0.0003003383646596615,-18.727298756462673,-18.684581199661242
420,420,0.000300267793192557,0.00030814984807205433,-18.69148932792253,-18.57306973726183
421,421,0.0003020910677600882,0.00030318807770718674,-18.665400702830123,-18.64356812177842
422,422,0.00031003095425626974,0.00031062983754581133,-18.56292206569333,-18.538257621234294
423,423,0.0002995050841097518,0.0002998793390456979,-18.698487134311087,-18.69122386710776
424,424,0.000296672601516829,0.0003106450756987263,-18.749938981333848,-18.538044580418205
425,425,0.00029662057901996657,0.00029802097369132464,-18.750118026683424,-18.718221023675223
426,426,0.00030789412957131284,0.00030497235696346154,-18.588939837519213,-18.618084554798486
427,427,0.0002966954193699663,0.0003072381721147777,-18.74241532220981,-18.58593759020014
428,428,0.00030622518856616055,0.0003111813183702332,-18.609344149535758,-18.53055415244188
429,429,0.0003006014884113497,0.00029897416856041863,-18.684744720354786,-18.704352648731955
430,430,0.00030163282359897437,0.0003024752046545281,-18.67465917002301,-18.653791524287733
431,431,0.00030504397030190096,0.0003021396826768882,-18.638622842483276,-18.658611629166302
432,432,0.0003053180110693631,0.0002976460673380643,-18.623696515447392,-18.723687828810835
433,433,0.00030482039197597693,0.00030465126665627683,-18.632801147137947,-18.622659435301635
434,434,0.0003032010590499171,0.00030161399550515374,-18.648051966921408,-18.666174418556587
435,435,0.0003077625092983092,0.00030979551267687624,-18.58788360981881,-18.549938088674317
436,436,0.00030246821349755543,0.00031085975780641953,-18.65723345457091,-18.53504427363324
437,437,0.00030294886880827894,0.00029420158228420307,-18.655793161864032,-18.77423927537523
438,438,0.00029956116359056807,0.00030409615015071864,-18.70115670658628,-18.63058009649367
439,439,0.00030061086344523066,0.00029979778245385543,-18.682457483032135,-18.692405155396028
440,440,0.00030137379830775146,0.0003064001571864968,-18.677563446203543,-18.59779947913306
441,441,0.0002945544611909859,0.0003127660801462633,-18.776381112785028,-18.50849284483505
442,442,0.00029880852098264685,0.00030237053272829046,-18.718033453338222,-18.65529466591937
443,443,0.0002994254246754956,0.0003086266025141078,-18.6976946207847,-18.56635573693165
444,444,0.0003048690385785261,0.00030398591939286376,-18.62461487305896,-18.632154640878205
445,445,0.0002979642433143154,0.00030319701794436887,-18.722355928887183,-18.643440061385668
446,446,0.0002990895636216497,0.0003106351436336378,-18.710712452092025,-18.53818343695759
447,447,0.0003012789448737599,0.00029940011767106816,-18.67783639965268,-18.698169649768634
448,448,0.00029988291483737297,0.00030307944536233614,-18.693646027455994,-18.645124478556067
449,449,0.00030734049085498857,0.0002996260223689636,-18.589930967915404,-18.694894027493568
450,450,0.0003019742514354839,0.0002996376577740241,-18.667639574561903,-18.69472538078994
451,451,0.0002999787881055885,0.000310939274066569,-18.69170828491827,-18.533933513679536
452,452,0.00030294452078602057,0.0003051347877389114,-18.64978078974543,-18.615772082579518
453,453,0.00030010345766378433,0.000309579530853386,-18.703529921091622,-18.552966939091036
454,454,0.0003030083976930833,0.000304923820964943,-18.659967113188067,-18.61877578445814
455,455,0.0003047548608011902,0.00030111629626174504,-18.616509048486982,-18.673346717249352
456,456,0.0002950917236019675,0.0003082871170542938,-18.758667783857508,-18.571135552069148
457,457,0.0003008784010067832,0.00030343449218076115,-18.681861190876678,-18.640039850417192
458,458,0.0003028852301325707,0.0003062178676421019,-18.652938894254277,-18.60038403728732
459,459,0.0003058951340265303,0.00029808338532395854,-18.614474080674608,-18.71731161822134
460,460,0.0002943110532552177,0.0003016430656364384,-18.782101903991347,-18.665755857434696
461,461,0.0003064945418166822,0.00029942489115790903,-18.60581471838887,-18.69781031311836
462,462,0.00030189532139722605,0.00030765248352269595,-18.661408706533123,-18.580085063939453
463,463,0.00029418025359021714,0.00030207371578159695,-18.78289895459036,-18.65955993844909
464,464,0.0003057559658101155,0.0002996467473598099,-18.61427162032627,-18.694593638434686
465,465,0.00030363799245624814,0.00029888617542670354,-18.644527806755477,-18.705631038679645
466,466,0.00029895350771485683,0.0003045476057052024,-18.71776149339402,-18.624137421605205
467,467,0.0003023775738181508,0.00030905196571869676,-18.658016894341273,-18.56037421413773
468,468,0.0002992991619076119,0.0003034507443724004,-18.697812639281036,-18.639807245083453
469,469,0.00030001405069662125,0.00030314298591723566,-18.700279485502342,-18.644214076332485
470,470,0.000303151209289016,0.0003078674819430728,-18.647158656495492,-18.57705112071669
471,471,0.0002979719300259903,0.00030628168085393935,-18.724679731074904,-18.59947909863253
472,472,0.0002987259835696098,0.0002939685961648234,-18.71088195515849,-18.77767993234855
473,473,0.0002979382216395119,0.00030135762981923397,-18.722012207551128,-18.66986740193348
474,474,0.0003027713534448622,0.00030557895048619494,-18.660282209017,-18.60945496697693
475,475,0.00029733574369528626,0.0003018293186630073,-18.735883672057142,-18.663075083091098
476,476,0.000300428157998729,0.0003010935393639987,-18.68697093719651,-18.67367494819267
477,477,0.0003037024748430002,0.0003069268553333945,-18.63770747167471,-18.590340418945377
478,478,0.0002979092171221261,0.00030424708261546726,-18.72897666400699,-18.628425091411184
479,479,0.00030017517400262206,0.00030536524105915114,-18.693498065946763,-18.612493307629506
480,480,0.0002970443942497686,0.0003016295928606077,-18.747001704494913,-18.665949837788943
481,481,615503691100.3713,0.0003021542874385456,134.42733786157243,-18.658401705926547
482,482,0.00029971491762667356,0.00029658055619189615,-18.692865962595203,-18.739262563728754
483,483,0.0002933649715881065,0.0003044854874085439,-18.788407488734148,-18.625023338441665
484,484,0.0003007351615545388,0.00030210320868431345,-18.687379176923564,-18.659135936657673
485,485,0.0002986924486059561,0.00029652352800200646,-18.717721404090668,-18.740097730065266
486,486,0.000305162090298086,0.00029583179811628436,-18.623051826120786,-18.75024078426419
487,487,0.00030225766198613594,0.0003025088609367805,-18.666109097384616,-18.653308313621203
488,488,0.0003009727380728138,0.00030069587381532123,-18.68072370953237,-18.679414629708806
489,489,0.00030047375620006746,0.00030169044207708026,-18.690652614461797,-18.665073802600276
490,490,0.00029815611751754913,0.00030152691761031747,-18.71904134602107,-18.66742843560844
491,491,0.00030460206704147004,0.00029883727945975567,-18.62761527960155,-18.70634157625372
492,492,0.00030537618032522193,0.00030189877112494096,-18.61984037246478,-18.66207586434956
493,493,0.0003021277079824358,0.0002996327361631158,-18.659180579595226,-18.69479671514856
494,494,0.00030549742208227284,0.0002944573674252943,-18.620913932615025,-18.770465066816097
495,495,0.00030031045640761166,0.00029696471373379037,-18.690158007187463,-18.733640835029167
496,496,0.00030131320248252336,0.0003047174464690646,-18.681843859960537,-18.621716113893726
497,497,0.00029964535872178326,0.0003010454697926578,-18.697225559238497,-18.67436835450941
498,498,0.00029972138632804196,0.00030326487735453015,-18.699915914624956,-18.642468162978542
499,499,0.0002980896916250055,0.0002948515213670601,-18.71945130730251,-18.76465558690801
500,500,0.0002938829098057635,0.0003026423854814646,-18.78427436205525,-18.651391801865202
501,501,0.0003043136012754835,0.00030919823161399876,-18.636814457602977,-18.558319302625222
502,502,0.00029623386097265425,0.00030474457277083084,-18.750642459482435,-18.621329517098275
503,503,0.00029919020616756654,0.0002973687484259962,-18.71084011494751,-18.727736066897293
504,504,0.00030202014097516645,0.00030626104317458446,-18.671028157193973,-18.59977174206506
505,505,0.0003042303355165863,0.00030253224509866223,-18.636255094280397,-18.652972613703533
506,506,0.0002996756763619937,0.0003048689809235695,-18.69695515593878,-18.61955692609662
507,507,0.0003004292277895279,0.0003087516049977,-18.691343596412075,-18.564597077849434
508,508,0.0003011724389561442,0.00029933501623178785,-18.681998374842546,-18.699114080598022
509,509,0.00030101587084966914,0.0003035962658223549,-18.68222675299929,-18.637725061566755
510,510,0.0002969941880419543,0.00030358622959618896,-18.728379785792676,-18.637868632162956
511,511,0.00029877406639795866,0.0003043311758359012,-18.713191279539117,-18.62722487693342
512,512,0.0003058689675826733,0.0003061926652567069,-18.6123900197843,-18.600741485643482
513,513,0.0002987283147264214,0.00030123098526689177,-18.710670518096524,-18.67169289380897
514,514,0.0003035340551766999,0.000302654343326331,-18.639262170572202,-18.65122020913078
515,515,0.00030919049474045866,0.00030690955463796854,-18.558087867171043,-18.590585226729225
516,516,0.00030002309943755765,0.0003027667944000936,-18.70048441922845,-18.64960688979528
517,517,0.00029451606483750774,0.00030875846201333364,-18.774087790323698,-18.564500627144863
518,518,0.00029357521465893106,0.00030920937608339285,-18.792044521572436,-18.55816277215885
519,519,0.0003010426345221295,0.0003032739125621064,-18.682991965957974,-18.642338775019887
520,520,0.00030473224622480687,0.0003030939788961979,-18.632716174859244,-18.644916226814654
521,521,0.00030330642586761183,0.00030491229661397244,-18.6436031452688,-18.61893992567216
522,522,0.0002966413776073413,0.00030645328086776366,-18.744363125439733,-18.597046564316635
523,523,0.0003035820298408129,0.0003036100717604552,-18.64533621501583,-18.637527572101828
524,524,0.00030399187913250907,0.00029986833167066306,-18.64542334887758,-18.691383282224212
525,525,0.00029223678530357084,0.0003081207963221363,-18.812089699645394,-18.57347920069492
526,526,0.0002938941204812397,0.000301939003341096,-18.789183005403018,-18.66149714502342
527,527,0.0002949696022791538,0.0003028820930538993,-18.77385599739556,-18.647953338678093
528,528,0.0003033515086011078,0.00030323224276990483,-18.651079120289133,-18.642935536015127
529,529,0.0002953000515207322,0.0003026822171370058,-18.759828344025443,-18.650820251719818
530,530,0.0003045892427536208,0.0003027180454840786,-18.630094489469037,-18.65030620987318
531,531,0.0002981573197757825,0.00030225425909616446,-18.718033782130174,-18.6569650240697
532,532,0.0002992351156282575,0.00031157329718361755,-18.70018910019773,-18.525087014859754
533,533,0.00029711509900546835,0.00030245687000723064,-18.73293384106294,-18.65405478148585
534,534,0.0002972172100946653,0.0003067423194328225,-18.734821961849562,-18.592952345013774
535,535,0.000294644509042498,0.0003059025636359461,-18.77041024247974,-18.604858150390207
536,536,0.00030051305507232927,0.0003131156508492208,-18.691663151885972,-18.503641556305684
537,537,0.0003035481459312333,0.0003032016086906783,-18.645726283600933,-18.64337430477929
538,538,0.0003047778499768759,0.00030339187957763086,-18.63436307166322,-18.640649791556562
539,539,0.00030406392401458753,0.0002982306445789474,-18.639449229829665,-18.715166644937337
540,540,0.0003014137298132763,0.00030028902677402486,-18.671634633322377,-18.68529469264656
541,541,0.0003023513460162182,0.0003035556093029874,-18.662739763087043,-18.63830669205377
542,542,0.0003014573333520903,0.00030859881831259514,-18.682665035470468,-18.566746729428136
543,543,0.0002981756808423466,0.0003046763679441555,-18.718831234117253,-18.62230161956503
544,544,0.00030693337267274326,0.00030795196806521793,-18.595878267281066,-18.575859477390885
545,545,0.00030558967972462326,0.00030183963826857507,-18.627005867427904,-18.662926599466008
546,546,0.00030341196685823005,0.00030117662007748887,-18.651167235825056,-18.672476765115373
547,547,0.0003035708373177259,0.00030301885348499606,-18.647321886530598,-18.64599281024796
548,548,0.00030387180872962417,0.0002967946240555887,-18.641447039847154,-18.736129015205574
549,549,0.00029643319175727474,0.0003059992312429179,-18.742841500002015,-18.603485962598402
550,550,0.0002946601961571339,0.0003023126804404647,-18.772953982790774,-18.656125677229017
551,551,0.00030241491328252804,0.0003006798215210438,-18.666522342499185,-18.67964647888004
552,552,0.0003013344425780065,0.00031382272381482546,-18.673528424508344,-18.493845441412308
553,553,0.0003082098138696255,0.0003054254201216329,-18.5805991004329,-18.611637517372465
554,554,0.00030051618148380717,0.0003039871210747055,-18.68670116629715,-18.632137472886924
555,555,0.00029970119802098837,0.00030258048163408314,-18.69638917488818,-18.652280218376898
556,556,0.0002947087189933938,0.0003056713444254312,-18.763874396669806,-18.608142045621758
557,557,0.0003041505658178177,0.00030148611404001713,-18.64421597519643,-18.66801617632117
558,558,0.0002942536702528404,0.00030065789101890435,-18.77413281887299,-18.679963249169685
559,559,0.0003012902872665718,0.0003071242995486644,-18.6792314727118,-18.587547526677398
560,560,0.00029961153106960786,0.0003041973824637305,-18.704702317275338,-18.629134589251525
561,561,0.0003010395787699513,0.0003035414081655051,-18.679183467992363,-18.638509871297583
562,562,0.0003012039534538773,0.0003008661649226652,-18.68023144982394,-18.67695581464237
563,563,0.00030245744808068135,0.0003041744517088917,-18.663188835114255,-18.62946197785625
564,564,0.0003018318649955075,0.0003090610951307769,-18.67370780135946,-18.560245925203525
565,565,0.0002935406169554065,0.00030595408201119617,-18.7932730611748,-18.604126797832393
566,566,0.00029439608009589703,0.0003019738659005318,-18.77400680226488,-18.660995727750304
567,567,0.00030627461077078946,0.00030748390341422667,-18.61707284125995,-18.58246546003549
568,568,0.0003013729668983268,0.000301196982802235,-18.676540121575403,-18.672183146040606
569,569,0.00029842530889676635,0.0003054144832085034,-18.722022012180243,-18.611793035733196
570,570,0.00029914282333134604,0.000298176080258073,-18.71045824268252,-18.715961303432753
571,571,0.00030494345137225366,0.0003006836195709184,-18.630709587055374,-18.67959162113546
572,572,1994274.804420483,0.0003015199679219605,79.5314071355968,-18.667528534336313
573,573,0.0003029370742559567,0.0003022068772942906,-18.647921656451633,-18.65764588356255
574,574,0.00030072848732612026,0.0003015866386704147,-18.678843664253776,-18.666568347929484
575,575,0.00029640210466579407,0.000304051579932045,-18.747147419378692,-18.631216672085564
576,576,0.0003032666878875575,0.0003044728747274923,-18.650540406609522,-18.625203239667236
577,577,0.0003010801025534279,0.000305767366386901,-18.687577689208638,-18.606777990398783
578,578,0.00029784381121382615,0.00031109733237443785,-18.72036431532886,-18.531726445745175
579,579,0.0002970823333430651,0.00030687913194445794,-18.737718243725872,-18.591015746490047
580,580,0.0003039683035296417,0.0003126668713153585,-18.63896444634614,-18.509870637549
581,581,0.00030121876175284924,0.0003002510531682913,-18.674674071353195,-18.685843922514838
582,582,0.00030332080285981795,0.00029991907496495465,-18.6495192308452,-18.690648437427097
583,583,0.0002997484155354503,0.0003121796578757073,-18.708563872267685,-18.516643313441286
584,584,0.0002986559330500163,0.0003046849482129083,-18.706238351240586,-18.622179315661775
585,585,0.0002979716932948333,0.00029941853197095424,-18.724037892144622,-18.697902549576078
586,586,0.00029629915571632344,0.00029890038652075946,-18.747206251823123,-18.7054245502731
587,587,0.0003000993345211231,0.0002982029438594748,-18.694743572184898,-18.715570051782745
588,588,0.0003047616050888295,0.0003037311459928261,-18.625004348930933,-18.635796029101655
589,589,0.00030185358950474595,0.00029750662858867526,-18.670835158923317,-18.725722852123194
590,590,0.0002968757100986586,0.00030286615794083396,-18.738553529631716,-18.648181833986598
591,591,0.00030228724858013086,0.0003001615267222453,-18.675619611507116,-18.687139059995047
592,592,0.0003015141840844137,0.000303775001635873,-18.675660622471803,-18.635168997955287
593,593,0.00030271256415739887,0.0003097577366708337,-18.661828051348134,-18.550467693224377
594,594,0.0003009383046409096,0.00029893001958139633,-18.67954806372087,-18.704994010956412
595,595,0.0002989155098138204,0.00029607445589805906,-18.713692929970588,-18.746679918305947
596,596,0.00030471928571902944,0.0003038694742013161,-18.627702110166208,-18.633818572967474
597,597,0.00030129908517449516,0.0003054659096769204,-18.686039945329725,-18.611061821185466
598,598,0.0002951970608657725,0.00030585185250904605,-18.766604539244142,-18.60557816358678
599,599,0.0002976839288711529,0.0003027988637576958,-18.73411056487471,-18.649146905155455
600,600,0.0002913019444659045,0.000305303705604992,-18.816458202388556,-18.613368561182817
601,601,0.00030244565997920815,0.00029755346660845374,-18.665773743744158,-18.725039173491766
602,602,0.00029819099155744324,0.00030514208743912414,-18.71941604734642,-18.615668188112892
603,603,0.00030007285783643423,0.0003027183993253857,-18.69915087650844,-18.650301133491393
604,604,0.00029957080971012754,0.0003014269076581848,-18.7019934957272,-18.668869135341147
605,605,0.00030475798586249045,0.0003011620796506146,-18.62049025524232,-18.672686442068226
606,606,0.00029510062067294204,0.0003041691647683221,-18.76961140720525,-18.62953746444157
607,607,0.0002986949029289781,0.0002957343500671222,-18.713421533298217,-18.75167160144452
608,608,0.0003034184478612175,0.0002996528093813379,-18.643609138458196,-18.69450577911728
609,609,0.00029527467943142295,0.0002986319243638335,-18.753378024330228,-18.70932698831951
610,610,0.00030582110018267765,0.0003035215088043754,-18.61839662223253,-18.638794592452296
611,611,0.00029797837172380464,0.00029915387016157374,-18.720625929240043,-18.701743059778867
612,612,0.0002999588191274016,0.0003017937407620545,-18.70533001406545,-18.66358703457599
613,613,0.0003032913043274131,0.00030684827269349054,-18.649172344900975,-18.591452487698632
614,614,0.0002995085774695251,0.00030336774790684054,-18.710106064104476,-18.640995241418224
615,615,0.0003009691905559127,0.0003028228223372839,-18.677752205741413,-18.648803288698062
616,616,0.0003035414973561911,0.00030734090404094835,-18.637860029268804,-18.584485672593512
617,617,0.0003000643580177434,0.0003061767416319957,-18.689633487302675,-18.600967347427815
618,618,0.0003049861631937056,0.00029814106835003356,-18.62117812944279,-18.716471283013764
619,619,0.00029360361309654855,0.00030022513697315986,-18.778117082759763,-18.68621880034444
