,epoch,train_loss,test_loss,train_dbs,test_dbs
0,0,3.557311290783265e-05,3.096903971086967e-05,-34.49262199299328,-35.08005812930473
1,1,2.901888961487296e-05,2.9358010196071854e-05,-35.375271926278344,-35.31206934902065
2,2,2.7912504424655464e-05,2.8451716149758892e-05,-35.539743885909374,-35.44825084594008
3,3,2.7131900799187072e-05,2.709458127164429e-05,-35.659577292695,-35.660511082027135
4,4,2.545783600092448e-05,2.6061989525547496e-05,-35.949870493670474,-35.829259859726065
5,5,2.4762167422804195e-05,2.5732532058579015e-05,-36.06159043017603,-35.88451029367669
6,6,2.52285538117951e-05,2.551984030823836e-05,-35.990352189402735,-35.92055599439916
7,7,2.5088807025482666e-05,2.516150705464258e-05,-36.00385578723667,-35.98196902149778
8,8,2.4241557015950993e-05,2.5213486017156883e-05,-36.15978364286084,-35.97300656483823
9,9,2.3987390226672508e-05,2.4274291239347995e-05,-36.20255001129972,-36.137869936399305
10,10,2.4296188074885387e-05,2.4144792118213925e-05,-36.14761371806358,-36.1611008131202
11,11,2.360751367979395e-05,2.3837906299281474e-05,-36.27286232057756,-36.216654435349376
12,12,2.2419401680100734e-05,2.3486924156283128e-05,-36.49075888319364,-36.28107406508982
13,13,2.2511195723935315e-05,2.2842600293714848e-05,-36.474865666661486,-36.40188011456419
14,14,2.1507379717581196e-05,2.2908290032462804e-05,-36.66736945255674,-36.389408789762825
15,15,2.16369698390145e-05,2.268390036126795e-05,-36.651550313605654,-36.43215820891275
16,16,2.2269971428688653e-05,2.237475420866088e-05,-36.517351536323964,-36.491752786779244
17,17,2.3328973342002654e-05,2.2151484269048333e-05,-36.31687923641164,-36.5353072026743
18,18,2.1946234370524198e-05,2.2156427899302033e-05,-36.59310084088809,-36.5343380794439
19,19,2.1232894919803677e-05,2.1863211977209796e-05,-36.73206733364752,-36.59219586325838
20,20,2.1652147889775752e-05,2.1860030277534143e-05,-36.64502411879843,-36.59282792737046
21,21,2.1715535207401924e-05,2.160253298873278e-05,-36.63024068212363,-36.644288748677084
22,22,2.108639918586369e-05,2.1384976399100485e-05,-36.761662472945346,-36.688247765798856
23,23,2.036785864435945e-05,2.135008454436167e-05,-36.90283065441313,-36.69533952746204
24,24,2.0326320558636972e-05,2.1170566469663754e-05,-36.91272318821958,-36.732010731034606
25,25,2.0635136577991417e-05,2.1248933655059726e-05,-36.86016145571929,-36.71596411341784
26,26,2.0632537757826623e-05,2.0895420388306345e-05,-36.858873558682255,-36.78882438876792
27,27,2.039201068871933e-05,2.1138726208990095e-05,-36.90141357771043,-36.738547381140506
28,28,2.041871989463617e-05,2.0628293704679602e-05,-36.90539810994065,-36.84470245633473
29,29,2.0735106257224916e-05,2.047005546046421e-05,-36.841804335808746,-36.87814532558518
30,30,2.0656561779086934e-05,2.0571071600945862e-05,-36.844603360258304,-36.856766360567235
31,31,2.046572106187388e-05,2.0189451597137743e-05,-36.89350007406682,-36.93809029444741
32,32,1.9523187568000177e-05,2.0133033821797365e-05,-37.08549440222412,-36.95024328762025
33,33,2.0312322666325497e-05,1.994626094720412e-05,-36.926279468046936,-36.9907205547233
34,34,1.9553450432251394e-05,1.98459631160643e-05,-37.088258336180445,-37.012613719974205
35,35,1.9755067123978078e-05,1.9735525184889985e-05,-37.04476303989065,-37.036848639186346
36,36,1.897915369705309e-05,1.96697668989624e-05,-37.218534846176055,-37.05134338632171
37,37,1.9222571009055343e-05,1.9514676894591265e-05,-37.15960442344375,-37.0857218683371
38,38,1.8944519051166428e-05,1.9384771612270636e-05,-37.220140297341985,-37.114728632791085
39,39,1.886808854813109e-05,1.9512556718837004e-05,-37.22974676072306,-37.08619373403005
40,40,1.949271103812768e-05,1.9249858987199043e-05,-37.108074993270556,-37.145059993986706
41,41,1.8668278084753428e-05,1.9031612043219963e-05,-37.287956143842905,-37.194579757901856
42,42,1.828248043670307e-05,1.9047331270963984e-05,-37.383439610473054,-37.19099416772386
43,43,1.886757326781325e-05,1.8943684680332234e-05,-37.24005096950133,-37.21469095652009
44,44,1.8393267458394775e-05,1.8783696137497347e-05,-37.36200968461631,-37.25152497802944
45,45,1.857204881030766e-05,1.9008827286214863e-05,-37.32360945606849,-37.19978227164595
46,46,1.8834394507290743e-05,1.883932207802948e-05,-37.25389534955239,-37.23868280971191
47,47,1.850131018765057e-05,1.8846209920746715e-05,-37.32311771471535,-37.23709527626925
48,48,1.7999818962764657e-05,1.876129633609181e-05,-37.4465312184431,-37.25670708656614
49,49,1.8541468719930206e-05,1.8685800856282615e-05,-37.313510471724136,-37.27421835829038
50,50,1.7991497911352032e-05,1.871136191766709e-05,-37.44157044684047,-37.268281528426215
51,51,1.8781657269483758e-05,1.8578750505663554e-05,-37.26753297021125,-37.29917049255784
52,52,1.807877501069578e-05,1.8680976274098565e-05,-37.42482796023147,-37.27533983013922
53,53,1.903949724532815e-05,1.8652955986908637e-05,-37.20447730228083,-37.28185886398102
54,54,1.8239098214517353e-05,1.868402064007425e-05,-37.39057473958604,-37.274632134993354
55,55,1.8041667748754483e-05,1.857483948697336e-05,-37.439145909692996,-37.300084823497265
56,56,1.83532944349056e-05,1.867827818626354e-05,-37.37015032032223,-37.27596712566607
57,57,1.8753656234169745e-05,1.848631597424269e-05,-37.269579251024744,-37.32083180007342
58,58,1.9044180571092004e-05,1.8594495294995506e-05,-37.20611990670427,-37.29549156951133
59,59,1.800246160744735e-05,1.8477342612306147e-05,-37.45004766998465,-37.32294040176424
60,60,1.8072997919102583e-05,1.8625122050396288e-05,-37.431518651593464,-37.28834424515932
61,61,1.8205163429491822e-05,1.858049510797412e-05,-37.39243802006908,-37.29876269571233
62,62,1.8175151473263485e-05,1.8557735673216246e-05,-37.40757289888722,-37.304085673116504
63,63,1.7956670255687678e-05,1.858475068155186e-05,-37.45541388910008,-37.29776812560202
64,64,1.8908077858138792e-05,1.8600003003436877e-05,-37.23286498866049,-37.29420537531007
65,65,1.8204845378256988e-05,1.844790169439205e-05,-37.3957181074269,-37.32986576198417
66,66,1.8493132648876144e-05,1.8596214144245576e-05,-37.334313711020776,-37.29509013229417
67,67,1.8664670419310984e-05,1.8615750329780367e-05,-37.2948586112321,-37.290530062179826
68,68,1.8072763663271355e-05,1.858066638018691e-05,-37.42843721256298,-37.298722663283876
69,69,1.840173292256407e-05,1.8569957798095665e-05,-37.345113125504,-37.3012263510915
70,70,1.8702256441138535e-05,1.876940701836965e-05,-37.279299592482836,-37.254829996984675
71,71,1.8570764669422396e-05,1.8650789187583877e-05,-37.31036740175247,-37.28236338650915
72,72,1.8872597691595203e-05,1.8530523783211767e-05,-37.23854172601719,-37.31045856629884
73,73,1.780356811162999e-05,1.838175031528073e-05,-37.4904918370754,-37.345466892185236
74,74,1.7924839450699307e-05,1.826059576016728e-05,-37.45911304673871,-37.3741860939402
75,75,1.8474966636108783e-05,1.7916560481305504e-05,-37.33825906039747,-37.45678911916761
76,76,1.8094859161962078e-05,1.7610827997391187e-05,-37.42794129309044,-37.5315377647472
77,77,1.7764378172455273e-05,1.740205023356554e-05,-37.50069959698268,-37.58333133900371
78,78,1.652230209223602e-05,1.739716122086209e-05,-37.81144225254923,-37.584551637489966
79,79,1.6536673571216543e-05,1.740637641265302e-05,-37.81468844671329,-37.58225180976547
80,80,1.7089631713593147e-05,1.733650654051943e-05,-37.67180629885044,-37.59971964101438
81,81,1.7155857132876788e-05,1.732546733317002e-05,-37.650030193715985,-37.6024859387538
82,82,1.6949273878108404e-05,1.734371160541502e-05,-37.71043910406243,-37.59791508490821
83,83,1.6976281548307168e-05,1.7227118884253095e-05,-37.701556925278254,-37.62720901085421
84,84,1.70031625549603e-05,1.7261149351773048e-05,-37.700300560750314,-37.61863841580092
85,85,1.704854086485809e-05,1.7357027086530396e-05,-37.68879769993087,-37.59458210672152
86,86,1.6598612270059938e-05,1.7317526582796983e-05,-37.80444424405667,-37.60447688915372
87,87,1.749386388162504e-05,1.7249207064052923e-05,-37.57230700033265,-37.621644162715086
88,88,1.684885797452076e-05,1.7273355153615978e-05,-37.73045862288634,-37.615568493307904
89,89,1.683921545543516e-05,1.712834742456356e-05,-37.73077966354212,-37.65218088444988
90,90,1.7123196043611803e-05,1.7196888046256437e-05,-37.65945564746198,-37.63483687911887
91,91,1.726050679993482e-05,1.7083193214555075e-05,-37.63183616341318,-37.66364498998979
92,92,1.717545478406708e-05,1.7018028732931462e-05,-37.653334880289805,-37.680242993003425
93,93,1.646199514877865e-05,1.67144572562967e-05,-37.837602799635114,-37.75841272917704
94,94,1.5999714697059483e-05,1.6719259053245066e-05,-37.954226553932735,-37.75716524958911
95,95,1.6138524797591428e-05,1.6461580439921053e-05,-37.918216810048584,-37.824620233462866
96,96,1.5839741376787305e-05,1.6139344408752788e-05,-37.99773292104151,-37.91047662472255
97,97,1.5849476129887145e-05,1.619202564478129e-05,-37.99784616298551,-37.89632368884807
98,98,1.5610666261786672e-05,1.5950000440505774e-05,-38.06551680819739,-37.96172852489154
99,99,1.5264398675800792e-05,1.5830093855727585e-05,-38.1596166971637,-37.99450062099351
100,100,1.4628440478247153e-05,1.5744635196537465e-05,-38.34835505235483,-38.01800949397983
101,101,1.4871553428316269e-05,1.5169614255826577e-05,-38.28232423128297,-38.1795901451089
102,102,1.5191196260125299e-05,1.5019660790322201e-05,-38.18511014821575,-38.22273427367954
103,103,1.4353442481675752e-05,1.4663634206762685e-05,-38.435243311049504,-38.32691933526289
104,104,1.4276758970341107e-05,1.4449668397949273e-05,-38.45682133551033,-38.390756711919344
105,105,1.3869752055865151e-05,1.4139298065473619e-05,-38.580657321476004,-38.48505702094585
106,106,1.3966409346018558e-05,1.3774844104007475e-05,-38.55633026185934,-38.598468594274266
107,107,1.3677927518543096e-05,1.4216525318931273e-05,-38.6459420236648,-38.461400890421395
108,108,1.383531977723775e-05,1.3246499484490701e-05,-38.59128704899727,-38.768324249565
109,109,1.3407321284361875e-05,1.321665240539005e-05,-38.727061694019,-38.77812083562911
110,110,1.2606496244357519e-05,1.3085887602708107e-05,-38.99803609836968,-38.82130366140002
111,111,1.2806636713668417e-05,1.3156659885058425e-05,-38.92235441903558,-38.797879040581044
112,112,1.236275142050029e-05,1.3137551162033464e-05,-39.08289076924228,-38.804191315486
113,113,1.256949835618629e-05,1.298793890064668e-05,-39.0013368059645,-38.85393314975857
114,114,1.2864219945523595e-05,1.3079407452957975e-05,-38.90359556082303,-38.82345482639161
115,115,1.2867927786650511e-05,1.3039912406192774e-05,-38.90474959216426,-38.83658877784051
116,116,1.2771923466811806e-05,1.2849368479357126e-05,-38.93563687857476,-38.900517683860116
117,117,1.2795595898048127e-05,1.295739447845048e-05,-38.931274489387384,-38.864158711286116
118,118,1.2523346338208079e-05,1.2924639984128972e-05,-39.021772584289735,-38.8751509721581
119,119,1.2364351859264624e-05,1.3008133608213699e-05,-39.08680861643611,-38.84718562909269
120,120,1.2776426046912093e-05,1.290338403984941e-05,-38.9403577584087,-38.88229928624036
121,121,1.2530570782792452e-05,1.2734232146421595e-05,-39.02480461822929,-38.9396078904156
122,122,1.2093388681229776e-05,1.2831823608537793e-05,-39.17629255843817,-38.90645170883989
123,123,1.218481863652039e-05,1.305138458088837e-05,-39.14057432138661,-38.83276964804465
124,124,1.2219304903503388e-05,1.2798559845051435e-05,-39.13107155487586,-38.91772448364366
125,125,1.2592778729572509e-05,1.2832466094742382e-05,-38.999071696025005,-38.906234264120684
126,126,1.2310166283961885e-05,1.273249113422169e-05,-39.09918473497453,-38.94020169432527
127,127,1.2527431432111549e-05,1.2576942553048292e-05,-39.017188058514705,-38.99358474656473
128,128,1.1750610760780959e-05,1.2980550117821335e-05,-39.29557893187703,-38.85640453551639
129,129,1.2379528522343235e-05,1.2619521121929497e-05,-39.07032244814864,-38.97890677004167
130,130,1.2061000018444791e-05,1.2618020503539715e-05,-39.18107958733166,-38.97942323103186
131,131,1.2225234161998798e-05,1.2634896034126685e-05,-39.12736677834579,-38.97361879185498
132,132,1.178681510076054e-05,1.2945351380422884e-05,-39.284205006326204,-38.86819708731294
133,133,1.2003542053076371e-05,1.2455729503065078e-05,-39.20786286649171,-39.03564383643011
134,134,1.2099483674038057e-05,1.2587420889375559e-05,-39.179947594399835,-38.9899679780183
135,135,1.2282750503800344e-05,1.3089853238948548e-05,-39.1131657167726,-38.81998774529277
136,136,1.1932351749096925e-05,1.241830374821898e-05,-39.23144526083456,-39.04871273515832
137,137,1.1751030984838113e-05,1.2466634679616331e-05,-39.298638640349836,-39.03184318712739
138,138,1.2115928219612111e-05,1.2366407932667675e-05,-39.17001235221175,-39.06689983336281
139,139,1.1769628229361392e-05,1.2368067377553272e-05,-39.27877919465871,-39.06631709388775
140,140,1.1900649107851631e-05,1.2414780365744312e-05,-39.24114322937729,-39.04994511174886
141,141,1.2043361747010308e-05,1.2341703471687843e-05,-39.18983786894263,-39.07558444262464
142,142,1.1588594677903661e-05,1.224572980917353e-05,-39.35925812658613,-39.10948878981711
143,143,1.199817301518855e-05,1.2364523746854453e-05,-39.20460732412684,-39.06756158886297
144,144,1.161796301192263e-05,1.2351038908251977e-05,-39.34699796741083,-39.07230062042559
145,145,1.1996578886629726e-05,1.2334336133790202e-05,-39.2128653428926,-39.07817772286043
146,146,1.1996152868059935e-05,1.2269512329734617e-05,-39.205335594116924,-39.10106250495559
147,147,1.1606055972920658e-05,1.2569185807813865e-05,-39.3622323743977,-38.99626405505416
148,148,1.154677553018963e-05,1.2375726806854609e-05,-39.376628615177765,-39.06362838094295
149,149,1.1802045142739535e-05,1.2241522343078701e-05,-39.27768004332546,-39.110981222952844
150,150,1.1901070344542062e-05,1.2115902456188402e-05,-39.24505536206957,-39.155777836593614
151,151,1.1603979690278852e-05,1.221072814491651e-05,-39.34685073260644,-39.12191989496854
152,152,1.2019323914557258e-05,1.2098435993385992e-05,-39.20768785369481,-39.16204320679556
153,153,1.1619254100597319e-05,1.2020236777300996e-05,-39.344103730684516,-39.1902052929626
154,154,1.1453591394025147e-05,1.213433772232077e-05,-39.41621027978832,-39.149174738366874
155,155,1.1835266161948856e-05,1.2077830050609345e-05,-39.280974456054366,-39.169446375997154
156,156,1.1558455598694224e-05,1.202298871679599e-05,-39.37270675794431,-39.18921112340517
157,157,1.1299814451779911e-05,1.2123310721347624e-05,-39.47814963822807,-39.15312315572115
158,158,1.1815171861017757e-05,1.1935474934656859e-05,-39.27990636302936,-39.22093846808132
159,159,1.1024877194452614e-05,1.1944008244762172e-05,-39.57186049151781,-39.21783457372899
160,160,1.1966387975598522e-05,1.1978944042455528e-05,-39.22638105603145,-39.20515015688729
161,161,1.1353140751490388e-05,1.2020561131832533e-05,-39.445780683124156,-39.19008810435366
162,162,1.1667670385333585e-05,1.1913256170565115e-05,-39.33478352792361,-39.22903071365114
163,163,1.1609244830117287e-05,1.1863212086226619e-05,-39.34581210137679,-39.24731257245344
164,164,1.1691351611477434e-05,1.1957159250940955e-05,-39.32322803269625,-39.21305538460167
165,165,1.1427977510392498e-05,1.187254852802174e-05,-39.42267660182564,-39.243895984776096
166,166,1.1280631830213116e-05,1.1809043922097006e-05,-39.47772536317623,-39.26718813972334
167,167,1.1536771491648192e-05,1.1937779498494868e-05,-39.38182368482043,-39.220099990559156
168,168,1.178012117287432e-05,1.1771214830284743e-05,-39.287569822019215,-39.281122660201945
169,169,1.1214506830396035e-05,1.1772850245362956e-05,-39.49314976067297,-39.280519321956874
170,170,1.1160483754605425e-05,1.1783287606560503e-05,-39.51968480287388,-39.276670738034625
171,171,1.1384359850970063e-05,1.1735294480642647e-05,-39.4350383114438,-39.294395597985925
172,172,1.1353210782582424e-05,1.1757456233777033e-05,-39.44482957292066,-39.28620181083212
173,173,1.1052006886961159e-05,1.1712522217222662e-05,-39.56244627064423,-39.302831241765126
174,174,1.1053499461529109e-05,1.1681411562772395e-05,-39.56128709983959,-39.31438226490487
175,175,1.1166912822632512e-05,1.1699219229692398e-05,-39.518952635770496,-39.30776672656202
176,176,1.1064496921443202e-05,1.1614143276299154e-05,-39.559089294308194,-39.33946372531493
177,177,1.1030101753950129e-05,1.1641161252459584e-05,-39.57751935316757,-39.32937246787861
178,178,1.0980355009732447e-05,1.1515832499610137e-05,-39.59519608253039,-39.376382125362035
179,179,1.100365995822808e-05,1.1754620142088051e-05,-39.58345603814146,-39.28724952687129
180,180,1.1290100467038465e-05,1.1577127655695413e-05,-39.482345329939164,-39.353327297924416
181,181,1.1412754688113711e-05,1.1610937355343546e-05,-39.42901313325751,-39.34066269965768
182,182,1.0761542417293236e-05,1.1609667796476156e-05,-39.68224554891234,-39.34113759030545
183,183,1.0987664674908e-05,1.1571415310946146e-05,-39.59498521548273,-39.355470706999675
184,184,1.1153099660884071e-05,1.1499713572878758e-05,-39.52796505959567,-39.382465285028225
185,185,1.0920452847674768e-05,1.1553427133261912e-05,-39.609455819862845,-39.36222722255414
186,186,1.0952471571145747e-05,1.1455341097500518e-05,-39.60710163455593,-39.39925526482477
187,187,1.0634592999662177e-05,1.1518536427358508e-05,-39.7341995213811,-39.375362517740314
188,188,1.0996889238985082e-05,1.1414361611777598e-05,-39.585915324903425,-39.41481924813896
189,189,1.0870664163562229e-05,1.1495113396545334e-05,-39.639423881997494,-39.38420292039004
190,190,1.1129136303857991e-05,1.1401024015580524e-05,-39.53523026832842,-39.419896913872684
191,191,1.1083566756290743e-05,1.140326974947177e-05,-39.550945896580124,-39.41904154001196
192,192,1.0687572875653619e-05,1.1443651457834916e-05,-39.71124448007357,-39.403689299580606
193,193,1.0995014714147324e-05,1.1437508299805862e-05,-39.5795126256438,-39.406021296494956
194,194,1.0873109110350211e-05,1.1335351126418621e-05,-39.63376141994357,-39.44498574400963
195,195,1.1188491067308128e-05,1.1391832470651839e-05,-39.5112343664035,-39.42339962311976
196,196,1.0767356948188948e-05,1.1437015353677501e-05,-39.6828841378785,-39.406208477471225
197,197,1.1295820963683e-05,1.1273998672167133e-05,-39.4708423969422,-39.468555725429745
198,198,1.0991826522663313e-05,1.137485790087866e-05,-39.58830946294139,-39.429875718881505
199,199,1.0996390976532021e-05,1.1351954622353477e-05,-39.58864441700317,-39.43862905447407
200,200,1.1099958626181968e-05,1.1247990330861954e-05,-39.54591437690422,-39.47858617534405
201,201,1.0852681934358265e-05,1.1319846252215365e-05,-39.64550696298275,-39.45093023634651
202,202,1.0627110783651606e-05,1.1301164752359527e-05,-39.74092201541325,-39.458103456096865
203,203,1.0738393320559798e-05,1.1324959718637584e-05,-39.69344262670739,-39.448968859162555
204,204,1.133656059744343e-05,1.1284294391531913e-05,-39.453116089315465,-39.46459144107082
205,205,1.150770383470238e-05,1.12598772830097e-05,-39.39180120300752,-39.47399894540922
206,206,1.071877840772264e-05,1.1252716544013789e-05,-39.69305778932689,-39.47676172748671
207,207,1.089641109595589e-05,1.1286767451230461e-05,-39.62213639557892,-39.463639747976124
208,208,1.0990449397665084e-05,1.1254854000167383e-05,-39.59135924290685,-39.47593686243627
209,209,1.087946658145418e-05,1.1206896392411037e-05,-39.643573394960015,-39.49448194970515
210,210,1.0611601442413058e-05,1.130966713964498e-05,-39.739807052835204,-39.45483728696806
211,211,1.0791421793572263e-05,1.1201430951539232e-05,-39.662107500184135,-39.49660045754594
212,212,1.0777337105462289e-05,1.119586766818477e-05,-39.679311426319074,-39.49875795283394
213,213,1.1326785882834115e-05,1.1206392963159536e-05,-39.45001845935083,-39.49467704516171
214,214,1.0919604017207226e-05,1.1248645214915373e-05,-39.61497819033218,-39.47833332639676
215,215,1.108660924109779e-05,1.1163485444405141e-05,-39.54121977759349,-39.51133741419936
216,216,1.057579089019876e-05,1.1208524723004207e-05,-39.75521900704598,-39.49385097784972
217,217,1.072404122694315e-05,1.1182796841144169e-05,-39.70184824293551,-39.503831167726446
218,218,1.0501809464182498e-05,1.1277136428888249e-05,-39.78132290614632,-39.46734717390254
219,219,1.0996355159317992e-05,1.120270395691286e-05,-39.588554468032115,-39.496106924354805
220,220,1.0671864289441746e-05,1.1154865636566874e-05,-39.7195033863437,-39.51469208422115
221,221,1.1061536844357124e-05,1.1137200712446907e-05,-39.564260841943224,-39.521575053753224
222,222,1.0561558709239238e-05,1.1101451108468035e-05,-39.76511654557653,-39.5355380126927
223,223,1.076042140412778e-05,1.1211997317380002e-05,-39.67992988587825,-39.49250566699153
224,224,1.0763465220360062e-05,1.120239434576912e-05,-39.68316467227699,-39.49622695276035
225,225,1.100352449977492e-05,1.1092094657789475e-05,-39.58806025272913,-39.53919984769953
226,226,1.0747770989162501e-05,1.1122424008422776e-05,-39.690211542886985,-39.527341046703725
227,227,1.0780763303271145e-05,1.1131413693395811e-05,-39.67609390713872,-39.523832284895974
228,228,1.089740383286346e-05,1.1119646938153127e-05,-39.62694057393642,-39.5284255377146
229,229,1.078309954200168e-05,1.1125322137224047e-05,-39.670522363090186,-39.52620956907439
230,230,1.1049915893008146e-05,1.1098800745170784e-05,-39.56651997128187,-39.5365749722444
231,231,1.0692649834474895e-05,1.1089312609233035e-05,-39.71455777273769,-39.54028925409133
232,232,1.0973738407648347e-05,1.1067221940289815e-05,-39.59838243547018,-39.54894932571138
233,233,1.0710157504345448e-05,1.1070394736491021e-05,-39.696240259406636,-39.5477044510603
234,234,1.0683506431079653e-05,1.1068988274736943e-05,-39.71421040987082,-39.548256244738845
235,235,1.0685170909522471e-05,1.109694346125348e-05,-39.70984120044222,-39.537301785592945
236,236,1.078220352094822e-05,1.1062769293570646e-05,-39.67559559379433,-39.55069696302914
237,237,1.064167891976486e-05,1.105145929614082e-05,-39.72420747745693,-39.55513923410584
238,238,1.0731059127155999e-05,1.1084350406140162e-05,-39.69638434336959,-39.54223305332359
239,239,1.089577677497069e-05,1.1037498121655326e-05,-39.6236885460648,-39.56062909198607
240,240,1.0681455614289494e-05,1.1018580105308884e-05,-39.71062150396018,-39.56807918536902
241,241,1.0674111904008146e-05,1.1042047174812883e-05,-39.72347158992821,-39.55883953637192
242,242,1.092951855021853e-05,1.107883518240047e-05,-39.611627666514366,-39.54439450369496
243,243,1.068821741673392e-05,1.0970776010684571e-05,-39.71327617527442,-39.58696203678563
244,244,1.0700739311659228e-05,1.0985049716270479e-05,-39.703209497085865,-39.58131525080483
245,245,1.088285627758392e-05,1.0987420864694286e-05,-39.636292721323294,-39.580377917266084
246,246,1.052320456756675e-05,1.1013547248838126e-05,-39.78749231344401,-39.57006332588922
247,247,1.0674790246412158e-05,1.0963275982296755e-05,-39.715747358470296,-39.58993204986933
248,248,1.0749676943136759e-05,1.1002150274993925e-05,-39.68227905352479,-39.57455979327366
249,249,1.0659595688790882e-05,1.0966027299505904e-05,-39.724804885990885,-39.58884229168339
250,250,1.086488545925678e-05,1.0948316517705711e-05,-39.64906592195937,-39.59586207429226
251,251,1.0458595235982056e-05,1.0960302030358243e-05,-39.79834960833228,-39.59111029816759
252,252,1.0646625314527142e-05,1.0913378039396393e-05,-39.729222839077984,-39.60974352452896
253,253,1.0711899871164429e-05,1.0899860506852795e-05,-39.70129279821275,-39.61512611871062
254,254,1.0833514408528272e-05,1.0915238721951793e-05,-39.64977832853562,-39.60900313481286
255,255,1.0857142302652907e-05,1.0966278559384304e-05,-39.64951616196585,-39.58874278479212
256,256,1.0965696730505142e-05,1.0891632978439846e-05,-39.608337374241174,-39.61840553630688
257,257,1.064892236997563e-05,1.0909156883012896e-05,-39.73076296983272,-39.61142364551764
258,258,1.035116611092235e-05,1.0903085383592712e-05,-39.856448907606165,-39.61384138756445
259,259,1.0295731072735939e-05,1.0915620805462822e-05,-39.87995275484752,-39.60885111444895
260,260,1.0569687247814577e-05,1.0916446052234327e-05,-39.76241363851644,-39.60852278995125
261,261,1.0683649437401213e-05,1.0919512150346572e-05,-39.707909797151714,-39.60730315993775
262,262,1.0572180697861244e-05,1.090249923819149e-05,-39.756152220945474,-39.614074868773805
263,263,1.0635931053893165e-05,1.089351639836279e-05,-39.7280003904939,-39.61765460376331
264,264,1.0757079723692551e-05,1.0842971373916188e-05,-39.68626364264531,-39.63785240664728
265,265,1.0474228549787064e-05,1.0880341649585476e-05,-39.79639782566685,-39.622910191799306
266,266,1.0652530682378223e-05,1.0863249659259485e-05,-39.72967937703352,-39.629737912672816
267,267,1.060304478967962e-05,1.0871161928087914e-05,-39.75045167415453,-39.6265758718423
268,268,1.0764839316834696e-05,1.0830403497445667e-05,-39.679882700253366,-39.64288914877403
269,269,1.0374889028490852e-05,1.0877349268412217e-05,-39.84500066810892,-39.624104780549
270,270,1.0605895188268029e-05,1.0853467277851642e-05,-39.74713860791852,-39.63365050642716
271,271,1.0323471331540746e-05,1.0811990442131278e-05,-39.860268618455436,-39.65027898768906
272,272,1.0682601793267112e-05,1.0804379168180994e-05,-39.714226892020655,-39.653337349914594
273,273,1.0550111236972447e-05,1.0824149716139991e-05,-39.76846432582401,-39.64539761224663
274,274,1.0598141450584043e-05,1.0814470442710444e-05,-39.75024895424136,-39.649282938842134
275,275,1.0346460638493695e-05,1.0776871117980735e-05,-39.84562544832522,-39.664408627733316
276,276,1.0286052755188779e-05,1.084272059271921e-05,-39.87619967344487,-39.637952853421304
277,277,1.0735544290901558e-05,1.0806332092646412e-05,-39.69505569873559,-39.65255242033872
278,278,1.03553424027662e-05,1.079424993421478e-05,-39.85304841040391,-39.65741082209571
279,279,1.0739340353014545e-05,1.0741320836945975e-05,-39.692147673291714,-39.678758629780674
280,280,1.0569656568776801e-05,1.0789850229660883e-05,-39.75158567922547,-39.659181354498465
281,281,1.0431576464322189e-05,1.0784479232633634e-05,-39.81937353889648,-39.661343734027824
282,282,1.0405148676693794e-05,1.0777817854097138e-05,-39.825390731189934,-39.66402712162857
283,283,1.0404223542433646e-05,1.0796415297495274e-05,-39.827113005966474,-39.65653969995372
284,284,1.0208070100994406e-05,1.0767748503176814e-05,-39.901279023943495,-39.6680864847355
285,285,1.0210912956402531e-05,1.0775140397431402e-05,-39.90240204966141,-39.66510614256656
286,286,1.0453879266859394e-05,1.0809351710792581e-05,-39.80186907787137,-39.651339038871086
287,287,1.0519710495199687e-05,1.0721676565146099e-05,-39.782249617230185,-39.68670849909868
288,288,1.0121281044008619e-05,1.0745689905888867e-05,-39.94929095997594,-39.67699248130911
289,289,1.0299190790581483e-05,1.0730741259497958e-05,-39.86862902682799,-39.68303828625495
290,290,1.0430734731663815e-05,1.0709749882440328e-05,-39.813726183411134,-39.69154223523277
291,291,1.0507504480911033e-05,1.0713805750128813e-05,-39.780012124411726,-39.68989783874911
292,292,1.0573938840193993e-05,1.072558495108847e-05,-39.753383402933174,-39.68512564856512
293,293,1.0431122017010793e-05,1.0719779024121204e-05,-39.813891218347436,-39.68747718907405
294,294,1.0665636805758377e-05,1.068818226868691e-05,-39.719103315702256,-39.700297005316834
295,295,1.0552079270992275e-05,1.0697490276805566e-05,-39.76790432147269,-39.69651651460735
296,296,1.0180610383800159e-05,1.0672685915012967e-05,-39.92579843773523,-39.70659823054136
297,297,1.045625913789503e-05,1.0661073319122233e-05,-39.8092382242806,-39.711326217539494
298,298,1.0460418688473004e-05,1.0671884051828928e-05,-39.81279583273929,-39.70692453812851
299,299,1.0483442218680194e-05,1.0674152259812936e-05,-39.801600286306225,-39.70600158437673
300,300,1.0245238045922398e-05,1.0705159997757475e-05,-39.8944677217636,-39.693403892958166
301,301,1.0821595517966474e-05,1.0637785084997487e-05,-39.66097998862323,-39.72082339847967
302,302,1.0406577450677227e-05,1.0677684689366479e-05,-39.823133753465356,-39.70456459824719
303,303,1.025104411476689e-05,1.064511805356903e-05,-39.89162853350588,-39.71783069782049
304,304,1.026081079863175e-05,1.0629926284883895e-05,-39.88894094729835,-39.724032990353194
305,305,1.0210828832830734e-05,1.0637106817356604e-05,-39.9041983267587,-39.72110031447543
306,306,1.0652090074388267e-05,1.0630866702405528e-05,-39.72841158752432,-39.7236487919455
307,307,1.0505931477007497e-05,1.060024786918228e-05,-39.78790505796781,-39.73617531238355
308,308,1.061184535107723e-05,1.0597857573501593e-05,-39.74423166412692,-39.73715473220147
309,309,1.037321642554124e-05,1.0611687780750034e-05,-39.84524268964882,-39.7314908827954
310,310,1.0321118417177973e-05,1.0591972137550137e-05,-39.85972892895832,-39.73956722202124
311,311,1.0210823675902012e-05,1.0607140163636742e-05,-39.902538562813255,-39.733352441834874
312,312,1.0541475050333771e-05,1.0603578223373533e-05,-39.77081526853129,-39.734811073256495
313,313,1.0298278201722478e-05,1.0573644981616925e-05,-39.871928264693935,-39.74708827338979
314,314,1.0134088632785091e-05,1.0580406619977256e-05,-39.935005394468064,-39.7443119330614
315,315,1.0068667502169192e-05,1.0588058653650622e-05,-39.970344154919346,-39.74117213421299
316,316,1.0113533311802534e-05,1.0587193341244097e-05,-39.945687716087754,-39.741527077241365
317,317,1.0223619788168022e-05,1.0534384010067075e-05,-39.902128442177954,-39.76324406223021
318,318,1.0108650848892044e-05,1.0556921408447364e-05,-39.94889407196267,-39.75396263437721
319,319,1.0629065873780342e-05,1.0548696680320733e-05,-39.733554323769916,-39.75734747172842
320,320,1.0151616906929945e-05,1.057354036579215e-05,-39.93819121832282,-39.74713124277288
321,321,1.041523743888601e-05,1.0525689958740259e-05,-39.82256545278997,-39.76682978442349
322,322,1.0122348321976797e-05,1.0562940348647412e-05,-39.94922145383951,-39.75148724640676
323,323,1.0146453747701034e-05,1.0512373185185042e-05,-39.94324606045793,-39.77232782101044
324,324,1.044555416960178e-05,1.045412016920684e-05,-39.81892701761488,-39.79646063908745
325,325,1.0119944682187874e-05,1.0503897460454792e-05,-39.946788811092894,-39.77583078377877
326,326,1.0165471553825893e-05,1.0497135893896675e-05,-39.930987218631074,-39.77862732345102
327,327,1.0181791250155602e-05,1.0514677509682338e-05,-39.923421015405125,-39.77137594674884
328,328,1.02804151866462e-05,1.049177128726641e-05,-39.88009249012108,-39.780847371486615
329,329,1.017495086080558e-05,1.0487286688562323e-05,-39.92701683434823,-39.78270411500927
330,330,9.916254019061075e-06,1.0484570602305834e-05,-40.0293910872705,-39.783829033287894
331,331,1.0150160313660121e-05,1.049381506546572e-05,-39.93905492206445,-39.78000145602628
332,332,1.0154056748358494e-05,1.0488688219897755e-05,-39.930350936040895,-39.782123758359575
333,333,1.0140378421543648e-05,1.0520433558045433e-05,-39.94891891051671,-39.76899913961337
334,334,1.037515592299277e-05,1.0496203278882221e-05,-39.844478748462315,-39.77901318827362
335,335,1.0121077589106208e-05,1.0477992562204905e-05,-39.94619581180723,-39.78655466048236
336,336,9.896543417067433e-06,1.051034067993322e-05,-40.04311444619482,-39.77316758491887
337,337,1.0728475702767496e-05,1.0465148199345046e-05,-39.700682285102566,-39.79188169015427
338,338,9.748129666628096e-06,1.04510785795834e-05,-40.100446759691934,-39.79772438751182
339,339,1.0152379405722573e-05,1.049519823936862e-05,-39.93824500079721,-39.779429056756534
340,340,1.0353048779019371e-05,1.0421988343679053e-05,-39.84927676530428,-39.80982968775982
341,341,1.0108194784180276e-05,1.0452320997214165e-05,-39.94401780052203,-39.79720813165601
342,342,1.0303365493153664e-05,1.0470894171464207e-05,-39.87318918243466,-39.789497816446925
343,343,1.0625460242980685e-05,1.045699848059724e-05,-39.73770288807896,-39.795265069608
344,344,1.0568967523401634e-05,1.0445365373207574e-05,-39.7584351133851,-39.80009915909537
345,345,1.0345006801836677e-05,1.0417463200658523e-05,-39.84579364998049,-39.811715768754176
346,346,1.0153267935165036e-05,1.0406149254106966e-05,-39.92739191884774,-39.816435012401314
347,347,1.0049036185610584e-05,1.0460261436444279e-05,-39.981804720908045,-39.79391012757814
348,348,1.029028266502698e-05,1.0472248576613646e-05,-39.884485501431215,-39.78893609494165
349,349,1.0029534668947891e-05,1.0435959235397413e-05,-39.980891185170705,-39.80401177872066
350,350,1.038067588074368e-05,1.0422141976481439e-05,-39.83888231983029,-39.80976566793525
351,351,9.925674368281124e-06,1.0421340256901826e-05,-40.024236283749836,-39.81009976027715
352,352,9.740317693154493e-06,1.0416743503140568e-05,-40.109780021892156,-39.8120158144101
353,353,9.759565953047677e-06,1.0474058662542743e-05,-40.111665484198355,-39.788185499312775
354,354,1.0073257304686626e-05,1.0432818917730688e-05,-39.97061584660302,-39.80531882471479
355,355,1.0198270164315527e-05,1.0432673350710262e-05,-39.9141788168628,-39.805379421371605
356,356,1.0217327927261741e-05,1.0406480310178412e-05,-39.903575611882246,-39.81629685030642
357,357,9.984667246602295e-06,1.0396478309734161e-05,-40.00869744217943,-39.820473000454115
358,358,1.0290145968910925e-05,1.0422018285201998e-05,-39.870546870216806,-39.8098172108513
359,359,1.0156791092610088e-05,1.0420385837948599e-05,-39.932521506443436,-39.810497518968745
360,360,9.844168242537861e-06,1.0367429168629888e-05,-40.06843146329565,-39.83262474976201
361,361,1.0203414749224807e-05,1.0423947491002955e-05,-39.90664237871858,-39.809013368568145
362,362,9.92965238559187e-06,1.0409298379511855e-05,-40.026711480434535,-39.81512094236961
363,363,1.0024703259631743e-05,1.0412003216754928e-05,-39.99178096260648,-39.8139925826556
364,364,1.0275160927927367e-05,1.0454979474161519e-05,-39.88112118679179,-39.796103673549325
365,365,1.0279748803628704e-05,1.0433365667650881e-05,-39.87404252080779,-39.80509123114357
366,366,1.0077745098465833e-05,1.0397553882955291e-05,-39.967160344254864,-39.820023722016046
367,367,1.0067977280076653e-05,1.0363788748547545e-05,-39.97102734506845,-39.83414999963025
368,368,1.0195631701433216e-05,1.0407942035702658e-05,-39.92133282098722,-39.81568687005357
369,369,1.0268550959528848e-05,1.0382039650530236e-05,-39.89260539041689,-39.82650868696422
370,370,1.0488109989271778e-05,1.0406210285988268e-05,-39.79363336904784,-39.81640954118147
371,371,9.990942319361529e-06,1.0361952478744665e-05,-40.013207950257836,-39.834919556517036
372,372,9.959934166395261e-06,1.0432012219864287e-05,-40.01633054568398,-39.80565464764075
373,373,1.0170986181187754e-05,1.0383610802627549e-05,-39.924729226368115,-39.82585150293915
374,374,1.0142782216040434e-05,1.0399886162447633e-05,-39.9348436178514,-39.81904966355903
375,375,1.0397406143609484e-05,1.0388449577715763e-05,-39.83062052573175,-39.82382815684876
376,376,1.0270879758217675e-05,1.0371774279567609e-05,-39.8984033114297,-39.83080495206743
377,377,9.954698360105017e-06,1.0369172191291765e-05,-40.00945572462512,-39.83189465410889
378,378,1.0076876774807725e-05,1.0361839701401646e-05,-39.96692184122483,-39.83496682448549
379,379,1.00927071958047e-05,1.0343509481907332e-05,-39.96244150349935,-39.84265634972622
380,380,1.0070707151864609e-05,1.041926325821183e-05,-39.969813124054056,-39.81096540610388
381,381,1.0249070398749235e-05,1.0374845116625933e-05,-39.89570108496683,-39.8295192991391
382,382,9.958702368336518e-06,1.0366594348229946e-05,-40.02114229217262,-39.83297447242243
383,383,9.853578957677436e-06,1.0369872262871419e-05,-40.06456882114289,-39.83160145137743
384,384,1.0035026338600707e-05,1.035385675526126e-05,-39.98221763519143,-39.838313996169504
385,385,1.0093071734407898e-05,1.0375240842557487e-05,-39.96148676102118,-39.82935365010152
386,386,1.0151111954533898e-05,1.0398273771945815e-05,-39.93315361756387,-39.81972304264758
387,387,1.010992803729977e-05,1.0345696816665096e-05,-39.95768327995493,-39.84173804729818
388,388,9.781834485449471e-06,1.0331998342543988e-05,-40.08911750739458,-39.84749224044766
389,389,1.0075473560438282e-05,1.0362019589880028e-05,-39.96791661608084,-39.83489142870865
390,390,1.0281928177963769e-05,1.03214207276898e-05,-39.882798176457015,-39.851940705032526
391,391,9.996638817535041e-06,1.0290445037466461e-05,-39.99554179261852,-39.86499394496497
392,392,1.0049127810169612e-05,1.0314537360643858e-05,-39.99120039449565,-39.85483798600493
393,393,1.0125259342606386e-05,1.0307597437387908e-05,-39.94269449085106,-39.85776103012058
394,394,1.0142040945041671e-05,1.0290732318121867e-05,-39.93508283065057,-39.86487270369558
395,395,9.961962344268332e-06,1.0173386319940236e-05,-40.018032949093424,-39.91468015347782
396,396,9.998176215189814e-06,1.0145198637857041e-05,-40.00000679004833,-39.92672997157799
397,397,9.977318726312884e-06,9.843989477973847e-06,-40.01322605395063,-40.05762411053571
398,398,9.70515930489877e-06,9.298516823420008e-06,-40.128512528412976,-40.305198707177425
399,399,8.867177402675056e-06,8.349046694140844e-06,-40.52506268386162,-40.772966619151845
400,400,7.916436947404513e-06,7.399761455560924e-06,-41.01963770416351,-41.29715832173174
401,401,7.245394865150825e-06,7.075873111860251e-06,-41.405332408311935,-41.49153515557718
402,402,6.9534236159203835e-06,7.048166169529156e-06,-41.57729256187511,-41.508574173042746
403,403,6.9628586295704695e-06,6.9426453257236925e-06,-41.57688448728269,-41.57408572565018
404,404,6.923925922688495e-06,6.907736836805462e-06,-41.60088008147629,-41.59597767929165
405,405,6.961232996865274e-06,7.034704714514144e-06,-41.56072586392898,-41.51687679466033
406,406,6.942109239295776e-06,6.934578035916754e-06,-41.587680024614244,-41.57913512170073
407,407,6.892489979044203e-06,6.905054617259578e-06,-41.622130129041615,-41.59766433787409
408,408,6.835715250473964e-06,6.918017310166952e-06,-41.64532488146467,-41.58951907511333
409,409,7.038560941453529e-06,6.868225945685194e-06,-41.52738519867455,-41.620889780624765
410,410,6.986244846574636e-06,6.8600497558547525e-06,-41.561295108521996,-41.62606286226064
411,411,6.85210892529024e-06,6.837759428890422e-06,-41.641845107591486,-41.640197348169785
412,412,6.865243716505968e-06,6.843221973739626e-06,-41.625952976015625,-41.63672924432342
413,413,6.882384461521761e-06,6.840694368293043e-06,-41.63045424414709,-41.63833364628398
414,414,6.891807450151693e-06,6.896597034555223e-06,-41.61546603943718,-41.602987008017024
415,415,6.8803394767491766e-06,6.854482643048916e-06,-41.63295483676015,-41.6295887083255
416,416,7.0080649277667e-06,6.866823217646206e-06,-41.54788873551589,-41.621776849963666
417,417,6.862138054633967e-06,6.8181036687364165e-06,-41.63859021808781,-41.65269951519741
418,418,6.837249160169674e-06,6.844516041095822e-06,-41.651757340840604,-41.63590806216305
419,419,6.94982409842532e-06,6.826688532830878e-06,-41.58544955912542,-41.647234632272124
420,420,6.862470353056422e-06,6.8286647690815455e-06,-41.638863782276864,-41.645977588993034
421,421,6.8604608760821425e-06,6.8324221310352805e-06,-41.63375461945404,-41.64358861128416
422,422,6.866619571024485e-06,6.807376418069716e-06,-41.63618317991158,-41.65953786027357
423,423,6.985186865142505e-06,6.8009518671667475e-06,-41.56115342822083,-41.66363850681101
424,424,6.7780947058954274e-06,6.8656585618124445e-06,-41.684249657234034,-41.622513502829854
425,425,6.85469306227253e-06,6.843640173763943e-06,-41.63733234746161,-41.63646384826552
426,426,6.8238369308768524e-06,6.797251396500015e-06,-41.66206125144983,-41.666002192659086
427,427,7.017065962424295e-06,6.855850690618881e-06,-41.54042110525779,-41.628722010925614
428,428,6.875352881383451e-06,6.853918852070101e-06,-41.62202420086186,-41.629945936425756
429,429,6.8841872628572395e-06,6.8132614471419645e-06,-41.616189563428456,-41.65578497316762
430,430,6.8787873490307285e-06,6.816391209883334e-06,-41.63000285261765,-41.65379044147069
431,431,6.826783571819554e-06,6.823077384117489e-06,-41.66214046545616,-41.649532550061615
432,432,6.853849595010859e-06,6.843883152453743e-06,-41.64357410633662,-41.636309657764144
433,433,6.9039209819559045e-06,6.812308847178142e-06,-41.60865154875211,-41.65639222688176
434,434,6.911685910175216e-06,6.891943126232179e-06,-41.600694918489715,-41.60591866975519
435,435,6.806731492070332e-06,6.821211675407157e-06,-41.674654697121056,-41.650720251376434
436,436,6.895744713661189e-06,6.8507916024061976e-06,-41.61451657211483,-41.63192795173451
437,437,6.8922445233014155e-06,6.835276532288653e-06,-41.61559811608914,-41.641774625240075
438,438,6.923193699755579e-06,6.82041356987228e-06,-41.59347486099496,-41.65122842078284
439,439,6.915407407787009e-06,6.838861521062331e-06,-41.59715153492833,-41.639497420093114
440,440,6.827890417495378e-06,6.784512295684851e-06,-41.65079629176699,-41.67414917995213
441,441,6.8527665649694945e-06,6.864471575490346e-06,-41.63883214604116,-41.623264408474455
442,442,6.82287233673575e-06,6.785106746208744e-06,-41.655553170875955,-41.67376867320148
443,443,6.872793225748237e-06,6.8177288372489306e-06,-41.632726608899105,-41.652938279125664
444,444,6.857906424256819e-06,6.824469365758552e-06,-41.6435035998789,-41.64864663267471
445,445,6.902572295075515e-06,6.819042745950068e-06,-41.60768434353386,-41.6521013899882
446,446,6.8154132565826695e-06,6.8338190191609195e-06,-41.66623717100667,-41.64270078733865
447,447,6.8243924539911885e-06,6.829689171258667e-06,-41.6561569353993,-41.645326130968805
448,448,6.941248233788335e-06,6.771342668798752e-06,-41.59111934697057,-41.682587597299836
449,449,6.801099596149348e-06,6.803994438087102e-06,-41.67508768365717,-41.66169601949222
450,450,6.866234625047901e-06,6.8181993332186e-06,-41.64233370677451,-41.652638579976596
451,451,6.799506766198938e-06,6.8343676838068e-06,-41.67373092671945,-41.64235212071091
452,452,6.851976429727037e-06,6.808644612695054e-06,-41.64377752011117,-41.658728857514085
453,453,6.7930936752746515e-06,6.7972747800874796e-06,-41.68529911952723,-41.66598725228842
454,454,6.858944603082659e-06,6.7885398493672255e-06,-41.64273281508827,-41.67157180181718
455,455,6.794041448451888e-06,6.812860144571842e-06,-41.682325833165905,-41.65604078108869
456,456,6.8711379641434775e-06,6.828759476200885e-06,-41.62914953369226,-41.64591735687519
457,457,6.878541054114994e-06,6.864382445009572e-06,-41.62896462451862,-41.62332079901647
458,458,6.80106967658653e-06,6.8497873048488004e-06,-41.67509395229353,-41.6325646560535
459,459,6.8355577531826955e-06,6.826995391556441e-06,-41.65658553373949,-41.647039421877636
460,460,6.8307090869078e-06,6.817746309120833e-06,-41.658079007890734,-41.652927149425416
461,461,6.70744601538712e-06,6.7990214646622345e-06,-41.73023770772961,-41.66487139623033
462,462,6.78230771975989e-06,6.77760588012844e-06,-41.67814736724259,-41.67857240999079
463,463,6.77550746537967e-06,6.7776183497794834e-06,-41.69473106927196,-41.678564419712586
464,464,6.856092226108867e-06,6.7889068783475335e-06,-41.63344186279734,-41.671337002647526
465,465,6.814742312027315e-06,6.824775554330125e-06,-41.67188833780319,-41.64845178525588
466,466,6.8040618391454906e-06,6.781802097209852e-06,-41.67666133809182,-41.6758843959056
467,467,6.743562396915183e-06,6.784258905674123e-06,-41.70719987728365,-41.67431138459367
468,468,6.834807265345871e-06,6.7962100011324145e-06,-41.65366799153989,-41.666667618850816
469,469,6.898476629468166e-06,6.784467395367469e-06,-41.61165728115304,-41.67417792192171
470,470,6.787351603915593e-06,6.75738697521554e-06,-41.69173414629433,-41.691547615015665
471,471,6.784542779548912e-06,6.793628831234712e-06,-41.67627851572653,-41.66831736300266
472,472,6.7649075484125915e-06,6.779320181904998e-06,-41.69700782256217,-41.67747406099569
473,473,6.767822427362487e-06,6.794428396747926e-06,-41.696768648121406,-41.667806256985244
474,474,6.880290725020291e-06,6.768963717867767e-06,-41.61768437799337,-41.684113656228156
475,475,6.768147632663892e-06,6.764905480706243e-06,-41.70175099609964,-41.68671818865339
476,476,6.825182828327615e-06,6.745512109773699e-06,-41.658971203725,-41.699186255920544
477,477,6.7924144749452246e-06,6.7736421346796165e-06,-41.68026670597612,-41.68111303624648
478,478,6.773270019339086e-06,6.7433876737547845e-06,-41.696114957981266,-41.70055424124568
479,479,6.792052397603462e-06,6.748400401671748e-06,-41.6850895077431,-41.697327092758584
480,480,6.8861708051681675e-06,6.778853946199984e-06,-41.624022241910964,-41.67777274958329
481,481,6.834694061384203e-06,6.737104381739444e-06,-41.65395548294345,-41.70460275703698
482,482,6.763084475659122e-06,6.744826805515913e-06,-41.695092340891016,-41.699627495921575
483,483,6.7753659920723746e-06,6.7545156525739e-06,-41.694785352169845,-41.69339339444755
484,484,6.8448274216336225e-06,6.748641633174357e-06,-41.64000356842039,-41.697171850580055
485,485,6.8580880372220354e-06,6.780724417790464e-06,-41.64023534828493,-41.67657457737815
486,486,6.777867374413037e-06,6.757806132602702e-06,-41.679494774788495,-41.69127823264147
487,487,6.8400418245969895e-06,6.757966610549422e-06,-41.64402706102842,-41.69117510174685
488,488,6.839955375719151e-06,6.748912088177779e-06,-41.649596028407146,-41.69699780850098
489,489,6.8218350814689625e-06,6.777271114275975e-06,-41.664642051896365,-41.67878692608348
490,490,6.799109481098358e-06,6.725590154880927e-06,-41.67668853434261,-41.71203153200282
491,491,6.805314930631736e-06,6.748646659329288e-06,-41.676397167038026,-41.69716861610613
492,492,6.799159315782275e-06,6.74616814266253e-06,-41.66946068968669,-41.69876390457741
493,493,6.724982034301292e-06,6.735828839354278e-06,-41.72194476317784,-41.7054250887622
494,494,6.930618664481108e-06,6.782878867134538e-06,-41.59419348201709,-41.67519490643101
495,495,6.780603743931183e-06,6.739177431307708e-06,-41.688634966793956,-41.70326661104687
496,496,6.851002356213321e-06,6.739607718037932e-06,-41.63987143654944,-41.70298932915452
497,497,6.778508577554021e-06,6.757033445051332e-06,-41.67930531072753,-41.69177483334211
498,498,6.718276512701684e-06,6.749296277887065e-06,-41.7247930903224,-41.69675058832736
499,499,6.790937282089216e-06,6.759272836413737e-06,-41.676709844906,-41.69033574887604
500,500,6.792599496171515e-06,6.741401145853543e-06,-41.686448193526445,-41.70183381354516
501,501,6.895755243172014e-06,6.759486304393872e-06,-41.619316142606635,-41.69019859432676
502,502,6.785583527462879e-06,6.738565508911913e-06,-41.68259382499006,-41.70366097161778
503,503,6.776359005578849e-06,6.731391701913181e-06,-41.69373464687558,-41.70828688844823
504,504,6.703887209500253e-06,6.725285474155833e-06,-41.7287754156537,-41.712228279279834
505,505,6.786650294426303e-06,6.739624160744777e-06,-41.68728021594825,-41.70297873362962
506,506,6.739509871360647e-06,6.71613882954453e-06,-41.71577760501122,-41.71813887001189
507,507,6.7431707985005484e-06,6.740227036061697e-06,-41.718627284999215,-41.702590264321216
508,508,6.87555836624053e-06,6.705209958262888e-06,-41.62752933488413,-41.72521170541039
509,509,6.73970809901258e-06,6.712778581698474e-06,-41.71787488943026,-41.720312294843005
510,510,6.767461615812319e-06,6.717836281735033e-06,-41.688008259487994,-41.71704136295617
511,511,6.739903668502163e-06,6.722594805882852e-06,-41.710530161667734,-41.713966162685765
512,512,6.741721368673529e-06,6.715788626216205e-06,-41.716231285278695,-41.71836533248136
513,513,6.904668760061091e-06,6.71701603718439e-06,-41.60378268465203,-41.71757166678704
514,514,6.721391611753245e-06,6.7143913551454285e-06,-41.718386510559995,-41.719269009302955
515,515,6.721032300400523e-06,6.7028385465643e-06,-41.73050328334861,-41.726747933483225
516,516,6.68181942695735e-06,6.7238043380999255e-06,-41.75068814903811,-41.71318484842705
517,517,6.696228640591762e-06,6.723908020495928e-06,-41.74359784201505,-41.71311787987321
518,518,6.72028012952969e-06,6.713024025597597e-06,-41.72986978680165,-41.72015350369414
519,519,6.717548471569148e-06,6.740345270372927e-06,-41.724071933023055,-41.702514082824216
520,520,6.674519864673973e-06,6.726954612340226e-06,-41.7571134162266,-41.71115054426756
521,521,6.838897155193053e-06,6.721476414608524e-06,-41.65265560467871,-41.714688728272044
522,522,6.71533410512865e-06,6.7536450268035925e-06,-41.72784059430286,-41.6939532159915
523,523,6.817314916241737e-06,6.711492723728665e-06,-41.667510882859624,-41.72114428193534
524,524,6.722292461567234e-06,6.7119306214934976e-06,-41.723770005113835,-41.72086093158859
525,525,6.768801423399073e-06,6.7174639393909415e-06,-41.69829296883002,-41.71728208139609
526,526,6.7441420403915846e-06,6.696422420454358e-06,-41.70761548389034,-41.73090710074562
527,527,6.743919336080692e-06,6.698623660907431e-06,-41.7078903654724,-41.72947972739444
528,528,6.775237495472988e-06,6.682161591398701e-06,-41.68665396957152,-41.74016578119563
529,529,6.781619579191308e-06,6.6885258763106416e-06,-41.6862839398489,-41.73603140286403
530,530,6.710308532758026e-06,6.696851247206244e-06,-41.736170601101826,-41.73062899533731
531,531,6.7495683905099685e-06,6.700302205181767e-06,-41.70503184513477,-41.72839160655988
532,532,6.724245066993951e-06,6.689060802799711e-06,-41.71768230918126,-41.735684082187845
533,533,6.760652955638283e-06,6.698233535548513e-06,-41.70504336806683,-41.72973266625643
534,534,6.74377046492474e-06,6.661844772200934e-06,-41.71518867642927,-41.75339042909374
535,535,6.6603184190096295e-06,6.71844518843787e-06,-41.7600314269525,-41.71664773496943
536,536,6.7768595277043135e-06,6.690975791762436e-06,-41.69086651820176,-41.73444093290463
537,537,6.7514900965574105e-06,6.713010335308929e-06,-41.70128461212553,-41.72016236054147
538,538,6.7706103192866765e-06,6.6803943713909434e-06,-41.692280696437784,-41.741314504395426
539,539,6.7390105353287885e-06,6.677886750893729e-06,-41.71010186026567,-41.742945022195535
540,540,6.741450086094082e-06,6.718304599704233e-06,-41.716840914278244,-41.71673861544604
541,541,6.746422406143483e-06,6.6918438087189935e-06,-41.705272508008605,-41.73387756137873
542,542,6.70885415696755e-06,6.686294694334624e-06,-41.73409828053992,-41.7374803793556
543,543,6.745979050916953e-06,6.681966026103749e-06,-41.70962199910818,-41.740292887028325
544,544,6.706225745408128e-06,6.673422448281934e-06,-41.736058777534836,-41.74584933971704
545,545,6.795320329269857e-06,6.696367204552332e-06,-41.686924122045106,-41.73094291100209
546,546,6.7502582047363266e-06,6.71257361031358e-06,-41.70249031130365,-41.7204449065468
547,547,6.754177433059649e-06,6.713648752721431e-06,-41.69941324649117,-41.71974935957408
548,548,6.716600013926827e-06,6.6964800776316365e-06,-41.72777172904732,-41.73086970751598
549,549,6.706680717788632e-06,6.707835645532836e-06,-41.73805682573689,-41.723511388359675
550,550,6.7630840490404735e-06,6.703331205483808e-06,-41.69377989345467,-41.726428738583785
551,551,6.714775919163847e-06,6.676820344421829e-06,-41.723030592367785,-41.743638612019545
552,552,6.672701236255438e-06,6.689544941189907e-06,-41.753766254013186,-41.73536976149486
553,553,6.723497949913264e-06,6.6588868082219145e-06,-41.7253652329947,-41.755319193211704
554,554,6.763011430107842e-06,6.694167519813882e-06,-41.70625481188146,-41.732369756116334
555,555,6.743411903670742e-06,6.699157630033656e-06,-41.71458149138924,-41.7291335509043
556,556,6.772154580344765e-06,6.677537313455679e-06,-41.688221692865206,-41.74317228379415
557,557,6.643376323576301e-06,6.67685782517717e-06,-41.77454231103304,-41.74361423269122
558,558,6.746906051047677e-06,6.668510219529516e-06,-41.71360391907076,-41.74904730809318
559,559,6.7307133417436735e-06,6.715068521819041e-06,-41.716474872973336,-41.71883103226945
560,560,6.784594020667935e-06,6.7674393329453825e-06,-41.68387250821801,-41.685091806716734
561,561,6.724179963112902e-06,6.698040698737666e-06,-41.72065516323319,-41.72985769798003
562,562,6.734490787343977e-06,6.6849072601670694e-06,-41.71304018922584,-41.73838165211655
563,563,6.764050898165862e-06,6.72248025741857e-06,-41.69280495424496,-41.71404016415576
564,564,6.685697268583624e-06,6.678068003614164e-06,-41.75077103062803,-41.742827146599566
565,565,6.70407467323551e-06,6.7192518863042715e-06,-41.737983394048555,-41.716126299740736
566,566,6.740265788036979e-06,6.6840312970989066e-06,-41.720010025283074,-41.73895077123662
567,567,6.734139028547773e-06,6.6953636968192815e-06,-41.706185451513605,-41.73159378709127
568,568,6.702790438587904e-06,6.695775338908118e-06,-41.74203356448221,-41.73132678383296
569,569,6.707504180854981e-06,6.674203799967042e-06,-41.73631966114425,-41.745340879681756
570,570,6.774655259467875e-06,6.70716036965084e-06,-41.69610476918831,-41.72394861337149
571,571,6.675128124416662e-06,6.681736330823409e-06,-41.75773395972332,-41.74044218007619
572,572,6.946591969908602e-06,6.680104434053646e-06,-41.58994193596116,-41.74150299763589
573,573,6.701651971562785e-06,6.695751356968877e-06,-41.74076377202979,-41.73134233877918
574,574,6.688078452292025e-06,6.67276833011879e-06,-41.74029892104954,-41.74627504906543
575,575,6.717715302901402e-06,6.676605009584148e-06,-41.730360020468694,-41.74377867904998
576,576,6.659427906493668e-06,6.69626220578242e-06,-41.76389912817169,-41.73101100873702
577,577,6.75120349789966e-06,6.6913294655310704e-06,-41.702644893364734,-41.734211378185634
578,578,6.739415527693747e-06,6.698317256929218e-06,-41.7066066195415,-41.72967838402481
579,579,6.724723043964669e-06,6.651695768691991e-06,-41.73187220887275,-41.76001174377858
