,epoch,train_loss,test_loss,train_dbs,test_dbs
0,0,0.000449569535216067,0.0003709779902189774,-19.495663726300545,-20.32162443669517
1,1,0.0003735451018749784,0.00036120799057626804,-20.29985837015954,-20.437532386291398
2,2,0.00034609412775643783,0.00033802258641164943,-20.623971123358317,-20.725648672854028
3,3,0.0003329553295133309,0.0003259085198423188,-20.788257225420015,-20.88414873896643
4,4,0.0003203445584657266,0.0003175081388020006,-20.956209100868854,-20.99755725559335
5,5,0.00031397187033399326,0.0003094231881397335,-21.05268004366552,-21.1095773119529
6,6,0.00031890042369810806,0.0003116260723848092,-20.98679778806477,-21.07876801726469
7,7,0.00031068121543941424,0.0003048063908385015,-21.094042898032303,-21.17486519196396
8,8,0.00030373269902090976,0.00030056806128030936,-21.19618965737883,-21.235677577045493
9,9,0.0002986917022577266,0.00029555151827241247,-21.27090693817738,-21.308773930619253
10,10,0.0002961802679190854,0.00029957311160519327,-21.298188780455114,-21.250077573882034
11,11,0.00029608643176898204,0.00029465724946931005,-21.309124425708124,-21.321934572241602
12,12,0.0002981108567106163,0.0002963746021697788,-21.27910511355391,-21.296696037354764
13,13,0.0002931154740508646,0.0002939695611865701,-21.35491916462694,-21.332082236498064
14,14,0.00029820384404900455,0.0002939480243520321,-21.277803846913557,-21.33240042151691
15,15,0.0002974958708701828,0.0002920786041374269,-21.279742352566487,-21.360108433338052
16,16,0.0002994022338732731,0.0002919973508381334,-21.259685789901816,-21.361316764530137
17,17,0.0002945495631963437,0.00029280524713134294,-21.332458772423376,-21.349317326548217
18,18,0.0002937371630735273,0.00029459189145678754,-21.34152396565723,-21.322897988981033
19,19,0.00029481021290136137,0.0002924573230924771,-21.32677899318512,-21.35448087247404
20,20,0.0002984245539974114,0.00032716204173323745,-21.27028100382944,-20.867476779127475
21,21,0.0002983427098256142,0.000293344732582275,-21.28347736334385,-21.34132293505545
22,22,0.00029570248803680705,0.00029303047401634484,-21.30742891516826,-21.345978001388595
23,23,0.00029567147265476435,0.00029330127290450037,-21.310882262779355,-21.341966399703672
24,24,0.00029629614046947626,0.00029530883368447815,-21.303937380533377,-21.312341493850077
25,25,0.0002948969339150167,0.000294910979726793,-21.32702742625704,-21.318196458413112
26,26,0.00029541237475398506,0.00029382866801154847,-21.31827881141257,-21.334164213835933
27,27,0.0002945274391845253,0.0002957696836490772,-21.327111938189258,-21.3055693094009
28,28,0.000293397499169175,0.0002928764979036427,-21.340671404788,-21.34826064968724
29,29,0.0002945579012937498,0.0002961464526474868,-21.324492564443204,-21.300040528919126
30,30,0.0002945092627922668,0.0002920002351809097,-21.33473800680671,-21.36127386523803
31,31,0.00029894438831462074,0.00029789938554657916,-21.26512151298677,-21.274409803277628
32,32,0.0002951050446051912,0.00029353751482343987,-21.31872157663926,-21.3384697471484
33,33,0.0002951772425074092,0.0002975591602367594,-21.32167372180482,-21.279372633747823
34,34,0.0002956269296923095,0.0002931729112261612,-21.31424998803603,-21.34386748149002
35,35,0.0002939679966543407,0.00029182119301128154,-21.336181892383724,-21.36393759167835
36,36,0.00029282443064562594,0.0002951745915006062,-21.353380384876868,-21.31431616877615
37,37,0.0002959052514232042,0.0002884729918533642,-21.318730141448427,-21.414054289781962
38,38,0.00029329813749183774,0.00029121499085847874,-21.345746621131703,-21.372968603887642
39,39,0.0002966974417861436,0.00029282802011278505,-21.30205524180194,-21.34897956635818
40,40,0.00029241518548344135,0.00029315211883697073,-21.3610801282622,-21.344175502448763
41,41,0.00029382508604537655,0.0002892952593116972,-21.343569893310598,-21.401692708466907
42,42,0.00029320402290508845,0.0002909402430400644,-21.350564028248446,-21.377067904670778
43,43,0.00029474323898669066,0.0002953158706843265,-21.325221312814993,-21.31223800579139
44,44,0.00029471137719324877,0.0002924254436756631,-21.33848933442273,-21.354954302556408
45,45,0.0002940890427856447,0.0002906200871190154,-21.345562315037284,-21.3818495913401
46,46,0.0002904478664577161,0.0002902065063704197,-21.38410390008652,-21.38803442754789
47,47,0.00029196018549930495,0.0002884901309459421,-21.366027605673533,-21.413796269362997
48,48,0.00029013471734306786,0.0002903159566860842,-21.390726617104967,-21.386396810686392
49,49,0.00029039114159195846,0.0002891086394236864,-21.38810091722107,-21.40449517887093
50,50,0.0002933627224920951,0.00028914297275294204,-21.344163215332202,-21.403979459583873
51,51,0.00029231354170574893,0.00029166839636960313,-21.35898416991264,-21.366212139195866
52,52,0.00029019883848227485,0.00029194524885449365,-21.391378401579853,-21.362091758649868
53,53,0.00029063358580088723,0.00028708152852854446,-21.395207577026206,-21.43505337847621
54,54,0.00029232626217993497,0.00029026283453659793,-21.363094159761367,-21.38719155747363
55,55,0.00028799401629792966,0.00029029182654707447,-21.42508054335408,-21.386757797449857
56,56,0.00029093993332035377,0.00028981340246422117,-21.38372489679742,-21.393921221460165
57,57,0.0002917222550844524,0.0002867605163421678,-21.378703333791798,-21.43991234051832
58,58,0.0002882615627106471,0.00028791497185777287,-21.41904857082613,-21.422463385594156
59,59,0.00029035003078122114,0.0002868373550499152,-21.3934226531901,-21.438748785748146
60,60,0.0002898374139139256,0.00028699059437617267,-21.395042874779193,-21.436429240474943
61,61,0.0002905944813542145,0.0002917963383400715,-21.388767602257577,-21.36430749991389
62,62,0.0002902712785163606,0.0002873384448895721,-21.39597328346142,-21.431168507806365
63,63,0.00028977388625282835,0.00028798613991392284,-21.403804722937068,-21.421390010544194
64,64,0.0002882613934883752,0.0002875229784924733,-21.416340729492774,-21.428380290508816
65,65,0.0002886004231092472,0.0002872655137540086,-21.42695925998153,-21.432270957221405
66,66,0.0002894236933627195,0.0002897817482191481,-21.407800371781384,-21.394395596166763
67,67,0.00028974834509126686,0.00028691643015726616,-21.407812001590656,-21.437551690970515
68,68,0.0002895430544722518,0.0002865744233866663,-21.40278512891827,-21.44273160517265
69,69,0.0002897660021151694,0.00028702332852653374,-21.404221767426314,-21.43593391238899
70,70,0.00028865941477334607,0.0002846665233128557,-21.416092548249242,-21.47174190493788
71,71,0.0002881438167136854,0.0002857387788887871,-21.42701548038413,-21.45541403328105
72,72,0.0002889906244650099,0.0002867759367769682,-21.41532214868644,-21.43967880663542
73,73,0.0002892123266440077,0.00028816854740542014,-21.408702316782403,-21.41864010426363
74,74,0.00028865394265314124,0.00028735147268315285,-21.415747224414027,-21.43097160513968
75,75,0.00028922127442165596,0.0002862790164439694,-21.4056985510179,-21.44721071300655
76,76,0.00028570525506607344,0.0002869250203825925,-21.45205858664502,-21.43742166594516
77,77,0.00028797989013873654,0.0002896129766381101,-21.4204438923024,-21.39692570440819
78,78,0.0002872144248931832,0.00028705591562596197,-21.433836958409206,-21.435440865562363
79,79,0.0002883991974252324,0.00028728188695631136,-21.420803221431065,-21.432023430510668
80,80,0.00028813730015601847,0.0002886117114317848,-21.4294461869528,-21.411966376231064
81,81,0.0002894765726223434,0.00028455028720935315,-21.402005019466163,-21.47351559461526
82,82,0.0002882350269181788,0.0002868166836713882,-21.425994551447115,-21.439061778075423
83,83,0.00028645638052431733,0.0002875222570238341,-21.443564524861706,-21.428391188081022
84,84,0.00028876184075398695,0.000286260707071051,-21.417782778846327,-21.447488480969255
85,85,0.00028836276963084323,0.0002855512322735433,-21.418907068645467,-21.458265490909735
86,86,0.00029081292840479347,0.00028606523042789807,-21.386195270405466,-21.450455127252468
87,87,0.00028915017916456096,0.0002852150631186209,-21.409859465957837,-21.463381294944742
88,88,0.0002876829821616411,0.00028565140306263377,-21.436314727764255,-21.456742261894156
89,89,0.0002865642543219644,0.00028607386201129933,-21.44260184170555,-21.450324087472417
90,90,0.00028832476002826673,0.0002859546726348957,-21.42498445248187,-21.452133902406025
91,91,0.00028703495447245455,0.000285801396545905,-21.438099686689757,-21.45446241153218
92,92,0.0002872363991852965,0.0002842682465837386,-21.436846490890783,-21.477822370507326
93,93,0.00028971193709948395,0.00028655101012095417,-21.406906091024517,-21.443086440310417
94,94,0.00029031785994710534,0.0002896737607539092,-21.398215215399112,-21.396014300625854
95,95,0.0002882900964660743,0.0002856450645547164,-21.424886064917462,-21.45683863143846
96,96,0.0002882334370089253,0.0002863120983085154,-21.426563457921336,-21.446708879468822
97,97,0.0002886211450365324,0.0002863421840103049,-21.420336723707052,-21.446252546400622
98,98,0.0002877073618703397,0.00028669054920196926,-21.429395119905188,-21.4409721116088
99,99,0.0002866476196939721,0.00028580316268887957,-21.44678672684783,-21.45443557388242
100,100,0.0002880487945074811,0.0002870201761221611,-21.420903712690876,-21.43598161162477
101,101,0.0002876434525590121,0.00028573103880166615,-21.428089446737193,-21.455531676488867
102,102,0.00028728965589459795,0.00028412768274153536,-21.434066552978045,-21.479970383859246
103,103,0.00028538858918857176,0.0002861251981046639,-21.460463222012486,-21.44954481383551
104,104,0.0002869462793016057,0.00028730792875744795,-21.440330490184,-21.431629764969408
105,105,0.00028890901942468566,0.0002858845829522531,-21.41968683588114,-21.453198521956544
106,106,0.0002884671983750748,0.00028692264152739783,-21.426394672816777,-21.437457672842214
107,107,0.000287606297468901,0.0002838602890015433,-21.43172361404137,-21.484059471661467
108,108,0.00028849424843522766,0.0002865274789081396,-21.423173020078814,-21.44344309218548
109,109,0.0002871942727408881,0.00028846945803563456,-21.443436255473785,-21.41410749153685
110,110,0.00028802127518556705,0.00028663124019084006,-21.42917271526356,-21.44187064980599
111,111,0.00028795378400281685,0.00028840333719639793,-21.426448404762866,-21.415103063385004
112,112,0.00028853902572852357,0.0002860264855706574,-21.41999474125148,-21.451043378305815
113,113,0.0002870041110130392,0.0002879884666885789,-21.436295088861765,-21.421354922004454
114,114,0.000287424939199706,0.0002866883817324905,-21.43123044780641,-21.44100494574286
115,115,0.0002888074125518504,0.00028498772850358173,-21.413670767424385,-21.466844279536854
116,116,0.00028829419830593176,0.00028756437792540774,-21.428841038821183,-21.42775501001507
117,117,0.0002876182792458645,0.00028525215824820886,-21.434380982349133,-21.462816487379826
118,118,0.00028931028053606143,0.0002860887202826378,-21.409389230005324,-21.450098526925323
119,119,0.000288548372858732,0.0002902354080058438,-21.423988149936932,-21.387601935666027
120,120,0.000288012321407129,0.0002870875009409103,-21.421165719832445,-21.43496302927236
121,121,0.0002881151359389085,0.0002857013314496726,-21.425930424808403,-21.455983234353845
122,122,0.0002889139862783906,0.0002843315688599097,-21.418761030768923,-21.4768550639944
123,123,0.0002868801689005851,0.0002882278901157214,-21.43799607498259,-21.417745851279456
124,124,0.00028636360921436134,0.0002843950060196221,-21.442872735834477,-21.475886218516035
125,125,0.0002885560976754221,0.00028801971654358665,-21.41329040961736,-21.420883691213
126,126,0.00028839715115591577,0.00028809454095991035,-21.419275700306542,-21.41975558751202
127,127,0.0002891947896359008,0.00028452814532149777,-21.412352829751523,-21.473853548020966
128,128,0.00028845579057365425,0.00028724634045685987,-21.42192878534219,-21.4325608331254
129,129,0.0002885772612608355,0.0002856353837016382,-21.41908402135695,-21.45698582152995
130,130,0.0002867846234255115,0.0002875630406809873,-21.443170177675533,-21.427775205813564
131,131,0.0002889965835493058,0.0002858515562318069,-21.405999377096503,-21.453700268181
132,132,0.00028896652829362866,0.00028773420030790334,-21.404741102719726,-21.425191022251006
133,133,0.00028595420053065517,0.00028941899501277427,-21.445875673526032,-21.399835566272483
134,134,0.0002873664341996587,0.0002858380934125499,-21.428296616265342,-21.453904813710864
135,135,0.0002873480333778623,0.000284921907893333,-21.436375958507348,-21.467847439551285
136,136,0.0002869218395850093,0.0002872780375917883,-21.437312325615686,-21.432081623144708
137,137,0.0002878814213789193,0.00028527249416679536,-21.426399583528113,-21.46250688543036
138,138,0.0002878519956060906,0.0002876188419146561,-21.427603531025674,-21.42693254478146
139,139,0.0002888095515333692,0.0002871159307879249,-21.419038886823863,-21.434532975218083
140,140,0.00028830299936426977,0.00028607674329051455,-21.422067300339002,-21.4502803464136
141,141,0.0002895880093889253,0.0002869349938057559,-21.401300681726376,-21.437270709177344
142,142,0.00028731973875390805,0.00028696366261053637,-21.433229779342923,-21.436836810139948
143,143,0.00028904150306131957,0.0002873532158494192,-21.40879099925767,-21.430945259522332
144,144,0.00028838362777605653,0.0002874429046642035,-21.423174635184008,-21.429589949133998
145,145,0.00028839230341788804,0.00028590390636389583,-21.418345391340132,-21.452904985055817
146,146,0.0002893240757516979,0.00028514037043542455,-21.418554952411753,-21.464518782848874
147,147,0.00028861647072132943,0.0002849054749515888,-21.42253753727387,-21.46809792719501
148,148,0.0002880418719963852,0.00028339219524672155,-21.425016965239493,-21.491227023554877
149,149,0.0002872708065137651,0.00028486389630032996,-21.439659403178894,-21.468731775897652
150,150,0.00028556779617462886,0.00028764087810965354,-21.461867380095846,-21.426599818621046
151,151,0.0002886988654655894,0.0002881272352839771,-21.414139306172004,-21.419262757663088
152,152,0.0002866938395771323,0.0002877071475316035,-21.441683129729086,-21.425599365221835
153,153,0.000287290686230204,0.0002869609574860844,-21.433167835544168,-21.43687775003279
154,154,0.0002878933245455366,0.00028816446367847294,-21.42108099764572,-21.418701649934093
155,155,0.0002884948365126266,0.000288951066690252,-21.419817200384305,-21.40686285714361
156,156,0.00028769461169224423,0.00028552828620089903,-21.432372850428028,-21.458614491439914
157,157,0.00028717407048199823,0.00028549413821708997,-21.434866834818575,-21.45913392046126
158,158,0.00028811849548106955,0.00028604279443817705,-21.424831594831446,-21.450795756158666
159,159,0.0002883829838913126,0.0002858189660688176,-21.416704771365055,-21.454195438997537
160,160,0.0002859136954996466,0.0002900760308349211,-21.450567737549605,-21.38998743500244
161,161,0.0002871694438730741,0.0002884621070207734,-21.445155114639295,-21.41421816342184
162,162,0.00028816849466163625,0.0002871468344605283,-21.422719798133507,-21.434065548273228
163,163,0.0002877386058824732,0.00028748037048468466,-21.432115248727996,-21.42902391885409
164,164,0.00028657705700697053,0.0002898078451643845,-21.445746203822907,-21.39400450014131
165,165,0.00028709359389019303,0.0002860555112803061,-21.443479895023366,-21.450602682544933
166,166,0.0002875417262704601,0.0002866824843773716,-21.432088116000394,-21.441094283689296
167,167,0.00028865116698782625,0.00029269199340457196,-21.414382752941194,-21.35099745297068
168,168,0.00028864689832601274,0.0002866419902267425,-21.417659847442202,-21.441707771756725
169,169,0.0002883338935303588,0.0002868409623931113,-21.427294863761016,-21.438694168057474
170,170,0.00028766644908566525,0.0002898779547601742,-21.433976786482503,-21.392953992754986
171,171,0.00028719602737182115,0.0002852324871223812,-21.433496839672582,-21.4631159892673
172,172,0.0002869043127782451,0.00028811029838643183,-21.435061364406796,-21.41951805519984
173,173,0.00028625116581529304,0.000286384105780407,-21.44783955052943,-21.445616766490257
174,174,0.00028718264531056136,0.00028714425034673984,-21.42996419669887,-21.434104631810776
175,175,0.00028726259023239165,0.000288004092381973,-21.432931241862807,-21.421119288668162
176,176,0.0002893211872715349,0.0002879999887418786,-21.415386313044205,-21.421181169766133
177,177,0.0002878246203031314,0.00028883995745625153,-21.4286841577197,-21.40853315404312
178,178,0.0002906414537364137,0.00028559719947607895,-21.389690210899538,-21.457566432614446
179,179,0.00028807254983400255,0.00028628114715071495,-21.42394124181575,-21.447178389619737
180,180,0.00028812279474691094,0.00028547904251976624,-21.425432382014876,-21.45936356270264
181,181,0.00028785201720893383,0.0002872966211534252,-21.42899181442398,-21.431800694003368
182,182,0.00028775477411043015,0.000287312919298481,-21.428805736438704,-21.43155432863814
183,183,0.0002875002107064518,0.00028589027198521713,-21.434986668985452,-21.45311209928152
184,184,0.0002867285961515664,0.00028553289226501395,-21.447338479645563,-21.458544432808587
185,185,0.0002875056141176136,0.00028671103983039136,-21.436718970431855,-21.440661719484734
186,186,0.000287636650063712,0.0002871486634065054,-21.43558176972663,-21.434037886515526
187,187,0.00028846075412692485,0.00028745130954408333,-21.415137382606545,-21.429462962538448
188,188,0.0002866780538995241,0.0002858025116821457,-21.443237385230702,-21.45444546631858
189,189,0.00028702301500105906,0.00028828265892929936,-21.43554758250722,-21.41692068706942
190,190,0.00028802900060233614,0.0002860573095906722,-21.426786874304486,-21.45057538036815
191,191,0.00028743955982397744,0.00028571333754562626,-21.440379278174184,-21.45580073357094
192,192,0.00028608665686369556,0.00028694792662894254,-21.45044120266003,-21.437074967030426
193,193,0.0002875302779637085,0.0002845823994568108,-21.43285530174452,-21.473025509536193
194,194,0.00028633308079640965,0.0002844610855007838,-21.460044866330644,-21.474877247896135
195,195,0.0002868610515844883,0.00028746594264368087,-21.445015288712778,-21.429241884656875
196,196,0.0002877929631366212,0.0002854636481252352,-21.429341636135906,-21.459597761360698
197,197,0.0002907305696652722,0.0002886808636647306,-21.38755848511878,-21.410925918251213
198,198,0.00028787077477768295,0.00028535412887944594,-21.43054050601265,-21.461264268838498
199,199,0.0002877577216983725,0.0002856968418008795,-21.43174539452712,-21.45605148202378
200,200,0.00028806519616616063,0.0002861686930133912,-21.436445629511844,-21.448884677525104
201,201,0.00028810425980746283,0.0002844265821438871,-21.428127589000976,-21.475404051986928
202,202,0.0002883271399414954,0.0002838561501304962,-21.4209051607779,-21.484122795135413
203,203,0.0002878329199954829,0.0002847390760986232,-21.432027924063046,-21.47063516223255
204,204,0.0002881397850830684,0.00028900381968062565,-21.426710965129026,-21.40607005018836
205,205,0.00028604836282368327,0.00028562516825714787,-21.45212234430805,-21.457141145091416
206,206,0.00028731958333345263,0.0002878377272281796,-21.437361112874065,-21.423628709409176
207,207,0.0002865271418374608,0.0002855517898416637,-21.44668111585226,-21.458257010872032
208,208,0.00028739345455590213,0.0002899804967455566,-21.429779155894316,-21.39141798275932
209,209,0.00028667842534841183,0.0002863607308092086,-21.4458194477923,-21.44597125667029
210,210,0.00028564734414421485,0.0002838284708559513,-21.458377495378365,-21.48454630339204
211,211,0.00028901072231015746,0.0002905165801118863,-21.41447234756026,-21.38339664644932
212,212,0.00028763543880429385,0.0002856780698302349,-21.43011072369774,-21.456336848535415
213,213,0.0002867798957032795,0.0002860258743902178,-21.445602541642444,-21.451052658305723
214,214,0.000286415255611724,0.00028573093770414983,-21.44986418418671,-21.45553321311231
215,215,0.00028740412966089,0.0002874028562617145,-21.437753603942244,-21.43019507841981
216,216,0.00028750289966035443,0.0002873271051181578,-21.440370048873724,-21.431339904896443
217,217,0.0002887116624498452,0.0002870143829281197,-21.42236921498075,-21.436069270186966
218,218,0.0002872542563355384,0.00028708999314786573,-21.439418969497083,-21.434925328326585
219,219,0.00028815466074090567,0.00028742145973649854,-21.429256708808143,-21.429913970393557
220,220,0.00028821950107476836,0.00028706105321792786,-21.42420594905505,-21.43536313827116
221,221,0.0002867961761460054,0.0002863350474447208,-21.451415405300096,-21.446360787863107
222,222,0.0002880232545460776,0.00028955273324084515,-21.42597168801685,-21.397829189357363
223,223,0.00028603730756866254,0.000284162169248846,-21.45250588173315,-21.479443283127427
224,224,0.0002884354472962045,0.0002848952564435374,-21.41672814560973,-21.468253695393116
225,225,0.0002871346284909001,0.00028645194221386,-21.44477869914915,-21.444588165411066
226,226,0.0002856013138860118,0.00028701761804864203,-21.461284548932337,-21.43602031838676
227,227,0.00028566298490274964,0.00028664966904264137,-21.459857801058845,-21.441591430717438
228,228,0.00028709976270209194,0.00028560964978839224,-21.44217567518759,-21.45737711058711
229,229,0.00028869751978848014,0.00028670185833777254,-21.415596059910392,-21.440800798029812
230,230,0.00028614185662872933,0.0002857223827097761,-21.451718426733656,-21.455663246020226
231,231,0.00028569807452101683,0.00028693841733528594,-21.463133512067767,-21.437218892175384
232,232,0.00028508552650143346,0.0002860109533158768,-21.46902429843689,-21.451279222049106
233,233,0.0002865711063237803,0.00028506996980133027,-21.447191602773973,-21.465591180345292
234,234,0.00028845999832745144,0.0002842610732554213,-21.41815897055764,-21.477931963339095
235,235,0.00028534228289403866,0.00028477828355359013,-21.459679333447728,-21.470037196917538
236,236,0.0002880497852378746,0.00028437422741645654,-21.426655563174126,-21.476203536407716
237,237,0.00028677761090256887,0.0002897160930411988,-21.44516672334845,-21.395379678576866
238,238,0.0002866374642573796,0.00028583049118567844,-21.444795839182135,-21.454020321376305
239,239,0.0002874921897507858,0.00028688691887318303,-21.424430950854678,-21.43799841502203
240,240,0.00028800030992625605,0.000286395300032669,-21.425996652211072,-21.445447011714236
241,241,0.00028546137216779374,0.00028754546349917193,-21.457364072676892,-21.428040674782174
242,242,0.000285546199332193,0.00028665165116667355,-21.460390984028038,-21.44156140024309
243,243,0.00028758627913421807,0.00028492599774740244,-21.4406211781911,-21.4677851000731
244,244,0.00028759030806447964,0.0002859209106597853,-21.43749531800283,-21.452646693647125
245,245,0.0002869738946361563,0.00028780458868775323,-21.439864293757537,-21.424128738154927
246,246,0.000287362883532343,0.0002855481151001234,-21.440522586306244,-21.45831290021677
247,247,0.0002873078874941224,0.00028552491475190774,-21.440570180395916,-21.458665772185405
248,248,0.00028631026159309464,0.0002863233630226827,-21.454674742802627,-21.446538013235976
249,249,0.00028711568579778613,0.0002861642401273313,-21.44250754809368,-21.448952255808038
250,250,0.00028682628870922494,0.00028468818575339884,-21.4422844925134,-21.471411429814125
251,251,0.00028646481583451794,0.00028326680981799175,-21.45418481669161,-21.493148962506186
252,252,0.0002862761816077088,0.0002891302130209576,-21.450212435845593,-21.404171115753606
253,253,0.00028711043390656636,0.0002841837030198229,-21.436979553715958,-21.47911418782224
254,254,0.0002866316116871024,0.0002854230237732592,-21.445758388127565,-21.46021585012655
255,255,0.00028674585682330364,0.0002853020851034671,-21.439898958336002,-21.462056420899017
256,256,0.0002860972359560468,0.0002834945105285825,-21.454502715379217,-21.48965933948833
257,257,0.00028637484779351,0.0002871941863926814,-21.447076047103355,-21.433349434252413
258,258,0.00028666235883384174,0.00028714627382884686,-21.451137697642515,-21.43407402754077
259,259,0.00028551522295528387,0.0002856472442784396,-21.456267624270925,-21.45680549106634
260,260,0.0002841099424014041,0.00028551137687540367,-21.469926372649446,-21.45887169342543
261,261,0.0002860584720541944,0.0002846252311045598,-21.459665966380218,-21.47237191505486
262,262,0.00028553052706951177,0.00028628763577312623,-21.457506496951368,-21.44707995697749
263,263,0.00028545463328086534,0.00028223565191422636,-21.465116390543226,-21.50898714940052
264,264,0.0002863899781848736,0.0002841451557622732,-21.445136915573592,-21.47970331367828
265,265,0.00028657615268794993,0.00028377945541012054,-21.44671543957503,-21.485296368242096
266,266,0.0002860509191601316,0.0002848145162907282,-21.45882251721425,-21.46948467315569
267,267,0.0002862151673774129,0.00028513871917599127,-21.458664962576105,-21.464543933091033
268,268,0.0002874042751800423,0.00028412452880538215,-21.433561828928394,-21.480018592631332
269,269,0.0002861934997256576,0.0002884171002446429,-21.452116141907382,-21.41489581636253
270,270,0.00028644799352047444,0.0002845990514431737,-21.4482626052431,-21.472771394937737
271,271,0.0002877116047287571,0.00028583328055806066,-21.430110610564878,-21.453977939504533
272,272,0.0002847958830804516,0.0002852388930286428,-21.472439549443017,-21.46301845414677
273,273,0.0002872928264118808,0.00028498125519897595,-21.444327655387625,-21.466942927728265
274,274,0.00028646545491863,0.0002856248144158407,-21.448481271274908,-21.457146525269337
275,275,0.0002856987532103415,0.00028485723611849706,-21.46201506236926,-21.468833316109315
276,276,0.0002865195025320251,0.00028811964071600844,-21.4519338369941,-21.419377232173883
277,277,0.00028497964886650825,0.0002842588200062317,-21.469142024487816,-21.477966388649484
278,278,0.00028698080634583054,0.00028630153821340124,-21.448177883293532,-21.446869063954296
279,279,0.0002854413853372572,0.00028377659098049134,-21.465333767540237,-21.48534020553322
280,280,0.00028710272319173226,0.0002831621754203776,-21.45259297176875,-21.494753475806256
281,281,0.00028535456020989906,0.00028466065965690896,-21.46035459643159,-21.471831363284423
282,282,0.0002872854058352328,0.0002832869021834708,-21.444124725205818,-21.492840924511736
283,283,0.00028589084149175086,0.0002855077113245467,-21.462542466394726,-21.45892745087884
284,284,0.0002844376416310438,0.0002887008671869377,-21.470448221453392,-21.410624993616697
285,285,0.00028698020746701004,0.00028344090280466174,-21.443933021367716,-21.49048065134178
286,286,0.0002850823853880205,0.0002832094262550144,-21.474591551505426,-21.49402883577363
287,287,0.0002865046724801902,0.0002837349388037661,-21.450397972228235,-21.485977701322966
288,288,0.0002862516278761065,0.0002858408536811016,-21.4553052531855,-21.453862875157533
289,289,0.0002858461443089986,0.00028324290485072295,-21.460398789598027,-21.493515480329705
290,290,0.0002843949223086046,0.00028425129130482674,-21.474610377354445,-21.478081414694273
291,291,0.00028656890133357387,0.0002865234411346089,-21.45090683592374,-21.44350429382402
292,292,0.0002855092158646697,0.0002855528881283183,-21.462368849584923,-21.458240307109936
293,293,0.0002867909857628809,0.0002880976412837443,-21.44255993295738,-21.419708851246774
294,294,0.00028553030864076365,0.00028469542341649925,-21.46179686936823,-21.471301019992133
295,295,0.0002844234902685335,0.00028635299378564874,-21.470115870609355,-21.446088597900097
296,296,0.0002861551294756151,0.0002857541411159266,-21.452434207551345,-21.455180549006982
297,297,0.0002844662960023456,0.0002861615074308295,-21.469289556976612,-21.448993728518868
298,298,0.0002867353191364019,0.0002827917755654964,-21.437114441630865,-21.500438130388485
299,299,0.00028488851787244,0.00028534357031611234,-21.475509299235842,-21.461424967779447
300,300,0.0002858887556172216,0.0002847559517249465,-21.46016546790507,-21.470377776617756
301,301,0.00028431262087662577,0.00028326691551084976,-21.483131050791414,-21.49314734206161
302,302,0.00028658240941141917,0.00028353888927468737,-21.447555108727858,-21.488979540217485
303,303,0.0002870285345275032,0.0002831812460882295,-21.44926426584647,-21.49446099299449
304,304,0.0002847984574192693,0.0002856378820357158,-21.46892540725539,-21.456947835761355
305,305,0.000285012448883433,0.0002852179336753723,-21.477808864885173,-21.46333758544813
306,306,0.000284144913504073,0.000282358871405258,-21.48509015016266,-21.507091504166382
307,307,0.0002854711591558934,0.0002834276146083874,-21.458664374385496,-21.49068426082582
308,308,0.0002855426348630608,0.00028339096829050074,-21.47059423599423,-21.491245826524
309,309,0.00028504807737262283,0.00028413191198763485,-21.470066653796707,-21.479905739522025
310,310,0.0002867281190887785,0.00028371663862153103,-21.451658600561178,-21.4862578192566
311,311,0.00028444517112202636,0.0002829605823774871,-21.478466380334886,-21.497846471048433
312,312,0.0002856667053924163,0.00028416314958839824,-21.467078587991935,-21.47942830029827
313,313,0.00028593405677946574,0.00028438701931583256,-21.459078305459688,-21.476008183741023
314,314,0.00028450355940671233,0.00028491871259910494,-21.47123985487069,-21.467896144350537
315,315,0.00028552554371363495,0.0002828942026673375,-21.469570904210713,-21.49886540179613
316,316,0.0002841128458835415,0.00028421849894680475,-21.479935941508856,-21.478582462960954
317,317,0.0002833882424159494,0.00028617026921557754,-21.493942541017795,-21.44886075687818
318,318,0.0002839047408941173,0.000285031342891192,-21.48733843159031,-21.46617968816235
319,319,0.00028539989287628954,0.00028435441536681826,-21.469573562133895,-21.476506115289432
320,320,0.0002848545690043109,0.0002829912700690329,-21.47660389319826,-21.497375494761105
321,321,0.00028523860814904354,0.00028170774825603555,-21.465828473656117,-21.51711795517379
322,322,0.0002851270600678111,0.0002840465673024913,-21.472594419463586,-21.481210425547538
323,323,0.00028511958338377864,0.00028363995002827754,-21.478693709130976,-21.48743187570519
324,324,0.0002838881346085061,0.00028374922418917875,-21.490090491347363,-21.485759049791792
325,325,0.0002842677592722334,0.0002825420800179831,-21.479221167567264,-21.504274497321806
326,326,0.00028539056044801607,0.0002851868875471777,-21.461821442331967,-21.463810343099222
327,327,0.00028574890121049485,0.00028368276942178215,-21.462215310983893,-21.48677629729399
328,328,0.00028546777711077067,0.00028630302557231565,-21.47217689889604,-21.446846502074422
329,329,0.00028602068178048456,0.0002829148878318895,-21.45938478900378,-21.498547858194335
330,330,0.00028583720403233757,0.00028345881697819814,-21.462848602193677,-21.490206175047444
331,331,0.00028381126209104567,0.0002812097250410405,-21.483812990940724,-21.52480251999275
332,332,0.00028519881271142704,0.00028304892628894826,-21.474483915453394,-21.496490759775693
333,333,0.0002843780696905727,0.0002844233638729508,-21.48097178541304,-21.47545319244369
334,334,0.00028507377635495564,0.00028476924145300135,-21.47289037602745,-21.47017509355367
335,335,0.00028446435084633685,0.0002845689810591897,-21.47763269343883,-21.47323028936256
336,336,0.0002861724051493268,0.0002847307554666737,-21.46269204888398,-21.47076207341701
337,337,0.0002850995680494906,0.00028375632399202963,-21.473544151838073,-21.485650384591573
338,338,0.0002863079482886326,0.0002851016684680393,-21.45914691589041,-21.465108288699142
339,339,0.0002856356621067011,0.0002821804480749722,-21.456859708849993,-21.509836690115073
340,340,0.00028486447150761395,0.00028257148714098886,-21.47385973072124,-21.5038225049435
341,341,0.0002850107974660842,0.0002834488833813291,-21.47195743619388,-21.490358372885062
342,342,0.00028538219924756933,0.0002829796070919225,-21.47566733831479,-21.49755448512286
343,343,0.00028362804207681996,0.0002830176120991574,-21.490471142757333,-21.49697125381387
344,344,0.0002838926625044383,0.0002814169075511592,-21.49123176867073,-21.521604014278793
345,345,0.00028504618022293234,0.00028313331361124784,-21.47494840206702,-21.49519616075418
346,346,0.00028422285626239155,0.00028157855482085754,-21.483505920201665,-21.519110121383882
347,347,0.0002863133826038618,0.0002831905271465841,-21.456937093689483,-21.49431865848488
348,348,0.0002856169066382284,0.0002816700633909357,-21.46297241906197,-21.51769896240021
349,349,0.00028618530114661405,0.00028230515186135704,-21.46314450861182,-21.50791783984904
350,350,0.0002854853090182062,0.00028328260860258813,-21.473231820353575,-21.4929067479791
351,351,0.00028498303361198645,0.0002826655476574639,-21.47412921476755,-21.50237709492497
352,352,0.00028480180375969286,0.00028298894329437693,-21.47527689587897,-21.49741120291379
353,353,0.00028411585227922374,0.00028236504448087593,-21.486251862956195,-21.50699655749946
354,354,0.0002845998918853662,0.0002818471862395343,-21.478662978557026,-21.514968842662118
355,355,0.00028406093965198116,0.00028187143585742697,-21.47878110140248,-21.51459519968377
356,356,0.00028418820470177864,0.0002841108009880899,-21.483444139375386,-21.480228432287092
357,357,0.0002846033975467585,0.0002839316515938232,-21.483102710521386,-21.48296779078371
358,358,0.0002840647216497431,0.0002832599336551012,-21.48175914012851,-21.493254386641393
359,359,0.0002820205151045829,0.0002812172123843706,-21.512267954925793,-21.524686888550644
360,360,0.0002846850901986136,0.00028271068310316066,-21.480657974656268,-21.501683677905312
361,361,0.0002854521000474576,0.0002841151818804639,-21.4705988668951,-21.48016146606445
362,362,0.0002840930876830958,0.00028275892653159405,-21.478660972935707,-21.500942635258614
363,363,0.0002837723646716205,0.0002852462670202122,-21.486768916714073,-21.4629061818539
364,364,0.00028479023753742196,0.0002846242814006186,-21.478891597806566,-21.4723864061057
365,365,0.0002847845262857442,0.0002823120693823225,-21.479776714097298,-21.507811422932555
366,366,0.00028410493234201265,0.0002836322589581342,-21.48797981873028,-21.487549638897903
367,367,0.00028386747989006647,0.00028151053304195796,-21.48727490287345,-21.520159386376076
368,368,0.00028285879753386006,0.0002846856491248074,-21.50475380275158,-21.471450126492208
369,369,0.00028330743188019264,0.00028252707163215076,-21.49256727017334,-21.504505196843514
370,370,0.0002839207224975119,0.0002833112850662713,-21.483721125931904,-21.49246713752484
371,371,0.0002859946203504487,0.0002828959703420926,-21.45931331845155,-21.498838264831626
372,372,0.0002844137632883317,0.0002829236189810265,-21.477506819187354,-21.49841383091109
373,373,0.00028429355186688685,0.00028115444154919764,-21.48372790598163,-21.52565639073884
374,374,0.00028356124818584274,0.0002844779549999849,-21.495614100308337,-21.4746197042967
375,375,0.0002830511108448863,0.00028391799883377785,-21.501994645441656,-21.483176624877277
376,376,0.00028470901054685415,0.00028248552208472237,-21.475754023460418,-21.505143934436507
377,377,0.00028516379330240034,0.00028257604725168725,-21.47142734039335,-21.50375241949527
378,378,0.00028454674078996496,0.00028203792968078663,-21.480329987168012,-21.51203069711382
379,379,0.0002838682170870916,0.0002822107972430163,-21.486545767588105,-21.509369621345527
380,380,0.00028392481743646115,0.00028139863953631565,-21.49054504329818,-21.521885943165998
381,381,0.000284227055615083,0.0002812153328896353,-21.48979962180079,-21.524715914402694
382,382,0.00028312161982481935,0.0002839489591822616,-21.49955939823087,-21.482703066473228
383,383,0.0002830165588973839,0.00028254632458188817,-21.49910319749216,-21.504209254762692
384,384,0.0002842755578986379,0.0002824021013159501,-21.485138297657173,-21.506426638405106
385,385,0.00028358514033037134,0.00028133762871699507,-21.488764357775246,-21.5228276511655
386,386,0.00028416308419558115,0.00028318616923091834,-21.484774024507878,-21.494385490991878
387,387,0.00028478442937298915,0.0002842059919586111,-21.47884239514876,-21.47877357773681
388,388,0.00028356252245355357,0.00028363223904498706,-21.489268627056358,-21.487549943805753
389,389,0.0002839664416147646,0.00032380398509925917,-21.488996174785928,-20.91228398388037
390,390,0.00029677763964126326,0.00028467046917955344,-21.30396366847297,-21.471681706210035
391,391,0.00028550150725011205,0.00028402466590418234,-21.467637627297993,-21.48154530103076
392,392,0.00028551508493711883,0.00028274942796040133,-21.47361824354261,-21.50108852795932
393,393,0.00028492436118990414,0.0002847854216509548,-21.479181586204223,-21.469928340392144
394,394,0.0002845103631021705,0.00028351631389293626,-21.48384608779128,-21.489325339486122
395,395,0.00028352241617502627,0.00027995364967194433,-21.495670430161393,-21.544244541238783
396,396,0.0002838813474152199,0.0002812849936737238,-21.487685701671637,-21.523640242341337
397,397,0.0002839674173431836,0.0002823763061314821,-21.488357991510597,-21.506823349969647
398,398,0.00028373209187117665,0.0002808951402058531,-21.48933811438289,-21.529663622634736
399,399,0.0002842825092135247,0.00028263789901853,-21.48129328208345,-21.502801916369148
400,400,0.00028408926397984483,0.0002867491964839007,-21.489403298337617,-21.440083781450248
401,401,0.00028354406222393834,0.0002815294244914855,-21.48580367247858,-21.51986795227168
402,402,0.00028400574078706585,0.00028226819152845755,-21.481384332556868,-21.508486469907062
403,403,0.00028454214028447635,0.00027839864732844656,-21.480655362177117,-21.568434669469475
404,404,0.0002851715940290812,0.0002825677725731542,-21.471864521198846,-21.50387959587412
405,405,0.0002829242985546781,0.0002827993563474401,-21.502112282011957,-21.500321710891036
406,406,0.0002845369505014309,0.0002818957237698334,-21.48012244725888,-21.51422099887546
407,407,0.00028331409935772263,0.0002819502735387926,-21.497767770859664,-21.513380674963077
408,408,0.00028392626392683876,0.00028212827256586596,-21.486675439271853,-21.51063978015891
409,409,0.00028471285135235597,0.00028320683601410374,-21.48322519499687,-21.494068556643576
410,410,0.0002840145541470229,0.0002854349073267689,-21.48914841810594,-21.460035035901708
411,411,0.0002864082364879126,0.00028362337769450327,-21.442560079366526,-21.487685629923412
412,412,0.00028531290422740977,0.0002804372174738857,-21.46741623121448,-21.53674938411016
413,413,0.00028424816069279595,0.0002822952749403684,-21.483532186784203,-21.508069787742823
414,414,0.00028616449940882467,0.00028254020818215057,-21.46508042845875,-21.504303269342806
415,415,0.0002832913368618711,0.00027994385393532485,-21.493468280540316,-21.54439650599423
416,416,0.0002840997509600729,0.00028129932654433345,-21.48772205713126,-21.523418953322317
417,417,0.0002822870317817733,0.000284021917889875,-21.50467338959826,-21.481587320382125
418,418,0.0002853535382753987,0.00028273649054187303,-21.470196779140494,-21.501287247301182
419,419,0.0002862279784635247,0.0002817002946118775,-21.459862865199707,-21.517232865728197
420,420,0.00028494738141967695,0.0002826506924496866,-21.482077066338583,-21.50260534008437
421,421,0.00028312726326757255,0.0002833164961837036,-21.496849956669696,-21.492387255824
422,422,0.0002839229850953003,0.000286034717359335,-21.493981256430846,-21.450918390965974
423,423,0.00028493855155754794,0.0002810869175989769,-21.476555911823603,-21.526699546979163
424,424,0.00028404770521015004,0.00028089363140201097,-21.48574698855386,-21.52968695044818
425,425,0.00028382803279829703,0.0002827605257104886,-21.490924969215136,-21.50091807325401
426,426,0.0002832202644077773,0.0002836545325791169,-21.498396613758835,-21.48720860114296
427,427,0.0002838189163984558,0.0002808870278960584,-21.49153339406405,-21.52978904959129
428,428,0.00028431513040691383,0.0002836134287798287,-21.477934842007627,-21.487837974013043
429,429,0.0002836600607909147,0.0002825449444476123,-21.49264112547298,-21.5042304684934
430,430,0.00028455775974020744,0.00028402934243020256,-21.477540317745806,-21.481473794117143
431,431,0.0002846083713013717,0.00027993053050809786,-21.482759257785624,-21.54460320560709
432,432,0.00028441294778099995,0.0002825634345706356,-21.47935530134749,-21.50394626961404
433,433,0.0002845640131632423,0.00028226156964113836,-21.481185745137527,-21.50858835467277
434,434,0.0002841102070362336,0.00028379350183776726,-21.483818527808417,-21.485081407823678
435,435,0.000285100896624349,0.0002824432234966049,-21.474271972619366,-21.50579428347928
436,436,0.00028472324622046087,0.00028380972798913717,-21.476918237049333,-21.48483310310538
437,437,0.00028395931207642115,0.00028489147141379744,-21.486044322004734,-21.468311394790085
438,438,0.00028386965367616605,0.0002807695464549684,-21.493329579255377,-21.531605873061913
439,439,0.0002850083845485117,0.00028495348861293967,-21.477175208657076,-21.467366094599114
440,440,0.00028535046047031804,0.00028080897142277345,-21.47206032509597,-21.53099609026396
441,441,0.0002839329281039344,0.0002823671062574967,-21.48511328497156,-21.50696484624632
442,442,0.00028200486384466597,0.00028427898589717716,-21.50241646108304,-21.4776583023596
443,443,0.0002837790828558242,0.0002836621822911854,-21.487952520655497,-21.487091480400615
444,444,0.00028493139561572945,0.00028296694539389327,-21.479674263859184,-21.497748811091007
445,445,0.00028458590254418014,0.00028277370821390494,-21.476486812320342,-21.500715606695877
446,446,0.00028614398780922145,0.0002816299108273693,-21.453227014695003,-21.518318100962922
447,447,0.00028663074307278105,0.00028503534543377,-21.446721098904078,-21.466118702941117
448,448,0.00028392960906710435,0.0002830463957874791,-21.48497345159945,-21.496529586552096
449,449,0.00028228576021441785,0.00028299441634628336,-21.50183039461442,-21.49732721047119
450,450,0.0002856252288335416,0.00028281036065891385,-21.46730846693621,-21.500152721158116
451,451,0.0002841478316881454,0.0002827305365108738,-21.483344315781537,-21.501378704545708
452,452,0.000288046676228687,0.00028679475316924875,-21.425080015220132,-21.43939385988054
453,453,0.0005416124291026715,0.0004247870023582915,-18.67848759073256,-19.733393680340278
454,454,0.00040794269406217503,0.00038302588693209385,-19.919320115513056,-20.182824608612666
455,455,0.00037342907300401363,0.00035772965087457314,-20.29733268793654,-20.479556490706532
456,456,0.0003535398396125697,0.00034432824835867475,-20.527927660809215,-20.64537934490689
457,457,0.00034250510849308263,0.0003351173332990392,-20.675331613952224,-20.76313696296591
458,458,0.00033494105536164236,0.0003282365306452113,-20.769590360781812,-20.8532367412915
459,459,0.0003293387420216249,0.0003240527600466617,-20.841900243738976,-20.90894862948258
460,460,0.00032662007400823624,0.0003229705846598862,-20.886306163289188,-20.923476180644933
461,461,0.00032193408096833253,0.0003108686084344395,-20.94213971397882,-21.08933718633174
462,462,0.00030523383889116885,0.00029852901168755795,-21.17632989193051,-21.265240445764334
463,463,0.00029572758904043776,0.0002917159167976168,-21.30549600730984,-21.365504617267565
464,464,0.0002967263727938545,0.0002925013709739831,-21.303314971861994,-21.35382681767982
465,465,0.0002951814646631018,0.0002909221251397149,-21.322856993947667,-21.377338363960753
466,466,0.00029015044241269917,0.0002902351276900031,-21.384283867011767,-21.387606130181176
467,467,0.0003019879798923341,0.00029434195695150837,-21.218282388173662,-21.326584147733488
468,468,0.00029666444044272155,0.0002911414454789146,-21.302562355615326,-21.374065538709374
469,469,0.0002922707803777813,0.00029005500561508695,-21.35927427492037,-21.390302230673935
470,470,0.0002917645105458412,0.0002916467216748156,-21.36686412014711,-21.366534887571706
471,471,0.0002927328228888092,0.000290007567903223,-21.36220340458644,-21.391012565644093
472,472,0.00028647518219887134,0.00029083401865423903,-21.43239857764753,-21.37865383475252
473,473,0.00029143118917625206,0.0002894945623426649,-21.379325599043923,-21.398701770936267
474,474,0.00028853409337935987,0.0002887372377843253,-21.41059658553447,-21.410077902954203
475,475,0.0002900261996606768,0.0002906358690540257,-21.399151785613654,-21.38161375694674
476,476,0.000288427468946146,0.00028626253142168646,-21.424053417358767,-21.44746080330097
477,477,0.0002876276377775735,0.00028670536764701336,-21.433188020807886,-21.44074763952153
478,478,0.00028940674353189304,0.00028763041451671407,-21.413383897647623,-21.426757806017022
479,479,0.00028711302354739805,0.0002845830060419087,-21.437886703530936,-21.47301625259407
480,480,0.0002895046179134821,0.0002851892357667614,-21.398883564978178,-21.463774583579642
481,481,0.00028667883850278853,0.00028730438115369335,-21.44248603691676,-21.43168339085622
482,482,0.0002880243376886338,0.00028681494510046353,-21.42248743060623,-21.439088103393658
483,483,0.00029167444469195976,0.00028624775586649776,-21.382481369864465,-21.447684971922193
484,484,0.00028973950082724243,0.0002875600965987695,-21.409185477739566,-21.427819669288553
485,485,0.0002869713548018799,0.0002858087215204968,-21.442871513554937,-21.454351105033396
486,486,0.0002880514666591723,0.0002840357958216612,-21.427943534665076,-21.481375119788744
487,487,0.0002879907809721172,0.00028570586552010164,-21.42952216953151,-21.455914312513926
488,488,0.00028786932708714736,0.0002832359873297575,-21.43784665918925,-21.493621547518625
489,489,0.0002872760635056562,0.00028599789182312394,-21.439092113684914,-21.451477559339768
490,490,0.00028854266130701477,0.0002886048659045053,-21.413831173042162,-21.412069386949742
491,491,0.0002884159396287323,0.00028490016886376237,-21.418388482331498,-21.468178811078438
492,492,0.00028713851610256226,0.0002850838170975055,-21.44302016059426,-21.46538022658308
493,493,0.00028840148972693027,0.00028846578329409426,-21.42616764447307,-21.414162815596086
494,494,0.00028812853120190583,0.0002870138376142438,-21.422798593477378,-21.43607752158642
495,495,0.00028876865555090616,0.00028579858266503404,-21.418815180946634,-21.454505170558754
496,496,0.00028871433640177333,0.00028604679544897457,-21.416293808824026,-21.450735009837032
497,497,0.00028924271824395226,0.00028659781673923135,-21.415458070396113,-21.442377100776703
498,498,0.0002886582200160999,0.00028712969843151147,-21.41894277789836,-21.434324729431424
499,499,0.00028694048793938433,0.0002835896586092483,-21.445210332844027,-21.48820197957481
500,500,0.00028823786439162864,0.0002860024136393086,-21.42423838245144,-21.451408895047162
501,501,0.00028760795098652623,0.0002832288446370512,-21.435031949474848,-21.493731070011577
502,502,0.0002879444413732008,0.00028682204643509497,-21.42720336673179,-21.4389805764911
503,503,0.0002871459684833961,0.00028441326637556285,-21.427723774870667,-21.475607376867263
504,504,0.00028720558572983005,0.00028357385063396866,-21.44084168884946,-21.488444072598213
505,505,0.00028776943854046696,0.00028791812885748714,-21.429734564403702,-21.422415765283564
506,506,0.00028726173361964986,0.000285647150839826,-21.434563131068607,-21.45680691169552
507,507,0.0002895340991936163,0.00028435405080304727,-21.41203384571234,-21.47651168327526
508,508,0.00028759816459850553,0.00028585992281717295,-21.42450515224661,-21.453573156447536
509,509,0.000288199510043679,0.00028516097441560735,-21.423921754381997,-21.46420497699927
510,510,0.00028787217776233464,0.0002844529594049642,-21.430600864090714,-21.4750013129849
511,511,0.0002879014760183804,0.00028519522349693274,-21.435928494389216,-21.463683401636292
512,512,0.00028887601958146105,0.0002836707878343173,-21.417343845953454,-21.486959729203583
513,513,0.00028859264998619936,0.000284670896546327,-21.411093457569695,-21.471675186289204
514,514,0.0002888683055661926,0.0002868481341896481,-21.411429193918163,-21.43858558409867
515,515,0.00028688406941394524,0.00028660864949128345,-21.43822598434797,-21.44221295034513
516,516,0.0002886500937465732,0.00028551296380005384,-21.427419985686235,-21.45884755460788
517,517,0.0002875621259553339,0.0002870011942975811,-21.429210736328642,-21.43626883792328
518,518,0.0002888635790441185,0.0002867023868020624,-21.416479040408923,-21.440792792887645
519,519,0.00028747090884993217,0.0002862872574233303,-21.43608815929984,-21.447085696496657
520,520,0.0002867037753848186,0.0002858309415291603,-21.443020341096197,-21.45401347880558
521,521,0.000288382108976162,0.0002867292955909905,-21.421469653613396,-21.44038519983294
522,522,0.0002870523834663453,0.0002875716722643885,-21.436147522504868,-21.427644848561354
523,523,0.00028619473798862977,0.0002838206373302168,-21.445464713633523,-21.48466616818004
524,524,0.0002865972544652285,0.00028764972720589295,-21.447485594003922,-21.426466212626742
525,525,0.0002877660198905265,0.0002859961471250771,-21.431464926520857,-21.451504053068117
526,526,0.002747208573111362,0.018308585999827636,-11.628568004013127,-3.3885578339093185
527,527,4.26846331252342,0.04649386868665093,20.287078738925942,0.6588509693479585
528,528,0.05131875566139664,0.014100673314380018,1.085782699548484,-4.522707368242842
529,529,0.04257793586278699,0.048930847527165165,0.27728897703719974,0.8807215044493787
530,530,0.04581227334043414,0.10021726787090302,0.5922240966766564,3.994319710469665
531,531,0.08784901646455538,0.03482671611403164,3.421532222071016,-0.59598061930983
532,532,0.06730031037760764,0.05516219276346659,2.258677188846207,1.4013093381565156
533,533,0.06923262878637954,0.06123356717197519,2.3882720780957216,1.8547897231337056
534,534,0.0918570088664281,0.05678797277965044,3.623783687065452,1.5274577773157447
535,535,0.04655348985772772,0.036815411166140906,0.6574395712679287,-0.3548093258120698
536,536,0.0386407775132312,0.03751706900565248,-0.15965627288109516,-0.2728168567435917
537,537,0.04088876799670691,0.03719192076670496,0.09323195851123048,-0.3106197979956153
538,538,0.03982890497163399,0.037666987039540946,-0.02002795496283878,-0.255497051302624
539,539,0.05645160123552244,0.03316068178729007,1.5028669141111775,-0.8088713664629356
540,540,0.03551263510028726,0.031573383529719556,-0.511968807006288,-1.0218946264382525
541,541,0.03872126079711717,0.029060161525481625,-0.13977908090233812,-1.3821256384547242
542,542,0.04484968980025385,0.047416681325749346,0.4930058558410214,0.7442056685261276
543,543,0.03102628347108659,0.027425922649471385,-1.1072334622947142,-1.6334934094398021
544,544,0.024000404537031332,0.02219295923254992,-2.2175220770159876,-2.5529537238231086
545,545,0.0211553038241937,0.020012389672429937,-2.7621087799381834,-3.002116370745584
546,546,0.01930615255974003,0.018192762999158157,-3.154681335970744,-3.416119258498251
547,547,0.01780429768577679,0.017052412621284787,-3.512702943559423,-3.697247549298382
548,548,0.01644123538598879,0.01557764004131681,-3.86222335092741,-4.09008923553707
549,549,0.01481940912217209,0.014209069752771603,-4.309245028602754,-4.489449415318858
550,550,0.013157806148003671,0.012721903818218331,-4.820925580149988,-4.9695847991532185
551,551,0.011984655134303053,0.011179736668342039,-5.237958068435086,-5.53079013621161
552,552,0.010921974224758517,0.010091157924187811,-5.638676260018533,-5.975695849281748
553,553,0.009396839973315136,0.009123647095341431,-6.282469005853455,-6.413421094347138
554,554,0.008187085591717479,0.00780646855893888,-6.888122560607551,-7.090559728590274
555,555,0.007908250574867442,0.007809447859855075,-7.043154931654721,-7.088902580935495
556,556,0.006876367864381407,0.006248435936868191,-7.64632734669439,-8.05739266254032
557,557,0.006310653330316556,0.006232889001502802,-8.024278967800978,-8.06821194937894
558,558,0.005331448925006175,0.0020128022818090884,-8.75655356200027,-12.977094716564855
559,559,0.0014303062427980999,0.001070499009648828,-14.467127936691853,-15.719243179073514
560,560,0.0010789797008853674,0.0010346064166361956,-15.689307024540229,-15.867354201801533
561,561,0.001077659798368389,0.0010403028389095869,-15.69273816371409,-15.843508041119826
562,562,0.0010831242789677584,0.0010428273296718927,-15.670701872057915,-15.832981834347475
563,563,0.001073661067081404,0.0010479338111748036,-15.71243342553192,-15.811767348339005
564,564,0.0010791848870906403,0.0010501889046281576,-15.693302230287351,-15.802431621570264
565,565,0.0010783071005620907,0.00103603020665775,-15.688617499552176,-15.86138169807735
566,566,0.001064792051599313,0.001010003836678439,-15.746176340555511,-15.971875642286921
567,567,0.00105733829238404,0.0009106674360258406,-15.775387964809116,-16.42150780563972
568,568,0.0008068954741303838,0.0007643187234766389,-16.95738953301358,-17.182360891539933
569,569,0.00079096076390754,0.0007657678031950797,-17.034614076401716,-17.17413485330303
570,570,0.0007878982464389242,0.0007570479739163267,-17.055628817702274,-17.223871862681772
571,571,0.0007900433247601709,0.0007557082449478146,-17.03962631525275,-17.231564272643556
572,572,0.0007816396501232131,0.0007461499925212641,-17.09501231003099,-17.28684448789657
573,573,0.0007728828476098625,0.0007421773319181643,-17.13493405868798,-17.310029020593216
574,574,0.0007702457945381012,0.0007506731903719667,-17.139547145410287,-17.260596820583338
575,575,0.0007687949511875427,0.0007253430360977195,-17.162612560093695,-17.40967141945805
576,576,0.0007792919731372487,0.0007433795682644766,-17.105032936613178,-17.302999673887353
577,577,0.000770962028404141,0.0007300349626396047,-17.153348435112868,-17.38166928025018
578,578,0.0007667545716460679,0.0007407684859476591,-17.178882652790396,-17.318280896117585
579,579,0.000770737651073057,0.0007402505449901678,-17.142808614560558,-17.321318519595227
580,580,0.0007659194585339157,0.0007400270949706043,-17.175517732746258,-17.322629667025883
581,581,0.0007660752558389429,0.0007337588590177658,-17.179103813294986,-17.35957230028947
582,582,0.0007565169506370253,0.0007122219723992442,-17.233767794286198,-17.4889522001502
583,583,0.000701916517483397,0.0006351311764630832,-17.55678872019234,-17.98647156434528
584,584,0.0006280702175140457,0.0005880928733141014,-18.043495336450263,-18.32064671235886
585,585,0.0005993512765139572,0.0005705603551560719,-18.257124055857084,-18.45208995928819
586,586,0.000587140165567014,0.0005613860190159789,-18.33905659823944,-18.5224899517095
587,587,0.0005741269710550527,0.0005497440058541926,-18.421106117725962,-18.613500850397195
588,588,0.0005454237902292156,0.000501060094010379,-18.64648417491313,-19.016207722071016
589,589,0.0004985792440549499,0.0004630959194496666,-19.04368133014963,-19.35839633515886
590,590,0.00047104286669619075,0.0004401473316216939,-19.29156935763708,-19.57912514454293
591,591,0.0004514343430499364,0.00041624758925632035,-19.471647850825057,-19.821588565015514
592,592,0.00042291023419238627,0.00040033905411531264,-19.75611408562671,-19.99082629031693
593,593,0.0004078145943025185,0.0003946299532943062,-19.90913014094015,-20.053205416711528
594,594,0.00040610253207203116,0.00038903432218112836,-19.936956531349725,-20.115226695275517
595,595,0.0003974356507935283,0.0003816846797953507,-20.02565216509933,-20.19805859336904
596,596,0.0003856669315713045,0.0003677777222994911,-20.15975736164811,-20.359251689347317
597,597,0.000377434574382034,0.0003612310821680646,-20.255813158870776,-20.437254755933978
598,598,0.00036658282984605,0.0003535289479738199,-20.380832256047647,-20.530856068804646
599,599,0.00036981893246081305,0.0003538178938661555,-20.33422118377006,-20.527307947680264
600,600,0.00036329192801897136,0.0003489444773693226,-20.416892034925777,-20.587542584800676
601,601,0.00035731789035501786,0.0003543646905056544,-20.48695905565782,-20.52060146221485
602,602,0.0003588678280477287,0.00034987801643039445,-20.480473893140704,-20.575939320520146
603,603,0.0003563661653951732,0.0003481434587707841,-20.507279339809337,-20.59752348082042
604,604,0.00034694001918716223,0.00033849679350264763,-20.618363427990452,-20.7195602868375
605,605,0.00033492433746134116,0.0003287120872348743,-20.764036064360614,-20.846949137263504
606,606,0.00033288035204528455,0.0003280008554850754,-20.802000498993436,-20.8563561132789
607,607,0.0003322044992939444,0.00032454188208487863,-20.798508744047375,-20.90239837363263
608,608,0.0003285329550691909,0.0003228334948959711,-20.857980860469905,-20.92532000079946
609,609,0.0003236280838219622,0.0003223906908380358,-20.920276344997323,-20.93128094874185
610,610,0.0003219617716127949,0.00031641736859455705,-20.938176412950163,-21.012502732438687
611,611,0.0003391501002287319,0.00033957325687975084,-20.710845097998288,-20.70577107738547
612,612,0.0003415144336069022,0.0003333972555609714,-20.680447296685394,-20.785485672508806
613,613,0.0003414726243042339,0.00033280958488926684,-20.681460322234653,-20.79314762314034
614,614,0.00033818283292330495,0.0003354661028807689,-20.725200815795233,-20.75861944254157
615,615,0.00033986756425667745,0.00032768597042090014,-20.708816215002205,-20.86052739904872
616,616,0.0003329793197707724,0.0003274260180708217,-20.80433575418091,-20.86397401211963
617,617,0.00033025897813711275,0.00031600208450598935,-20.831207516695287,-21.018206403099864
618,618,0.0003394236735346698,0.00033601433173508237,-20.711062562171772,-20.75152786378878
619,619,0.0003454549854366858,0.00033329388641409184,-20.64294118882509,-20.78683240257981
