,epoch,train_loss,test_loss,train_dbs,test_dbs
0,0,0.0005051630078670904,0.00048371701421657284,-5.874094639146592,-6.059887385623952
1,1,0.00046671970180936696,0.0004529140071673809,-6.2210831599434835,-6.345643498363424
2,2,0.0004389231545087334,0.0004280339175908777,-6.483686305930694,-6.591019179952056
3,3,0.00041473124232671235,0.000406550750516257,-6.729334289510956,-6.814653349185357
4,4,0.00039720599096719673,0.00039203013569165607,-6.9172118323562195,-6.972606491608483
5,5,0.0003837376581528944,0.0003797074988190281,-7.068122537633342,-7.111309279742568
6,6,0.00037244883349126916,0.000369631452485919,-7.196831516853414,-7.228111831736317
7,7,0.0003628645163658315,0.0003606718137713247,-7.307042568742523,-7.3346789819246965
8,8,0.0003545098039729655,0.00035297594915487265,-7.409461559446556,-7.4283498733097755
9,9,0.0003471132067809861,0.00034561466523691227,-7.502172439056276,-7.519879397262476
10,10,0.0003403685257899738,0.000338971844604729,-7.589586408572102,-7.604164753557513
11,11,0.0003343078811273708,0.00033307526763038417,-7.666645439023922,-7.680377165257229
12,12,0.00032807312684959356,0.0003274001815282789,-7.746613962370288,-7.755011861803805
13,13,0.000323292712882622,0.0003221413904899045,-7.814625620670846,-7.825335731145811
14,14,0.0003178571176849613,0.00031733177878011604,-7.886245158563363,-7.890665359157444
15,15,0.0003132634077907646,0.0003125824885884006,-7.9497988705928275,-7.956154576159131
16,16,0.0003088053436493789,0.0003087395253762799,-8.011430567474925,-8.009878698689246
17,17,0.000304637512206532,0.0003043177421204746,-8.06724369946252,-8.072528290227273
18,18,0.0003007480180966332,0.00030086222594898,-8.123571928816165,-8.122124377147257
19,19,0.00029743328053244997,0.0002974596282001585,-8.17402126649945,-8.171520712810253
20,20,0.0002939606840919089,0.0002945005176833978,-8.22379922397949,-8.214940395106506
21,21,0.00029087531441563416,0.00029131128471099625,-8.269805738359592,-8.262227935567912
22,22,0.0002882916782742616,0.000288564123605427,-8.310147659236902,-8.303377665935328
23,23,0.00028543858836913846,0.00028542864693965956,-8.351616423392977,-8.350825432828444
24,24,0.00028282135860639213,0.0002830049749096169,-8.392748976399062,-8.387860320519708
25,25,0.00028056576674007186,0.00028092395912512744,-8.42696764895921,-8.419913216545009
26,26,0.00027822429907133745,0.00027858866623749857,-8.462790628939011,-8.45616657913818
27,27,0.0002754744949100117,0.0002765385265535626,-8.502071109497445,-8.488244575364886
28,28,0.00027428698076712945,0.00027463429203060895,-8.52525753179649,-8.518253378705985
29,29,0.00027241009184322557,0.00027260265012859906,-8.557986318560527,-8.550500285046711
30,30,0.0002704480754153937,0.00027081449393575127,-8.587488327670194,-8.579081980665586
31,31,0.00026859788625553904,0.0002688180431601052,-8.617020237214351,-8.611216866965393
32,32,0.0002668867034407947,0.0002675798911552288,-8.642451269117824,-8.6312662931132
33,33,0.0002653613502337338,0.0002659800842306332,-8.67003400365474,-8.657309828371266
34,34,0.00026387639884409715,0.00026443783549199765,-8.692543399170132,-8.682565083879393
35,35,0.0002623176971479252,0.0002627118588670304,-8.717871191986145,-8.711004246823293
36,36,0.0002609918967547068,0.0002616050723621524,-8.740665901800211,-8.729339416146818
37,37,0.00025972770331979527,0.00026050368538371434,-8.762842000404842,-8.74766230346082
38,38,0.00025835347310255866,0.00025854492942974165,-8.78537312207066,-8.780440772227067
39,39,0.0002572501693929056,0.0002579931859049554,-8.804243015803522,-8.789718664884308
40,40,0.00025578927651969427,0.0002567543323445869,-8.829930828885132,-8.8106232165291
41,41,0.0002548812484109448,0.00025594578198108236,-8.844825407134572,-8.824321253354523
42,42,0.00025346036940409813,0.00025499719623966435,-8.867870070310463,-8.840446967729068
43,43,0.0002523936525097635,0.00025334900649460524,-8.884670889077785,-8.868608965036955
44,44,0.0002511435390279638,0.00025260843731781567,-8.90593183578845,-8.881322498183494
45,45,0.0002506249290218903,0.0002515773583007486,-8.917522063301233,-8.89908549569989
46,46,0.00024944711455561643,0.0002503396903385261,-8.93761880603869,-8.920503913637424
47,47,0.0002484216086852086,0.00024941716401372105,-8.955145356349764,-8.936537652599037
48,48,0.0002476054072120832,0.00024847450013591076,-8.970910041266361,-8.952982764621446
49,49,0.00024689553988396583,0.000247807480934027,-8.984220627685644,-8.964656891193894
50,50,0.0002458519056276178,0.0002463537576228478,-9.00154730546826,-8.990209111168424
51,51,0.00024457808737595057,0.0002457715155814137,-9.02197480264409,-9.000485544323926
52,52,0.00024421786701609143,0.00024497836956901376,-9.028774437274318,-9.014523621432856
53,53,0.00024326559163380377,0.00024438635017232676,-9.04584589884416,-9.025031566620571
54,54,0.00024261856802676796,0.00024329656566566738,-9.059557342830725,-9.044441235080408
55,55,0.00024174266499611214,0.0002428558884850262,-9.074332551879825,-9.052314638521533
56,56,0.00024091093992987246,0.00024204898784917437,-9.090175098145176,-9.066768311155087
57,57,0.00023981461303846277,0.00024040423235610912,-9.108811565684851,-9.096379928287062
58,58,0.00023939229365553438,0.00024035090801159017,-9.118590228024658,-9.097343348819724
59,59,0.0002389136768131008,0.0002395360199060585,-9.126940864636161,-9.112092729441281
60,60,0.00023793823568188805,0.0002387276127640354,-9.142739651440785,-9.126774468603248
61,61,0.00023732962673073924,0.0002380562846634635,-9.15469702301867,-9.139004507573642
62,62,0.00023646282809834505,0.00023763217139180357,-9.170025610648105,-9.146748656082782
63,63,0.00023591144327866394,0.0002369171906091077,-9.1791551312358,-9.159835279663394
64,64,0.00023534107196010343,0.0002359601042515255,-9.18997499840032,-9.177415226761376
65,65,0.0002344405709420206,0.000235156012901203,-9.20741298459582,-9.1922401398889
66,66,0.00023405170806241942,0.00023480150220597066,-9.21391213842489,-9.198792309519954
67,67,0.00023312634442208008,0.0002342083607800305,-9.231035163409262,-9.20977707576631
68,68,0.00023242853478091702,0.00023381450400369145,-9.242917682618542,-9.217086541942978
69,69,0.00023172339022438013,0.0002328786596128913,-9.256810510229974,-9.23450409297217
70,70,0.00023140609666426695,0.0002324284892222893,-9.265054781812081,-9.242907427330643
71,71,0.00023091209754731853,0.0002320242431443675,-9.272183174802036,-9.250467373610212
72,72,0.00023030575404433322,0.00023106822290604837,-9.286281035921235,-9.268398777567835
73,73,0.0002294180629122042,0.0002303410315346953,-9.30000320542426,-9.282087946491345
74,74,0.0002291785091336951,0.00022967607870477398,-9.306231072262742,-9.294643372777367
75,75,0.00022811093547659897,0.00022949501381892907,-9.326714782048036,-9.298068478849812
76,76,0.00022791448567115424,0.00022910778352525085,-9.32856233599454,-9.305402582379525
77,77,0.00022752132787628426,0.00022834152332507074,-9.339694216061966,-9.31995208034159
78,78,0.00022707300812135613,0.00022800143434371995,-9.347578469138364,-9.326425229223082
79,79,0.0002256612227113495,0.0002272331361095176,-9.371038738601987,-9.341084397134525
80,80,0.00022547558302866275,0.00022645435819867998,-9.375984326608284,-9.355994187937295
81,81,0.0002251092475639733,0.00022630417783818158,-9.381799378005386,-9.358875304428997
82,82,0.00022485625246640526,0.00022611205043320201,-9.390809563308299,-9.362563937665687
83,83,0.00022424449340065883,0.00022473671752346776,-9.400570718724792,-9.389060687295453
84,84,0.00022369103740838348,0.00022471770582916704,-9.411728942115131,-9.389428096024897
85,85,0.0002227029181085527,0.0002238223678432405,-9.429267929154168,-9.406766161718156
86,86,0.0002222920210789601,0.00022319047083759584,-9.436246833506555,-9.419044536821957
87,87,0.0002218861693633989,0.00022289633527275567,-9.445326367720291,-9.424771739218638
88,88,0.00022155455986911564,0.0002223294945188651,-9.452720100173567,-9.435830214629119
89,89,0.00022078429459181337,0.00022213137019303088,-9.467240118394445,-9.43970206540255
90,90,0.00022052565440127493,0.00022149970908159097,-9.471404317034102,-9.452069418968657
91,91,0.00021992037828877262,0.0002210037254323987,-9.484341905074917,-9.461805074575505
92,92,0.00021910685691838488,0.00022084484072892288,-9.498774790240637,-9.464928441187375
93,93,0.0002189568706281656,0.00021984766844022823,-9.505290377206073,-9.484582379140809
94,94,0.00021848054668750883,0.00021934317345240792,-9.51374820292973,-9.494559795098795
95,95,0.00021798778463337455,0.00021912860852592674,-9.521735857496202,-9.498810210968125
96,96,0.00021734972785649457,0.00021838495051365738,-9.534678662677443,-9.513573953737124
97,97,0.00021721539552654764,0.0002181265138604335,-9.538564850695487,-9.51871643610888
98,98,0.00021654170500978674,0.00021741955041713816,-9.551287146000782,-9.532815086844298
99,99,0.00021591153792129618,0.0002169669690039499,-9.562959632495978,-9.541864800529847
100,100,0.0002159340171798699,0.00021704854627482985,-9.566235598444806,-9.540232206405356
101,101,0.000214918129525349,0.00021632240187548297,-9.581752190465675,-9.554786056965813
102,102,0.00021500385125748544,0.0002159577553883489,-9.585452789675267,-9.562112971796793
103,103,0.0002143442163906377,0.00021539499912729584,-9.596965616307838,-9.573444860833591
104,104,0.0002134724069487534,0.00021478475307384017,-9.612244332108078,-9.585766531950897
105,105,0.00021356010024037365,0.00021441973512992263,-9.613809160480661,-9.593153468547078
106,106,0.00021289298178858517,0.00021414899291764749,-9.625064594032427,-9.598640656797464
107,107,0.00021243024258586318,0.00021377453078074674,-9.634039297349982,-9.606241401895204
108,108,0.00021196715158684006,0.00021313511273259982,-9.64480710201033,-9.619250990308858
109,109,0.00021170797252537894,0.00021223098845343644,-9.649953865491327,-9.637713052782619
110,110,0.00021146770075237205,0.00021229754508423962,-9.654475925797296,-9.63635129848602
111,111,0.00021082554723630593,0.0002117159877487115,-9.669739154736941,-9.64826447014429
112,112,0.00021028454438303166,0.00021109780630611472,-9.677662331826184,-9.66096381838737
113,113,0.00020972297502292763,0.0002115294498109602,-9.69111037625273,-9.652092622563064
114,114,0.00020905202191644684,0.00021068634401002017,-9.702050847250415,-9.669437150600388
115,115,0.00020907067432135497,0.0002099593847034205,-9.705264309659604,-9.684448106765437
116,116,0.00020865156806131692,0.0002100164956094599,-9.715675735761513,-9.68326694600526
117,117,0.00020816398813922112,0.00020896003115922213,-9.723517315279986,-9.70516877697489
118,118,0.00020780963940214672,0.00020884213690327384,-9.730798975831629,-9.707619737265635
119,119,0.00020753768060870046,0.0002087528295018465,-9.736705016618657,-9.709477312923607
120,120,0.0002071366389762111,0.00020807949093930227,-9.746541952635967,-9.72350825352878
121,121,0.00020634470514703504,0.00020752395089642194,-9.7605006986072,-9.73511875019511
122,122,0.00020591907752869824,0.0002068381068774646,-9.76993308812628,-9.749495478918128
123,123,0.00020518766571503593,0.00020679657647729312,-9.785073629431214,-9.75036757327637
124,124,0.00020494582713581622,0.00020623082252170302,-9.789323212364634,-9.762265281529771
125,125,0.0002047994041145712,0.00020628039476976387,-9.795519629474382,-9.761221481846777
126,126,0.00020430828237632463,0.00020550620224400374,-9.804508718893732,-9.77755168494046
127,127,0.00020391958286822533,0.00020499275016941523,-9.811442667930457,-9.7884160010462
128,128,0.000203498817239792,0.00020476829070646904,-9.82175939634058,-9.793173970018085
129,129,0.00020310534110302395,0.00020466180515205977,-9.830521150780056,-9.795433016931971
130,130,0.00020274706364887738,0.00020357395375245497,-9.836224953300718,-9.818578905941276
131,131,0.00020201870398691942,0.00020345365996227453,-9.852857217228566,-9.821145951961906
132,132,0.00020184327404797268,0.000202900958308754,-9.859154236201277,-9.832960038254603
133,133,0.00020128007487336307,0.00020258002500907568,-9.868724148095648,-9.839834816404432
134,134,0.00020130656896034235,0.0002021222386055773,-9.870341870701171,-9.84966002429682
135,135,0.00020063386077286924,0.00020202573106967305,-9.880742958828506,-9.851734150322278
136,136,0.00020031084410951846,0.00020215476060433217,-9.889688951899075,-9.848961289288013
137,137,0.0002001139134907922,0.00020161467010008268,-9.895231141432202,-9.86057972534484
138,138,0.0001997197264104544,0.00020101830427608403,-9.905190055903397,-9.873444969497333
139,139,0.00019943941376752882,0.00019962007124712202,-9.909126975758799,-9.903758957944921
140,140,0.00019863599907731658,0.00020018023956493524,-9.925801173746798,-9.891588973981404
141,141,0.00019819296601818895,0.0001993385843601764,-9.93377157141186,-9.909887323393107
