,epoch,train_loss,test_loss,train_dbs,test_dbs
0,0,0.0002611503432584043,0.00024529285254079456,-8.739504033836717,-9.008952083399638
1,1,0.0002295432891936723,0.000219738811689527,-9.302998498145582,-9.486733304578728
2,2,0.00020866330455599795,0.00020358793661120887,-9.71311041445703,-9.818280612876812
3,3,0.0001947097216262338,0.0001915448688362774,-10.013125457308771,-10.083095795937929
4,4,0.0001844115262447866,0.00018214929380184529,-10.249489112667533,-10.30152610243847
5,5,0.00017583215538383528,0.00017461454339546005,-10.457483748095793,-10.484996894106619
6,6,0.0001690574201872841,0.000168302218968931,-10.627155327231467,-10.644902601135604
7,7,0.0001633710725372177,0.00016335192010860498,-10.772735983394707,-10.774558583273352
8,8,0.00015885277456824775,0.0001591842799251409,-10.895796013072886,-10.886799248246877
9,9,0.00015471454187099504,0.0001550327824110067,-11.011572460383846,-11.001565605607999
10,10,0.00015131324576453988,0.00015162586044569157,-11.110310872306915,-11.09806823638776
11,11,0.00014813226190414855,0.00014876817218273093,-11.201615045308602,-11.180700749014132
12,12,0.00014521392421153634,0.00014615139011048565,-11.286237923111003,-11.257771515726798
13,13,0.00014302589216199944,0.00014374241551482365,-11.356438121841418,-11.329951633828216
14,14,0.0001405813042962559,0.00014156626926514467,-11.429288884350605,-11.39620314921191
15,15,0.0001385600571478621,0.000139512929691639,-11.49251501294972,-11.459656433066538
16,16,0.0001367828093880797,0.00013790287898461285,-11.5479634414095,-11.51006769059643
17,17,0.00013498775150924536,0.00013583607199650846,-11.602133866806273,-11.575649875663437
18,18,0.00013325369218364358,0.00013475542762439306,-11.658807156745967,-11.610338355047547
19,19,0.0001320117614538044,0.00013292450565035994,-11.701790618641903,-11.669750482156797
20,20,0.0001306224823059255,0.000131756086806203,-11.746512390869574,-11.708094143707902
21,21,0.00012925843497889463,0.0001311651170621381,-11.792285462572252,-11.727617508675582
22,22,0.00012846632840198262,0.00012954877226883056,-11.820575602412436,-11.78146800511527
23,23,0.0001272954675759016,0.00012864934481177968,-11.858613866073286,-11.811725232851185
24,24,0.00012615590641927934,0.00012732908783762373,-11.898795135185702,-11.856524741702238
25,25,0.00012501378255036957,0.0001264574173929807,-11.937735484835327,-11.886357939683363
26,26,0.00012446739323816465,0.00012594704879264005,-11.956185257939282,-11.903921065431033
27,27,0.00012304782060325415,0.0001246412709741363,-12.002145804209727,-11.94918233175975
28,28,0.00012255942142333297,0.00012408768165378685,-12.023842450845041,-11.96851431394468
29,29,0.00012178487863305226,0.00012314162947739917,-12.054284568325462,-12.001752059369737
30,30,0.00012107923061025242,0.0001221330886964049,-12.077630753958456,-12.037467616829014
31,31,0.00012014686982399428,0.00012143880456661511,-12.110921537147565,-12.0622261863853
32,32,0.0001196888668196199,0.00012090399908820952,-12.1251830903698,-12.081394359873766
33,33,0.00011889484509064806,0.00012055317347403616,-12.156780433220973,-12.094014547043558
34,34,0.00011819701144632585,0.00011920284649884132,-12.180483927316725,-12.14293475809631
35,35,0.00011741384679629209,0.00011873779677491831,-12.20895393312449,-12.159911158874614
36,36,0.00011699306901625943,0.00011794498277595267,-12.225334800680265,-12.189006307526693
37,37,0.00011637068060154729,0.00011752066692631495,-12.249589009387694,-12.204658546550455
38,38,0.00011583065295162294,0.00011681405043131427,-12.269281119222557,-12.230850190553584
39,39,0.00011527037601161883,0.00011651899618108903,-12.290622611576474,-12.241833675567356
40,40,0.00011454714649985784,0.00011581408800434714,-12.318911415512828,-12.26818710446967
41,41,0.00011429240697269932,0.00011573626359581555,-12.32803047397492,-12.271106444666888
42,42,0.00011367555458660324,0.00011471239160623794,-12.350299888584962,-12.309697677125255
43,43,0.00011325116778157421,0.00011439920145724165,-12.365028285671215,-12.321571090984271
44,44,0.00011283634338508716,0.00011416320424024506,-12.380661896570182,-12.330539523495844
45,45,0.00011247018014306453,0.000113564323998473,-12.39739082550635,-12.353381819806984
46,46,0.00011198326623362499,0.00011327287517671816,-12.415872347883457,-12.364541778152061
47,47,0.00011150933608302327,0.00011287473783963115,-12.433926753476715,-12.379833474126228
48,48,0.00011103629704970463,0.00011265121276282068,-12.453861586479206,-12.388442305079245
49,49,0.0001107365429730241,0.00011202297479796566,-12.46644345960545,-12.412730007687342
50,50,0.00011024823215473251,0.00011114460894053704,-12.484566752295528,-12.446916999222964
51,51,0.00010953995046030596,0.00011087675145398335,-12.510424845323122,-12.45739608867452
52,52,0.00010954722919328542,0.00011068641048807062,-12.510534802368575,-12.464857983584071
53,53,0.00010904448017473188,0.00011030257423714686,-12.530615884653418,-12.479944539465697
54,54,0.00010871517805913079,0.00010997145574564409,-12.545895879052924,-12.493001279930445
55,55,0.0001084361146306187,0.00010966078997099478,-12.556126126917878,-12.505287319367627
56,56,0.00010788456403911978,0.00010907766638985394,-12.579147209412334,-12.528442639899248
57,57,0.00010754040389300142,0.00010856133916317241,-12.591851365160881,-12.549049101092017
58,58,0.00010725572807582325,0.00010843574005105581,-12.605486932907016,-12.554076542715936
59,59,0.00010697684414593561,0.0001083810233180166,-12.616453165658205,-12.556268548109056
60,60,0.00010651372666842755,0.00010794386310551904,-12.633326221927607,-12.573821454719305
61,61,0.00010612519083186965,0.00010724746741624059,-12.650031742908538,-12.601930566749829
62,62,0.0001057832409266488,0.00010711102904200456,-12.663485719588628,-12.60745910347979
63,63,0.00010541240802003532,0.0001069730255709912,-12.677727863175647,-12.6130582270908
64,64,0.00010551592104374576,0.00010620592404034381,-12.673772329108369,-12.644313602009616
65,65,0.00010493493950373694,0.00010551227406770187,-12.698539523448053,-12.67277118723972
66,66,0.0001045937191445342,0.00010571860031249296,-12.711974227918382,-12.6642869750387
67,67,0.0001042478792273353,0.00010606516604495577,-12.726276414033466,-12.650073258646426
68,68,0.00010408189393143103,0.00010546183330006897,-12.732060264211713,-12.674847854157441
69,69,0.00010372254541131773,0.00010512835586651865,-12.747777587670184,-12.68860229645691
70,70,0.00010367685292256977,0.00010438427355103685,-12.751984690860649,-12.719450289081308
71,71,0.00010309947230649114,0.00010400674938481595,-12.774085613569719,-12.735185788550625
72,72,0.00010288419307283962,0.00010401365273681127,-12.785842365374885,-12.73489753916271
73,73,0.00010253555768771942,0.00010382973414380103,-12.797534311498783,-12.74258360049097
74,74,0.00010226020784796571,0.00010330508705106025,-12.81090326013809,-12.764583940488759
75,75,0.00010178464690773009,0.00010395854846329282,-12.83135309345812,-12.737198950826409
76,76,0.00010155529859739826,0.00010232700151391327,-12.839255748899742,-12.805898538616393
77,77,0.00010162393930644161,0.00010269751816706143,-12.839955096197706,-12.79020153678049
78,78,0.00010128225681141557,0.00010261965891052234,-12.853899902678446,-12.793495352483799
79,79,0.00010070693416619367,0.00010224507346528729,-12.87501435944231,-12.809377107364082
80,80,0.00010042211267984348,0.00010131349125386853,-12.888685974277205,-12.849128206905672
81,81,0.00010025583297019038,0.00010154155537939484,-12.89463624479579,-12.839362905562531
82,82,0.0001001333844543137,0.00010168320257339234,-12.904070292817934,-12.833308859263093
83,83,9.978734156040034e-05,0.00010122333141656494,-12.917034063655848,-12.852994755407853
84,84,9.951981089975608e-05,0.00010106222946074252,-12.929119357188952,-12.85991227388286
85,85,9.897079564194128e-05,0.00010026400980821468,-12.951456389688206,-12.894350329070399
86,86,9.894064122321295e-05,0.0001000828771410804,-12.951738371682971,-12.902203202699727
87,87,9.866396453382793e-05,9.995921841197599e-05,-12.965043069708182,-12.907572503634249
88,88,9.855771117445235e-05,9.96756391127986e-05,-12.970620935695976,-12.919910730452633
89,89,9.815382111707183e-05,9.932790692944668e-05,-12.987849773200521,-12.935088180816148
90,90,9.798568116258542e-05,9.921030830714459e-05,-12.994369351719993,-12.940233027983954
91,91,9.793843214397712e-05,9.921839572550533e-05,-12.99746517084493,-12.9398790145678
92,92,9.733573224553934e-05,9.839016121603843e-05,-13.022611476081423,-12.976284298734697
93,93,9.729931900306538e-05,9.847593288501038e-05,-13.027778144941113,-12.972499983810868
94,94,9.693836414653655e-05,9.834005207889469e-05,-13.042919074825587,-12.978496681048586
95,95,9.653544801733812e-05,9.807627295805632e-05,-13.05918927038041,-12.990161483907489
96,96,9.655854355702272e-05,9.777313090652522e-05,-13.058362605669489,-13.003605795991415
97,97,9.639937380813638e-05,9.780366542001598e-05,-13.066728756509518,-13.002249707633954
98,98,9.592914036907179e-05,9.720723909068558e-05,-13.08719713882291,-13.028814937099506
99,99,9.555898382647693e-05,9.711279448023753e-05,-13.103002912958924,-13.033036506604105
100,100,9.525945312919614e-05,9.677629829016759e-05,-13.120365402179587,-13.048110957999333
101,101,9.50961856659953e-05,9.647610836270217e-05,-13.122851735932207,-13.061603254021655
102,102,9.513769327895716e-05,9.648136045526419e-05,-13.126389010044104,-13.061366833546959
103,103,9.483404641493329e-05,9.626047616812254e-05,-13.138440495541683,-13.07132096397563
104,104,9.472862003939994e-05,9.589746600556139e-05,-13.140849693326215,-13.087729705267918
105,105,9.430777002486026e-05,9.58048377039009e-05,-13.163535563129816,-13.091926625454217
106,106,9.432127285201448e-05,9.525110056672834e-05,-13.160581512954813,-13.117100996755923
107,107,9.404162727188338e-05,9.533830789702111e-05,-13.173001393497824,-13.113126624278868
108,108,9.367970178760684e-05,9.569527365353057e-05,-13.191037744390455,-13.096896133549587
109,109,9.347990586676817e-05,9.521371439883584e-05,-13.200143332018923,-13.118805942273204
110,110,9.353623258012357e-05,9.473452021331086e-05,-13.197117623300795,-13.140718420950002
111,111,9.303464081388006e-05,9.456491610954369e-05,-13.22252466510716,-13.14850060430083
112,112,9.289541153942916e-05,9.444322418666591e-05,-13.225793239572718,-13.15409297062092
113,113,9.260560317173811e-05,9.394906412221884e-05,-13.241197825986767,-13.176876438383081
114,114,9.216256621209712e-05,9.375858797667254e-05,-13.259048981356623,-13.18569043892207
115,115,9.228706782318882e-05,9.37746088694487e-05,-13.256787032988072,-13.18494840652868
116,116,9.197185691218036e-05,9.35979168341299e-05,-13.273342714715978,-13.193139190998593
117,117,9.185105913856365e-05,9.313038064742853e-05,-13.276731627782103,-13.21488724022624
118,118,9.161360481137064e-05,9.269838368422107e-05,-13.287856142454999,-13.235079403260494
119,119,9.129018046936385e-05,9.307161197188849e-05,-13.30343394891111,-13.217628662268428
120,120,9.139298697508698e-05,9.263984439281845e-05,-13.299982488163698,-13.237822851532323
121,121,9.073796018972494e-05,9.206859632333937e-05,-13.328543871204523,-13.264685800988472
122,122,9.073492754058739e-05,9.213267759677317e-05,-13.329153960926046,-13.261664090663015
123,123,9.048462327216876e-05,9.200029690921503e-05,-13.340838311939685,-13.267908731219844
124,124,9.033353696217204e-05,9.211758419712026e-05,-13.347223862516016,-13.262375620745335
125,125,9.024416134913558e-05,9.170262561191951e-05,-13.354615382894998,-13.281983315685794
126,126,9.010207067308563e-05,9.154983930975984e-05,-13.360020727832186,-13.289225156971998
127,127,8.998486662245134e-05,9.124363063356693e-05,-13.364337236026365,-13.30377544291114
128,128,8.98850089048285e-05,9.1230396432557e-05,-13.370505632451543,-13.30440540001501
129,129,8.958582377802945e-05,9.071743567658e-05,-13.385341678058392,-13.328893365978079
130,130,8.916239319885265e-05,9.096375862626653e-05,-13.40395351626675,-13.317117049362228
131,131,8.870902737979442e-05,9.04975278995392e-05,-13.427094847722437,-13.33943386209305
132,132,8.855991990523912e-05,9.031351510202512e-05,-13.436924906769887,-13.348273562237873
133,133,8.877622452384513e-05,9.025537101000449e-05,-13.423765287241691,-13.351070462604964
134,134,8.84602902176281e-05,8.965537524904663e-05,-13.441437740693413,-13.380037694369626
135,135,8.835688715839048e-05,8.946967021696956e-05,-13.442381190571275,-13.38904265505258
136,136,8.789122804636904e-05,8.977820183836709e-05,-13.467278236370392,-13.374091993551483
137,137,8.798023228552768e-05,8.925666808959489e-05,-13.464152951249286,-13.399394312589497
138,138,8.778307056138484e-05,8.911777465408177e-05,-13.475292000996932,-13.406157687866717
139,139,8.791527553634315e-05,8.83612217301944e-05,-13.466593449406158,-13.443183900205458
140,140,8.725063316043965e-05,8.863926287679198e-05,-13.498694892266485,-13.429539662417213
141,141,8.715265481516758e-05,8.871200904985399e-05,-13.50184773222705,-13.425976872822414
142,142,8.70277879810076e-05,8.837727440741698e-05,-13.510207147786346,-13.442394984456023
143,143,8.642876574159935e-05,8.832306392784966e-05,-13.539895477384405,-13.445059757268329
144,144,8.659863797407693e-05,8.781357839899628e-05,-13.530502942419078,-13.47018427059796
145,145,8.645547120639881e-05,8.78207670451191e-05,-13.538355979450582,-13.469828760479782
146,146,8.645467347640679e-05,8.788371326916508e-05,-13.540092669508827,-13.466717035738283
147,147,8.618100490793106e-05,8.783384040917123e-05,-13.552760637453469,-13.469182299796456
148,148,8.593722057262359e-05,8.749259991179172e-05,-13.564884982763294,-13.486087799260858
149,149,8.587783653188267e-05,8.714335126569495e-05,-13.56948983118036,-13.503458444995433
150,150,8.53824336801838e-05,8.682521882675294e-05,-13.591184972323783,-13.519342155102672
151,151,8.52958668868259e-05,8.693730954914109e-05,-13.595041938675596,-13.513739061108456
152,152,8.491581781724103e-05,8.662180526267835e-05,-13.61761714385581,-13.529528715452956
153,153,8.48683085893857e-05,8.641464304865191e-05,-13.619460193849948,-13.539927616987733
154,154,8.482395210147345e-05,8.636807194163434e-05,-13.620418706411625,-13.542268774236568
155,155,8.469274858332038e-05,8.619528518082868e-05,-13.628836167039944,-13.550965911693027
156,156,8.465330306675823e-05,8.558871923014522e-05,-13.631302831631118,-13.58163574512669
157,157,8.409991458336794e-05,8.537474135855998e-05,-13.659359187205986,-13.59250701049341
158,158,8.424558090502108e-05,8.560526399186959e-05,-13.65206633473018,-13.580796311566184
159,159,8.378610830722838e-05,8.520301612167571e-05,-13.674634927932619,-13.601251333209273
