,epoch,train_loss,test_loss,train_dbs,test_dbs
0,0,6.744698940874702e-05,6.3177927107685e-05,-14.61878435302291,-14.900147296202631
1,1,5.640835965114655e-05,5.3681573741701673e-05,-15.398209796246043,-15.607548628253738
2,2,4.9006990143566e-05,4.8664940358752285e-05,-16.0049909205518,-16.03363906589856
3,3,4.5441640020388935e-05,4.612043784091886e-05,-16.332461846266742,-16.266866804682653
4,4,4.377139590622992e-05,4.4927281889709104e-05,-16.495465766265045,-16.380699575750636
5,5,4.246338281030983e-05,4.373652528125891e-05,-16.62832085688181,-16.4973582520554
6,6,4.139549317412659e-05,4.270704486866874e-05,-16.737967090679568,-16.600805807693508
7,7,4.076593302801784e-05,4.189774029471568e-05,-16.801513718906833,-16.683895016161376
8,8,4.0195551564372094e-05,4.151333671057058e-05,-16.86396413609971,-16.72392460055693
9,9,3.974011247244318e-05,4.134053740831165e-05,-16.914592897842205,-16.74203984092554
10,10,3.935913352422373e-05,4.084337476677703e-05,-16.958625054484347,-16.79458482691684
11,11,3.901636479248427e-05,4.0569680047491075e-05,-16.995643557342884,-16.82378519395281
12,12,3.878279728934975e-05,3.977461701173237e-05,-17.019929238591782,-16.90974095518823
13,13,3.8705470549607575e-05,3.9848875052197594e-05,-17.032861260338834,-16.90164036433871
14,14,3.8298161936048946e-05,3.962849912472608e-05,-17.07678525621876,-16.925724777172196
15,15,3.8227797687664564e-05,3.924795610624929e-05,-17.085102761558083,-16.96763056892094
16,16,3.796544612115897e-05,3.9602321952483375e-05,-17.114393561079954,-16.9285945194558
17,17,3.792313685893926e-05,3.888004606491641e-05,-17.11603496685844,-17.008533312477685
18,18,3.7449094587330915e-05,3.9032094144587113e-05,-17.171186447837478,-16.991582494380054
19,19,3.7664838244606855e-05,3.832098838373847e-05,-17.148555811677888,-17.0714340007856
20,20,3.735446027592881e-05,3.858436598660008e-05,-17.18326705985169,-17.041687336797494
21,21,3.718011263567719e-05,3.844054519600162e-05,-17.20376738456818,-17.05790563484398
22,22,3.7285453593718446e-05,3.884159004404577e-05,-17.19307441462149,-17.012831018974648
23,23,3.703659617197436e-05,3.866835897114422e-05,-17.22043260997798,-17.032243604139616
24,24,3.705083835268748e-05,3.826210501612973e-05,-17.219890625791574,-17.078112426932265
25,25,3.677751098536843e-05,3.793655540855405e-05,-17.251491104593136,-17.11522207101731
26,26,3.690349561664559e-05,3.810953632254448e-05,-17.236066140005285,-17.09546437294744
27,27,3.6506392808808686e-05,3.7842915365840066e-05,-17.279195838995676,-17.12595515588029
28,28,3.681098674748035e-05,3.804058848656592e-05,-17.247534879588365,-17.10332875214897
29,29,3.6548690557013e-05,3.805335654760711e-05,-17.28150002540625,-17.101871317262564
30,30,3.6549566691074056e-05,3.7384178971191626e-05,-17.279504953951722,-17.178922549111867
31,31,3.631693838655075e-05,3.763222287632647e-05,-17.306953851406583,-17.150202298818158
32,32,3.6577146996014284e-05,3.7631402033424055e-05,-17.273622366062554,-17.150297029185843
33,33,3.639658805077113e-05,3.797959327225966e-05,-17.297803954911966,-17.110297925352015
34,34,3.642645139368995e-05,3.693845907324239e-05,-17.292380234593523,-17.23101327622612
35,35,3.615856392983558e-05,3.7236958202189076e-05,-17.324035365167735,-17.196059047690483
36,36,3.6061719958862465e-05,3.705519750502916e-05,-17.336471773073086,-17.21730969644372
37,37,3.609960603893173e-05,3.675194937769495e-05,-17.33300012862795,-17.252997224004663
38,38,3.600487541485357e-05,3.6691807269418953e-05,-17.343903039434558,-17.260109984240536
39,39,3.6033852141081675e-05,3.709793379943891e-05,-17.34069278828791,-17.212303801596782
40,40,3.568680917804571e-05,3.6707178782978045e-05,-17.38367697801438,-17.258290949953047
41,41,3.597900087191464e-05,3.704078737523799e-05,-17.347713274294396,-17.218998921559177
42,42,3.5821034243875234e-05,3.6527707714795775e-05,-17.365589496500526,-17.279576830038785
43,43,3.584083069935585e-05,3.678843198653531e-05,-17.361674505236095,-17.248688245261103
44,44,3.5653474153206714e-05,3.682618243098994e-05,-17.38413338603419,-17.24423401799036
45,45,3.565363540567971e-05,3.634995319819274e-05,-17.38672654227905,-17.30076246026175
46,46,3.5728439207119175e-05,3.6714574315211444e-05,-17.377263207570056,-17.257416048792276
47,47,3.5620282153441746e-05,3.678607093828951e-05,-17.390065501681615,-17.24896698047079
48,48,3.555137510309428e-05,3.634998890782682e-05,-17.399947251034074,-17.300758193821753
49,49,3.54931105846976e-05,3.6574853430992284e-05,-17.40791245134524,-17.273975076308865
50,50,3.5447649782692734e-05,3.616677196604494e-05,-17.4124086317237,-17.322703541396315
51,51,3.5382886652741104e-05,3.664823232515788e-05,-17.418217635173256,-17.26527070140766
52,52,3.5477325844712865e-05,3.5959478210363736e-05,-17.407040007365403,-17.34766720771272
53,53,3.532390753404338e-05,3.5983728306937814e-05,-17.42596535714739,-17.344739430640658
54,54,3.5272831174205346e-05,3.643319666336634e-05,-17.434394496897628,-17.290828239659415
55,55,3.546173620540601e-05,3.61365575946892e-05,-17.410265658650378,-17.32633323192302
56,56,3.505777473862705e-05,3.560014834204738e-05,-17.460896856959906,-17.3912829441685
57,57,3.509801944787374e-05,3.566187565172042e-05,-17.454741894743474,-17.383759207070945
58,58,3.516968076697013e-05,3.59275948683621e-05,-17.448007623318833,-17.35151957220911
59,59,3.488162712397452e-05,3.600583017702631e-05,-17.483383631990762,-17.342072732657535
60,60,3.478994898914513e-05,3.565214750491769e-05,-17.49284410138284,-17.384944073753477
61,61,3.483917046735572e-05,3.548746012950831e-05,-17.487538527242968,-17.40505184452305
62,62,3.485456763133023e-05,3.565764544825805e-05,-17.485057408016623,-17.384274396739876
63,63,3.477075351276147e-05,3.61791579435751e-05,-17.4945041837146,-17.32121647453475
64,64,3.493801249505006e-05,3.550853111128641e-05,-17.47397031328981,-17.402473949286076
65,65,3.4755599343268315e-05,3.5053163389277054e-05,-17.497492867186708,-17.45852884870787
66,66,3.4526304439965575e-05,3.5390482336975094e-05,-17.525529330502284,-17.41693620374136
67,67,3.465614390359068e-05,3.573409163723945e-05,-17.509146317634674,-17.37497355266975
68,68,3.474218258994257e-05,3.5680477403251355e-05,-17.49724114285119,-17.381494454681725
69,69,3.457013460235627e-05,3.5612659351164966e-05,-17.51949854317442,-17.3897569652176
70,70,3.475188166647189e-05,3.536551029308037e-05,-17.49901950183327,-17.420001731030993
71,71,3.445340498916435e-05,3.5014703156009906e-05,-17.53432854625519,-17.46329653169343
72,72,3.452364293967623e-05,3.527984211503185e-05,-17.528162759900308,-17.430534691507518
73,73,3.4337285750055894e-05,3.555630868695995e-05,-17.548619664003642,-17.396634341215783
74,74,3.4438652403775085e-05,3.520845692898882e-05,-17.537508481033743,-17.439331102658677
75,75,3.421318842342349e-05,3.568457213987131e-05,-17.56624034552758,-17.380996081449386
76,76,3.4255211485475396e-05,3.458599674463345e-05,-17.55901509202195,-17.51679805789341
77,77,3.4418394337540264e-05,3.536284585654932e-05,-17.54200929257109,-17.420328940695224
78,78,3.4234095118776656e-05,3.5160009869478494e-05,-17.5646450715884,-17.445311137436015
79,79,3.4158316207749614e-05,3.499919943064206e-05,-17.57064356300432,-17.46521991611781
80,80,3.404159488314859e-05,3.457324448007919e-05,-17.586880522221215,-17.518399648105326
81,81,3.409270676016116e-05,3.5113019629007845e-05,-17.5791179110938,-17.45111922777366
82,82,3.4113192387596106e-05,3.509416149570729e-05,-17.580635610718566,-17.453452317721776
83,83,3.403108478112737e-05,3.543257777269709e-05,-17.5890306611703,-17.41177353000997
84,84,3.392099989872166e-05,3.518652929893793e-05,-17.603528322596564,-17.442036707006544
85,85,3.3779590462332053e-05,3.472412926815818e-05,-17.61998320651295,-17.499487377444687
86,86,3.393073421113851e-05,3.4724526382265854e-05,-17.599553005794185,-17.499437710690444
87,87,3.3871878052373975e-05,3.456226209221457e-05,-17.60823592245092,-17.519779428401826
88,88,3.397467698210001e-05,3.437573037732172e-05,-17.59597366476356,-17.54328167709678
89,89,3.3861626753164694e-05,3.448470469218017e-05,-17.609843703179486,-17.529535907679698
90,90,3.3766697821736615e-05,3.468088289082516e-05,-17.621109598616133,-17.504899570277598
91,91,3.395421340756752e-05,3.483189127444731e-05,-17.59805990444228,-17.48603045976312
92,92,3.372364072984243e-05,3.4240204752821134e-05,-17.625989940246818,-17.56043749004422
93,93,3.3704119673108e-05,3.4447270273200336e-05,-17.63204626980949,-17.534252895174276
94,94,3.3425750873518445e-05,3.465440558533086e-05,-17.667064221268426,-17.508216481040794
95,95,3.34265259130241e-05,3.450686544008357e-05,-17.665145016785818,-17.52674591729628
96,96,3.363934124114241e-05,3.459220323221464e-05,-17.637794845900157,-17.51601878253885
97,97,3.364354138143754e-05,3.455118588279124e-05,-17.638453842961354,-17.521171440178136
98,98,3.34884721597359e-05,3.4625645160926264e-05,-17.657749323815572,-17.511822279304244
99,99,3.324925166884192e-05,3.453798863598709e-05,-17.68789938903442,-17.522830597802464
100,100,3.3129370084558086e-05,3.446732032324163e-05,-17.707314458095077,-17.531725817449473
101,101,3.3113388462411e-05,3.4351070433714135e-05,-17.704446472309524,-17.546398271428554
102,102,3.355783789545254e-05,3.441009223599011e-05,-17.651975464414193,-17.538942653070603
103,103,3.349631530449956e-05,3.4436038396578574e-05,-17.65811295185713,-17.535669186631722
104,104,3.3463502892193425e-05,3.446197335602177e-05,-17.65994780013479,-17.53239959727202
105,105,3.318141367794711e-05,3.438665072807405e-05,-17.700061470950793,-17.541902246066087
106,106,3.339849251095018e-05,3.353240916974181e-05,-17.66940939416479,-17.651153451779685
107,107,3.3388043560727365e-05,3.3947578374768216e-05,-17.670293033414847,-17.59771302404728
108,108,3.315018298006593e-05,3.447169700321913e-05,-17.70263344071818,-17.531174382851315
109,109,3.318800732701028e-05,3.440297826416913e-05,-17.69751422292829,-17.53984061001245
110,110,3.339856204510181e-05,3.3918840831335584e-05,-17.669638669648823,-17.601391001293813
111,111,3.316594356687178e-05,3.391825655279191e-05,-17.702047943322647,-17.60146581255703
112,112,3.307386817975863e-05,3.4333850922657326e-05,-17.710885958807133,-17.548575849459375
113,113,3.304484085937165e-05,3.390657394974321e-05,-17.716533826972313,-17.602961928375056
114,114,3.281947337922078e-05,3.376938921543402e-05,-17.743278489656916,-17.620568963998814
115,115,3.301239918335941e-05,3.412381738598924e-05,-17.72142463025527,-17.575224928943044
116,116,3.279321977389213e-05,3.4031005366399e-05,-17.75205166861852,-17.587053225533307
117,117,3.289741017425447e-05,3.420081539891391e-05,-17.73595621552985,-17.565436416389396
118,118,3.28998955701161e-05,3.373766872085214e-05,-17.73551066911458,-17.624650325917155
119,119,3.264376911041855e-05,3.410519734882799e-05,-17.76967163088921,-17.577595351445595
120,120,3.288369881965522e-05,3.392575423564076e-05,-17.739304584500857,-17.60050590400689
121,121,3.264402101232224e-05,3.3886423280867016e-05,-17.768397503891507,-17.605543706704623
122,122,3.2743794643878214e-05,3.354637872115219e-05,-17.7556088491275,-17.64934456423993
123,123,3.278619095505475e-05,3.370460351441963e-05,-17.749676497725055,-17.628908793899107
124,124,3.25338794037006e-05,3.395043801758316e-05,-17.78235548892229,-17.597347202728347
125,125,3.272423094403138e-05,3.329593432442236e-05,-17.760112026901055,-17.681888958215552
126,126,3.267342679501996e-05,3.3481719200560624e-05,-17.765421588292828,-17.65772352249078
127,127,3.262449322345177e-05,3.359811977899977e-05,-17.770594266430354,-17.642651280095787
128,128,3.27467144219104e-05,3.395957231221377e-05,-17.755700966106225,-17.596178899628754
129,129,3.260037421156441e-05,3.340529761580432e-05,-17.775508741099124,-17.66764756711998
130,130,3.246707274229266e-05,3.372476662901279e-05,-17.791339343988803,-17.62631148959442
131,131,3.23321907587539e-05,3.3779525294544566e-05,-17.81042169913007,-17.6192655993805
132,132,3.219239110923396e-05,3.3742865956523214e-05,-17.831764703983747,-17.62398135351249
133,133,3.224141150472935e-05,3.328035573328012e-05,-17.822591534914196,-17.683921422411593
134,134,3.246530198423701e-05,3.3164953014133256e-05,-17.794726869966127,-17.699007156968765
135,135,3.2519650218447855e-05,3.2950904393433835e-05,-17.783326605183692,-17.72712763010658
136,136,3.2099900973784334e-05,3.3273060245463916e-05,-17.841696636277998,-17.68487355689409
137,137,3.229172816458062e-05,3.316300066408554e-05,-17.817091115054552,-17.699262824392736
138,138,3.222637009382675e-05,3.3447958087076824e-05,-17.827285777388933,-17.66210491715058
139,139,3.25107126608947e-05,3.271784340827971e-05,-17.786971968238966,-17.75795432565264
140,140,3.213961311293761e-05,3.291575912475022e-05,-17.83597431906177,-17.731762265258133
141,141,3.2186495839586945e-05,3.332709284701483e-05,-17.827916968093454,-17.677826706472487
142,142,3.228866911196803e-05,3.302720774387892e-05,-17.816285153579255,-17.717082438527306
143,143,3.1807660185953975e-05,3.32700771028421e-05,-17.881161357789676,-17.685262947124812
144,144,3.200956690335195e-05,3.277606772730666e-05,-17.852815576348444,-17.750232536958368
145,145,3.208231310898405e-05,3.272839077046803e-05,-17.843624070834952,-17.756554501417018
146,146,3.2171942930477765e-05,3.3291570377370684e-05,-17.83320452192631,-17.68245820559464
147,147,3.219558906137761e-05,3.3339431147875364e-05,-17.82891242089979,-17.676219166219933
148,148,3.201929806535416e-05,3.3114530627866965e-05,-17.85257994686813,-17.705614984049202
149,149,3.202745842686782e-05,3.281096331576057e-05,-17.85307601973983,-17.745611207803112
150,150,3.1792480644371515e-05,3.276360468206756e-05,-17.881626111413446,-17.75188424855268
151,151,3.184278445878215e-05,3.324819877697768e-05,-17.874211441366075,-17.688119797039562
152,152,3.168578790529264e-05,3.309854190248236e-05,-17.89885800149272,-17.707712399280602
153,153,3.1708752393354083e-05,3.288096942062686e-05,-17.89512411540765,-17.736354888104245
154,154,3.1855950397847355e-05,3.274538846055389e-05,-17.87369807348189,-17.754299551951163
155,155,3.180215204225795e-05,3.308904409717989e-05,-17.88273334653741,-17.708958809585216
156,156,3.1781895194933555e-05,3.277612124388964e-05,-17.885944003927847,-17.750225445827763
157,157,3.160682570655199e-05,3.2483080997879276e-05,-17.909505918638718,-17.789228869970515
158,158,3.1659866434302346e-05,3.24771499435883e-05,-17.902446843910976,-17.79002191646073
159,159,3.151596381977686e-05,3.236940201053298e-05,-17.921049183561507,-17.804454256937294
160,160,3.1612528153946e-05,3.269310955626057e-05,-17.90696471335609,-17.761238722370084
161,161,3.16341170828403e-05,3.2943680516358365e-05,-17.905274729514463,-17.72807984491109
162,162,3.153850351755517e-05,3.206057695742378e-05,-17.91907618594266,-17.846087684645802
163,163,3.1686143367701284e-05,3.262127919649509e-05,-17.89911657300258,-17.770791147816233
164,164,3.184581806429556e-05,3.235412900961053e-05,-17.877544121170658,-17.806503891758293
165,165,3.113259993266727e-05,3.258272188663556e-05,-17.97275170879145,-17.77592740589324
166,166,3.154785597346454e-05,3.227794753145549e-05,-17.9177524319609,-17.816741907517212
167,167,3.1383125086407386e-05,3.283179715876222e-05,-17.94138996081545,-17.7428544610451
168,168,3.1681827674697866e-05,3.225642122790879e-05,-17.899370211780575,-17.819639202516008
169,169,3.156001829919069e-05,3.238474221832707e-05,-17.91927655192663,-17.802396576212704
170,170,3.1357450594797915e-05,3.141386303851552e-05,-17.94302022767536,-17.93458756130019
171,171,3.151804371226877e-05,3.2526460927329026e-05,-17.92208485324192,-17.783432900264003
172,172,3.1214434578210674e-05,3.223856219847221e-05,-17.962691039130096,-17.822044375049632
173,173,3.130976848793936e-05,3.280781895323583e-05,-17.953422118915476,-17.74602742378501
174,174,3.124799534526039e-05,3.208740331741099e-05,-17.958373858954268,-17.842455289442945
175,175,3.132582142572255e-05,3.223542444175109e-05,-17.94983695239379,-17.822467091404437
176,176,3.112052510595717e-05,3.255556686398402e-05,-17.974074929606388,-17.77954840282236
177,177,3.109366043270373e-05,3.198491101916021e-05,-17.98079876040478,-17.856349551885295
178,178,3.123797456076496e-05,3.2521138660070536e-05,-17.96316998346351,-17.784143589458196
179,179,3.113039361103558e-05,3.203924796635922e-05,-17.97536178783016,-17.848977883948777
180,180,3.113727377905851e-05,3.2265763174540264e-05,-17.97482285512125,-17.818381602222956
181,181,3.1194666663986466e-05,3.24464070122064e-05,-17.963430604528682,-17.79413490320411
182,182,3.1165689037639897e-05,3.240954471326213e-05,-17.971358871337003,-17.799071719123
183,183,3.084971703896203e-05,3.1925673905980624e-05,-18.012895394371117,-17.86440028675967
184,184,3.1109816565318756e-05,3.2250574995965796e-05,-17.97753338881076,-17.820426399697197
185,185,3.090915651199859e-05,3.171547196918829e-05,-18.006202729917952,-17.893089233807945
186,186,3.111613067134029e-05,3.175850830111334e-05,-17.976215743371107,-17.887200066542604
187,187,3.1153117026743654e-05,3.200614369952267e-05,-17.973798080320858,-17.85346751273267
188,188,3.086288183412668e-05,3.1886569463255765e-05,-18.01115190713563,-17.869723041429456
189,189,3.099338209722191e-05,3.2270808955409415e-05,-17.994012358605964,-17.817702497423767
190,190,3.097108891938895e-05,3.1932780314635144e-05,-17.995018828696235,-17.863433688330307
191,191,3.0562556613525904e-05,3.2025572516814514e-05,-18.057337096323078,-17.850831997429538
192,192,3.0829049381319454e-05,3.1783356366519766e-05,-18.01770397197435,-17.883803446598098
193,193,3.055210869468883e-05,3.155296431750206e-05,-18.05750103265065,-17.915399357384203
194,194,3.082527998521607e-05,3.232392200994869e-05,-18.01893908401955,-17.810560518083612
195,195,3.092931179595588e-05,3.18043535356226e-05,-18.00250552504974,-17.880935296440647
196,196,3.0776483737971613e-05,3.140853473987112e-05,-18.02559806220139,-17.935324257378845
197,197,3.087938693142016e-05,3.2019702829481835e-05,-18.01115101549268,-17.851628050787866
198,198,3.085195917780775e-05,3.163122796410646e-05,-18.017223690162805,-17.90464049950864
199,199,3.076551596321449e-05,3.1649384829123796e-05,-18.0283994780546,-17.90214829023505
200,200,3.06372297477678e-05,3.1313840640665914e-05,-18.04482273360979,-17.9484376497686
201,201,3.0462799896696132e-05,3.1836589761568525e-05,-18.068553800994255,-17.876535607964104
202,202,3.045487506618152e-05,3.190369754616098e-05,-18.0710842800057,-17.867390826055917
203,203,3.062213545490522e-05,3.181107747782095e-05,-18.046681554306808,-17.880017226419668
204,204,3.0747045157207227e-05,3.1454139484833976e-05,-18.028456627356956,-17.92902293698328
205,205,3.061524362284714e-05,3.144145040622741e-05,-18.0486346467015,-17.930775300512607
206,206,3.055165336601143e-05,3.088390947500317e-05,-18.054801438946516,-18.00847831245331
207,207,3.05881255006114e-05,3.1468073996764266e-05,-18.051275453884283,-17.927099393165154
208,208,3.0336366368838125e-05,3.139339711005481e-05,-18.08871203612133,-17.93741788381102
209,209,3.0394606884075665e-05,3.145090053486025e-05,-18.079954765071506,-17.929470169224622
210,210,3.0372294822507346e-05,3.173946338632193e-05,-18.082506123600197,-17.889805221142172
211,211,3.044304152747818e-05,3.114765930053851e-05,-18.072978625851853,-17.971546864042878
212,212,3.068063976111121e-05,3.1479345508207766e-05,-18.035929019189886,-17.925544077533967
213,213,3.037308662671946e-05,3.107136973611839e-05,-18.08421158918543,-17.98219703135389
214,214,3.053420816998828e-05,3.1201714783061395e-05,-18.061386415716278,-17.96401639432983
215,215,3.0443835028788655e-05,3.107580692142763e-05,-18.07480308498706,-17.981576876038105
216,216,3.0025919522344827e-05,3.152738386952e-05,-18.13408740443737,-17.918921674026866
217,217,3.0202573566150267e-05,3.150938477789934e-05,-18.10816715289638,-17.921401784143637
218,218,3.0181040725887985e-05,3.125014824801934e-05,-18.10702188460716,-17.95728020111898
219,219,3.0227991749026053e-05,3.133063852912624e-05,-18.104708740331315,-17.946108560106595
220,220,3.0178671932872866e-05,3.1316411255638264e-05,-18.108694975975087,-17.948081143491066
221,221,3.0171066494394554e-05,3.1119690615205876e-05,-18.1102602305914,-17.97544831369165
222,222,3.014621186068944e-05,3.157800749345609e-05,-18.115229856777376,-17.91195378593657
223,223,3.0073079372967412e-05,3.06891301749458e-05,-18.12586793610794,-18.035955226978285
224,224,3.034278886412515e-05,3.102866666219932e-05,-18.08531444040498,-17.988169882051622
225,225,3.0094243314677668e-05,3.121896770608146e-05,-18.123303526371128,-17.961615635749073
226,226,3.0106858493755427e-05,3.1241257027814804e-05,-18.120684448111394,-17.958516021591006
227,227,2.9964224614962677e-05,3.119984830846079e-05,-18.140317357614627,-17.96427619539241
228,228,3.0088470011083026e-05,3.1065291918103434e-05,-18.126290801374488,-17.983046630532233
229,229,2.984344617514055e-05,3.095372966000516e-05,-18.15755271390763,-17.998671167684698
230,230,3.0193141599776243e-05,3.1332613664409636e-05,-18.106417234956204,-17.94583478231025
231,231,2.9890513519838106e-05,3.056512736963525e-05,-18.153619878882694,-18.053538921504405
232,232,2.9928079326505073e-05,3.1212097574576835e-05,-18.146594595895607,-17.9625714612507
233,233,3.01318937324806e-05,3.0871846511696565e-05,-18.117895872428424,-18.010174957043724
234,234,3.006341528854352e-05,3.1005955717869494e-05,-18.12697012674616,-17.991349796062053
235,235,3.0077674590260002e-05,3.095806727957863e-05,-18.124796049081475,-17.998062623161182
236,236,2.9940786898993053e-05,3.088957763745719e-05,-18.145367323764997,-18.0076813195043
237,237,2.9821200028497524e-05,3.0881677192059886e-05,-18.16106273118764,-18.008792231001504
238,238,2.9721048478452374e-05,3.110061104387952e-05,-18.178709038265076,-17.978111802161777
239,239,2.9930839342885464e-05,3.065677523600722e-05,-18.148342104112402,-18.040536322538653
240,240,2.992975332182544e-05,3.100239011569341e-05,-18.14767149126609,-17.991849251846798
241,241,2.9819975192292556e-05,3.078556648305446e-05,-18.161398835049095,-18.022329526292054
242,242,2.981936676846577e-05,3.104661443917154e-05,-18.161408966533948,-17.98565853757428
243,243,2.9794083078291035e-05,3.080561816061259e-05,-18.168022567366183,-18.01950174070084
244,244,2.9808491499633673e-05,3.089048713215896e-05,-18.16326996133775,-18.007553450253337
245,245,2.9581043245624895e-05,3.1300386820619585e-05,-18.1982475401151,-17.95030397316935
246,246,2.9633453074715473e-05,3.081840220961327e-05,-18.189662568804007,-18.01769983229445
247,247,2.9676387225428942e-05,3.095961188879109e-05,-18.184524962863257,-17.99784594344488
248,248,2.9703512689255938e-05,3.043253970023024e-05,-18.178800867769024,-18.07241904812056
249,249,2.9624033691247532e-05,3.046646337392495e-05,-18.192115133281884,-18.06758058933744
250,250,2.9486825239014112e-05,3.0970503614394385e-05,-18.209792155971225,-17.99631834533264
251,251,2.9709454521281194e-05,3.0688288461533375e-05,-18.179083004518407,-18.036074342932817
252,252,2.9594235269373195e-05,3.0269391764273966e-05,-18.19829459010505,-18.095764077585144
253,253,2.9822667765421504e-05,3.091913305596743e-05,-18.16295436625335,-18.003527938531413
254,254,2.972522570323151e-05,3.056587775063235e-05,-18.17625723038485,-18.05343230250616
255,255,2.9469499965024315e-05,3.0381456254920186e-05,-18.21478635315994,-18.07971515267157
256,256,2.9408504243414446e-05,3.0581092735366455e-05,-18.22170225836166,-18.05127102321591
257,257,2.9561672433664706e-05,3.0512390367221087e-05,-18.20055211677098,-18.061038700696812
258,258,2.9445393742320185e-05,2.977398080953495e-05,-18.21712867777626,-18.167431979387832
259,259,2.955137984152072e-05,3.0470931194845196e-05,-18.201360216137743,-18.06694375542322
260,260,2.9419758705903544e-05,3.0432749171220502e-05,-18.22227034105383,-18.07238915518918
261,261,2.9273414913836157e-05,3.072597562430402e-05,-18.2409782508478,-18.03074420371255
262,262,2.9155767817391062e-05,3.024339199136624e-05,-18.25823858511386,-18.099496035660312
263,263,2.9460538404312022e-05,3.060047693954977e-05,-18.21617013023926,-18.048519065971497
264,264,2.9312222883988595e-05,3.0373305267666612e-05,-18.23657108440536,-18.080880469996114
265,265,2.9378421571628987e-05,3.016908225330745e-05,-18.229397176011823,-18.11018002961027
266,266,2.9303702700117448e-05,3.051408911185143e-05,-18.238326016991376,-18.060796918629226
267,267,2.9421395046268015e-05,3.0210489345144626e-05,-18.220700920753675,-18.104223420830326
268,268,2.934522077695649e-05,3.0176541354433683e-05,-18.233691796776142,-18.109106398655143
269,269,2.9307436372769143e-05,2.9718211934730215e-05,-18.238118776924686,-18.175574265145634
270,270,2.9303214929670277e-05,3.023652281722446e-05,-18.237834264122984,-18.100482559681478
271,271,2.9172819511624073e-05,3.0148740782016447e-05,-18.255414402462563,-18.11310924310831
272,272,2.9082463294526888e-05,2.988810257719658e-05,-18.268709324265227,-18.150817569835308
273,273,2.915773078824451e-05,3.028749559138975e-05,-18.258955414647524,-18.093167381223992
274,274,2.930322255254855e-05,3.0359999838861097e-05,-18.236163456317435,-18.08278337134222
275,275,2.8908318518474937e-05,3.01434795945074e-05,-18.300299664506742,-18.11386718656933
276,276,2.9236063860433617e-05,3.0299066182985706e-05,-18.247681579414813,-18.091508582970256
277,277,2.8970322860332838e-05,2.9954212502496758e-05,-18.28701417666626,-18.141221955962827
278,278,2.9072576524544575e-05,3.0174238035167372e-05,-18.272348275461407,-18.10943790020592
279,279,2.9100253245299418e-05,3.0091363154688704e-05,-18.26988302513336,-18.12138240096838
280,280,2.909943622839397e-05,3.0347660101956297e-05,-18.268291611031884,-18.084548907923576
281,281,2.914175969560825e-05,3.0220552377470182e-05,-18.262804327994274,-18.102777038532082
282,282,2.890097703973729e-05,2.9842449485410104e-05,-18.29490086611093,-18.157456346481716
283,283,2.871491090717399e-05,2.9864058600842807e-05,-18.324843330903846,-18.154312729378056
284,284,2.9092552778689124e-05,3.0044582959626016e-05,-18.268529213220262,-18.128139219806002
285,285,2.9079667957872872e-05,3.0138548601443243e-05,-18.272036208306083,-18.114577681271292
