,epoch,train_loss,test_loss,train_dbs,test_dbs
0,0,0.0013945759514097085,0.0011177903384362396,-14.578686486327888,-15.52477994695595
1,1,0.0009587827803490242,0.0008313891196035241,-16.202910157514136,-16.81034009597698
2,2,0.0007500057126702645,0.0006803284938398161,-17.27502339598428,-17.681196855210835
3,3,0.0006371233504284749,0.0005965247891206099,-17.974152997481127,-18.25209850312907
4,4,0.00056670213144599,0.0005448665316706817,-18.48975085889593,-18.64548213927059
5,5,0.0005435346917983759,0.0005369274264299556,-18.6753733766341,-18.70922757754357
6,6,0.0005398380864752437,0.0005345521402839376,-18.708942847852295,-18.728482734394685
7,7,0.0005266125912216405,0.0005248772213235497,-18.808488230631816,-18.807806205696725
8,8,0.0005197664368753657,0.000520537815693962,-18.86489875102981,-18.843860608527443
9,9,0.0005206469048568307,0.0005181639755487834,-18.862786168179685,-18.863711300603846
10,10,0.0005157985820521399,0.0005117553549720661,-18.894924329112758,-18.917759504042536
11,11,0.000514243606996444,0.0005093896286684627,-18.906988085809008,-18.937882478428495
12,12,0.0005095953928287496,0.0005078368535338852,-18.942948597478654,-18.951141319171803
13,13,0.000501993312392403,0.0005091482874520711,-19.00339707607207,-18.93994058856534
14,14,0.0005087629326657613,0.0005128547123412749,-18.94861530576606,-18.908439958245864
15,15,0.0005069206827008118,0.000503071373953533,-18.97398246010138,-18.992087406262776
16,16,0.0005003620066905644,0.0005061738254306348,-19.028269779463944,-18.965386624295913
17,17,0.0005035609317122546,0.0004963477488337574,-18.99575581627845,-19.05052289695529
18,18,0.0004992997498832375,0.0004998923656163051,-19.03180735162894,-19.019618419554792
19,19,0.0004965117340427392,0.000494919789305545,-19.06183786075192,-19.063035268209177
20,20,0.000495831433205971,0.0004897937668781532,-19.06897552409458,-19.1082509220287
21,21,0.0004886694710951337,0.00047989850894449964,-19.1301629523431,-19.19688945617749
22,22,0.0004848881994287685,0.00048108498326894874,-19.171542845133843,-19.18616545273673
23,23,0.0004836377905580916,0.00048125481790568873,-19.16879013871937,-19.184632558716388
24,24,0.0004846579497248011,0.000485077370141976,-19.162749999643655,-19.150273318225892
25,25,0.00048242510535235794,0.00047906903292689666,-19.185486174653395,-19.204402472654614
26,26,0.0004793399448036072,0.0004810129773288377,-19.220812345425006,-19.186815527548106
27,27,0.0004766791511072595,0.0004786237335984448,-19.235946089145415,-19.20844115942011
28,28,0.00047848083363298674,0.00048145794119734903,-19.21840045302196,-19.18279991808316
29,29,0.00048029328847649634,0.0004803404061883492,-19.209423950380266,-19.19289225204224
30,30,0.0004773705555054061,0.00047850871372869924,-19.230766434205556,-19.209484954249547
31,31,0.00047988119473940086,0.0004755035823970837,-19.208350209269128,-19.23684552971964
32,32,0.00047800672653409623,0.0004777828733877916,-19.22516279165364,-19.21607768223295
33,33,0.00047948784956986987,0.0004773723699863216,-19.212545372859665,-19.219810674838588
34,34,0.00047976793793327724,0.00047998354727353315,-19.21299924011253,-19.19611995169708
35,35,0.00047512735647014967,0.0004780380542414557,-19.253416162386717,-19.213758761689085
36,36,0.00047585193023383235,0.00047244839707242424,-19.253277348249426,-19.264839663401187
37,37,0.0004754754193799244,0.0004722679594507147,-19.241837867584707,-19.26649863889892
38,38,0.0004721619716855054,0.0004738460334728619,-19.280557469447366,-19.25201096657734
39,39,0.0004742367129494465,0.0004711785586550832,-19.270507221623742,-19.276528268672756
40,40,0.00047644820201124267,0.0004739754765882696,-19.24093714539685,-19.250824742578526
41,41,0.0004696410242948182,0.00047184917677537,-19.29879798949393,-19.270351445080877
42,42,0.00047309225222297475,0.00046784406999665265,-19.272480226100697,-19.307372170983946
43,43,0.0004706124036414453,0.00047661947686911414,-19.29478864079529,-19.226665605417477
44,44,0.0004695499071025664,0.00047310329759248386,-19.310872377062196,-19.258823710404812
45,45,0.0004671252834893878,0.00047068923901717524,-19.315040328870154,-19.28104076688693
46,46,0.00046688792254948584,0.0004684060174775751,-19.323284215146252,-19.3021588049687
47,47,0.0004672699244260865,0.00047047923190372164,-19.32720359316709,-19.282978888166276
48,48,0.00047005102555651565,0.0004667867063912318,-19.291647789068676,-19.31719866903453
49,49,0.00046478582698534983,0.00046763284205410044,-19.345593707741045,-19.3093334194178
50,50,0.0004675564198327472,0.0004718562536015126,-19.322836980072996,-19.270286309786655
51,51,0.00046777452273803196,0.0004668839193120795,-19.318012598570157,-19.316294302246412
52,52,0.0004717634487345085,0.0004671465017293629,-19.28759748775096,-19.313852452488497
53,53,0.0004648484998339422,0.0004615744110196829,-19.34610568098489,-19.365966219971874
54,54,0.0004647195974686519,0.00046520771636431545,-19.344741038652494,-19.331914364644607
55,55,0.00046635413939642153,0.0004684382201000852,-19.330691219322038,-19.301860240475186
56,56,0.00046235917870569783,0.00046274966505160063,-19.377451855201326,-19.354922331163632
57,57,0.0004642610021113159,0.0004635509501799549,-19.354691794648275,-19.347408705656896
58,58,0.0004613276300399766,0.00045866031493795544,-19.38496339805507,-19.39347181268029
59,59,0.00046572454043270384,0.0004604227479400211,-19.34127512604251,-19.376815736714363
60,60,0.0004614850511587196,0.0004610556413689138,-19.378591835144235,-19.370850058729722
61,61,0.00046293518041529375,0.0004603849834223327,-19.3744339159476,-19.377171965731435
62,62,0.0004571821575398682,0.00045840244121408383,-19.408051297723546,-19.395914243964423
63,63,0.00046073433135386516,0.0004575928722165133,-19.394606454556747,-19.403590952234772
64,64,0.0004584625850614045,0.00045922895936344405,-19.40545672021465,-19.388090789616548
65,65,0.00045669726342126033,0.00045672092451959064,-19.418838476884613,-19.411874370672383
66,66,0.0004580418765904939,0.00044726159141742085,-19.421135275792377,-19.502767414478278
67,67,0.00045206396781705013,0.00044843386919972926,-19.46921252026169,-19.491399397441405
68,68,0.0004474737050765453,0.0004543843280867134,-19.518448120062565,-19.434150022339807
69,69,0.0004444774993354474,0.00045107929403648565,-19.540285817278257,-19.46585454121913
70,70,0.0004488165060072638,0.00044886069372296333,-19.494183375212867,-19.487267698513936
71,71,0.0004477175261666902,0.0004523448710403356,-19.509177808539782,-19.453686758023125
72,72,0.00044872833640295434,0.0004501784477677,-19.495057891327285,-19.47453646816903
73,73,0.0004450861282392223,0.00045078312120351354,-19.533098252896966,-19.468706999188328
74,74,0.00044551998834106493,0.0004452656001759399,-19.525872574511617,-19.52219201992146
75,75,0.0004423923545022562,0.0004482886548717751,-19.568600589852135,-19.492805981533635
76,76,0.0004428552032193918,0.0004439170650010438,-19.56037233678063,-19.535365057522593
77,77,0.0004460067178012285,0.0004413082420605382,-19.533758047813347,-19.560963075980027
78,78,0.0004432661895107324,0.00044344737819444974,-19.55394542518012,-19.53996254638842
79,79,0.0004407051631451114,0.00044257475038696274,-19.578398992744035,-19.54851713101689
80,80,0.0004421629902148216,0.000443223646327265,-19.562700975393508,-19.54215423901667
81,81,0.0004366400148167477,0.0004386932705529034,-19.616312250626674,-19.58677373704225
82,82,0.0004362124138386901,0.000438739053941773,-19.620647677506827,-19.586320517514956
83,83,0.0004377873655235798,0.00043834623035141513,-19.60326950397252,-19.59021070087833
84,84,0.00043714407425777044,0.0004388227825984359,-19.619071420327277,-19.585491792012956
85,85,0.00043263227814453243,0.0004370285881266586,-19.655879259840987,-19.60328499014136
86,86,0.00043404602191228535,0.0004365108677455665,-19.642015636059483,-19.608432854487766
87,87,0.0004306808309077487,0.00043420248824220737,-19.678337629957657,-19.63146038294589
88,88,0.00043427993689865337,0.00043579471438485936,-19.635331002752395,-19.615563876666272
89,89,0.0004327606038339244,0.00043025424268929973,-19.66163122655372,-19.671131846391454
90,90,0.0004278168582703112,0.0004278238844371548,-19.706037318611582,-19.69573319601247
91,91,0.00042467069339256774,0.00042635723519580146,-19.74236519888797,-19.71064708918387
92,92,0.00042812619358301163,0.00042411246900691797,-19.71075945578348,-19.733573051815924
93,93,0.00042684751409153963,0.00042267171604754895,-19.723451982887738,-19.748351591020473
94,94,0.0004213953585143095,0.0004271083545111316,-19.766803543105148,-19.70300279603243
95,95,0.0004189013234656496,0.00042232645271149903,-19.803234423504854,-19.75190061575303
96,96,0.0004214318043110681,0.00042501225222000167,-19.774554633020678,-19.72436896151339
97,97,0.0004234671128851352,0.0004242346162515643,-19.753274619692426,-19.732322434571685
98,98,0.000419290458781107,0.00042220037338617996,-19.798952750828175,-19.75319733135715
99,99,0.00041960338076586193,0.00042173517010125677,-19.79002081666869,-19.757985261943265
100,100,0.00041966662098912846,0.000422781746908042,-19.790759143220605,-19.74722117289778
101,101,0.000421755759047882,0.00042380995000712574,-19.77564023080908,-19.736671975370932
102,102,0.0004233494881041271,0.0004212669951620659,-19.750221475839936,-19.762809112271015
103,103,0.0004223513233321767,0.0004250090262901626,-19.762859014781046,-19.724401925477082
104,104,0.00042326172835376,0.00042083932509596805,-19.7617228457931,-19.76722030742017
105,105,0.00042065167073496455,0.00042488137229443774,-19.77798099754138,-19.725706550789837
106,106,0.0004193042912016402,0.0004207447544965697,-19.78987063988371,-19.768196359383076
107,107,0.0004199825958756864,0.00042199373772171765,-19.788487775760714,-19.755323399981698
108,108,0.00042615832458490257,0.00042223676236493414,-19.734123210214914,-19.75282303392243
109,109,0.0004197361086346401,0.00042072115129006927,-19.788611139385345,-19.768439999494234
110,110,0.0004194021217774638,0.00041914750870905424,-19.791728902221394,-19.784714570072524
111,111,0.00041983800024495067,0.00042033451149779325,-19.791620187970647,-19.772432970412275
112,112,0.0004173885156597328,0.0004208148778783844,-19.817476127052554,-19.767472603236193
113,113,0.0004197328784094989,0.00041737134023079356,-19.788683419180288,-19.803157222721296
114,114,0.0004200448933748778,0.0004162531143887655,-19.77910666947241,-19.81480850289437
115,115,0.0004183428410618307,0.0004219497082215783,-19.80343165530309,-19.755776552833602
116,116,0.0004201316239897968,0.0004197758512179318,-19.793265257379318,-19.778208952314962
117,117,0.00041149257767475066,0.0004178304654104929,-19.85881047830913,-19.798382435339743
118,118,0.0004189064133355452,0.0004196336345845147,-19.799789709715615,-19.77968055588303
119,119,0.0004200555303748505,0.00042098560401140466,-19.788165593608582,-19.765711011977952
120,120,0.0004195246705065299,0.00041883101987064277,-19.797627614620875,-19.787995068509026
121,121,0.00041664957510518657,0.00041954059882922783,-19.82329445766309,-19.780643524327427
122,122,0.0004159425716539941,0.00041839224439555486,-19.83080302398988,-19.792547206348594
123,123,0.00041794324696985716,0.00041593368912703897,-19.80553097525616,-19.81814248114961
124,124,0.00041495739619161205,0.0004158677275929796,-19.833357813477924,-19.818831268875723
125,125,0.00041222409405217495,0.0004121094978855629,-19.874116927976615,-19.85825722366797
126,126,0.00041653798351822826,0.00042468919510659024,-19.824955951079517,-19.727671343282797
127,127,0.0004221489019907973,0.0004202674976304958,-19.77145118320845,-19.773125420644938
128,128,0.00041920312508681465,0.00041641870446160043,-19.791996695789646,-19.813081175171483
129,129,0.00041793215571009774,0.00041603210296383813,-19.803318075463668,-19.817115020961452
130,130,0.0004136393725219154,0.0004170717653132191,-19.861943906898375,-19.80627555968986
131,131,0.00041326025282464846,0.0004159282022891076,-19.85857981830148,-19.81819977199227
132,132,0.00041375113063079027,0.0004154646747721065,-19.852211490159092,-19.823042427474565
133,133,0.00041394509445904685,0.0004152505869952668,-19.848191710752722,-19.82528091150061
134,134,0.00041154839192065844,0.0004120748229692445,-19.87902369110757,-19.858622654663087
135,135,0.00041350416092624523,0.0004127457780812524,-19.857844890020207,-19.85155706569377
136,136,0.00041263250150410557,0.00041649820999928604,-19.859146694189008,-19.812252069271413
137,137,0.00041340381931993613,0.0004171690303146055,-19.852663386277936,-19.805262862785145
138,138,0.00041236774365840115,0.0004146497874324651,-19.871213666656647,-19.83156899109371
139,139,0.00041002148285882605,0.00041374014261619826,-19.891235105288374,-19.841106863746468
140,140,0.00041558374182714785,0.000413284839228972,-19.83748228177765,-19.845888720957117
141,141,0.0004151723204785478,0.0004146159779721577,-19.845185334399712,-19.831923117904886
142,142,0.00041070532686192276,0.0004134853692161606,-19.876158416258395,-19.84378199123439
143,143,0.0004157943527463862,0.0004142668989707569,-19.83649971820509,-19.83558112791418
144,144,0.00041533333156977965,0.00041639538310272127,-19.84645644278622,-19.813324406827277
145,145,0.00041134669217425063,0.00041566426577781767,-19.87938261016463,-19.820956559209005
146,146,0.0004130104324449161,0.00041605784759954795,-19.86595514168997,-19.816846281909303
147,147,0.00041213361414379834,0.00041412696315857927,-19.862018083390666,-19.837048385324106
148,148,0.00041160236422414174,0.00041371407017945066,-19.874530259410747,-19.841380549353186
149,149,0.000413688383672444,0.00041048086897813176,-19.856356010679164,-19.875454251502283
150,150,0.0004129705397945051,0.0004118567510311933,-19.86194315965385,-19.860921569877735
151,151,0.0004102125966119743,0.00040909162673511003,-19.892112513103,-19.89017755715706
152,152,0.00041346125167880936,0.0004118094894740927,-19.860065135780125,-19.861419961883335
153,153,0.00041687244623803447,0.0004133152067783828,-19.82186189314399,-19.845569619616448
154,154,0.00041026735621907737,0.0004130038218327651,-19.88429784881363,-19.848842756633708
155,155,0.00040824008690308513,0.00041179141140003736,-19.90963432145429,-19.861610617522455
156,156,0.0004115878744170876,0.0004121201146565574,-19.877258741763214,-19.858145342100293
157,157,0.0004112082647553347,0.0004133163448913317,-19.878405965884195,-19.845557660813945
158,158,0.00041372354770050453,0.00041340771253759926,-19.850374260088316,-19.84459771621324
159,159,0.0004124079000435232,0.0004112637130004403,-19.86748265906711,-19.867179540615513
160,160,0.00041344010609576536,0.0004141519847938693,-19.86286700712622,-19.836785991642248
161,161,0.0004129218769898235,0.0004095711337868124,-19.868690202914028,-19.885090058361598
162,162,0.0004131724153640536,0.0004106400087230692,-19.863086968741424,-19.87377085711249
163,163,0.00041279056230703965,0.00041114789354124745,-19.87206825003534,-19.8684027663569
164,164,0.00040992270925888774,0.00041279393572997495,-19.886634573120332,-19.851050376535746
165,165,0.0004071204553444668,0.0004080433741604027,-19.913058688329215,-19.901320160473993
166,166,0.0004057504699359043,0.00040828843300819005,-19.938506205759438,-19.89871269846901
167,167,0.00040652436809134236,0.000408630793620097,-19.92471214567437,-19.895072550742515
168,168,0.00040521841260998215,0.00040952994114425227,-19.938860322829733,-19.885526872276788
169,169,0.0004079444168889223,0.0004060945847365809,-19.92299137178541,-19.92211147969359
170,170,0.00040722415229238414,0.00041021431312210073,-19.918618284922207,-19.87827536569885
171,171,0.00040884272791877314,0.00041055945544748714,-19.90011573352603,-19.8746228752816
172,172,0.0004080435835405915,0.0004087809065822512,-19.915746510247054,-19.893477436998914
173,173,0.00040751831610831097,0.0004109823708667567,-19.913532912370155,-19.870151530226682
174,174,0.0004062163250487221,0.00041033713128662815,-19.93167064875075,-19.876975282641453
175,175,0.00040629979153403764,0.00041035075647462353,-19.926110065380563,-19.876831078150314
176,176,0.0004080295716964438,0.0004095620533917099,-19.909715356056658,-19.88518634466884
177,177,0.00040687637231984783,0.0004103725996652716,-19.931477748176206,-19.876599907023117
178,178,0.0004057975983386379,0.00040687550331073766,-19.936727980888463,-19.913768030485073
179,179,0.00040690102386432364,0.00040982472158870414,-19.91759055058614,-19.88240193672092
180,180,0.00040675947693483806,0.000407944853098965,-19.932370336549535,-19.902368880347936
181,181,0.0004047452668376152,0.0004042052881375543,-19.949801765392657,-19.942363551845514
182,182,0.0004090480269388939,0.0004040437235840057,-19.906972639133986,-19.94409981366568
183,183,0.0004090511362481209,0.0004070460425665308,-19.901528903281598,-19.911948094418804
184,184,0.00041035629812503216,0.0004073811578564346,-19.88870384852885,-19.908374079961902
185,185,0.0004035730095527413,0.0004040418823837842,-19.9610483600862,-19.944119604219807
186,186,0.0004042574761377782,0.0004092970185937654,-19.957516655389863,-19.88799765025772
187,187,0.0004803034436130493,0.000407654753775875,-19.207913848067548,-19.905458350707484
188,188,0.0004051737967379314,0.00040910755878461425,-19.94913626432489,-19.890008424718204
189,189,0.0004059038582238724,0.0004016209445820239,-19.93834960611767,-19.97021992950919
190,190,0.0004045554255519408,0.0004038982702982857,-19.94662595487729,-19.94566352889582
191,191,0.0004028154188435832,0.00040691495585059255,-19.975141196503078,-19.91334693878569
192,192,0.00040203722112226427,0.00040450628148391843,-19.970626770492274,-19.939130761309013
193,193,0.0004070308407499772,0.0004043729430505712,-19.92226973839261,-19.94056257324327
194,194,0.0004036827342939976,0.00040603083049829463,-19.960214601114647,-19.922793347627362
195,195,0.0004040521495140244,0.00040562685401374966,-19.960501314656838,-19.92711646994584
196,196,0.00040507027111256246,0.00040689681650531525,-19.94507274163046,-19.913540541725048
197,197,0.0004015292164619974,0.00040239681593926723,-19.974046626525524,-19.961838105866597
198,198,0.0004021202183458186,0.0004036268142762741,-19.972809467616052,-19.94858336034457
199,199,0.0004028403113197689,0.00040696690006083563,-19.967099901388394,-19.912792581080275
200,200,0.0004050860762927374,0.00040155034175289695,-19.94823240186444,-19.9709834632584
201,201,0.0004032023146642929,0.000405193289656094,-19.964276301592815,-19.931761017259966
202,202,0.0004039021399707447,0.00040573308759025837,-19.956489576229746,-19.92597920265007
203,203,0.00040439093070219936,0.00040363634654663896,-19.954857616386708,-19.948480796208845
204,204,0.0004025929470632955,0.00040226924465969205,-19.975103808777753,-19.96321516166517
205,205,0.00039993837168536236,0.00040524367757729794,-19.989916605330222,-19.931220982758916
206,206,0.0004025256512062528,0.00040285003457316443,-19.976060400209324,-19.95694940937667
207,207,0.00039975153079458044,0.0004046047259563286,-19.99722614124981,-19.938073949797136
208,208,0.0004016607237701333,0.0004038575172767435,-19.98048672767134,-19.946101750760995
209,209,0.000404870402207118,0.0004022468867907791,-19.946159590616652,-19.963456546485656
210,210,0.00040059199421090485,0.0004048003082923395,-19.991868023607296,-19.935975116027976
211,211,0.0004050974501896957,0.00040919470790724615,-19.945723088097086,-19.88908337819822
212,212,0.00040226525173416917,0.00040485618611503586,-19.97276466720059,-19.935375666007776
213,213,0.000404683493807451,0.0004056544475085837,-19.953260586400123,-19.926821043377394
214,214,0.0004031632453222404,0.0004039461843939008,-19.967326861452328,-19.945148359738333
215,215,0.0004026954780577576,0.00040604848273735687,-19.974345466112155,-19.92260454168454
216,216,0.00039781738863537834,0.0003995972005405316,-20.02127417224267,-19.992159091632363
217,217,0.00040057574977291765,0.00040269748148459355,-19.990632593324772,-19.958594327001887
218,218,0.00040030583244815625,0.00040165986406224733,-19.99266198000544,-19.96979909247858
219,219,0.0003996018503946204,0.00040468028256375536,-20.003858937762153,-19.937263016258846
220,220,0.00039889831059929174,0.00040298497524896736,-20.009348444459096,-19.955494918302964
221,221,0.0004006914540011551,0.0004041284402391236,-19.982532805838545,-19.943189315194566
222,222,0.00040301516803327144,0.0004050297996543936,-19.963978648089952,-19.93351369025794
223,223,0.0004037955257388734,0.0004052591546879787,-19.960509177898793,-19.93105511970458
224,224,0.00040256979961677923,0.0004035775951036301,-19.96702863540302,-19.94911298121535
225,225,0.00040498570438243987,0.00040134025345507423,-19.953873717283628,-19.9732562558676
226,226,0.00040042573212857173,0.0004059853825693656,-19.996112167427295,-19.92327949025483
227,227,0.00040324432199302407,0.0004035036499293423,-19.968476961853217,-19.949908786630086
228,228,0.0004026830930277206,0.0004035600255807175,-19.971444801563138,-19.94930205298344
229,229,0.00040316494744626285,0.0003996369517775939,-19.97141159666715,-19.991727084494798
230,230,0.00040295217294226754,0.00039980119541532506,-19.965288851746937,-19.989942578543754
231,231,0.0004012322340751086,0.000402678559399455,-19.98031381711856,-19.958798399552997
232,232,0.0004040131050752495,0.00040475436713007326,-19.953124217330092,-19.936468028832795
233,233,0.00040261194076312266,0.00039893476978728647,-19.97773633324069,-19.999364566114558
234,234,0.0003977048192197246,0.0004035891263476132,-20.02538769923266,-19.948988893948158
235,235,0.00040254711303091845,0.00040474314990110303,-19.97181537790063,-19.936588389440253
236,236,0.00040262800907792963,0.00040355644427779084,-19.974303247518076,-19.949340593644106
237,237,0.0004002338343722381,0.0004043998962611352,-20.001524862679698,-19.940273106781166
238,238,0.0003991402714446033,0.0004032289695092722,-20.00595649071939,-19.952866202568373
239,239,0.00040084775507248475,0.00040106649516689544,-19.98985909657901,-19.976219633699316
240,240,0.0003980242994676354,0.0003999986158879964,-20.020967996158294,-19.987798576446593
241,241,0.0003996906797857667,0.0004033078822478848,-20.00513042164559,-19.95201636249061
242,242,0.000404835280184586,0.00040318066480961675,-19.954227548780402,-19.953386495571895
243,243,0.0004039149255534999,0.0004033214890545136,-19.95320341209076,-19.951869842632895
244,244,0.000399408786984871,0.00040129016882641926,-20.004565695114685,-19.973798260687687
245,245,0.00040051299831397907,0.0004024940441779204,-19.992563487077312,-19.96078887820531
246,246,0.0004006036210411526,0.00039943668066131835,-19.997912096941324,-19.993904021362027
247,247,0.00040192712913267314,0.0004027549891217955,-19.980798372545173,-19.957974172481094
248,248,0.0004000283100224609,0.0004024621647611064,-19.9915296398096,-19.96113287343541
249,249,0.0004019463604637758,0.00040063341332011317,-19.98438403554374,-19.98091179026749
250,250,0.0003984116345461573,0.00040176597969165365,-20.016455149709657,-19.968651869423184
251,251,0.00040076067461152127,0.00040226421276058416,-19.99216895673557,-19.963269486963785
252,252,0.0004034434293982448,0.0004029462150739212,-19.972050865254104,-19.955912654465934
253,253,0.0004032651912396985,0.00040062881951024264,-19.957771516264692,-19.98096158835346
254,254,0.000398502558512978,0.0004013939347044614,-20.01213983998118,-19.972675404303804
255,255,0.00040137922102057364,0.0003984653112159944,-19.987492801592786,-20.00447826738968
256,256,0.00039847307693280436,0.00039881817218357404,-20.016355339416535,-20.000634074344283
257,257,0.0004024858038618047,0.00040413304017611633,-19.971910419954973,-19.943139882497317
258,258,0.0004014616565702041,0.0004018008935657379,-19.991558770406918,-19.968274479479152
259,259,0.00040016698677419234,0.00040581837559952155,-20.000458628787637,-19.925066380392654
260,260,0.000399896426164766,0.00040212767596944774,-19.9987308598524,-19.964743822455414
261,261,0.0003992595872481728,0.00040154814977492944,-20.011003222030702,-19.9710071705358
262,262,0.0003997472855358471,0.0004016944914933686,-19.995210154026736,-19.969424699729885
263,263,0.00039974658074308684,0.0004005606491486297,-20.00806339083926,-19.98170063980402
264,264,0.0003989566991840172,0.0004007988440877709,-20.011076518769862,-19.9791188584286
265,265,0.00039595882102280624,0.000400930367361166,-20.038000094545897,-19.977693942594822
266,266,0.0003978701610809442,0.0004002714688938699,-20.025853559850887,-19.98483711226927
267,267,0.00039844472470126815,0.0004005292522426891,-20.020361140191625,-19.982041063593712
268,268,0.00040274589249297745,0.0004007228708360344,-19.980428332926106,-19.979942161490406
269,269,0.00040220320716826725,0.00039841285385926694,-19.991577306359137,-20.00505004715711
270,270,0.0004014472633758656,0.0003996311968780662,-19.9897458622874,-19.99178962473522
271,271,0.0003994777678636853,0.0004007217265959633,-20.003106481924455,-19.979954562526
272,272,0.00039955279903880025,0.00040299802601925636,-20.0055598710426,-19.9553542732146
273,273,0.00039831659463762317,0.0003983445073428907,-20.017462801456855,-20.005795130075388
274,274,0.0003992245966429371,0.00039981468887019317,-20.01441867753207,-19.989796004842386
275,275,0.00040203107931391943,0.0004026148557099269,-19.987396875566596,-19.959485507143285
276,276,0.00039912405701056505,0.00040045044519693444,-20.012331960911553,-19.98289565367449
277,277,0.0003993253997099807,0.00040296093395322954,-20.004121651303638,-19.955754017628628
278,278,0.0004005561727963234,0.0003989490199417464,-19.992558225546254,-19.99920943667018
279,279,0.00040140198651682007,0.0004011121361001738,-19.991557777951787,-19.97572543939594
280,280,0.0004011457380910702,0.0003994915030872155,-19.989286692186752,-19.993307995897574
281,281,0.00039857770970388865,0.0003969853768419278,-20.01858062008921,-20.020638365896772
282,282,0.00039361594496870934,0.0003985336807090789,-20.06267263590308,-20.00373315995665
283,283,0.0003978602990829722,0.0003991078211631822,-20.020518726039857,-19.997481076193907
284,284,0.0003959901616476553,0.00039643661952332447,-20.042094203348864,-20.02664582005021
285,285,0.00039339630856159496,0.00039881530775394484,-20.06834972277399,-20.00066526676569
286,286,0.000396661410293033,0.0003962887598103599,-20.03653203769654,-20.028265918506875
287,287,0.0004011858161658855,0.0003993475723913626,-19.99020078046361,-19.994872974616836
288,288,0.00039669187390245497,0.00039731220060371255,-20.036692449968065,-20.017064446792936
289,289,0.00039427059302922605,0.0003991696713982444,-20.052978644178133,-19.99680809678271
290,290,0.00039814650135105187,0.00039908917173498164,-20.025557796987737,-19.99768401716792
291,291,0.0003994073407945329,0.0003966463463209373,-20.009635118780924,-20.024348880210205
292,292,0.0003957865323472922,0.0003985269332157546,-20.042221735678275,-20.00380669010144
293,293,0.0003976639997473313,0.0003994397610720051,-20.021568922263,-19.993870529189937
294,294,0.00039997886111431744,0.00039798021163350264,-19.999536449561234,-20.009768675631243
295,295,0.00039171530701911326,0.0003969475280763091,-20.081961562405574,-20.021052443962205
296,296,0.00039418068199572107,0.0003984743885475358,-20.06193517934787,-20.004379333053738
297,297,0.0003929401759283867,0.0003951145734294857,-20.06861509775174,-20.04115297669074
298,298,0.0003990456593923808,0.0003975972435192058,-20.02054690443302,-20.013949813509228
299,299,0.00039751816705378137,0.0003981546079127216,-20.028070592842816,-20.00786599932363
300,300,0.0003956364447937453,0.00039787062958471085,-20.050827163538955,-20.010964650478332
301,301,0.00039489050911854686,0.0003943455613855469,-20.055505871547744,-20.04961389265356
302,302,0.00039881657834222407,0.00039626938431817845,-20.0208819215339,-20.028478260513644
303,303,0.00039881372226632594,0.0003997503479599561,-20.018645774691237,-19.990494957424097
304,304,0.00039650079705416387,0.0003995045124994297,-20.03900763172805,-19.993166570513026
305,305,0.00040109801320983195,0.00040493256988395984,-19.9910372313975,-19.934556364697322
306,306,0.0004005934335003348,0.0004022990163464687,-19.996377892644944,-19.962893755019724
307,307,0.0003999949195278213,0.0004032143731724079,-19.99943466525079,-19.9530234140728
308,308,0.0004021080718471755,0.00040414996788297827,-19.979851093271282,-19.942957975674847
309,309,0.0004054533411297448,0.00040852242014615943,-19.94100499207238,-19.89622450122619
310,310,0.0004057833605647548,0.00040370294223784616,-19.943655706924407,-19.947764315748223
311,311,0.000407643263953133,0.00040529621918195566,-19.927011655220053,-19.93065793758134
312,312,0.00040649687127239,0.0004091213065150537,-19.93715818311998,-19.88986248600295
313,313,0.0004063778561083888,0.0004079227740141122,-19.934804234477173,-19.902603938693204
314,314,0.0004061718967013522,0.0004102321108803153,-19.93905279454599,-19.878086944664695
315,315,0.000410374142373576,0.0004108438917778824,-19.88057136882088,-19.87161511705665
316,316,0.000411404888733703,0.0004136963888365579,-19.87649530906064,-19.841566162420282
317,317,0.00041032942748849384,0.0004116677921142821,-19.89056727080934,-19.862914560057426
318,318,0.0004078674609604839,0.0004082498704328349,-19.915228250637615,-19.899122906137812
319,319,0.00041074387713565885,0.0004077346453222593,-19.8871575292201,-19.90460731050768
320,320,0.00040723403079252806,0.0004121324362993044,-19.92241769665112,-19.858015497880892
321,321,0.0004062926736972343,0.000408854425921546,-19.930154932346912,-19.892696427612808
322,322,0.0004107549689954972,0.00041077662976213584,-19.87123667398349,-19.872326187960546
323,323,0.0004071533993803464,0.0004080231960152129,-19.916772674615125,-19.901534928666514
324,324,0.0004075975277336295,0.0004087882683195762,-19.916302320707548,-19.893399225588904
325,325,0.00040739581628568164,0.0004130098478574502,-19.917177203490613,-19.848779390387733
326,326,0.0004078844395951013,0.00041029463663060025,-19.911154959980898,-19.877425062807447
327,327,0.00040895864997567973,0.0004130623389133497,-19.902515732103737,-19.848227463417615
328,328,0.0004087475646940089,0.0004129727695774483,-19.900369229205253,-19.84916929913579
329,329,0.0004047742647541322,0.0004069859477519793,-19.942238426417457,-19.912589318515856
330,330,0.0004091702240216786,0.00040910789883989647,-19.908688192775884,-19.890004814810048
331,331,0.00040797604315136513,0.00041241707329295183,-19.90695579903487,-19.855017102292543
332,332,0.0004115249516356007,0.00041149215662459796,-19.871722868129357,-19.86476784568607
333,333,0.0004114949338848597,0.00041474524340102156,-19.880105878911188,-19.830569322683587
334,334,0.00040970225644432315,0.00041384673769291684,-19.902824623978056,-19.839988101354884
335,335,0.0004126588539724459,0.0004126515337511113,-19.857807364300914,-19.852548825471082
336,336,0.00040785470418151966,0.0004075215623934606,-19.921568823454653,-19.906877535288466
337,337,0.00041057458975515566,0.00040894088727471073,-19.89265464446097,-19.891778112525614
338,338,0.0004093763193466038,0.00040586727616181105,-19.909993993933412,-19.924543092976055
339,339,0.0004076237538853449,0.00040707925922776525,-19.925038782929448,-19.91159370639874
340,340,0.0004057200390307866,0.00041321920396416987,-19.935054220612557,-19.846578494555118
341,341,0.0004043816450800862,0.0004089351936464051,-19.949206629073355,-19.891838579176074
342,342,0.0004101639920149536,0.00040691046007467727,-19.89060489483159,-19.913394921820718
343,343,0.00040626228659788204,0.0004075731144678828,-19.921736834998395,-19.906328181155317
344,344,0.0004115062021679178,0.0004077123594470322,-19.88520775076222,-19.9048446927675
345,345,0.0004039851341939042,0.00040577187533735444,-19.95198711875212,-19.925564040566982
346,346,0.00040829294996057666,0.00040327761885955145,-19.913388736080545,-19.952342260304174
347,347,0.0004021227377774098,0.0004025307762755179,-19.981222533913684,-19.960392553846084
348,348,0.00040541782155488953,0.000402755263310514,-19.937948447935742,-19.957971215879432
349,349,0.00040469233597119906,0.00040304303126360635,-19.9453828955143,-19.95486929719206
350,350,0.0003999374667662628,0.00040537905787411884,-19.996545133484283,-19.929770371670845
351,351,0.0003999464124436346,0.0003984019261368207,-20.00227156788959,-20.005169167677398
352,352,0.00039755392425991213,0.00039495185850874374,-20.02474111802134,-20.04294184381239
353,353,0.00039213990280164654,0.0003932685036775901,-20.08119208268525,-20.061491804224293
354,354,0.00039460562132346953,0.00039455002038984706,-20.06332805688811,-20.047362760276034
355,355,0.0003936826320456283,0.00039024369815658584,-20.071283697278496,-20.095024475951387
356,356,0.000391415047000844,0.00039213365342124904,-20.099498789639934,-20.074042305713533
357,357,0.0003894253324275625,0.00038900529187613805,-20.123491667981504,-20.108828368510146
358,358,0.00038980505850463724,0.00038882734339782283,-20.118950961432414,-20.11081548090526
359,359,0.0003873498695686498,0.0003852800414039704,-20.143727202342276,-20.15061834276505
360,360,0.00038597802211501705,0.0003865213733852694,-20.15892620257391,-20.136648321870773
361,361,0.00038641079937434304,0.000386806472976643,-20.148462110287028,-20.133446130574587
362,362,0.00038463235640725526,0.0003860373720894323,-20.167571187977305,-20.142089956458378
363,363,0.0003826764238801468,0.00038633539990865087,-20.18613427465029,-20.13873841822564
364,364,0.0003837936326198894,0.00038562649952884957,-20.17855368160339,-20.14671476032058
365,365,0.000380296051291,0.0003845525712485572,-20.21301490555171,-20.158826266490117
366,366,0.0003807794059069885,0.00037828204222023487,-20.219596668946117,-20.230226212059684
367,367,0.0003796758561649542,0.00038130952223008007,-20.22884657061364,-20.195606953864832
368,368,0.00038106153663919915,0.0003847637854050845,-20.21349985419258,-20.156441574050106
369,369,0.00037816789729722307,0.00038204710673246726,-20.241894545062166,-20.187214310980536
370,370,0.00037971792950237303,0.00037933507854560097,-20.223273423053868,-20.218153407807485
371,371,0.00037768590906106855,0.00037806747652786344,-20.255134888400402,-20.23269027652704
372,372,0.00037729304965547066,0.0003808665711212119,-20.250520905529502,-20.200654901331845
373,373,0.0003805741713953579,0.00037777748136585086,-20.21638925613925,-20.236022793427637
374,374,0.00037558642714092334,0.00037917316780964797,-20.261928959521896,-20.220007492864337
375,375,0.0003761393357111506,0.0003768736297436255,-20.265005185375628,-20.246425957324497
376,376,0.0003771099577581068,0.0003781655426504777,-20.260628126982233,-20.231563915337524
377,377,0.00037833326526187823,0.00037938726477717096,-20.2454258248179,-20.217555977334072
378,378,0.00037543958901504494,0.0003718777198197418,-20.27171627439419,-20.304381867850886
379,379,0.00037335209187225815,0.00037600374535510416,-20.294514942365755,-20.256461752539924
380,380,0.00037634857124937027,0.0003763855784200132,-20.267046008119873,-20.252053715315192
381,381,0.0003730761230510381,0.0003798339764072903,-20.30335069248402,-20.212445361144052
382,382,0.0003732683742538901,0.00037371072807888453,-20.307314822955185,-20.283027809098847
383,383,0.0003748530508187052,0.00037470575740658924,-20.288263886379827,-20.27147980048733
384,384,0.00037242692940839636,0.000377797242866731,-20.307820486940884,-20.235795620376102
385,385,0.0003726219520760105,0.00037576350702070877,-20.317224048284764,-20.259237457020035
386,386,0.0003714119681257985,0.00037229789641538734,-20.316335211095947,-20.299477638464055
387,387,0.0003724843257625309,0.00037191655198847383,-20.305067949097815,-20.303928393086284
388,388,0.0003703483764427839,0.00037218602129111166,-20.33036416772117,-20.30078288491318
389,389,0.0003719861891010258,0.0003743962902502206,-20.317511873142017,-20.275068093601934
390,390,0.00037037369377488635,0.0003697226792083759,-20.3349597930565,-20.32962254683328
391,391,0.00037200861645276785,0.0003715884583806129,-20.322131704675055,-20.307761299407115
392,392,0.0003722977072010105,0.0003717771798715387,-20.321586492159707,-20.305556174508435
393,393,0.00036719551108316663,0.00037472602439505095,-20.367219204507194,-20.27124490675932
394,394,0.0003729099809845007,0.00037030130777949174,-20.31166283884355,-20.322831003555283
395,395,0.0003728821340194644,0.0003730322519243744,-20.306085625228757,-20.290919641736835
396,396,0.00036937984717126513,0.0003705912263524768,-20.353631419333137,-20.31943212889871
397,397,0.0003736562160991094,0.0003712748033362196,-20.29156246672866,-20.311428694743935
398,398,0.0003703365512864338,0.00037244924246088455,-20.335255372383656,-20.297712509069363
399,399,0.0003704881981452063,0.0003723467295793326,-20.33113934491132,-20.298908025176715
400,400,0.0003707282528396427,0.0003702257848712371,-20.33092028732774,-20.323716836977223
401,401,0.00037015246265788667,0.00037183795479665463,-20.343246437067414,-20.30484628538854
402,402,0.00036766397653954086,0.0003686753640833654,-20.358804824765542,-20.341942283830107
403,403,0.0003702870753747363,0.0003713596394702204,-20.34237017649494,-20.31043644706731
404,404,0.00036839361016917014,0.0003725513693337378,-20.353466711045584,-20.296521821789113
405,405,0.0003709398916941712,0.00037103760558621665,-20.329937896222386,-20.31420417515391
406,406,0.0003685906563030998,0.00037342591799403494,-20.3523918621579,-20.286338888936307
407,407,0.00037249690431803847,0.0003718263653450106,-20.305715258892377,-20.304981648475383
408,408,0.00037210496213315917,0.00037142805491672143,-20.30893124633778,-20.309636421671065
409,409,0.00037357385075871937,0.0003681295738236881,-20.30087740078767,-20.34837638135617
410,410,0.0003684619222599629,0.00037022804271576827,-20.358269069854845,-20.323690351344105
411,411,0.00037019096732562043,0.00037279742996600504,-20.33711614311214,-20.29365436486721
412,412,0.0003697778936595531,0.0003707171509679603,-20.343490504780636,-20.31795667366741
413,413,0.00036804160474050674,0.00037162314248761455,-20.356618909102096,-20.307355947384245
414,414,0.00036996905751929607,0.00037217453753232564,-20.33875862367576,-20.300916888065647
415,415,0.0003691975275755466,0.00037015507941281324,-20.351276775762166,-20.324546328716096
416,416,0.00036987844079291234,0.00037206047502542406,-20.345537901413984,-20.302248099763336
417,417,0.0003727155490946409,0.0003706675595726426,-20.31234481746828,-20.31853767484163
418,418,0.00036889102643586157,0.000371761034904538,-20.352564518764353,-20.305744777325096
419,419,0.00036586234802092165,0.0003697859310226417,-20.385333955236927,-20.32887962339485
