,epoch,train_loss,test_loss,train_dbs,test_dbs
0,0,0.000375491392033021,0.00034786735532658274,-18.235488155423397,-18.557665182906735
1,1,0.0003453729639415504,0.0003326473693289843,-18.59037706894622,-18.75196100486444
2,2,0.00033954028448224374,0.0003252206017924963,-18.665555629153573,-18.85002144653031
3,3,0.0003344010355877546,0.0003282208069178619,-18.73736795342208,-18.810140849151445
4,4,0.00033483878570157537,0.00033090771849904403,-18.72914780618847,-18.7747329645929
5,5,0.00033307850382473204,0.0003309098522693507,-18.748226317655423,-18.77470496035999
6,6,0.0003338755011203286,0.0003310191264302519,-18.742987739739775,-18.77327105530213
7,7,0.00032963632388741316,0.0003255089793942477,-18.787836967733178,-18.846172203681522
8,8,0.00033203855675366736,0.00032385260840926905,-18.765085235923248,-18.868327944101498
9,9,0.00033717018884568255,0.00032689779733405694,-18.701650329484917,-18.827681994804593
10,10,0.0003300737169542417,0.0003256846102885902,-18.787099619807165,-18.843829566059696
11,11,0.00032546604532249197,0.00031951688671190485,-18.84492067636371,-18.92686377859896
12,12,0.0003293809659788673,0.00032002791474377245,-18.801172732072715,-18.919923320289644
13,13,826463179.2168233,0.00032446608192434435,105.19576479927211,-18.860108892394894
14,14,0.000332565202867401,0.00032122650545237486,-18.755072078119994,-18.903688206094337
15,15,0.0003354085936959948,0.0003206094659521784,-18.727089311186077,-18.912038530617977
16,16,0.0003319793760646903,0.00032472069142386317,-18.761712036358794,-18.856702307082614
17,17,0.00033159958607920434,0.00032310976377247194,-18.771648483037225,-18.878301119739497
18,18,0.00033179206261171277,0.0003286661767082191,-18.783317447309823,-18.80425180958094
19,19,0.0003294356691785464,0.00032865966664088006,-18.802517730956442,-18.80433783347155
20,20,0.00032985519999446174,0.00031767037427543024,-18.796079579903157,-18.952034790509536
21,21,0.00033207660236098254,0.00032149539421018407,-18.76891939425087,-18.900054382176506
22,22,0.0003282461245184207,0.0003212650297332163,-18.81885051018849,-18.90316739354841
23,23,0.000333674339344725,0.00032053212788397153,-18.750184687817637,-18.913086270984508
24,24,0.000330629246669447,0.00032398701296187937,-18.783412916891752,-18.866525919203568
25,25,0.0003305582984317017,0.00031796677534370437,-18.78108921581556,-18.94798451252346
26,26,0.00032535669263020233,0.0003220805680795916,-18.849363566042502,-18.89215670210875
27,27,0.0003313491740215992,0.000318043650814185,-18.77565653510753,-18.94693463687951
28,28,0.00032912754932581684,0.00032554846410149415,-18.796965678347494,-18.845645430178845
29,29,0.0003312860799175639,0.00031965598004477983,-18.77615605910555,-18.92497360237176
30,30,0.0003269126725181476,0.0003252989891303801,-18.837053730799727,-18.848974800466646
31,31,0.00033273593523808437,0.0003209402937883217,-18.758793996442858,-18.907559479250537
32,32,0.0003301965282178609,0.00031955700404451867,-18.797529798505337,-18.926318529091578
33,33,0.0003302371598655339,0.0003230662229103281,-18.799639990501028,-18.87888639547195
34,34,0.00032995783720290306,0.00032436007351957654,-18.795649880965442,-18.8615280357278
35,35,0.0003287658304187287,0.00032151390884169623,-18.80436940569545,-18.89980428307952
36,36,0.0003301743072932874,0.0003233901500750921,-18.790866317349636,-18.87453405870652
37,37,0.00032845942889215407,0.0003217526169273218,-18.817197113433995,-18.89658105895768
38,38,0.00033265142491538575,0.0003189587702141388,-18.758802855793704,-18.934456455762046
39,39,0.000327552531932279,0.0003239135441713427,-18.832234015653327,-18.867510857095894
40,40,0.0003268194082433108,0.00031568901613354683,-18.841123901755537,-18.97920722144844
41,41,0.00032790322558829543,0.0003206043513369207,-18.821087717474537,-18.912107813254238
42,42,0.00032571255296622357,0.00031482506433109706,-18.84815474850756,-18.99110892981257
43,43,0.0003330547034922872,0.0003210672722688239,-18.75888168832402,-18.905841553885256
44,44,0.0003254153668525216,0.00031640639185513323,-18.863069359695675,-18.96934945481504
45,45,0.0003258345916281579,0.00031054466595187,-18.857235601254747,-19.05056119738806
46,46,0.00032382921469349836,0.0003214173576500463,-18.881218411172075,-18.901108672903295
47,47,0.00031789946045784147,0.0003153553652258492,-18.95785653861152,-18.98379969595192
48,48,0.0003191083936697621,0.0003188838125329073,-18.93438220559686,-18.935477200013544
49,49,0.00032276533557265303,0.00031736637404384583,-18.891745923084358,-18.956192837536236
50,50,0.0003189257974376345,0.0003147819646217517,-18.932675759081754,-18.991703521839305
51,51,0.0003239630338058989,0.0003103602380418268,-18.8720337339888,-19.053141174627125
52,52,0.0003186230560927892,0.0003146052201229491,-18.938992412330016,-18.99414269328782
53,53,0.00032565112168103763,0.00031641464049339687,-18.85912831916378,-18.969236236767653
54,54,0.0003220206252587287,0.000312062882585451,-18.897101799797834,-19.02938077917016
55,55,0.0003211281283941005,0.00031331332866102457,-18.916591778873926,-19.012013231620305
56,56,0.0003223753229417291,0.0003159715714374263,-18.895786942894965,-18.97532183680021
57,57,0.0003199744153498989,0.0003114799926008441,-18.92785164943757,-19.037500380489757
58,58,0.0003213265214052973,0.00031006589568661233,-18.904809093957397,-19.057261931742314
59,59,0.00032191164011481345,0.0003140116566914673,-18.90535062084232,-19.002344235723957
60,60,0.0003176575023128853,0.0003067522331165444,-18.958967925018758,-19.103924607383387
61,61,0.000319459226244062,0.0003065523587314314,-18.925895902331995,-19.106755316520587
62,62,0.0003162632227068786,0.00031621214676354274,-18.975201548844073,-18.972016451398787
63,63,0.00032129662066995716,0.00030485942108115474,-18.91654460491836,-19.130805731738917
64,64,0.0003192208511706864,0.00031363033524126207,-18.93783407233469,-19.00762131482828
65,65,0.0003201514338479214,0.0003112461938718824,-18.923826401309565,-19.04076144465698
66,66,0.0003180801658411078,0.00030957707234560266,-18.955947238571113,-19.064114049320246
67,67,0.0003182280508047642,0.0003116280621677441,-18.94807142119337,-19.03543634692252
68,68,0.0003193865416777925,0.0003157323211014859,-18.934261387601026,-18.9786115143497
69,69,0.00032021117951125676,0.00031258082967006455,-18.917601147273203,-19.02217854186575
70,70,0.000320855980575776,0.0003119587215080269,-18.923788604924553,-19.030830619408952
71,71,0.0003200454124940809,0.0003141139765686699,-18.932547383303387,-19.000929329020643
72,72,0.0003156841071874633,0.0003131938574369997,-18.981991932462538,-19.013669579548004
73,73,0.000317243897576922,0.0003084893948030903,-18.96181335258431,-19.079399552337954
74,74,0.00032178381399117104,0.0003099573138905199,-18.909533739464525,-19.05878305142402
75,75,0.00032303389581880463,0.0003071143521657704,-18.890962324213717,-19.098800812510582
76,76,0.00032107087065820993,0.0003090329440678225,-18.9111884403458,-19.07175414447428
77,77,0.00031474436100418726,0.00031019895686767995,-19.00314272202914,-19.055398607153094
78,78,0.00031815894780987775,0.0003080688704932599,-18.95657878211347,-19.08532377477936
79,79,0.00031614838079213327,0.00030918001338202313,-18.9823896107244,-19.06968782114508
80,80,0.00031447853891841454,0.0003068439040553609,-19.001202196209572,-19.102626940049344
81,81,0.00032077946600542624,0.0003041078253820735,-18.913421702158125,-19.141525980894166
82,82,0.0003190288411995838,0.00030638534716624573,-18.94044259688449,-19.10912202368418
83,83,0.0003178443465041016,0.0003067979000900921,-18.96105743574217,-19.103278110428036
84,84,0.0003123517798082231,0.00030681108872063066,-19.032506279813628,-19.103091419894746
85,85,0.0003101435719782813,0.00030368648463320965,-19.058413799772794,-19.147547293977546
86,86,0.0003159450707337867,0.00030614206671567733,-18.981486488744135,-19.112571840309457
87,87,0.0003175977581497474,0.0003080282246963562,-18.95979817033735,-19.085896809304966
88,88,0.00031789708684544206,0.0003055290083131312,-18.962525519540748,-19.12127743327705
89,89,0.00031670294918081503,0.0003097491908671432,-18.97737847383098,-19.061700131793962
90,90,0.00031515192354491617,0.0003047180392681376,-18.99993519025994,-19.132820285961465
91,91,0.00032044735019450487,0.00030507384891327664,-18.92416040961953,-19.127752124642047
92,92,0.00031325068161582823,0.00031061462236960466,-19.02903987883721,-19.049582972095596
93,93,0.0003097323981622599,0.00030546193317461173,-19.071089094614063,-19.12223097810631
94,94,0.00031610716886808807,0.00030603558192715834,-18.98796530079166,-19.114082700976432
95,95,0.00031522040155754645,0.00030765886338868817,-18.997467781188117,-19.09110762499681
96,96,0.0003144796046586803,0.0003075802815146744,-19.003457526327463,-19.092217036669656
97,97,0.0003123434330096718,0.0003080817236638579,-19.033854431482485,-19.085142583326512
98,98,0.0003156416029933379,0.00030283165764749835,-18.980497368165565,-19.159789199464385
99,99,0.0003126774297681512,0.0003133980728881924,-19.032447590093465,-19.01083872129975
100,100,0.00031213656778341715,0.0003067106452746023,-19.031584926243966,-19.104513440740178
101,101,0.0003137984763130008,0.00030682861382190724,-19.01417898902207,-19.102843357236814
102,102,0.0003125512862659645,0.0003066951666321409,-19.03459123785686,-19.10473261991583
103,103,0.00031272235678115223,0.0003033165075497604,-19.031954204278843,-19.152841469714396
104,104,0.0003085402320571167,0.00030119399736194233,-19.0802647060282,-19.183338814023394
105,105,0.0003082683320714103,0.0003023936894207605,-19.08804478686392,-19.166074700170658
106,106,0.0003119923343003449,0.0003012137389496753,-19.02978031295014,-19.18305416752559
107,107,0.00030885552555399455,0.0003077359670944708,-19.07760970361126,-19.09001935735229
108,108,0.00031229489412129926,0.0003043022772640382,-19.032595364765356,-19.138749913177964
109,109,0.00030964314661555224,0.00029944013007671426,-19.077583209749626,-19.208701909926766
110,110,0.0003099485367090086,0.00030642940577021554,-19.073462180024336,-19.108497547575347
111,111,0.00030938888115078673,0.00030156984269668003,-19.0695969644036,-19.17792284295041
112,112,0.0003101833503136469,0.00030533987477323726,-19.066720859328314,-19.123966706134702
113,113,0.0003163673424104363,0.0003047014516165578,-18.98367801406512,-19.133056705231223
114,114,0.0003060286630007448,0.00030107496116359373,-19.124651124613397,-19.18505554752031
115,115,0.0003110546436876097,0.00030153731227313215,-19.051764756195144,-19.178391342895672
116,116,0.0003093042733152541,0.00030693631790774435,-19.075229419204277,-19.10131914859538
117,117,0.0003092019451474867,0.00030108990368286247,-19.074004290339694,-19.184840010080503
118,118,0.0003096956946315801,0.0002914123286150004,-19.066710672657468,-19.326722724851738
119,119,0.0003077591788599786,0.0003044655834520726,-19.10596642572169,-19.13641986316705
120,120,0.000307270429233934,0.00029756645304395964,-19.106863444466345,-19.23596225481826
121,121,0.0003140997909700748,0.00030047258080326413,-19.010633238558764,-19.193753465330357
122,122,0.0003105696352539565,0.00029156497514218484,-19.060884029427918,-19.324448415182196
123,123,0.00030837354451878783,0.0003000313713288817,-19.088289791671727,-19.200135267611167
124,124,0.0003058242601985784,0.00029395327682753925,-19.124348572696885,-19.28901887931217
125,125,0.0003096902051090848,0.00029990471911763673,-19.080354321649054,-19.201968941502688
126,126,0.00030802107342883713,0.00029853508060209846,-19.09495856375915,-19.22184821719132
127,127,0.00030829802337918697,0.0002997985345581056,-19.087283200655477,-19.203506881090874
128,128,0.0003056778517292486,0.00029612089948434576,-19.117748289372695,-19.257111338497367
129,129,0.0003071924951767607,0.00030261410957839533,-19.112105837846734,-19.162910203364014
130,130,0.0003073758367069795,0.0002959513451634465,-19.10230879363153,-19.259598754809417
131,131,0.00030093414069287786,0.0002916919076692705,-19.183545170958954,-19.322558129835134
132,132,0.00030781596673402895,0.00029886354643263315,-19.102644919069277,-19.217072481003974
133,133,0.0003058038257091239,0.00029920710336514995,-19.125660594757342,-19.212082940170504
134,134,0.000309076568246195,0.00029610382625833154,-19.08606664624094,-19.257361743707623
135,135,0.0003052693449642471,0.0002925741014462945,-19.13210322857728,-19.309443138563513
136,136,0.00030578058645052396,0.0002959782294438858,-19.125234698967386,-19.259204258735775
137,137,0.00030557494748566184,0.00029370187947183455,-19.126667151931546,-19.292734680657148
138,138,0.00030330499872978123,0.0002884709836890627,-19.16148144764872,-19.3707805826641
139,139,0.00030231623179471294,0.00029272860602328653,-19.166348660184312,-19.307150291258395
140,140,0.00030053007871287,0.0002920595150882084,-19.200897304840034,-19.31708833949523
141,141,0.0002996292086462154,0.0002958484998855152,-19.209573737884853,-19.261108222495785
142,142,0.0003008422526991782,0.00029265254546005865,-19.193818035393686,-19.308278878436255
143,143,0.0002982797471388752,0.00029292685289156477,-19.218191467524555,-19.30421008049366
144,144,0.0003036213387643976,0.0002920616488585151,-19.15601343793129,-19.317056610301798
145,145,0.0003016119989081641,0.00028696209559903334,-19.180219567727125,-19.393556585532696
146,146,0.0003064969883386775,0.0002922116285557614,-19.12281790377879,-19.314826990743278
147,147,0.0003004969049967614,0.0002925746306764746,-19.208705679139843,-19.309435282723307
148,148,0.0003071790786109596,0.000289360139408688,-19.10809904056316,-19.357414887673425
149,149,0.00029919234304880897,0.00028286272151346664,-19.215481995536862,-19.45604478211054
150,150,0.0003036231110976606,0.0002913625687238221,-19.152130736215128,-19.327464364421665
151,151,0.00030552821243469864,0.00028940962511114776,-19.131005576753218,-19.356672230786998
152,152,0.0002977840110933235,0.00029012889411349435,-19.242833705551593,-19.34589211147657
153,153,0.0002999082707245498,0.00029493604884728004,-19.209359505277966,-19.274523358922494
154,154,0.0003048430224544532,0.0002875874863667904,-19.137816042106373,-19.384102088470595
155,155,0.0002977974501620863,0.0002945888677219811,-19.240040882084962,-19.279638625813906
156,156,0.00030193771787717476,0.0002883031801933325,-19.178796511180508,-19.373307607585094
157,157,0.0003047639701501034,0.00029459018352147385,-19.136434969920252,-19.279619227824185
158,158,0.00030038270681674025,0.0002890349240164812,-19.208943327586642,-19.362298721373985
159,159,0.0002924660484776976,0.00029037914416556686,-19.317358567499433,-19.342147728409433
160,160,0.0003014125797619141,0.0002848555618823555,-19.185792156195323,-19.425554901630765
161,161,0.00029936881847535596,0.0002992250956594944,-19.21687374033626,-19.211821792653183
162,162,0.000294291801971489,0.000287910352007633,-19.290493001045668,-19.379229132515764
163,163,0.00030064076928124214,0.00029139430108970324,-19.201918318851764,-19.326991399034988
164,164,0.00029594947634380045,0.00028664240074392994,-19.26127585511655,-19.398397611944645
165,165,0.00030155436747308977,0.00029626640025526285,-19.181750858735292,-19.25497793073456
166,166,0.0003060568847151031,0.00029126100095086977,-19.118627155609285,-19.32897856075958
167,167,0.00030112822663720657,0.00028895544758262605,-19.200597883655558,-19.363493072649653
168,168,373255328365240.75,0.0002903648909475458,161.75431756675152,-19.342360906455625
169,169,0.0003031039914745146,0.00029641980501381973,-19.16272617585481,-19.25272976497553
170,170,0.0003024025780590462,0.0002894285027746503,-19.18403498410294,-19.356388957633477
171,171,159178171634.8042,0.0002898838413928292,128.04040708510556,-19.3495618602313
172,172,0.00029820233245005773,0.00029226121688751797,-19.23420342565413,-19.31409005526139
173,173,0.0003005834794411263,0.0002908692986238748,-19.197347426864873,-19.33482310054597
174,174,0.0003023893373163859,0.00028963399573082204,-19.176142016936048,-19.353306580138405
175,175,0.00030373062904847346,0.0002959660318753633,-19.159216950078875,-19.25938323966519
176,176,0.0002993025346515105,0.0002864358707723257,-19.220751394914558,-19.401527893979637
177,177,0.0003007987073680252,0.00028691404211138815,-19.2045613157736,-19.394283898037884
178,178,0.0002972584523226989,0.0002920752296248745,-19.249476564548694,-19.31685466955441
179,179,0.00029856959878726255,0.0002904464705160966,-19.23102625641573,-19.34114090426416
180,180,0.0003067470146955193,0.0002887537411879748,-19.10957429494847,-19.36652573958395
181,181,0.0003027803928845744,0.00029850469467132106,-19.170255779918275,-19.222290279600625
182,182,0.00029875471190064567,0.0002912642835565892,-19.22394606028051,-19.328929614642114
183,183,0.00029932606509843477,0.00029093967781304136,-19.22196780167035,-19.333772401953038
184,184,0.0002968184639142884,0.00028904584714358573,-19.262386540415392,-19.362134597117866
185,185,0.0002975870614220897,0.00029005736302535395,-19.242619080883948,-19.34696299368514
186,186,0.0002974280001374787,0.00030118540100949377,-19.238007912572456,-19.183462767413673
187,187,0.0003072400658377014,0.00028870121643290316,-19.096088703033182,-19.367315799866674
188,188,0.00030098153463055947,0.0002916010255974374,-19.19659025494415,-19.32391146639621
189,189,0.0002917406778091315,0.0002879529538882994,-19.32736304555071,-19.37858655774024
190,190,0.0002986263878614709,0.00028787732835074787,-19.221148991962895,-19.379727301978654
191,191,0.0002954203912090587,0.0002893123631733225,-19.270637502029405,-19.35813201023722
192,192,0.0002976084756904963,0.0002926317607297709,-19.24628690679551,-19.308587333441118
193,193,0.00030035417156111565,0.00029171069036237895,-19.20149922538979,-19.322278486926354
194,194,0.00030182791662584875,0.0002933119386924725,-19.174385904800044,-19.298504533032514
195,195,0.0003048803176630058,0.00029377599161020234,-19.140183317739016,-19.2916389289875
196,196,0.0003003471902422799,0.0002875501185802645,-19.20295182308638,-19.384666427278297
197,197,0.00029966752638934736,0.0002950896558008696,-19.216984299583306,-19.272262079344078
198,198,0.0002995076425464766,0.0002978868509863356,-19.20729481584074,-19.231288602967677
199,199,0.00029357306067543775,0.0002960221624418505,-19.3040986039667,-19.258559669344073
200,200,0.0003002204142568499,0.0002915155890054609,-19.203354046055527,-19.32518409831183
201,201,0.0002997711156230881,0.00029147827483125423,-19.210437892279813,-19.325740033493382
202,202,0.0002965707915172595,0.00029268734445060164,-19.25454356661876,-19.307762494371307
203,203,0.00030190842712211625,0.0002912946740827082,-19.178502566698054,-19.328476495257902
204,204,0.00029859834842110226,0.00028460952116323536,-19.23266794952439,-19.429307691273806
205,205,0.00029679641311210534,0.00029470780512048423,-19.25008828643797,-19.277885557828164
206,206,0.0002960765670706547,0.00029748480301350355,-19.267923304157332,-19.2371540902286
207,207,,,,
208,208,,,,
209,209,,,,
210,210,,,,
211,211,,,,
212,212,,,,
213,213,,,,
214,214,,,,
215,215,,,,
216,216,,,,
217,217,,,,
218,218,,,,
219,219,,,,
220,220,,,,
221,221,,,,
222,222,,,,
223,223,,,,
224,224,,,,
225,225,,,,
226,226,,,,
227,227,,,,
228,228,,,,
229,229,,,,
230,230,,,,
231,231,,,,
232,232,,,,
233,233,,,,
234,234,,,,
235,235,,,,
236,236,,,,
237,237,,,,
238,238,,,,
239,239,,,,
240,240,,,,
241,241,,,,
242,242,,,,
243,243,,,,
244,244,,,,
245,245,,,,
246,246,,,,
247,247,,,,
248,248,,,,
249,249,,,,
250,250,,,,
251,251,,,,
252,252,,,,
253,253,,,,
254,254,,,,
255,255,,,,
256,256,,,,
257,257,,,,
258,258,,,,
259,259,,,,
260,260,,,,
261,261,,,,
262,262,,,,
263,263,,,,
264,264,,,,
265,265,,,,
266,266,,,,
267,267,,,,
268,268,,,,
269,269,,,,
270,270,,,,
271,271,,,,
272,272,,,,
273,273,,,,
274,274,,,,
275,275,,,,
276,276,,,,
277,277,,,,
278,278,,,,
279,279,,,,
280,280,,,,
281,281,,,,
282,282,,,,
283,283,,,,
284,284,,,,
285,285,,,,
286,286,,,,
287,287,,,,
288,288,,,,
289,289,,,,
290,290,,,,
291,291,,,,
292,292,,,,
293,293,,,,
294,294,,,,
295,295,,,,
296,296,,,,
297,297,,,,
298,298,,,,
299,299,,,,
300,300,,,,
301,301,,,,
302,302,,,,
303,303,,,,
304,304,,,,
305,305,,,,
306,306,,,,
307,307,,,,
308,308,,,,
309,309,,,,
310,310,,,,
311,311,,,,
312,312,,,,
313,313,,,,
314,314,,,,
315,315,,,,
316,316,,,,
317,317,,,,
318,318,,,,
319,319,,,,
320,320,,,,
321,321,,,,
322,322,,,,
323,323,,,,
324,324,,,,
325,325,,,,
326,326,,,,
327,327,,,,
328,328,,,,
329,329,,,,
330,330,,,,
331,331,,,,
332,332,,,,
333,333,,,,
334,334,,,,
335,335,,,,
336,336,,,,
337,337,,,,
338,338,,,,
339,339,,,,
340,340,,,,
341,341,,,,
342,342,,,,
343,343,,,,
344,344,,,,
345,345,,,,
346,346,,,,
347,347,,,,
348,348,,,,
349,349,,,,
350,350,,,,
351,351,,,,
352,352,,,,
353,353,,,,
354,354,,,,
355,355,,,,
356,356,,,,
357,357,,,,
358,358,,,,
359,359,,,,
360,360,,,,
361,361,,,,
362,362,,,,
363,363,,,,
364,364,,,,
365,365,,,,
366,366,,,,
367,367,,,,
368,368,,,,
369,369,,,,
370,370,,,,
371,371,,,,
372,372,,,,
373,373,,,,
374,374,,,,
375,375,,,,
376,376,,,,
377,377,,,,
378,378,,,,
379,379,,,,
380,380,,,,
381,381,,,,
382,382,,,,
383,383,,,,
384,384,,,,
385,385,,,,
386,386,,,,
387,387,,,,
388,388,,,,
389,389,,,,
390,390,,,,
391,391,,,,
392,392,,,,
393,393,,,,
394,394,,,,
395,395,,,,
396,396,,,,
397,397,,,,
398,398,,,,
399,399,,,,
400,400,,,,
401,401,,,,
402,402,,,,
403,403,,,,
404,404,,,,
405,405,,,,
406,406,,,,
407,407,,,,
408,408,,,,
409,409,,,,
410,410,,,,
411,411,,,,
412,412,,,,
413,413,,,,
414,414,,,,
415,415,,,,
416,416,,,,
417,417,,,,
418,418,,,,
419,419,,,,
420,420,,,,
421,421,,,,
422,422,,,,
423,423,,,,
424,424,,,,
425,425,,,,
426,426,,,,
427,427,,,,
428,428,,,,
429,429,,,,
430,430,,,,
431,431,,,,
432,432,,,,
433,433,,,,
434,434,,,,
435,435,,,,
436,436,,,,
437,437,,,,
438,438,,,,
439,439,,,,
440,440,,,,
441,441,,,,
442,442,,,,
443,443,,,,
444,444,,,,
445,445,,,,
446,446,,,,
447,447,,,,
448,448,,,,
449,449,,,,
450,450,,,,
451,451,,,,
452,452,,,,
453,453,,,,
454,454,,,,
455,455,,,,
456,456,,,,
457,457,,,,
458,458,,,,
459,459,,,,
460,460,,,,
461,461,,,,
462,462,,,,
463,463,,,,
464,464,,,,
465,465,,,,
466,466,,,,
467,467,,,,
468,468,,,,
469,469,,,,
470,470,,,,
471,471,,,,
472,472,,,,
473,473,,,,
474,474,,,,
475,475,,,,
476,476,,,,
477,477,,,,
478,478,,,,
479,479,,,,
480,480,,,,
481,481,,,,
482,482,,,,
483,483,,,,
484,484,,,,
485,485,,,,
486,486,,,,
487,487,,,,
488,488,,,,
489,489,,,,
490,490,,,,
491,491,,,,
492,492,,,,
493,493,,,,
494,494,,,,
495,495,,,,
496,496,,,,
497,497,,,,
498,498,,,,
499,499,,,,
500,500,,,,
501,501,,,,
502,502,,,,
503,503,,,,
504,504,,,,
505,505,,,,
506,506,,,,
507,507,,,,
508,508,,,,
509,509,,,,
510,510,,,,
511,511,,,,
512,512,,,,
513,513,,,,
514,514,,,,
515,515,,,,
516,516,,,,
517,517,,,,
518,518,,,,
519,519,,,,
520,520,,,,
521,521,,,,
522,522,,,,
523,523,,,,
524,524,,,,
525,525,,,,
526,526,,,,
527,527,,,,
528,528,,,,
529,529,,,,
530,530,,,,
531,531,,,,
532,532,,,,
533,533,,,,
534,534,,,,
535,535,,,,
536,536,,,,
537,537,,,,
538,538,,,,
539,539,,,,
540,540,,,,
541,541,,,,
542,542,,,,
543,543,,,,
544,544,,,,
545,545,,,,
546,546,,,,
547,547,,,,
548,548,,,,
549,549,,,,
550,550,,,,
551,551,,,,
552,552,,,,
553,553,,,,
554,554,,,,
555,555,,,,
556,556,,,,
557,557,,,,
558,558,,,,
559,559,,,,
560,560,,,,
561,561,,,,
562,562,,,,
563,563,,,,
564,564,,,,
565,565,,,,
566,566,,,,
567,567,,,,
568,568,,,,
569,569,,,,
570,570,,,,
571,571,,,,
572,572,,,,
573,573,,,,
574,574,,,,
575,575,,,,
576,576,,,,
577,577,,,,
578,578,,,,
579,579,,,,
580,580,,,,
581,581,,,,
582,582,,,,
583,583,,,,
584,584,,,,
585,585,,,,
586,586,,,,
587,587,,,,
588,588,,,,
589,589,,,,
590,590,,,,
591,591,,,,
592,592,,,,
593,593,,,,
594,594,,,,
595,595,,,,
596,596,,,,
597,597,,,,
598,598,,,,
599,599,,,,
600,600,,,,
601,601,,,,
602,602,,,,
603,603,,,,
604,604,,,,
605,605,,,,
606,606,,,,
607,607,,,,
608,608,,,,
609,609,,,,
610,610,,,,
611,611,,,,
612,612,,,,
613,613,,,,
614,614,,,,
615,615,,,,
616,616,,,,
617,617,,,,
618,618,,,,
619,619,,,,
