,epoch,train_loss,test_loss,train_dbs,test_dbs
0,0,9.579132068014137e-05,8.351868324864067e-05,-13.093594613603335,-13.69794447680656
1,1,7.008141180927644e-05,5.942545095948797e-05,-14.449811996806854,-15.176056002023737
2,2,5.102325607386427e-05,4.624705654446428e-05,-15.830811438541987,-16.26493989624191
3,3,4.1742504239214356e-05,4.040188440213617e-05,-16.69920438130786,-16.85176464624092
4,4,3.7441729480483495e-05,3.730560839405945e-05,-17.172375342980487,-17.19803959304794
5,5,3.535988476288207e-05,3.517174177671366e-05,-17.424372323132264,-17.453842103258218
6,6,3.309486119272235e-05,3.453737219005186e-05,-17.708829633416222,-17.532887955624066
7,7,3.33942056404902e-05,3.3041852427566865e-05,-17.671417732934767,-17.72513699116602
8,8,3.1203736182657484e-05,3.2165891178393445e-05,-17.96460228799042,-17.841824979940196
9,9,3.055223405493793e-05,3.155935040635277e-05,-18.057575686482238,-17.9245003088553
10,10,2.9934252113927176e-05,3.0654049336781576e-05,-18.145952744665607,-18.05090234277326
11,11,2.9325737225158217e-05,3.051923675612718e-05,-18.235704441243918,-18.0700441801314
12,12,2.902621809815023e-05,2.9914574138513816e-05,-18.280114002182874,-18.156952616873163
13,13,2.8561167372450636e-05,3.114989991253855e-05,-18.351120482372274,-17.981214307580984
14,14,2.9128523444163986e-05,2.9468518876360338e-05,-18.264838133516125,-18.222197780988566
15,15,2.8592406002625813e-05,2.9303927907389343e-05,-18.34382099467702,-18.24652249107814
16,16,2.835470498671525e-05,2.9411770044948515e-05,-18.382415410134954,-18.230569245334053
17,17,2.8084982350077383e-05,2.970999278324215e-05,-18.42021281774371,-18.18675540017245
18,18,2.800434382133409e-05,2.9158029256474326e-05,-18.434821937437867,-18.268199189439827
19,19,2.7661722924676724e-05,2.942817101077373e-05,-18.488378959298675,-18.22814815210641
20,20,2.7948058007111576e-05,2.9195907125923488e-05,-18.443027603305918,-18.262561128661687
21,21,2.7372478593720517e-05,2.9503288380127695e-05,-18.533159783459748,-18.217076620190923
22,22,2.7469702461568193e-05,2.8978736927935022e-05,-18.51954804545604,-18.29498634011972
23,23,2.746267999044125e-05,2.8054170367173164e-05,-18.52032353825489,-18.435806562855756
24,24,2.6976101975209924e-05,2.9745475522328268e-05,-18.59677036119377,-18.181571702169027
25,25,2.6943291344388254e-05,2.8768760641565006e-05,-18.603527696099246,-18.32656933444245
26,26,2.7025131634424545e-05,2.89016226911611e-05,-18.58959302039144,-18.30655859279506
27,27,2.6513952743886136e-05,2.8054560971213505e-05,-18.67285507756498,-18.43574609555404
28,28,2.6578285926625914e-05,2.9183983841855815e-05,-18.660937905940244,-18.264335101330328
29,29,2.6413433626714193e-05,3.236065506490903e-05,-18.689542663289835,-17.815607820342308
30,30,2.8966852744243745e-05,2.7832888582978693e-05,-18.28871650412887,-18.47019805234629
31,31,2.666707600322288e-05,2.7739749336768383e-05,-18.64741919458895,-18.484755539651488
32,32,2.640630422901427e-05,2.76008508272322e-05,-18.68991485945704,-18.506556164410238
33,33,2.6256299730148477e-05,2.983388568329821e-05,-18.7130786610536,-18.16868265050453
34,34,2.6034333675796136e-05,2.8632959296565357e-05,-18.75109868355226,-18.347118504350938
35,35,2.6095416540125163e-05,3.310710206661545e-05,-18.742540887448495,-17.716569186098674
36,36,2.5716272933461424e-05,3.385510104922823e-05,-18.806252480119895,-17.619539719292646
37,37,2.6921477685916507e-05,2.7064544203887253e-05,-18.60471369241855,-18.591773688266425
38,38,2.6328442443852893e-05,2.6943202867282946e-05,-18.70345298380916,-18.611288652115945
39,39,2.6080457133765467e-05,2.703345537730983e-05,-18.744395285664407,-18.596765261863332
40,40,2.598797498686724e-05,2.7199067565226487e-05,-18.760628750810838,-18.57024070463442
41,41,2.6013854602348784e-05,2.6826879452289032e-05,-18.755856187230627,-18.630079285821243
42,42,2.595428906584557e-05,2.6572748729928496e-05,-18.764453711301133,-18.67141605440508
43,43,2.6115950886472175e-05,2.6425039227194103e-05,-18.740032625823567,-18.695624456505232
44,44,2.5839034606178757e-05,2.7023652556205268e-05,-18.784376975679685,-18.598340378003357
45,45,2.579877283218612e-05,2.6461125104871923e-05,-18.791758412094996,-18.689697802462458
46,46,2.5654061733128157e-05,2.6232365550975756e-05,-18.816671385331198,-18.727406306817436
47,47,2.5568642984618453e-05,2.6360782947832423e-05,-18.828778045903732,-18.706197811314745
48,48,2.5623329035165486e-05,2.6724879717221484e-05,-18.82028866309856,-18.646623271061475
49,49,2.5638426309670488e-05,2.579915292842902e-05,-18.818394419226124,-18.7997263945565
50,50,2.553314184343932e-05,2.6392250890096063e-05,-18.838181969669463,-18.701016552794183
51,51,2.5599940356899885e-05,2.6409573413394882e-05,-18.825662492151732,-18.69816700104083
52,52,2.536928073335655e-05,2.6633385124640834e-05,-18.863900208298293,-18.661517172032237
53,53,2.5514261614796514e-05,3.029438515736011e-05,-18.8406934015062,-18.102159436717567
54,54,2.5568351271225035e-05,2.9700740062827735e-05,-18.829622699533736,-18.18810815421488
55,55,2.5395838259935342e-05,2.6509945057209972e-05,-18.860737554436803,-18.68169258684365
56,56,2.5086217684690484e-05,2.756935607880893e-05,-18.91234021017975,-18.51151463663721
57,57,2.57176072371988e-05,2.9891997512190994e-05,-18.804934702716224,-18.160231488885756
58,58,4.436055974814004e-05,2.9021103584550712e-05,-16.435243198026793,-18.288641630101615
59,59,2.72428316429327e-05,2.7864040308294964e-05,-18.552209069216502,-18.46533996624112
60,60,2.662171260153721e-05,2.720471389980766e-05,-18.6553716372943,-18.56933923348872
61,61,2.6443358637124285e-05,2.7285001507200496e-05,-18.684702115785562,-18.556541042186332
62,62,2.5959140029297805e-05,2.6930896829550254e-05,-18.763424640871943,-18.613272701744403
63,63,2.5877295416817622e-05,2.6877265937448675e-05,-18.776398892631736,-18.62192997863859
64,64,2.5932725002723938e-05,2.6720242443077853e-05,-18.770322840454853,-18.647376919849354
65,65,2.5657464649747892e-05,2.6715878017344757e-05,-18.81443243193847,-18.648086344860168
66,66,2.5835713797240498e-05,2.6337607873995838e-05,-18.78510897002985,-18.71001758917771
67,67,2.5576609792532855e-05,2.646732910330971e-05,-18.8298509184544,-18.688679687597812
68,68,2.5335078088076997e-05,2.666700244222547e-05,-18.869399073557602,-18.656038856347937
69,69,2.5390865517955408e-05,2.6239776018069517e-05,-18.85927293007031,-18.726179627329117
70,70,2.5057306892140143e-05,2.591542885822587e-05,-18.917401217211438,-18.780196862250502
71,71,2.4996790089812513e-05,2.598340669417092e-05,-18.92958230141474,-18.768819953458056
72,72,2.5054620601088e-05,2.614206680032351e-05,-18.917185430929486,-18.742381662626578
73,73,2.4831551967246323e-05,2.5148364281784253e-05,-18.95728328899807,-18.91068343715126
74,74,2.496990477946796e-05,2.5841223568453354e-05,-18.932576438790235,-18.79265012900834
75,75,2.479063786989913e-05,2.5158202142368903e-05,-18.965889115030045,-18.908984840358112
76,76,2.4859095939279643e-05,2.8735042417936614e-05,-18.952357973237987,-18.331662437632346
77,77,2.448958529731902e-05,3.7244530463603474e-05,-19.016736908584793,-17.2051558277068
78,78,2.4681387622342637e-05,3.563170541479179e-05,-18.98276761188919,-17.39741477153704
79,79,2.4367029929879246e-05,2.9751492260593775e-05,-19.03906547268144,-18.180693325897415
80,80,2.426906056703937e-05,4.0205328811058085e-05,-19.057772969466207,-16.87294468072642
81,81,2.4366995294070705e-05,3.6610132921946626e-05,-19.03719848883808,-17.279767806322578
82,82,2.411584041370007e-05,4.1018561349023674e-05,-19.08154056745453,-16.785976621126043
83,83,2.4294381049556476e-05,3.669605968369931e-05,-19.052699933821977,-17.269586528522826
84,84,2.425247643746918e-05,3.524841505216165e-05,-19.059856770935056,-17.44438492647976
85,85,2.4020199638583755e-05,3.771275748333306e-05,-19.10018317458437,-17.150897979950905
86,86,2.414847839992438e-05,5.049897711279826e-05,-19.076709269294124,-15.882955050164542
87,87,2.3918806121954047e-05,4.125681152800098e-05,-19.119877954576125,-16.76082425204109
88,88,2.387355492566112e-05,4.8150852690971655e-05,-19.131646461342772,-16.089741039907793
89,89,2.3767965638061348e-05,3.81064326479406e-05,-19.145793661697816,-17.105797923400143
90,90,2.397107012247662e-05,5.821691641023407e-05,-19.110401937954055,-15.265288879987827
91,91,2.380531610076114e-05,2.5147376283329275e-05,-19.142962945455636,-18.91085406085512
92,92,2.395897226773572e-05,2.4786601754481364e-05,-19.113792362615836,-18.973610972946545
93,93,2.3964870912826993e-05,2.4651245200259024e-05,-19.112761705073137,-18.997392247858926
94,94,2.3858442396023336e-05,2.9084094708914083e-05,-19.13015586731715,-18.279225361251218
95,95,2.375508272999684e-05,2.4462049623252824e-05,-19.149950657333456,-19.030852434895653
96,96,2.347224090419669e-05,2.6188213125447202e-05,-19.199573435216102,-18.73472219679358
97,97,2.3711045184061676e-05,2.8892766510436656e-05,-19.156731023020857,-18.30788958374508
98,98,2.345957233684231e-05,3.1343120625885936e-05,-19.204891577146277,-17.95435852231904
99,99,2.3509676128052195e-05,4.0744716898188926e-05,-19.19593584674713,-16.815067817355168
100,100,2.3339566695605902e-05,4.871721361460483e-05,-19.2276942340378,-16.038956455045014
101,101,2.365159973836403e-05,6.348822975460759e-05,-19.1683948847459,-14.888848685388094
102,102,2.3594893090629148e-05,2.5079220377895245e-05,-19.178864778791926,-18.92264054601426
103,103,2.368120471915391e-05,2.4261925462173838e-05,-19.16448042967847,-19.066528221792264
104,104,2.386539376716756e-05,2.3955314214905038e-05,-19.128873402557755,-19.121762145816433
105,105,2.371616775826155e-05,2.4296407182670298e-05,-19.15583578951617,-19.060360290300554
106,106,2.3511130888268264e-05,2.4394990855637988e-05,-19.196281245188167,-19.04277426673045
107,107,2.3656440931780398e-05,2.44304104087764e-05,-19.167246016366025,-19.03647323539041
108,108,2.323650842862259e-05,2.4734366984615152e-05,-19.24668351657231,-18.98277286186239
109,109,2.3316276495926413e-05,2.4602784929141452e-05,-19.230065140748508,-19.005938161796795
110,110,2.3519030552970716e-05,2.4603972729221967e-05,-19.19443083180227,-19.00572849343203
111,111,2.3316014242660347e-05,2.5009642884374205e-05,-19.229867620456904,-18.934705958949575
112,112,2.3455521728727635e-05,2.4384520656894892e-05,-19.20729903088875,-19.044638635383354
113,113,2.3393182561552204e-05,2.459076811072392e-05,-19.21681087019326,-19.00805991869788
114,114,2.32238312632616e-05,2.4578126517314414e-05,-19.248150911923815,-19.010293108775763
115,115,2.3261198978232023e-05,2.4075415862362686e-05,-19.24012709480364,-19.100042887589307
116,116,2.3156037490686506e-05,3.0545000634830153e-05,-19.259793763577502,-18.066379478336987
117,117,2.3022864438316153e-05,2.3796512801996678e-05,-19.28764232452008,-19.150647671626007
118,118,2.3223958911311803e-05,3.123685392462281e-05,-19.247654240977127,-17.96910799662274
119,119,2.3045682910284912e-05,2.4447523269612392e-05,-19.277930030461434,-19.03343218157532
120,120,2.314130856153572e-05,2.3413129096489254e-05,-19.264041487401926,-19.22118626560122
121,121,2.3229228701762322e-05,3.088548347525495e-05,-19.24687509763927,-18.018236822409392
122,122,2.3187484123237603e-05,3.7374353556323946e-05,-19.2540867204571,-17.190043966836498
123,123,2.3183321937937864e-05,2.4481035373020476e-05,-19.25467184463511,-19.02748304909862
124,124,2.2741291310743802e-05,2.4199116523959674e-05,-19.339796172749462,-19.07778575544664
125,125,2.2892512779154205e-05,2.4142106523964014e-05,-19.309655397611433,-19.088029244679532
126,126,2.294760085448812e-05,2.6725473952338736e-05,-19.30276705385548,-18.64652670555174
127,127,2.2894528285046972e-05,4.8761287249171324e-05,-19.309100379871463,-16.03502924290606
128,128,2.2904158774424302e-05,3.515124875488446e-05,-19.30771188621312,-17.456373283028192
129,129,2.3056992195614437e-05,4.9072127646803365e-05,-19.28078707343198,-16.007431979977675
130,130,2.2988178982617234e-05,4.9514453789207004e-05,-19.29036597732438,-15.968460937656934
131,131,2.2952314493616624e-05,5.041329888243988e-05,-19.298113811900027,-15.89032969140376
132,132,2.305447545500242e-05,4.756480537157346e-05,-19.280016463976974,-16.142923623127786
133,133,2.298832158576073e-05,3.706591144835233e-05,-19.291507592033646,-17.226034024657256
134,134,2.3029996161322114e-05,5.50915789828746e-05,-19.286075701154697,-15.50492866437343
135,135,2.2790643503033127e-05,5.1494264641262e-05,-19.329608218566165,-15.798192257014133
136,136,2.2881208800773146e-05,6.303334195859191e-05,-19.311605239582438,-14.920077527751644
137,137,2.2718622699123688e-05,7.893153959134667e-05,-19.344423072571487,-13.943275123517713
138,138,2.2653263118796138e-05,4.687442311765871e-05,-19.35695923509181,-16.206421504104142
139,139,2.2706151867168956e-05,2.8981943710517188e-05,-19.345128529525347,-18.29450577710142
140,140,2.25389177694055e-05,3.1874562218466674e-05,-19.37969500460802,-17.881338576673336
141,141,2.255142424980205e-05,6.310133769722215e-05,-19.377087425510748,-14.915395202950709
142,142,2.2740732693472235e-05,5.0167181813632945e-05,-19.337533861510575,-15.911583814963418
143,143,2.2893719641118522e-05,3.2149059495024724e-05,-19.311168489389107,-17.84409813953949
144,144,2.2618279817646737e-05,5.024071680581026e-05,-19.363749907690714,-15.905222592892612
145,145,2.290571165692959e-05,3.940915504292781e-05,-19.30571607246126,-16.959809629092955
146,146,2.2724265429283104e-05,4.861197875901493e-05,-19.34274611013513,-16.04834786861409
147,147,2.3208488875246348e-05,5.938120796743437e-05,-19.252616529657168,-15.17929058304361
148,148,2.2795278522439214e-05,2.669673736626895e-05,-19.33071388355112,-18.65119897263111
149,149,2.2309497421467557e-05,6.274286773221225e-05,-19.422385907162184,-14.940137216025251
150,150,2.2265054625320998e-05,3.237438039305791e-05,-19.432481209366674,-17.813766210362637
151,151,2.2598711964128223e-05,6.894290804905865e-05,-19.365081231649604,-14.530884880940082
152,152,2.287493631585451e-05,2.3557409086175828e-05,-19.314884227963564,-19.194505625834307
153,153,2.2699856832407452e-05,2.660386177778587e-05,-19.346753356776944,-18.666334035670708
154,154,2.2407927766853954e-05,2.42192099425378e-05,-19.40438389166208,-19.074181144569373
155,155,2.2397326574719045e-05,2.305474529413531e-05,-19.405938654131937,-19.288177577755818
156,156,2.2409503461736658e-05,6.130430071942483e-05,-19.404150774097474,-15.040871434049237
157,157,2.271694000265813e-05,5.378758118910666e-05,-19.343964267242658,-15.608960716954511
158,158,2.214292858626163e-05,2.4214044969994575e-05,-19.45499074930527,-19.075107416853673
159,159,2.2084530756569385e-05,4.225241120462e-05,-19.464939526629898,-16.657265885928872
160,160,2.2135584632198197e-05,2.3335605491363248e-05,-19.45596135847064,-19.23559012276759
161,161,2.2056228641004147e-05,2.9861033812937277e-05,-19.4718547002103,-18.164732470553343
162,162,2.229528005964593e-05,4.6944604132716594e-05,-19.42649856871347,-16.199924051689123
163,163,2.2043476118850186e-05,4.6126489427191895e-05,-19.477126175753085,-16.27627683538692
164,164,2.1879787306444114e-05,2.7568658065559392e-05,-19.507570593471716,-18.511624594642512
165,165,2.2384989607257686e-05,6.258290302771217e-05,-19.408606434383064,-14.9512238146984
166,166,2.2013196396130167e-05,3.673130537974526e-05,-19.480327759697886,-17.265417234836203
167,167,2.171291631272005e-05,6.591278724954464e-05,-19.53965921709525,-14.726084093182035
168,168,2.2078528016527814e-05,6.750206706017612e-05,-19.46786942345638,-14.622610142511586
169,169,2.1913933206755264e-05,6.540976324973407e-05,-19.500514924462333,-14.75935509119456
170,170,2.2201849975486373e-05,4.8569233608998874e-05,-19.444506846926412,-16.052168356859696
171,171,2.1802220366338325e-05,8.086502384685446e-05,-19.5241767661561,-13.838173673713756
172,172,2.2101126203254062e-05,4.71690631648495e-05,-19.46479818980427,-16.179208356148415
173,173,2.1989565332838427e-05,5.3307509580535174e-05,-19.485713344065058,-15.647896926923224
174,174,2.2265888763229798e-05,6.38168645118161e-05,-19.4329694471355,-14.866426239612542
175,175,2.2218003876557688e-05,7.765596082639317e-05,-19.43885035517288,-14.014032887919115
176,176,2.1968815633148007e-05,6.920448255473992e-05,-19.489790629181208,-14.514438605742955
177,177,2.2270890290248233e-05,8.945998649180278e-05,-19.42867204521822,-13.399492580684178
178,178,2.1775527034385715e-05,6.216519566231382e-05,-19.528767853640044,-14.98030781416999
179,179,2.2138599353976254e-05,4.3727235223693574e-05,-19.45470678490834,-16.508260675938523
180,180,2.2380437333116995e-05,5.316837488958539e-05,-19.40657537827731,-15.659247001771494
181,181,2.1964913235164785e-05,0.00013622588630823884,-19.488087440178163,-11.573184441505006
182,182,2.2148656930814057e-05,0.00012078115799484199,-19.455325471067326,-12.095788972175166
183,183,2.3626306831351238e-05,2.391365045408939e-05,-19.172821130165968,-19.129322094568945
184,184,2.2317248397850618e-05,2.3281933289054952e-05,-19.421072945848753,-19.24559045835086
185,185,2.2082882452130286e-05,2.3692909005484053e-05,-19.4657141132199,-19.169596998360504
186,186,2.1984299367891393e-05,2.406620450002313e-05,-19.485977793841688,-19.1017048357554
187,187,2.223474036055478e-05,2.3203639820597966e-05,-19.43815280186771,-19.260219708329743
188,188,2.2100847288420108e-05,2.3449346611558115e-05,-19.46406332096768,-19.21447340212714
189,189,2.2035313807079837e-05,2.29173532907704e-05,-19.47510786823794,-19.31413626504834
190,190,2.2420623731564192e-05,2.3364474959395776e-05,-19.398924846195328,-19.2302206021423
191,191,2.1978377694769322e-05,2.35908264585305e-05,-19.48705734174858,-19.188349305167833
192,192,2.1758503900161588e-05,2.3429563952959143e-05,-19.53226094963563,-19.218138802996506
193,193,2.1939666412342293e-05,2.2658569880724444e-05,-19.493200249402097,-19.36345590884766
194,194,2.200213427770614e-05,2.2906470277168984e-05,-19.481610959462156,-19.316199136487008
195,195,2.1927656056617444e-05,2.2675196736312692e-05,-19.497712171887397,-19.360270225196814
196,196,2.205093401290966e-05,2.2848236097304737e-05,-19.472784564899076,-19.327254085205194
197,197,2.1862016661337473e-05,2.2985107008073674e-05,-19.508403457064492,-19.301315563617084
198,198,2.2171446270823655e-05,2.348236773143167e-05,-19.450345579920278,-19.208362015524454
199,199,2.190967659340252e-05,2.3521875271781984e-05,-19.5002778364567,-19.201061435954653
200,200,2.190210396236711e-05,2.3321585630535418e-05,-19.50260902799481,-19.238200116310466
201,201,2.2087041599530194e-05,2.3878683111290326e-05,-19.466163993185038,-19.135677141749664
202,202,2.2046020491223917e-05,2.3579997440193485e-05,-19.47513624097325,-19.19034332715096
203,203,2.2107087959776653e-05,2.3070310290725166e-05,-19.46250223828478,-19.28524650599853
204,204,2.182858925246449e-05,2.2896630789067497e-05,-19.515926159517715,-19.318065051830505
205,205,2.2008543261839916e-05,2.304663973374868e-05,-19.479908589700884,-19.289704733689547
206,206,2.3053231510032476e-05,2.520705809154989e-05,-19.27959561879463,-18.900559240770626
207,207,2.2558907769109153e-05,2.355922582577669e-05,-19.374788398838753,-19.194170712279647
208,208,2.2461025155186606e-05,2.3665078563346087e-05,-19.392396701393544,-19.174701357502975
209,209,2.2013879914215367e-05,2.3399895422028893e-05,-19.480434484990997,-19.2236416984666
210,210,2.214126127619613e-05,2.3416860896855052e-05,-19.454816822727018,-19.2204941021777
211,211,2.2080140503752884e-05,2.3320190896476178e-05,-19.46668673654767,-19.23845985140245
212,212,2.2124086875188257e-05,2.321970743268091e-05,-19.458144157467846,-19.25721342982701
213,213,2.1957007072732147e-05,2.3505120656122208e-05,-19.491155036165825,-19.20415601484142
214,214,2.1867715245723057e-05,2.3184792696970124e-05,-19.510627486543743,-19.263748692517172
215,215,2.1785295616937968e-05,2.2941463708105547e-05,-19.52609078335809,-19.309569630819603
216,216,2.2212361108893337e-05,2.2988042809102855e-05,-19.439191855742123,-19.300760891077246
217,217,2.1761070475457525e-05,2.32881476748796e-05,-19.532035128635815,-19.244431399387587
218,218,2.189453465989479e-05,2.3522270183955124e-05,-19.504697838844827,-19.20098852223671
219,219,2.1864612115434247e-05,2.3359132204572425e-05,-19.50987769150855,-19.231213816959777
220,220,2.171874720514416e-05,2.295458857827869e-05,-19.53864266818801,-19.30708573141505
221,221,2.1907375262391313e-05,2.3497820094282934e-05,-19.501045176818206,-19.20550511925764
222,222,2.196222411248996e-05,2.2719097231808854e-05,-19.491077999481,-19.351870161125298
223,223,2.191372071316324e-05,2.2505114860618242e-05,-19.500047905884156,-19.392968525145754
224,224,2.1877102506213184e-05,2.3710578429209388e-05,-19.506755594696564,-19.16635937429823
225,225,2.1951800337455536e-05,2.3410710797945382e-05,-19.491088359526948,-19.221634863459276
226,226,2.1919770943830223e-05,2.2902013944602866e-05,-19.499031739148162,-19.317044115613463
227,227,2.188702529031044e-05,2.2955277113636074e-05,-19.507577966821767,-19.306955464379058
228,228,2.1766321700964646e-05,2.3343110354433423e-05,-19.528477092784666,-19.23419363163117
229,229,2.1984384991660637e-05,2.9310241236663914e-05,-19.484838780244043,-18.24558693432897
230,230,2.189824340114017e-05,2.334248409552904e-05,-19.504623329741293,-19.234310147567037
231,231,2.1777878800159818e-05,2.320829461448164e-05,-19.526232414565985,-19.259348574071083
