,epoch,train_loss,test_loss,train_dbs,test_dbs
0,0,5.3207957760080426e-05,5.285990233747534e-05,-32.7456591952961,-32.75973461385246
1,1,5.126412672569169e-05,5.181095146230961e-05,-32.90220107950641,-32.84678249996463
2,2,5.066068006647012e-05,5.0591492158434304e-05,-32.953488347064244,-32.950223290007386
3,3,4.9326693245807434e-05,4.948791722295267e-05,-33.08046512586431,-33.04600641563405
4,4,4.8164203971535566e-05,4.848103574323958e-05,-33.16693698246817,-33.135279283165346
5,5,4.841496384991861e-05,4.753111294887372e-05,-33.14852344770151,-33.22121834299986
6,6,4.6788723114697915e-05,4.652281438067899e-05,-33.301534143366226,-33.314338384536335
7,7,4.630494866845409e-05,4.5734974839050614e-05,-33.3399056699703,-33.38851373295535
8,8,4.538050108618036e-05,4.497643442989915e-05,-33.43121531519376,-33.46114794632601
9,9,4.358847053078263e-05,4.416913131870771e-05,-33.61016797744412,-33.5398095978684
10,10,4.40357371471035e-05,4.338230600727624e-05,-33.560898108524235,-33.617871843677875
11,11,4.258313402743559e-05,4.264532617526129e-05,-33.7053443398169,-33.69228377305481
12,12,4.2149739361850585e-05,4.199629467238035e-05,-33.75413458418398,-33.75888843448446
13,13,4.1112536020647765e-05,4.141888386680206e-05,-33.862865656734954,-33.819014262035786
14,14,4.068211864691453e-05,4.089283864136393e-05,-33.91179200390332,-33.874525589487476
15,15,3.961979110527798e-05,4.008488241724033e-05,-34.01669195382477,-33.96119203790899
16,16,3.972236609303023e-05,3.966660810156578e-05,-34.00743460285711,-34.00674752324441
17,17,3.996008353610283e-05,3.8994345997803304e-05,-33.98259161282782,-34.08098176917383
18,18,3.8366235889249585e-05,3.85072483990562e-05,-34.16139841069688,-34.13557331310541
19,19,3.8495309689603073e-05,3.796113933755183e-05,-34.14782092420956,-34.19760579246804
20,20,3.6746917065045766e-05,3.7381954921568794e-05,-34.35034489319085,-34.26437808349806
21,21,3.7256594314197916e-05,3.701849307521785e-05,-34.29488161360129,-34.30681081992049
22,22,3.61623612671164e-05,3.657521493120217e-05,-34.417171847376565,-34.35912930890776
23,23,3.62655075113037e-05,3.61630489734173e-05,-34.40442069715984,-34.408347782744556
24,24,3.5542069847147054e-05,3.553327807917652e-05,-34.501699789993225,-34.484645431463456
25,25,3.39877722618655e-05,3.5221203640838594e-05,-34.69397864537435,-34.52295624432196
26,26,3.344371515661046e-05,3.484447638344902e-05,-34.75096587389678,-34.5696587513642
27,27,3.384893189485007e-05,3.4429503150596774e-05,-34.70603724518694,-34.621690623099504
28,28,3.3423342231508664e-05,3.417093466850929e-05,-34.75614624335299,-34.6544295968799
29,29,3.303391955323042e-05,3.3723810893685656e-05,-34.81321407026757,-34.71163172461542
30,30,3.2412181174071724e-05,3.3329378646541095e-05,-34.890170433665745,-34.76272600526876
31,31,3.197591565564375e-05,3.287317476382381e-05,-34.96193799282298,-34.82258169205853
32,32,3.2418043514384804e-05,3.270706513017343e-05,-34.89031142386878,-34.844582420228974
33,33,3.140510384160809e-05,3.2198756583200426e-05,-35.034556754605184,-34.91260716886466
34,34,3.1022871572184666e-05,3.2039418472681735e-05,-35.08543628158698,-34.934151929129996
35,35,3.1116738120038735e-05,3.1630366433283165e-05,-35.075021555807865,-34.98995594606461
36,36,3.2450227343960975e-05,3.128677972678193e-05,-34.888833723165725,-35.03738953234111
37,37,3.08878379749415e-05,3.095782372647112e-05,-35.109330842481,-35.08329394746657
38,38,2.8695185711072065e-05,3.0708057142634826e-05,-35.42444856490857,-35.11847477704912
39,39,2.946370794646653e-05,3.0515028284801366e-05,-35.3043083839067,-35.14586040944595
40,40,2.8801286725396983e-05,3.021000913194209e-05,-35.40491396541143,-35.18948961238243
41,41,2.9277069526082433e-05,2.987976308519903e-05,-35.338664925224755,-35.23722668128133
42,42,2.906932374018427e-05,2.963387506545252e-05,-35.36160984776765,-35.27311372200032
43,43,2.835163923947155e-05,2.9303245499154162e-05,-35.47569048243422,-35.32184094217877
44,44,2.8071368939618906e-05,2.915163177500577e-05,-35.51601421058337,-35.344369481969025
45,45,2.8547412137076087e-05,2.8935116317466292e-05,-35.44429210135775,-35.37674585249593
46,46,2.7865064599684477e-05,2.8667822909100276e-05,-35.54332241788717,-35.41705104769996
47,47,2.7947768778420178e-05,2.8415986123850178e-05,-35.54238673430391,-35.4553708576792
48,48,2.7581792948563516e-05,2.8140560205333475e-05,-35.583134191771144,-35.497670789330414
49,49,2.7509456240576837e-05,2.798205806405014e-05,-35.61198394844249,-35.52220164354579
50,50,2.629576543374251e-05,2.7801644663620545e-05,-35.8032216772428,-35.55029329527278
51,51,2.68205816441362e-05,2.7487707867342243e-05,-35.72082917232336,-35.599612911911485
52,52,2.628885400535529e-05,2.7315642766648363e-05,-35.80483103171606,-35.62688393400749
53,53,2.573783129583276e-05,2.7202363478289427e-05,-35.89415863000446,-35.64493178426364
54,54,2.6095503439062238e-05,2.685464000693939e-05,-35.83602179785137,-35.700804828648586
55,55,2.539886916509335e-05,2.6743038114019375e-05,-35.9431475292486,-35.71889074505799
56,56,2.5440929113249967e-05,2.6495694041123468e-05,-35.9338390978381,-35.75924517670273
57,57,2.6059788519747017e-05,2.630618502352215e-05,-35.8460144787328,-35.790419474082135
58,58,2.532618761797119e-05,2.612167152524068e-05,-35.97065538085407,-35.82098853803471
59,59,2.4904348448245336e-05,2.5840993418425666e-05,-36.037649427361,-35.86790612343777
60,60,2.4428808173229535e-05,2.5826588362657565e-05,-36.12504020878562,-35.870327772053024
61,61,2.4693079729931735e-05,2.5612066326031806e-05,-36.08368110639992,-35.906551999709954
62,62,2.402630483273467e-05,2.543508736906867e-05,-36.177113761530954,-35.936665840272624
63,63,2.441685454372062e-05,2.5308295478584785e-05,-36.12420000399961,-35.95836921513489
64,64,2.382409853528292e-05,2.5111832560229997e-05,-36.224047671128886,-35.99221410862368
65,65,2.3939127562154737e-05,2.4947763641217823e-05,-36.21018625655254,-36.02068196962165
66,66,2.3994800170671107e-05,2.4882383034932182e-05,-36.20617395310481,-36.03207846540634
67,67,2.4260199144506615e-05,2.4644637577646216e-05,-36.15448761965014,-36.07377381958179
68,68,2.3254027612508544e-05,2.4488773449679446e-05,-36.3286471753542,-36.101327842944855
69,69,2.378301847859324e-05,2.4398613037958155e-05,-36.228684648363874,-36.117346786276975
70,70,2.269753966493695e-05,2.4245151507784612e-05,-36.44714235671487,-36.14474915427704
71,71,2.350775244361937e-05,2.412401791891745e-05,-36.28612468535247,-36.1665017540523
72,72,2.2517384479083985e-05,2.3964597858139314e-05,-36.482867593723455,-36.19529672151705
73,73,2.2759640882044943e-05,2.39743324192731e-05,-36.430528562309014,-36.19353294989436
74,74,2.2690894512220203e-05,2.3826900168818322e-05,-36.44202759788285,-36.22032272597022
75,75,2.1815292786845228e-05,2.3640296173030756e-05,-36.61183105798747,-36.25446904570429
76,76,2.2836656105787416e-05,2.3534201031189266e-05,-36.41339850020859,-36.27400358876211
77,77,2.1933239341453054e-05,2.3415567403916565e-05,-36.58897615637494,-36.29595131760644
78,78,2.2597538547190723e-05,2.319709509672401e-05,-36.46111493006466,-36.336662149022956
79,79,2.243350030129449e-05,2.3075753281438282e-05,-36.49655843356389,-36.35943930817496
80,80,2.2475138731473653e-05,2.3091780588545492e-05,-36.48502432416836,-36.35642395485951
81,81,2.144953841426033e-05,2.2833392952299236e-05,-36.68347401399795,-36.40529367055233
82,82,2.202594031090128e-05,2.278238523439014e-05,-36.56642185359842,-36.41500626585859
83,83,2.1365700339413604e-05,2.2702991803893574e-05,-36.70132201026175,-36.4301672543018
84,84,2.182206681589884e-05,2.2570524953679477e-05,-36.61724581826079,-36.45558157612835
85,85,2.2182760506804753e-05,2.2443903952463235e-05,-36.542275263068554,-36.48001416296532
86,86,2.1952463640380153e-05,2.250066609121859e-05,-36.58742077554491,-36.46904442992528
87,87,2.1649133243007565e-05,2.2344587801183624e-05,-36.65788359112802,-36.499274703104625
88,88,2.0954122042031984e-05,2.2263691981176014e-05,-36.78849414161921,-36.51502632900147
89,89,2.0545162714342106e-05,2.2101465411220777e-05,-36.877540869581814,-36.54678747775165
90,90,2.059634298160576e-05,2.201660649198426e-05,-36.86364228484149,-36.56349437550296
91,91,2.1035268256343545e-05,2.1946846429368872e-05,-36.77198033361334,-36.57727693063239
92,92,2.1060356995860145e-05,2.1851243218407035e-05,-36.76888963161374,-36.596236667575376
93,93,2.116583149022658e-05,2.1717930442384003e-05,-36.73706184358805,-36.6228137994392
94,94,2.0923773253972032e-05,2.1604583181263143e-05,-36.78997629218054,-36.645539259367396
95,95,2.0577940528344642e-05,2.1631562432096535e-05,-36.86788987796224,-36.640119284428664
96,96,2.0143695728995563e-05,2.1504246002510435e-05,-36.95941577045835,-36.665755981823914
97,97,2.036941705884282e-05,2.139005080511867e-05,-36.91443628459287,-36.688880016927044
98,98,2.04397439523108e-05,2.140077805578537e-05,-36.897565900882455,-36.68670254759908
99,99,2.036574812908717e-05,2.124602130942022e-05,-36.91539356442554,-36.71822205058544
100,100,2.046051088551938e-05,2.1306283088051714e-05,-36.90030883380531,-36.7059212477048
101,101,2.025814408569335e-05,2.1208373302789896e-05,-36.94068886457177,-36.72592458690446
102,102,1.9503856145599185e-05,2.105333250686894e-05,-37.090464981412,-36.75778968222912
103,103,1.997883770020484e-05,2.1016673647529005e-05,-36.992066990136514,-36.76535837346976
104,104,2.0914721203225033e-05,2.099875487865096e-05,-36.7975206232988,-36.769062737885896
105,105,2.0271496180509165e-05,2.0834313641228763e-05,-36.9269008814663,-36.8032062001646
106,106,2.002489671531762e-05,2.0850482733773167e-05,-36.97846160669891,-36.799837035081765
107,107,1.95625352904413e-05,2.0863897924228742e-05,-37.08054132346429,-36.79704368501999
108,108,1.9802715401384215e-05,2.0676835399507054e-05,-37.03464210644555,-36.8361574728104
109,109,1.987967292378241e-05,2.07427077552175e-05,-37.02047775109305,-36.822343691906376
110,110,1.9810803068955382e-05,2.0589865686672153e-05,-37.028582865467634,-36.85446304185419
111,111,1.940997403319661e-05,2.0557420372681106e-05,-37.13012735050696,-36.86131201057109
112,112,1.921402578126308e-05,2.0486931709073313e-05,-37.16614878352753,-36.87622898023213
113,113,1.940449424323232e-05,2.0442185574977072e-05,-37.125189771939176,-36.88572491278882
114,114,1.8516850451708978e-05,2.0479039353392037e-05,-37.32555523532858,-36.87790237230614
115,115,1.9285285197463626e-05,2.0443321533859586e-05,-37.146928883996296,-36.885483584890814
116,116,1.8798639748357092e-05,2.0368343652271985e-05,-37.249555548290736,-36.90144104054701
117,117,1.872766737618541e-05,2.0288915565240467e-05,-37.278019563542905,-36.918409830108445
118,118,1.869976240976536e-05,2.021915339642682e-05,-37.27995504305203,-36.933368506585005
119,119,1.872036208033492e-05,2.0227589103390193e-05,-37.27664449323725,-36.93155694856483
120,120,1.8958639556490433e-05,2.0149714624781872e-05,-37.21560312327175,-36.94830918071149
121,121,1.840696065122869e-05,2.0131412575689244e-05,-37.34558693939943,-36.95225568371566
122,122,1.8955924442894854e-05,2.012823197698086e-05,-37.217096077201234,-36.952941887722886
123,123,1.8485371883704746e-05,2.004459661532708e-05,-37.33646207177899,-36.971024970148505
124,124,1.934417889866925e-05,1.9993007060149564e-05,-37.134653291989714,-36.98221698439531
125,125,1.931607911285834e-05,2.002440296085919e-05,-37.14119050685282,-36.975402415824774
126,126,1.8794640165708058e-05,2.0001211085304692e-05,-37.256531222931166,-36.98043524539929
127,127,1.804484290727318e-05,2.0009978949306778e-05,-37.421929116876804,-36.97853186036533
128,128,1.925750140949229e-05,2.0015946909935384e-05,-37.15835574272389,-36.97723677357706
129,129,1.857142312483401e-05,1.993062491429124e-05,-37.304033883724784,-36.99578901801273
130,130,1.8622852799923102e-05,1.997202286331326e-05,-37.3075224610706,-36.9867776324159
131,131,1.8612884981773757e-05,1.9885471278700462e-05,-37.30107651067476,-37.0056392971996
132,132,1.9360178926363754e-05,1.9956752351534208e-05,-37.13613113140591,-36.99009949705569
133,133,1.8560066845819483e-05,1.991099581669244e-05,-37.31555854291136,-37.00006836674666
134,134,1.8209165993783282e-05,1.9792947951875823e-05,-37.400144455545814,-37.02589335161826
135,135,1.8876045623514563e-05,1.9966293716846084e-05,-37.24329550888567,-36.988023622195556
136,136,1.884251010666311e-05,1.9904553195565793e-05,-37.25133997683765,-37.00147384520828
137,137,1.8498363912380998e-05,1.9819861862695115e-05,-37.32223303170399,-37.019991945074004
138,138,1.9115051698688532e-05,1.9910244813409488e-05,-37.18186250482527,-37.00023217710342
139,139,1.814565577248133e-05,1.9860069043811802e-05,-37.40865888759953,-37.01119063798035
140,140,1.85455129147008e-05,1.9862361927823114e-05,-37.315170384232374,-37.01068926540546
141,141,1.900380236302507e-05,1.993991339220788e-05,-37.2047700482384,-36.99376550142689
142,142,1.885165218800935e-05,1.9830434690735082e-05,-37.24527334977931,-37.01767583579673
143,143,1.853590894131333e-05,1.989594808324718e-05,-37.311600633954775,-37.00335178781417
144,144,1.885683770486833e-05,1.994686619199408e-05,-37.258775607760974,-36.99225143453908
145,145,1.9027275708684045e-05,1.984317948785917e-05,-37.20305605467183,-37.01488557059455
146,146,1.866595036901963e-05,1.9935467303424192e-05,-37.28934812213658,-36.99473397460464
147,147,1.9474917955692982e-05,1.9797066431094306e-05,-37.10490436100641,-37.024989773868796
148,148,1.8456426924157567e-05,1.9904190163575358e-05,-37.333940246060024,-37.001553055339976
149,149,1.8616952035802934e-05,1.989522345531058e-05,-37.29601607156696,-37.00350996456653
150,150,1.9200463593171155e-05,1.9913081431648033e-05,-37.17294457378186,-36.999613480592345
151,151,1.8719182868884784e-05,1.9861328646105615e-05,-37.27948493597434,-37.010915200378655
152,152,1.8158733443679293e-05,1.994766243067141e-05,-37.40172842910529,-36.99207807639909
153,153,1.850060995174008e-05,1.994421214284988e-05,-37.33516925134322,-36.992829327615844
154,154,1.8870780455547422e-05,1.9945495727082935e-05,-37.242037182619924,-36.99254983018183
155,155,1.851861357751012e-05,1.9922271109719174e-05,-37.31721090898391,-36.99760971946413
156,156,1.8938898252018428e-05,1.9923892978113145e-05,-37.23004306672471,-36.997256175523134
157,157,1.8174576372572475e-05,1.9923075677453245e-05,-37.39903147274445,-36.99743433169344
158,158,1.8323045250579844e-05,1.9871030848375276e-05,-37.36860858136912,-37.00879420225754
159,159,1.9059458778785258e-05,1.9936073936390275e-05,-37.206991341213886,-36.994601821524256
160,160,1.8607206031222248e-05,1.9959583800013397e-05,-37.3051985574378,-36.98948336713449
161,161,1.916783149522182e-05,1.987795435285845e-05,-37.19118247533964,-37.00728128825097
162,162,1.8106530857489676e-05,1.9851138284521814e-05,-37.414877742725245,-37.01314403089141
163,163,1.908056339706275e-05,1.990688126266162e-05,-37.199772383378445,-37.00096591741912
164,164,1.8826169871692737e-05,1.9869568859576248e-05,-37.24876948200055,-37.009113741304745
165,165,1.8536950997211945e-05,1.9885757865267806e-05,-37.31855316589154,-37.00557670775116
166,166,1.9159982537193052e-05,1.9846784868461425e-05,-37.18047827370695,-37.01409655658034
167,167,1.8689810221798155e-05,1.989657185300817e-05,-37.28461612434792,-37.003215631689535
168,168,1.8987066338463453e-05,1.9825700579339784e-05,-37.218291819209384,-37.01871274897623
169,169,1.8728085434332505e-05,1.9867224277971362e-05,-37.2758717753141,-37.0096262330154
170,170,1.8004148982653694e-05,1.9830520709786614e-05,-37.44114922286906,-37.017656997319925
171,171,1.86957846924941e-05,1.986863145774757e-05,-37.2819089785897,-37.009318636563385
172,172,1.8550218087089962e-05,1.988427352204637e-05,-37.31128986773748,-37.00590089259494
173,173,1.8553407066177634e-05,1.9832202652699044e-05,-37.316878421038616,-37.0172886622868
174,174,1.8678225359573992e-05,1.9936144446163733e-05,-37.28298908970904,-36.994586461453125
175,175,1.8368601408884886e-05,1.983487053573634e-05,-37.36192231781989,-37.01670447656798
176,176,1.873346174817794e-05,1.990117413553985e-05,-37.2771106868135,-37.002211179871004
177,177,1.8685793105591467e-05,1.9835196996466136e-05,-37.28100987301963,-37.01663299693493
178,178,1.900361737930372e-05,2.0009456324930253e-05,-37.21390771072984,-36.97864529169253
179,179,1.837754916778067e-05,1.9916058255675078e-05,-37.36155279626254,-36.99896429848041
180,180,1.8594385812658522e-05,1.9830214210072116e-05,-37.30963168906007,-37.01772412221561
181,181,1.8827870748676096e-05,1.9855233451955045e-05,-37.25594368756554,-37.01224820055121
182,182,1.8892748428078984e-05,1.9743766164250892e-05,-37.236738893041796,-37.03669818984038
183,183,1.9118399651824332e-05,1.9791651060299237e-05,-37.18638769543885,-37.02617792333029
184,184,1.8327882693502596e-05,1.994989404346071e-05,-37.36365483282343,-36.99159224357784
185,185,1.9213201900954316e-05,1.985703592684953e-05,-37.16142218942599,-37.01185396223987
186,186,1.9101787234156046e-05,1.9856394828821067e-05,-37.18399650058917,-37.01199417945649
187,187,1.9073006443090654e-05,1.9936193702482053e-05,-37.19230283578835,-36.994575731333825
188,188,1.86720518033007e-05,1.978906192035586e-05,-37.289201450388916,-37.026746103692496
189,189,1.8370244134464735e-05,1.9788026197363107e-05,-37.364580885153764,-37.02697341136066
190,190,1.8790935821916437e-05,1.9894922412564292e-05,-37.268510525654975,-37.00357567993433
191,191,1.8528053644950352e-05,1.970237515610949e-05,-37.328093507012696,-37.045812335068234
192,192,1.817161754252552e-05,1.9746448647071558e-05,-37.401868081136826,-37.03610817659575
193,193,1.799342619951577e-05,1.9810492344013735e-05,-37.451710128812486,-37.02204548732397
194,194,1.8737849291262802e-05,1.9816567720753436e-05,-37.2727019625505,-37.020713820220784
195,195,1.8623326534147917e-05,1.9809129633741624e-05,-37.30270628821283,-37.0223442370456
196,196,1.87767634941469e-05,1.9825869553881747e-05,-37.27070630380907,-37.01867573419426
197,197,1.8430514229322333e-05,1.9704938638728652e-05,-37.34696173236945,-37.04524730982276
198,198,1.8160446247232348e-05,1.9779124302562866e-05,-37.404509026576,-37.02892757980929
199,199,1.875249190280303e-05,1.9827800889815033e-05,-37.26287836913829,-37.01825268708169
200,200,1.8865196176831005e-05,1.9781180430742862e-05,-37.24417224536726,-37.02847613479162
201,201,1.8398883260010032e-05,1.9741997388528514e-05,-37.36118454930766,-37.03708727667439
202,202,1.9127106338366747e-05,1.9800018363687405e-05,-37.19220683522979,-37.02434224739297
203,203,1.812486544556882e-05,1.9733138048506687e-05,-37.417225983500735,-37.039036636699024
204,204,1.8693639907086408e-05,1.973800035078679e-05,-37.27884062538758,-37.03796665435449
205,205,1.888948365151534e-05,1.9762239389820024e-05,-37.23451296691323,-37.032636619757625
206,206,1.874074698826382e-05,1.9666993610275984e-05,-37.26976221836858,-37.05361841107865
207,207,1.803241372455005e-05,1.975303200053627e-05,-37.43577715646781,-37.034660504848304
208,208,1.834680913760298e-05,1.9707676552857983e-05,-37.362921710176764,-37.04464391875397
209,209,1.8761172307761428e-05,1.9700834998634253e-05,-37.26426633005606,-37.04615184136251
210,210,1.8166820023607308e-05,1.9726145805371314e-05,-37.40705446813171,-37.040575789134145
211,211,1.8201888911021014e-05,1.968633497247203e-05,-37.39749237437203,-37.04934947228588
212,212,1.7978225580159186e-05,1.970376141750756e-05,-37.45005009524307,-37.04550677571721
213,213,1.8832645389583256e-05,1.9697751715858957e-05,-37.251958676023875,-37.04683158792697
214,214,1.8813179024421976e-05,1.959307122122386e-05,-37.2641330899225,-37.069973006381325
215,215,1.777007791949388e-05,1.9616955605191545e-05,-37.5101380986563,-37.06468208552085
216,216,1.841797135976148e-05,1.9617483973745136e-05,-37.35070868810386,-37.064565113009095
217,217,1.798739378369346e-05,1.9561983208404854e-05,-37.444546069840804,-37.076869360098286
218,218,1.8646502475039408e-05,1.962503344992384e-05,-37.29918945151614,-37.062894121390116
219,219,1.87270935975434e-05,1.9605768054469464e-05,-37.277340353887816,-37.067159573682325
220,220,1.8590835717293077e-05,1.9529646650832882e-05,-37.30374117238836,-37.08405432105845
221,221,1.8082112771865177e-05,1.9560236212687176e-05,-37.4263203853504,-37.07725722694829
222,222,1.8091701011931927e-05,1.9520568361928637e-05,-37.4146189442711,-37.08607359334465
223,223,1.7982385590172627e-05,1.9514259580127575e-05,-37.45243727619396,-37.087477400812
224,224,1.780325159809754e-05,1.9511802029707103e-05,-37.49395385481182,-37.0880243689374
225,225,1.8549199884330745e-05,1.9474663435846052e-05,-37.31042118234144,-37.09629856926086
226,226,1.7951419423982387e-05,1.949986160884452e-05,-37.45371749254326,-37.09068288619634
227,227,1.822044661596535e-05,1.95746217861214e-05,-37.39655239297663,-37.07406438263385
228,228,1.9132944806787957e-05,1.9420565302808474e-05,-37.18481675025895,-37.10837950390071
229,229,1.854557218187616e-05,1.94178024972452e-05,-37.322390964061775,-37.10899738321989
230,230,1.8596197338579776e-05,1.948860967547118e-05,-37.30716765188295,-37.09318960295106
231,231,1.8646958450676956e-05,1.937006594456953e-05,-37.29540108873011,-37.11968718532143
232,232,1.814328739202051e-05,1.940114165527599e-05,-37.40909043249943,-37.11272531159782
233,233,1.7945980233111486e-05,1.9365184925845824e-05,-37.45445569981716,-37.12078169198467
234,234,1.8164100250023412e-05,1.9409037265990935e-05,-37.4126299649493,-37.11095823898575
235,235,1.8244200095368704e-05,1.9317169924186983e-05,-37.37707846050529,-37.13156317675173
236,236,1.8122696928912774e-05,1.9446766792067426e-05,-37.4197475452923,-37.10252411670882
237,237,1.8136437546738455e-05,1.9331130189177776e-05,-37.41200390908925,-37.12842572113412
238,238,1.7955672943177897e-05,1.9307807394254366e-05,-37.45336432795628,-37.133668599433285
239,239,1.8197907846434207e-05,1.93321544238164e-05,-37.39513350289849,-37.12819562198125
240,240,1.832720399480169e-05,1.9222877390826686e-05,-37.378648434918354,-37.152814218971656
241,241,1.8122330224399512e-05,1.9335109228498032e-05,-37.41828882180102,-37.12753187945094
242,242,1.7776830692624927e-05,1.9238403518485076e-05,-37.502344123835954,-37.149307881286475
243,243,1.796886132894739e-05,1.9277292219493048e-05,-37.45517479044758,-37.14053787016668
244,244,1.8273500114146465e-05,1.9262814595621374e-05,-37.37507353041565,-37.14380073214288
245,245,1.8129922151724574e-05,1.919370429516819e-05,-37.414939911799735,-37.159410181623144
246,246,1.7467662905098043e-05,1.9247317284584586e-05,-37.57570517492305,-37.14729612242192
247,247,1.7858623642055556e-05,1.9182193825958837e-05,-37.48137416085706,-37.16201542796598
248,248,1.7556933701214184e-05,1.9174502468606653e-05,-37.55637105143855,-37.16375713902239
249,249,1.8216783865147928e-05,1.922590385411719e-05,-37.389268520874836,-37.152130516515086
250,250,1.8164033885038886e-05,1.9232176974152314e-05,-37.40403202005829,-37.15071371079777
251,251,1.7899422777397197e-05,1.9082073202681433e-05,-37.47684353431346,-37.18474260233618
252,252,1.862188548198601e-05,1.9190594828519113e-05,-37.30089882395696,-37.160113815265625
253,253,1.7631505703395735e-05,1.9228830368726784e-05,-37.53083896588815,-37.15146949561647
254,254,1.842625439054508e-05,1.913362369745492e-05,-37.34089778845935,-37.17302589385519
255,255,1.8061083257222336e-05,1.9135753734046472e-05,-37.437624243801565,-37.1725424456253
256,256,1.757244728988675e-05,1.9032124615286623e-05,-37.55265669161696,-37.196125451533874
257,257,1.765084235773532e-05,1.9013272800580844e-05,-37.51830804011363,-37.200429383324185
258,258,1.750185348316439e-05,1.9022003088091305e-05,-37.5775349097045,-37.198435699477166
259,259,1.7946160800626606e-05,1.907584297250172e-05,-37.462624441579216,-37.186160790163655
260,260,1.780564476932116e-05,1.900072517233447e-05,-37.49318973930607,-37.20329641452157
261,261,1.758301215849099e-05,1.9050454380033587e-05,-37.54480380110642,-37.19194479123779
262,262,1.7730635703366115e-05,1.8994478810590838e-05,-37.51260031030697,-37.204724363408424
263,263,1.7603615673316508e-05,1.898010142260893e-05,-37.54708904025173,-37.208012889851496
264,264,1.758999734033516e-05,1.9012057476318562e-05,-37.54128449677352,-37.20070699228493
265,265,1.794688908085311e-05,1.9025502488626732e-05,-37.4642273431209,-37.19763681906503
266,266,1.835272072189723e-05,1.9055662050959654e-05,-37.360696847483084,-37.190757757253394
267,267,1.7855148369037743e-05,1.9028500422504485e-05,-37.48067946710225,-37.1969525356555
268,268,1.7896000142557278e-05,1.907402872204425e-05,-37.47289904039305,-37.18657385522945
269,269,1.7359835791720207e-05,1.8982173155803283e-05,-37.604259841982824,-37.207538870681056
270,270,1.7608909251272783e-05,1.898441395927588e-05,-37.53480695623444,-37.207026225927734
271,271,1.7491901248316017e-05,1.894265867457235e-05,-37.57260370329207,-37.21658883954606
272,272,1.7889720569205704e-05,1.9029494978894945e-05,-37.467881199133245,-37.19672555031491
273,273,1.7252807139680654e-05,1.89780381142076e-05,-37.630567472772796,-37.208485032830566
274,274,1.7614813972163713e-05,1.883383136277859e-05,-37.54425439763125,-37.241611403417856
275,275,1.6973652283510447e-05,1.8867857570033887e-05,-37.696523609024226,-37.23377228613608
276,276,1.7636865168148605e-05,1.893403810084381e-05,-37.53648720635995,-37.21856571080703
277,277,1.7546472618144518e-05,1.8864757198331828e-05,-37.552743287250856,-37.23448597869799
278,278,1.7703604620710957e-05,1.890620110077036e-05,-37.52024728170787,-37.22495544721491
279,279,1.7778894157954803e-05,1.880246150233832e-05,-37.495496184361706,-37.24885109649338
280,280,1.76164177582436e-05,1.8876253307098523e-05,-37.54122269362193,-37.23184021130158
281,281,1.7906087488938153e-05,1.8806892033975792e-05,-37.46411864187434,-37.24782786409504
282,282,1.8426556774092833e-05,1.8773528800489946e-05,-37.34500265898918,-37.25553904544228
283,283,1.7581055966654755e-05,1.8862828925959645e-05,-37.55317304789091,-37.23492991807372
284,284,1.8441392948608556e-05,1.8811851652188987e-05,-37.34551639190037,-37.24668272493102
285,285,1.753533966227233e-05,1.878118296429564e-05,-37.5594968198885,-37.253768742332916
286,286,1.7887715996001827e-05,1.8803274925678698e-05,-37.47489256526101,-37.248663218099395
287,287,1.7339703845209442e-05,1.8704228128435236e-05,-37.60760076799541,-37.27160027014438
288,288,1.8015326541271205e-05,1.884790938339919e-05,-37.44642638047651,-37.238366326712246
289,289,1.7523087605986428e-05,1.8752169030209954e-05,-37.55979615975859,-37.26048308747502
290,290,1.7765309570039762e-05,1.871461101568696e-05,-37.501285778337646,-37.269190130835675
291,291,1.790097504107104e-05,1.8876993444313196e-05,-37.47071700881034,-37.23166992792948
292,292,1.6989276914922737e-05,1.8824194548391172e-05,-37.69687161914694,-37.24383415158464
293,293,1.763251569257394e-05,1.870469331104112e-05,-37.539981597407774,-37.2714922604873
294,294,1.7799617472922636e-05,1.8823715388287765e-05,-37.49343582332335,-37.243944700398224
295,295,1.7551428164111223e-05,1.876920472760072e-05,-37.56078157248437,-37.256539463273896
296,296,1.778508993590277e-05,1.8681357065169752e-05,-37.50397132681083,-37.27691396405028
297,297,1.731743795221753e-05,1.8745487690658163e-05,-37.60798631080216,-37.26203074094648
298,298,1.74973331069719e-05,1.878604541018017e-05,-37.572810362928024,-37.25264449999757
299,299,1.728040830674161e-05,1.870225040827216e-05,-37.62855695551617,-37.27205950233515
300,300,1.8023263138959536e-05,1.8653416669909156e-05,-37.44715084091574,-37.28341426419155
301,301,1.7983781167599445e-05,1.877306146381766e-05,-37.463727326156956,-37.2556471573835
302,302,1.7199602684131512e-05,1.885786624418535e-05,-37.636298650172726,-37.23607266759767
303,303,1.8085364693611953e-05,1.8710269949607256e-05,-37.42968415882516,-37.27019764295265
304,304,1.8262254399683725e-05,1.867484158873068e-05,-37.386057516710316,-37.27842891235611
305,305,1.7664210785950833e-05,1.8776257332463404e-05,-37.52915429411647,-37.25490789064547
306,306,1.7765079449127744e-05,1.88480811342934e-05,-37.50241117470913,-37.23832675196459
307,307,1.7642913101638244e-05,1.873440506690378e-05,-37.5372288044566,-37.26459911674892
308,308,1.7305987929615083e-05,1.882112021695847e-05,-37.61530825683215,-37.24454349094762
309,309,1.7450892413500096e-05,1.8831631342963145e-05,-37.585261494126534,-37.24211874165208
310,310,1.7731837980351986e-05,1.883176465573917e-05,-37.509033792022116,-37.24208799721098
311,311,1.7542536165679267e-05,1.87296552068897e-05,-37.555826628373346,-37.26570035243448
312,312,1.788405493290653e-05,1.877153973557717e-05,-37.47763409116718,-37.25599920702955
313,313,1.782240905385217e-05,1.881277206082718e-05,-37.48966396276062,-37.24647024259722
314,314,1.792480781528566e-05,1.8791078841068636e-05,-37.46742636764069,-37.25148103083035
315,315,1.7916220328806583e-05,1.877593541920712e-05,-37.471121759022076,-37.2549823497599
316,316,1.8147896533020648e-05,1.8753646671891483e-05,-37.408125829973066,-37.26014088367712
317,317,1.6950597305414292e-05,1.9006087457359843e-05,-37.710068150085505,-37.20207094432229
318,318,1.7270615345980858e-05,1.8807186040105177e-05,-37.62179174349191,-37.247759971834384
319,319,1.7827214064381385e-05,1.8964356872617683e-05,-37.48969911924805,-37.21161698482656
320,320,1.7857014202106547e-05,1.8832517525879666e-05,-37.48558897352991,-37.2419143752388
321,321,1.7949230795304323e-05,1.879124527859906e-05,-37.462144894087984,-37.25144256439553
322,322,1.7846309233813298e-05,1.8854518250583696e-05,-37.48498032284938,-37.23684377511047
323,323,1.7794435012715956e-05,1.88590160848291e-05,-37.49639420105343,-37.235807868698096
324,324,1.809193028898288e-05,1.8919746875517856e-05,-37.42130485887404,-37.221844960476496
325,325,1.7841364489268206e-05,1.8857130702312325e-05,-37.48074496289099,-37.23624206534529
326,326,1.7680640685847318e-05,1.8991962047278465e-05,-37.52162341872845,-37.20529984055013
327,327,1.785113372815684e-05,1.8936612018717968e-05,-37.484350615394305,-37.21797536534013
328,328,1.7991662164219924e-05,1.892690397653496e-05,-37.44507604257697,-37.22020239002694
329,329,1.7865749270509396e-05,1.8947976202884764e-05,-37.47898384663623,-37.215369871731944
330,330,1.7900726514611605e-05,1.8763984228012543e-05,-37.47486682463134,-37.257747585600626
331,331,1.7880247534926592e-05,1.8866772112041392e-05,-37.47404080525921,-37.23402214067054
332,332,1.7641246944849534e-05,1.891532002972733e-05,-37.53423501030251,-37.222861242389065
333,333,1.768813463152667e-05,1.8905635347197714e-05,-37.51941888545363,-37.22508540845341
334,334,1.752429494613868e-05,1.8888914239237476e-05,-37.56135747060769,-37.22892822995635
335,335,1.7869501536233186e-05,1.8898404098428345e-05,-37.47903735049836,-37.226746866605595
336,336,1.8361677913284457e-05,1.899689792289313e-05,-37.36109113228285,-37.204171286781175
337,337,1.8004416224076268e-05,1.8884740089369618e-05,-37.45626978013101,-37.229888057801375
338,338,1.836627301806224e-05,1.893374227572502e-05,-37.36394003139283,-37.21863356543987
339,339,1.718545490334269e-05,1.8995362887309104e-05,-37.64370395404598,-37.20452223061543
340,340,1.809959513528006e-05,1.88560371546038e-05,-37.421001124437936,-37.23649392524602
341,341,1.7761721322778012e-05,1.8958201843289363e-05,-37.511822953236106,-37.21302675008884
342,342,1.7914503099671062e-05,1.888063534830795e-05,-37.46748399518414,-37.23083213230299
343,343,1.786823324118345e-05,1.8958997890494128e-05,-37.48199082913321,-37.21284439542613
344,344,1.732607633289497e-05,1.909201661251963e-05,-37.60562212936334,-37.18248014204303
345,345,1.794680121616393e-05,1.8968535426354622e-05,-37.46327667687948,-37.21066017782997
346,346,1.8174219878778084e-05,1.907048614444456e-05,-37.406354465679044,-37.18738053577739
347,347,1.7765160103492946e-05,1.894289471238153e-05,-37.50949801015845,-37.21653472397488
348,348,1.7658087861341347e-05,1.8812275907533293e-05,-37.520726726477164,-37.24658478152772
349,349,1.816203855680177e-05,1.9028252417659753e-05,-37.40448252416606,-37.1970091390846
350,350,1.7934075013098917e-05,1.9071024613176153e-05,-37.46267188706436,-37.187257911374644
351,351,1.7813121331462605e-05,1.9006219525564167e-05,-37.49588838515044,-37.202040766468365
352,352,1.7406914509789652e-05,1.895746520044907e-05,-37.58833146769196,-37.21319550350697
353,353,1.72777693750476e-05,1.9005097448442892e-05,-37.62494816011099,-37.20229717005602
354,354,1.7892786607112658e-05,1.911065976999357e-05,-37.466229321119805,-37.17824137040418
355,355,1.809618134222884e-05,1.8970373515146905e-05,-37.425120526606065,-37.21023935823203
356,356,1.797293351177659e-05,1.8900324999106632e-05,-37.45031295972772,-37.226305456756364
357,357,1.7206982427280272e-05,1.90122398060722e-05,-37.6406664734302,-37.20066534270214
358,358,1.7451078700517982e-05,1.8928992702919794e-05,-37.57980201881746,-37.21972313980511
359,359,1.769646288388704e-05,1.898979926887765e-05,-37.51681471399922,-37.205794437268935
360,360,1.8782975117930393e-05,1.9083914546507386e-05,-37.27160969468025,-37.18432354573072
361,361,1.744900668406266e-05,1.9055001853542452e-05,-37.57801124029803,-37.19090822437515
362,362,1.8270901087704523e-05,1.9080952082923002e-05,-37.38019465545712,-37.18499776875505
363,363,1.7530572559857338e-05,1.8999993651385394e-05,-37.55976052863734,-37.20346361952266
364,364,1.792574571997657e-05,1.89898735123662e-05,-37.46525577969467,-37.20577745790337
365,365,1.7596211008137672e-05,1.8892847133668655e-05,-37.54535558088176,-37.22802407181578
366,366,1.777420247796642e-05,1.9147732545159096e-05,-37.503216142153285,-37.16982465148408
367,367,1.7755720345468437e-05,1.8980530225426744e-05,-37.509921016535785,-37.20791477415135
368,368,1.7327868131219803e-05,1.886253214347801e-05,-37.610034140281996,-37.234998249292
369,369,1.7842455301583822e-05,1.894132971134049e-05,-37.48840100491484,-37.21689353893125
370,370,1.82517694728509e-05,1.9049137814650557e-05,-37.39442996037306,-37.192244939899865
371,371,1.8027476124695295e-05,1.892388287447638e-05,-37.440439875073544,-37.22089566383457
372,372,1.84628760854542e-05,1.9002070937284244e-05,-37.338287932146855,-37.20298882752708
373,373,1.7995003394595917e-05,1.9011776011642435e-05,-37.444495163604856,-37.20077128804077
374,374,1.7867913267820638e-05,1.881370974986471e-05,-37.476741110775315,-37.24625378166054
375,375,1.7823003010149833e-05,1.899194170331803e-05,-37.49210500914059,-37.20530449266268
376,376,1.8089739728800606e-05,1.9120884405167187e-05,-37.42378927370504,-37.175918418068854
377,377,1.8047543084527936e-05,1.9054313940470917e-05,-37.43092546905002,-37.19106501378205
378,378,1.7647641592721465e-05,1.903942527286218e-05,-37.52338903313137,-37.19445983227356
379,379,1.7468604888450763e-05,1.9005878512919145e-05,-37.57459664669234,-37.202118688981265
380,380,1.805703171148426e-05,1.897521078238864e-05,-37.438025638596955,-37.209132089219914
381,381,1.7493057572378864e-05,1.9039477879950457e-05,-37.557380261780125,-37.194447832469855
382,382,1.7839256093024814e-05,1.8927363558568206e-05,-37.490908537371666,-37.22009693616188
383,383,1.8263604755533772e-05,1.89849516621172e-05,-37.39017266452446,-37.20690322077709
384,384,1.8206834696328086e-05,1.8961153249332902e-05,-37.40171952251749,-37.21235069462428
385,385,1.7648793772488864e-05,1.8832917033394454e-05,-37.53351639024199,-37.24182224625572
386,386,1.7485303117412975e-05,1.903034310663842e-05,-37.577640833637005,-37.196531993422646
387,387,1.7507870503210405e-05,1.8772628783680328e-05,-37.560519017033464,-37.2557472544092
388,388,1.7514733390834006e-05,1.9108830201730598e-05,-37.56331593057395,-37.17865716423192
389,389,1.7447514043861074e-05,1.8879974863681892e-05,-37.57629646455362,-37.23098406037137
390,390,1.778020873409576e-05,1.9113795420516428e-05,-37.49569255541391,-37.17752884450131
391,391,1.7775476698796073e-05,1.8956964978363095e-05,-37.50400915627274,-37.21331010034551
392,392,1.7979713391600244e-05,1.9050937991874218e-05,-37.450501175501586,-37.19183454332258
393,393,1.771593206191853e-05,1.8987165324353172e-05,-37.51120469620955,-37.2063968590721
394,394,1.766200449244784e-05,1.890073144750204e-05,-37.53323384571413,-37.226212063443114
395,395,1.7614198863082063e-05,1.8956479643269343e-05,-37.54208254838811,-37.21342128958468
396,396,1.7474019991776415e-05,1.8900129218405038e-05,-37.5747126863961,-37.226350443770485
397,397,1.7830704845690298e-05,1.898789555286241e-05,-37.48901742714051,-37.20622983671332
398,398,1.7723231263216896e-05,1.883382461337054e-05,-37.51576313224432,-37.24161295978264
399,399,1.7904074814668065e-05,1.9018783189638173e-05,-37.483997201639205,-37.199170902016675
400,400,1.775260452913497e-05,1.8905128519308117e-05,-37.50933621824074,-37.22520183696912
401,401,1.7829659845654195e-05,1.89664500028716e-05,-37.49049502935365,-37.211137672628915
402,402,1.7740061518930608e-05,1.8829685120037636e-05,-37.514409600558295,-37.24256760215789
403,403,1.745141531669621e-05,1.884419304444332e-05,-37.58324405910625,-37.23922273184897
404,404,1.7658817669893998e-05,1.875526346626238e-05,-37.5288280753881,-37.25976648470285
405,405,1.828908231809973e-05,1.88617667797524e-05,-37.37822891602917,-37.23517447164853
406,406,1.8201095522225344e-05,1.893576910860199e-05,-37.40537829333214,-37.218168683637664
407,407,1.7826988753477427e-05,1.893708256255578e-05,-37.488055742186205,-37.217867451604995
408,408,1.7763510823925507e-05,1.885634724442896e-05,-37.49943021213322,-37.23642250557734
409,409,1.7743677172924454e-05,1.887205622839055e-05,-37.507408776791,-37.23280595951808
410,410,1.809487472651058e-05,1.885514106298184e-05,-37.42738018759665,-37.23670031903437
411,411,1.7767800385364662e-05,1.8819484514671403e-05,-37.49845272621417,-37.24492094316063
412,412,1.770655876264089e-05,1.8833146465400013e-05,-37.526001169636956,-37.241769338654166
413,413,1.7593311614038293e-05,1.8864860258441984e-05,-37.54350090243466,-37.23446225280827
414,414,1.6926344213380177e-05,1.892225037935484e-05,-37.71659557705937,-37.22127033018091
415,415,1.796104635039078e-05,1.888872487286694e-05,-37.468580528439944,-37.22897176934723
416,416,1.7729300715163656e-05,1.881111429132656e-05,-37.51534798281566,-37.24685295699312
417,417,1.7956039394532838e-05,1.8897803401111895e-05,-37.45943560503456,-37.22688491195305
418,418,1.7343213641520988e-05,1.8807091261183623e-05,-37.60789692807852,-37.24778185818478
419,419,1.8057851138081852e-05,1.8862492747996983e-05,-37.427655071955655,-37.235007319790995
420,420,1.7749471976223748e-05,1.888548577928879e-05,-37.50716220461693,-37.229716574041504
421,421,1.8000141392700788e-05,1.895251826729356e-05,-37.439750322927985,-37.21432893886486
422,422,1.7842603858635932e-05,1.886279556186453e-05,-37.48117978872438,-37.23493759977155
423,423,1.7857896008789203e-05,1.8771816365570932e-05,-37.48806300404966,-37.2559352069548
424,424,1.759739818938674e-05,1.8811479477383392e-05,-37.550183138512324,-37.24676864686272
425,425,1.762835239150235e-05,1.881877903399168e-05,-37.53764270747818,-37.245083748953164
426,426,1.7974714349283832e-05,1.8658446750027668e-05,-37.44759037927102,-37.282243303616546
427,427,1.7127721511099378e-05,1.8890084471709806e-05,-37.658568555645935,-37.22865917809009
428,428,1.744922083724811e-05,1.880799300124636e-05,-37.582090709994766,-37.24757363281928
429,429,1.7521794295144272e-05,1.8816398551280145e-05,-37.56092483647057,-37.24563314479695
430,430,1.7392819760980555e-05,1.879234021448371e-05,-37.594352051114655,-37.251189515301554
431,431,1.8021553673345797e-05,1.8775471146095935e-05,-37.443978596633116,-37.25508973921278
432,432,1.798043009217771e-05,1.8745787201623898e-05,-37.454102908860065,-37.261961350956376
433,433,1.7218983050474188e-05,1.8698050601080085e-05,-37.63303203310971,-37.273034870472316
434,434,1.8102012600326077e-05,1.885129643740488e-05,-37.42757296842587,-37.237585950130565
435,435,1.7925650945002906e-05,1.8822356986148454e-05,-37.46179481670914,-37.24425811771714
436,436,1.769675316271665e-05,1.8676447373428873e-05,-37.51799484947861,-37.278055493685244
437,437,1.764648776273687e-05,1.876174466911164e-05,-37.52947404664172,-37.258265964911196
438,438,1.7243381267858757e-05,1.864687180243077e-05,-37.630551304884335,-37.284938327396546
439,439,1.740444785701987e-05,1.8712706007231884e-05,-37.60274933082457,-37.269632232875864
440,440,1.7629817081150268e-05,1.8709991261283377e-05,-37.53408726732796,-37.27026233133125
441,441,1.766602797511744e-05,1.8778983471029758e-05,-37.525688658613284,-37.254277381074495
442,442,1.757652994596937e-05,1.8660336057732102e-05,-37.546388308493434,-37.28180357013671
443,443,1.7274188778792824e-05,1.8716964213557442e-05,-37.630413572574014,-37.26864407802061
444,444,1.8092801791184328e-05,1.8759368781741758e-05,-37.42344016431011,-37.2588159671264
445,445,1.775198775108366e-05,1.8632075185259484e-05,-37.515024988147815,-37.288385897698305
446,446,1.725540833203266e-05,1.860449054603171e-05,-37.63108986745432,-37.29482035724529
447,447,1.7278836399857457e-05,1.8627736656191318e-05,-37.62311047723321,-37.28939728189445
448,448,1.7228413244739977e-05,1.8759864264881654e-05,-37.63574128325099,-37.25870126030748
449,449,1.7204912876774505e-05,1.8549060769146308e-05,-37.641023347399425,-37.30777893764623
450,450,1.7479749527110564e-05,1.871817446379665e-05,-37.57812886386238,-37.26836326965746
451,451,1.75232569220207e-05,1.859773376628781e-05,-37.57060107188578,-37.296397914633175
452,452,1.7207049814274308e-05,1.8611122102715615e-05,-37.643641196838935,-37.293272593659125
453,453,1.7368750611905815e-05,1.862014706650945e-05,-37.59639927690578,-37.291167109672536
454,454,1.6936798836224588e-05,1.8734037918253116e-05,-37.709672222751195,-37.26468422870998
455,455,1.7248510471056096e-05,1.855116969588715e-05,-37.63117804456475,-37.307285196644735
456,456,1.720589146494491e-05,1.861633633157716e-05,-37.64657212761277,-37.29205601270947
457,457,1.7306034782656573e-05,1.8544059601385687e-05,-37.615342735631565,-37.30895003328498
458,458,1.7679597223513595e-05,1.8627440543863677e-05,-37.525038403791534,-37.289466319252256
459,459,1.74064336308745e-05,1.857226140457083e-05,-37.59723501311864,-37.3023503005916
460,460,1.7769841563386227e-05,1.840485143283762e-05,-37.50967006108104,-37.34167501694721
461,461,1.7835027017671443e-05,1.844892846604221e-05,-37.48717700117894,-37.33128670862219
462,462,1.7713562556309626e-05,1.8514385134805804e-05,-37.51899329975151,-37.31590524143539
463,463,1.785531084042117e-05,1.8519615830308267e-05,-37.48218668038311,-37.3146784432774
464,464,1.7592012743089353e-05,1.849908542346001e-05,-37.53945859195875,-37.31949559948093
465,465,1.7445851093744404e-05,1.8488679655236313e-05,-37.58789602941041,-37.32193920094165
466,466,1.7698771697133013e-05,1.841551659852389e-05,-37.517195328769205,-37.33915911448164
467,467,1.6698934692594213e-05,1.8477733216346487e-05,-37.773219664259244,-37.32451125366519
468,468,1.7007492790502718e-05,1.834448587607384e-05,-37.68454173378484,-37.35594273097891
469,469,1.6969443685852218e-05,1.8328203048823572e-05,-37.699330596866155,-37.3597993025566
470,470,1.714686602765104e-05,1.8396805228947317e-05,-37.65372956414675,-37.343574073849794
471,471,1.7031474759353362e-05,1.820991861964821e-05,-37.68865966286408,-37.3879181285911
472,472,1.725296558865968e-05,1.817891542917718e-05,-37.63844963315483,-37.395318485405426
473,473,1.7045225747293892e-05,1.811903123445135e-05,-37.68239673342834,-37.40964844139965
474,474,1.745977730474665e-05,1.8140931005243482e-05,-37.581244193974115,-37.404402461989335
475,475,1.71377505841857e-05,1.813011778339339e-05,-37.66073264153324,-37.40699192266227
476,476,1.694307076794542e-05,1.8110133264838768e-05,-37.71402532024566,-37.4117817167506
477,477,1.6931753915995023e-05,1.794775753775244e-05,-37.71431204152488,-37.45089623919408
478,478,1.6934489507285744e-05,1.7909136802604497e-05,-37.70623425965387,-37.46025163873796
479,479,1.6910236012073565e-05,1.7885167165475553e-05,-37.72227457350993,-37.466068141108636
480,480,1.686920186142574e-05,1.7835075260863003e-05,-37.726689035634585,-37.478248714668126
481,481,1.6658533719031036e-05,1.7666874842497666e-05,-37.78366645766496,-37.519400854146156
482,482,1.6759035771457028e-05,1.7674449210110316e-05,-37.76101500829591,-37.51753929055361
483,483,1.673547106377358e-05,1.756135545867054e-05,-37.77034006236609,-37.54541784267418
484,484,1.7010816646717038e-05,1.7452108247533416e-05,-37.698002416873834,-37.572519197355845
485,485,1.6305111372632156e-05,1.745259315181389e-05,-37.873145063151334,-37.57239853094426
486,486,1.6373285070210504e-05,1.7242736440063088e-05,-37.86388261545429,-37.62493627850245
487,487,1.635065444171448e-05,1.7188877934945356e-05,-37.86162151534977,-37.638522902933424
488,488,1.5590766142662517e-05,1.7156862381134968e-05,-38.05845957743368,-37.6466195007963
489,489,1.5724715406567785e-05,1.7102707907294023e-05,-38.03700923607665,-37.66034939206468
490,490,1.577747230633755e-05,1.7001952839659918e-05,-38.02095969246933,-37.686010106021
491,491,1.5819654033021862e-05,1.6931113206833526e-05,-37.9971226810123,-37.70414304236584
492,492,1.558880282488841e-05,1.6934126937198207e-05,-38.06348921841086,-37.70337006897766
493,493,1.63511442092995e-05,1.69009187007568e-05,-37.8638780817034,-37.711895051402976
494,494,1.6163750401996293e-05,1.6838814477332082e-05,-37.914591485712435,-37.7278830569126
495,495,1.567100177462916e-05,1.6769300648440166e-05,-38.042296119536786,-37.74584866744588
496,496,1.54793011911211e-05,1.6760527375338012e-05,-38.099770384074546,-37.74812138067348
497,497,1.5634235816983118e-05,1.6720742247631087e-05,-38.05807180701591,-37.75844265567408
498,498,1.5409431670349542e-05,1.6783555206769196e-05,-38.11512624938941,-37.74215856343599
499,499,1.5356867611585257e-05,1.6724822288731383e-05,-38.13690443932834,-37.75738305965939
500,500,1.5299764358526763e-05,1.658088331168983e-05,-38.16026660018228,-37.79492154835181
501,501,1.4864134379994417e-05,1.6634289893677067e-05,-38.27150074794717,-37.78095551921252
502,502,1.535894516001866e-05,1.6595008147353502e-05,-38.13674522702857,-37.791223478285026
503,503,1.5573559871835143e-05,1.6535678792263897e-05,-38.08310727091761,-37.80677790317232
504,504,1.5852622700268258e-05,1.6578733170478555e-05,-37.99652949189585,-37.79548476021234
505,505,1.56122524580515e-05,1.6566587203813372e-05,-38.06301389801706,-37.798667668976904
506,506,1.5718952257434606e-05,1.6600390297657885e-05,-38.03669590406949,-37.789815187794204
507,507,1.586906280150738e-05,1.6549461418578988e-05,-38.00492440288093,-37.803159530172906
508,508,1.5313102820298283e-05,1.6533920451796514e-05,-38.14555236229427,-37.807239739771774
509,509,1.5698216856501097e-05,1.6523528852542912e-05,-38.04723176375261,-37.80997014665894
510,510,1.4791305738512652e-05,1.6540978513627413e-05,-38.29577188322196,-37.80538620283077
511,511,1.6221611386032407e-05,1.649134365403657e-05,-37.91145981202491,-37.818437759875096
512,512,1.5475864266900505e-05,1.645328709281258e-05,-38.10594556174468,-37.82847142030275
513,513,1.5243278399212454e-05,1.642727544860559e-05,-38.170485913848935,-37.83534278443267
514,514,1.5231479140020757e-05,1.6568992003541145e-05,-38.176775993345174,-37.798037294449784
515,515,1.5167960395722065e-05,1.6442166318148865e-05,-38.19040979532147,-37.831407808620355
516,516,1.5098784875665364e-05,1.6382771383704447e-05,-38.204431151320875,-37.84712446933008
517,517,1.5531358586326625e-05,1.638432427410551e-05,-38.08045933315175,-37.846712829714704
518,518,1.5205954743165777e-05,1.64085789181531e-05,-38.171642686962784,-37.840288476293196
519,519,1.5779054339554462e-05,1.642832486188701e-05,-38.02176427037277,-37.83506535568797
520,520,1.5632836901616983e-05,1.6394793371881333e-05,-38.05998583515992,-37.843938702846344
521,521,1.5497717118030533e-05,1.6402193882401517e-05,-38.086807844553356,-37.841978766153495
522,522,1.5021108458650937e-05,1.6288459128669563e-05,-38.236924936129945,-37.87219815346625
523,523,1.518220334528638e-05,1.6344793613442515e-05,-38.189618698116156,-37.85720376698909
524,524,1.5251025371943582e-05,1.6344623681537708e-05,-38.1645388945334,-37.8572489195153
525,525,1.482906639269918e-05,1.6295730251601382e-05,-38.282994872300556,-37.87025990753839
526,526,1.532715763572661e-05,1.6312718559531374e-05,-38.15251891453863,-37.865734743461374
527,527,1.510789557475628e-05,1.6276220632885508e-05,-38.21494374822704,-37.875462494755624
528,528,1.5287394086682098e-05,1.623946192060095e-05,-38.15658033843174,-37.88528182589319
529,529,1.5209741775965385e-05,1.627071464769726e-05,-38.17653625192464,-37.87693189209635
530,530,1.5215198500393939e-05,1.625321529948116e-05,-38.1798432054357,-37.88160529479576
531,531,1.5329585020828237e-05,1.6246429559511232e-05,-38.14862467666502,-37.88341885890096
532,532,1.4920381751657373e-05,1.625124011632962e-05,-38.25938249884679,-37.882133106219484
533,533,1.506246503923489e-05,1.627036822595217e-05,-38.21378926898089,-37.877024359241894
534,534,1.5348316889319848e-05,1.6257808391329537e-05,-38.14093137012301,-37.88037816982002
535,535,1.529836487121035e-05,1.6197310766361433e-05,-38.15822970587541,-37.89656903018629
536,536,1.531128188063806e-05,1.618790333611143e-05,-38.14655675048068,-37.899092153947926
537,537,1.5132256174689883e-05,1.623964463329972e-05,-38.20187027429906,-37.88523296302394
538,538,1.4749026508370567e-05,1.6240449153165653e-05,-38.31263728639355,-37.8850178167619
539,539,1.5207103172439564e-05,1.616262608494205e-05,-38.185611678133675,-37.905878919500786
540,540,1.5236109611953335e-05,1.6186040355885206e-05,-38.18028337743792,-37.899591989272736
541,541,1.5346005422599644e-05,1.6170287141760225e-05,-38.1414321503585,-37.90382085888582
542,542,1.5301664921166448e-05,1.6094862554669625e-05,-38.14873876474633,-37.924125454989486
543,543,1.482846935162052e-05,1.6096464557784585e-05,-38.289712743895784,-37.923693201226875
544,544,1.5575812943369755e-05,1.616262345219423e-05,-38.07426911086898,-37.90587962692787
545,545,1.4584119685657907e-05,1.608293903126124e-05,-38.36213022924763,-37.92734402207791
546,546,1.518880464535653e-05,1.6098820579875456e-05,-38.17724595665159,-37.92305757561228
547,547,1.5124822115017337e-05,1.6130449837778304e-05,-38.203708208336856,-37.91453338849554
548,548,1.5148608289348782e-05,1.606740012280888e-05,-38.19806967163719,-37.931542088349495
549,549,1.544613442280193e-05,1.6090752739584884e-05,-38.11851173520127,-37.92523456538327
550,550,1.5113481447432483e-05,1.605219231829611e-05,-38.21186340067889,-37.935654634974995
551,551,1.5731940798151798e-05,1.605666258049161e-05,-38.038431158443174,-37.934445367174675
552,552,1.5024188073344777e-05,1.600385468535885e-05,-38.22648304090179,-37.948752184502304
553,553,1.4821277789488919e-05,1.5949601363804266e-05,-38.29190583122471,-37.963499847967206
554,554,1.4835853267193426e-05,1.5962333619475095e-05,-38.2882704113341,-37.960034342866166
555,555,1.5302567852504392e-05,1.6010285722395085e-05,-38.15478958566983,-37.947007353062354
556,556,1.5914121991279654e-05,1.5953160072967876e-05,-37.992954604794214,-37.96253094891944
557,557,1.500784517552394e-05,1.5960969425290578e-05,-38.23714679393192,-37.960405521253385
558,558,1.4718575810022849e-05,1.5936667152441498e-05,-38.31891782675577,-37.967023155768395
559,559,1.5299691439554643e-05,1.5927203237783704e-05,-38.157448867356486,-37.969602959152986
560,560,1.5085582978742619e-05,1.5962361670206422e-05,-38.218561453108805,-37.960026710982625
561,561,1.486154168251045e-05,1.5974103486147023e-05,-38.276909412560116,-37.95683324165198
562,562,1.4428789823402449e-05,1.590698646300313e-05,-38.397478530251014,-37.97511906306011
563,563,1.4894875310290576e-05,1.588537940590054e-05,-38.27168925569707,-37.98102225828208
564,564,1.4937841668367968e-05,1.5809260012725933e-05,-38.255307344590335,-38.00188275493843
565,565,1.5023508980842043e-05,1.5846923241425476e-05,-38.23301088854858,-37.99154863475631
566,566,1.498765151464073e-05,1.584828652611529e-05,-38.245253065093046,-37.991175034440836
567,567,1.4886893350381966e-05,1.5853135138106728e-05,-38.268796281294854,-37.989846560613074
568,568,1.5113271729205735e-05,1.580177850930915e-05,-38.21005757899777,-38.003938477156254
569,569,1.4890697982372866e-05,1.5735415265800456e-05,-38.27132735914499,-38.0222160913301
570,570,1.4644746893141346e-05,1.580083076796176e-05,-38.34801434562787,-38.004198961240945
571,571,1.4860177524843897e-05,1.5768371332868763e-05,-38.28566472437697,-38.013129791022
572,572,1.5121966864227812e-05,1.5789296556153875e-05,-38.21164158180941,-38.00737036014824
573,573,1.437204060756503e-05,1.576374813195894e-05,-38.42213564742556,-38.014403305579435
574,574,1.5066631331325139e-05,1.5759057197627906e-05,-38.21533842832194,-38.01569585989919
575,575,1.4398510156939833e-05,1.565836694345834e-05,-38.421579487200795,-38.04353351539465
576,576,1.4522456048016278e-05,1.5702055143743853e-05,-38.3736091076941,-38.03143319574354
577,577,1.5029090999886057e-05,1.5685739431079893e-05,-38.23674060069328,-38.03594821485365
578,578,1.474054698922645e-05,1.5590603939735476e-05,-38.30990182098783,-38.06236878829544
579,579,1.4537204217199313e-05,1.55884123925812e-05,-38.379335660847076,-38.06297931226281
580,580,1.4174039391683746e-05,1.559310495442907e-05,-38.48700856570171,-38.06167215731635
581,581,1.4569404567699861e-05,1.552262418906474e-05,-38.3664516852234,-38.08134674677356
582,582,1.4935213491214396e-05,1.5560480900795053e-05,-38.25784589816436,-38.0707680294356
583,583,1.4446353460013982e-05,1.561286075900027e-05,-38.39886367297676,-38.05617331255324
584,584,1.4170054304692534e-05,1.5565935331994152e-05,-38.48586448134004,-38.06924595932112
585,585,1.4661226927761237e-05,1.547401519162936e-05,-38.333153629192566,-38.094967989001326
586,586,1.4936683862860141e-05,1.5546276986960467e-05,-38.26172872163179,-38.07473416557281
587,587,1.4501137951642189e-05,1.5554138946371448e-05,-38.38919316504158,-38.072538435670566
588,588,1.4639835152940072e-05,1.549978826101563e-05,-38.34904814295009,-38.08774052375537
589,589,1.5472539585577588e-05,1.5514466021589835e-05,-38.10619374242506,-38.083629852035266
590,590,1.4416879877767924e-05,1.552215498553491e-05,-38.41423906731793,-38.08147802327759
591,591,1.4209171428033702e-05,1.553855020718306e-05,-38.47816786676216,-38.07689322398956
592,592,1.4405564591648614e-05,1.5518856535460434e-05,-38.41037932014361,-38.08240099492147
593,593,1.4344506452448748e-05,1.557591660553283e-05,-38.43168668531391,-38.06646204513558
594,594,1.4647180297785227e-05,1.552468577421295e-05,-38.33816795131368,-38.080769991456464
595,595,1.4655321250494435e-05,1.54532022191377e-05,-38.33965401969646,-38.10081330017149
596,596,1.4834189942027393e-05,1.545736679537712e-05,-38.28787339045619,-38.09964305158089
597,597,1.4705216270477208e-05,1.5507868499155035e-05,-38.31314774587522,-38.08547708092705
598,598,1.4635869362238512e-05,1.5566970576305483e-05,-38.34657135250142,-38.068957132513034
599,599,1.4648877668057054e-05,1.546529801998986e-05,-38.346656601076916,-38.097415244126296
600,600,1.4378507274290614e-05,1.541853342994153e-05,-38.424709668184605,-38.110567510522756
601,601,1.4809954721095356e-05,1.5468980994850618e-05,-38.29439379199098,-38.09638111906018
602,602,1.4309692514214794e-05,1.550311332577717e-05,-38.445733861734894,-38.08680896108895
603,603,1.4416392454241413e-05,1.549193319461713e-05,-38.405614970279586,-38.08994202267487
604,604,1.4848698773460352e-05,1.552333895616405e-05,-38.276873307862466,-38.081146772686324
605,605,1.4862416100720683e-05,1.5497925759470826e-05,-38.2786686498865,-38.08826241652713
606,606,1.441550065249327e-05,1.5484714535169158e-05,-38.40790743383417,-38.09196614358627
607,607,1.430363347926405e-05,1.558409253208849e-05,-38.45214329231461,-38.06418299582377
608,608,1.464158538641941e-05,1.5537103584057676e-05,-38.34385048409435,-38.077297566530774
609,609,1.4514243338987971e-05,1.5534220007171634e-05,-38.37438042787815,-38.078103661275776
610,610,1.498749362823575e-05,1.54832441215771e-05,-38.24699180606644,-38.09237856502915
611,611,1.4360102852020345e-05,1.5539697558683418e-05,-38.4263782891444,-38.07657255698839
612,612,1.4831419902452816e-05,1.5519379925727233e-05,-38.290284859433456,-38.08225452686742
613,613,1.4363171712173744e-05,1.5506754224540936e-05,-38.43163357136055,-38.0857891423187
614,614,1.488930380200492e-05,1.5541568006339828e-05,-38.27302949809378,-38.07604984655039
615,615,1.4501972614620098e-05,1.5536864147610397e-05,-38.381181248077255,-38.0773644945322
616,616,1.5176145247959043e-05,1.5564018308635385e-05,-38.19169004091571,-38.06978084779353
617,617,1.4605727057604566e-05,1.5488701855678012e-05,-38.35685723787165,-38.09084797742578
618,618,1.4377278950126583e-05,1.5507294799470783e-05,-38.426181638819415,-38.08563774724679
619,619,1.4971627971351258e-05,1.546056232894587e-05,-38.255984098819724,-38.09874531836273
620,620,1.4279256124000218e-05,1.548384783458651e-05,-38.44784187457924,-38.092209230931495
621,621,1.4216622149274136e-05,1.5438769112638272e-05,-38.47679164928206,-38.10487145424537
622,622,1.4219391110581801e-05,1.5530509843206108e-05,-38.474808484282015,-38.07914104595776
623,623,1.4755145101159927e-05,1.5491253179789055e-05,-38.30545631701274,-38.090132659418245
624,624,1.453599893981855e-05,1.549471361565673e-05,-38.37516260464969,-38.08916264081694
625,625,1.4373181835891074e-05,1.5449540928545358e-05,-38.42701828848449,-38.10184238571301
626,626,1.4475021942548055e-05,1.551812970558929e-05,-38.39744118059758,-38.082604402687885
627,627,1.4253587914467549e-05,1.547341741426958e-05,-38.45224419539526,-38.09513576473387
628,628,1.4511387703772851e-05,1.5494473556923605e-05,-38.38161861535721,-38.08922992633982
629,629,1.4484246112823308e-05,1.5437429809887698e-05,-38.396246900989,-38.10524821810545
630,630,1.4397059700415187e-05,1.5449361566616542e-05,-38.421421349644774,-38.10189280555945
631,631,1.4461054363601226e-05,1.5437564080026566e-05,-38.39325850533849,-38.105210444636995
632,632,1.438850420564665e-05,1.5441751297897243e-05,-38.423669715551405,-38.10403264285956
633,633,1.4739571467084575e-05,1.5458692359970883e-05,-38.31996153664992,-38.09927063322968
634,634,1.4347481465875652e-05,1.5423324935239324e-05,-38.43376165761065,-38.109218094866314
635,635,1.443747637917038e-05,1.5482159956024444e-05,-38.41066166774344,-38.09268267675074
636,636,1.4228001296923486e-05,1.549766152732589e-05,-38.46584530706987,-38.08833646226881
637,637,1.4117805493669104e-05,1.5456641497286527e-05,-38.49760440487201,-38.09984683813329
638,638,1.5052388419265758e-05,1.550134656051676e-05,-38.22495513462304,-38.087303919818794
639,639,1.4723264433358935e-05,1.5455920315856164e-05,-38.31602614826066,-38.10004947751181
640,640,1.4583492903164875e-05,1.5490592264349718e-05,-38.36687819108827,-38.09031794981927
641,641,1.4616350358899336e-05,1.5454170974599517e-05,-38.34784797437181,-38.10054105112018
642,642,1.442224091772811e-05,1.5441194639271616e-05,-38.41176914886682,-38.10418920419922
643,643,1.4157953852734808e-05,1.538879783574406e-05,-38.48655093797797,-38.11895123475714
644,644,1.415736754744412e-05,1.54556559401068e-05,-38.48417658627552,-38.10012376484556
645,645,1.460319790285868e-05,1.5393818437970414e-05,-38.359097007961424,-38.117534578133366
646,646,1.4294055862470468e-05,1.543057001790179e-05,-38.45155773706715,-38.107178482374046
647,647,1.407745629567029e-05,1.5445228200405836e-05,-38.513562051049405,-38.10305488484987
648,648,1.4407348073253855e-05,1.5425942125914032e-05,-38.41686395356567,-38.10848120120295
649,649,1.5231569780075212e-05,1.546113516700356e-05,-38.177900786462736,-38.09858440843368
650,650,1.469251248598778e-05,1.5349787358182337e-05,-38.32444639276103,-38.12997454251861
651,651,1.4587592173934213e-05,1.539153747312651e-05,-38.35641837290454,-38.11817813765549
652,652,1.4936431323372539e-05,1.5383168302880796e-05,-38.26471858765191,-38.120540262298945
653,653,1.4511874236557128e-05,1.541745443414823e-05,-38.386165405944766,-38.11087144235804
654,654,1.4988004117297997e-05,1.5401809114815767e-05,-38.2427393327167,-38.11528081211899
655,655,1.4154772018337473e-05,1.5363954892228848e-05,-38.487909591754075,-38.12596794361913
656,656,1.3760561628681824e-05,1.5381714786742935e-05,-38.61320943312877,-38.12095063540952
657,657,1.4486095181185651e-05,1.537866190023794e-05,-38.38838466162674,-38.1218126871203
658,658,1.4291958342658563e-05,1.546871762433224e-05,-38.4563517057559,-38.09645506144629
659,659,1.457970926456199e-05,1.537897261234895e-05,-38.36087367077061,-38.12172494269039
