,epoch,train_loss,test_loss,train_dbs,test_dbs
0,0,0.0012593872079472105,0.0011745705575633206,-13.556694519790566,-13.862385025792921
1,1,0.0011309511952351818,0.0010631618604652192,-14.01989600210153,-14.295182244862165
2,2,0.0010259941114669608,0.0009685278300342983,-14.452307284435161,-14.70005508544915
3,3,0.0009396478837384775,0.0009075682763451416,-14.824856486014584,-14.98238306053202
4,4,0.0008867752039805055,0.0008650326972680265,-15.082403513994427,-15.190850893359153
5,5,0.0008529974105671893,0.0008263428003135088,-15.249723587216863,-15.38957365393527
6,6,0.0008080467754571708,0.0007830955406748935,-15.488011520287763,-15.62302862064967
7,7,0.0007735908867973719,0.0007518479772108165,-15.676883469886294,-15.799875773287276
8,8,0.0007467448859014692,0.0007192622226859001,-15.833806616828419,-15.992303622064764
9,9,0.0007153827194172467,0.0007004544053128676,-16.017428762925764,-16.107377419506182
10,10,0.0006913511297358296,0.0006715333224029133,-16.16297249371707,-16.290500451301966
11,11,0.0006682142506103924,0.000654074519652089,-16.308518537196584,-16.404903820174766
12,12,0.0006468089545846523,0.0006329063601840876,-16.45039158477107,-16.54778152960565
13,13,0.0006360767472813808,0.0006175280401581212,-16.521380398524116,-16.65460930523591
14,14,0.0006171772856572547,0.0006036160140004205,-16.661348887367513,-16.753568598188355
15,15,0.0005983297116622405,0.0005911380469210838,-16.791207683975667,-16.844287005774103
16,16,0.0005962659686458172,0.000577071880750162,-16.813714422071662,-16.94887700201357
17,17,0.0005792846252719305,0.0005712905457537426,-16.938605651298115,-16.99260575944656
18,18,0.0005705230833348079,0.0005590540454968026,-16.990659752002458,-17.086638184395117
19,19,0.0005595497174918191,0.0005508376772539984,-17.080640960310312,-17.150939746470215
20,20,0.0005465068292717651,0.0005400446412080017,-17.177313009943052,-17.2368795196871
21,21,0.0005374550273325102,0.000533116740897592,-17.24714010774699,-17.292952925299815
22,22,0.0005377188340530337,0.0005266051923267936,-17.2523968265847,-17.34632476022029
23,23,0.0005316280867285143,0.0005155407293626156,-17.30764169209634,-17.438546313316923
24,24,0.0005196659662520763,0.0005132956767307693,-17.400955344079808,-17.45750006556348
25,25,0.000511491950241292,0.0005059158276325386,-17.461757670448204,-17.520393463845146
26,26,0.0005104591033047007,0.000501138395568552,-17.48227045275688,-17.56159934730547
27,27,0.0005046527814144057,0.0004930968616942042,-17.53150928742781,-17.631853744756597
28,28,0.0004902553229146282,0.00048287217290826927,-17.653813765331478,-17.72285434478038
29,29,0.0004950114075795354,0.0004839623533802009,-17.617402328890055,-17.713060330375182
30,30,0.00048510222509743397,0.00047578196972608566,-17.70218400293401,-17.78709633003915
31,31,0.0004776503453295217,0.00047462643890053426,-17.77253568136658,-17.797656861783825
32,32,0.0004712836426855593,0.0004711294850015915,-17.823443513724495,-17.829773281349325
33,33,0.0004690873935295403,0.00046659872781387284,-17.84057645353022,-17.871740626053764
34,34,0.0004667206226305594,0.0004592716546827241,-17.867883416196552,-17.940479704881305
35,35,0.00045458203572875907,0.0004526581875612273,-17.974534665691586,-18.003472327755006
36,36,0.0004522264265988176,0.0004445030476505819,-18.00415954161385,-18.082428699825154
37,37,0.00044361520414576704,0.00044036605150291796,-18.088214565006957,-18.123037817967035
38,38,0.00044417559690101396,0.000437229857963853,-18.082278475549987,-18.154078011559665
39,39,0.00044226210285938276,0.00042981104496376296,-18.107180624550956,-18.228400414818463
40,40,0.00043213913864072065,0.0004310237571572591,-18.19741954101564,-18.216164047030134
41,41,0.00042772076852360416,0.0004236713621618324,-18.244623859454062,-18.290885038655965
42,42,0.000423782728924464,0.00041937405905245165,-18.28487954325955,-18.33516049866717
43,43,0.0004232881774348159,0.0004192464203745323,-18.291714591815847,-18.336482497718848
44,44,0.0004196050585866858,0.00041487070541877885,-18.327281648002028,-18.382048431651693
45,45,0.00041290963717889926,0.00041597377888760284,-18.398498459750883,-18.370516574338648
46,46,0.000415295786128293,0.00041108163637354185,-18.376046895547255,-18.421895363214855
47,47,0.00041086153762136615,0.0004074005394757382,-18.421757492150736,-18.460960132034938
48,48,0.0004080235186997878,0.0004150264476744556,-18.45129152771715,-18.380418398272703
49,49,0.0004092714744476006,0.0004066666634140634,-18.437086066654093,-18.46879040474939
50,50,0.0004083547223906618,0.0004031551667905756,-18.45420208235135,-18.506453829169292
51,51,0.0004120311761615779,0.0004043048936996217,-18.4118738898774,-18.49408614897869
52,52,0.0004062188678833934,0.00040310309084720517,-18.470266608370082,-18.507014847792366
53,53,0.0004069427617575935,0.0004054230429526222,-18.471785580130895,-18.482091839848312
54,54,0.00040853077116105515,0.0004055094384392233,-18.453691791909087,-18.481166458658258
55,55,0.0004039124463272003,0.0004024828928155138,-18.49684853238729,-18.513701871686223
56,56,0.00041372681333030545,0.0004059343865312832,-18.397049665932094,-18.47661771177846
57,57,0.0004044297393099357,0.0004078608334039975,-18.486307658362335,-18.45605610638163
58,58,0.0004046963066937997,0.00040569574431222126,-18.4854225134426,-18.479171609124943
59,59,0.0004076292494086299,0.00040617869940194254,-18.452190122312995,-18.47400468320832
60,60,0.0004082936943585495,0.0004004549149325804,-18.451400020102653,-18.53563984666454
61,61,0.00040811304508266757,0.00040090596150165717,-18.44778365137351,-18.530750986664565
62,62,0.0004133961176062867,0.00040257934903676967,-18.403898854320932,-18.51266119675056
63,63,0.0004065314709261713,0.00040488978112606625,-18.47125754158164,-18.48780797058781
64,64,0.0004068756216210457,0.00040422890053473805,-18.460562750271407,-18.49490252579568
65,65,0.000408716148759248,0.00040452688240054016,-18.445469534360058,-18.491702254746954
66,66,0.000409299890587548,0.00040578273872501756,-18.449749194359942,-18.47824043979961
67,67,0.00040904798343316796,0.0004096894577072051,-18.440339541337167,-18.436628242986306
68,68,0.000411424094561449,0.0004073985956462198,-18.412151940951574,-18.460980853569783
69,69,0.00040939951479943834,0.00040539498686006193,-18.434537863255645,-18.48239239079167
70,70,0.0004109911276771658,0.0004062091404768197,-18.42581979173256,-18.4736792132739
71,71,0.0004125436232065225,0.00041192609014136617,-18.402865159644787,-18.412983132418606
72,72,0.00041186562487279476,0.0004113714155544968,-18.406028686837146,-18.418835018209826
73,73,0.00041377408155144106,0.0004063100924739908,-18.394959227072807,-18.472600029083395
74,74,0.0004160821632261282,0.0004129943676832083,-18.370567756340954,-18.401734840622332
75,75,0.0004177052037401567,0.0004126861948814047,-18.35322289815363,-18.404976717919162
76,76,0.00041193752963643174,0.00040707207058164244,-18.40897741673485,-18.464463067165106
77,77,0.0004125010305007478,0.0004181623226031661,-18.400989546370887,-18.347727136538758
78,78,0.00041361412989964576,0.00040560134067690293,-18.39356523676556,-18.48018231109427
79,79,0.00041955999775607255,0.0004158695197762235,-18.32896902805389,-18.37160522065148
80,80,0.0004162642700938489,0.0004161906330601165,-18.35816360069105,-18.368253113626317
81,81,0.00042030629647905296,0.0004176395151788663,-18.328864154017236,-18.35316030021035
82,82,0.0004213710148103497,0.0004193718548202397,-18.319942178450734,-18.335183325267476
83,83,0.0004180037661349958,0.0004204957390596208,-18.337771491743556,-18.32356013565134
84,84,0.00042283352399628956,0.00041973196723694474,-18.299254534257084,-18.33145566151645
85,85,0.000426376591011709,0.00042376999657503083,-18.26514260268927,-18.289874080643834
86,86,0.0004246670194090219,0.0004164315101470014,-18.27493386686043,-18.36574029089099
87,87,0.000422804484074244,0.0004243058103479837,-18.29899976729562,-18.28438634018516
88,88,0.0004294510275490352,0.0004247395110341083,-18.23016267497533,-18.27994950209371
89,89,0.0004300605025641697,0.00042218675738886784,-18.22507773777587,-18.306130061618312
90,90,0.00042448255003036295,0.00042599489097483456,-18.28688124433524,-18.267132223859896
91,91,0.17926408748350048,0.0004238524461949342,7.978744274115828,-18.28902918996456
92,92,0.00043140901714688184,0.0004318227446147878,-18.210802105399473,-18.208120995516794
93,93,0.00042690830539249497,0.0004273154589004423,-18.255371502503312,-18.253690084759793
94,94,0.00043073320520091224,0.00042310643689952006,-18.221920148755448,-18.29667980466853
95,95,0.00042939212529670407,0.00042614013593839973,-18.230118973437754,-18.265651728754793
96,96,0.000429268613140838,0.00043187567988704697,-18.223968670031812,-18.20758864542753
97,97,0.00042970998893184686,0.00041978434800464466,-18.231458441803362,-18.330913714254997
98,98,0.00043058029247553464,0.00042480757110752165,-18.212239831713838,-18.27925364626639
99,99,0.0004290374969228257,0.00042312708530133883,-18.240028554754886,-18.296467865842267
100,100,0.0004272649092263705,0.00042199955389246737,-18.24808683925725,-18.308056210993772
101,101,0.0004262291066007708,0.00042486259113310983,-18.269136197259773,-18.27869119522121
102,102,0.00042572246411978504,0.0004215967660696295,-18.26155796032878,-18.312203420695617
103,103,0.0004242647336627904,0.0004231991494491108,-18.272915310174486,-18.29572826778868
104,104,0.00042698279409621333,0.00043003385316727583,-18.249480565968632,-18.226149674581833
105,105,0.00043024657085326685,0.0004272024288136316,-18.219307797356375,-18.254838997941903
106,106,0.0004279103796789903,0.0004227822386095987,-18.236229690379165,-18.300008789659714
107,107,0.0004303700040987472,0.00042444389117391487,-18.217789851865195,-18.282973255946544
108,108,0.0004237350196452792,0.000426358544868172,-18.28087948728646,-18.263426416335914
109,109,0.0004257990570004415,0.00042555234425603166,-18.26402353439866,-18.271646256841553
110,110,0.0004311416162533167,0.0004269193205369734,-18.21590179447019,-18.257718034026162
111,111,0.00042331105634598923,0.00042176262420406073,-18.281146037203403,-18.31049522192955
112,112,0.00042318621891569925,0.0004254376766958127,-18.290704105374296,-18.272816646334537
113,113,0.0004232684705411228,0.00042868378621182943,-18.297259746304796,-18.23980555132533
114,114,0.0004276458915687867,0.0004257992519629433,-18.247353115864342,-18.269127188148104
115,115,0.000429209320237092,0.00042755855094200293,-18.230201845604054,-18.251220164423593
116,116,0.0004247879470247276,0.0004245119481837671,-18.269382898198668,-18.28227694684478
117,117,0.00042002859072922966,0.0004223434830476579,-18.327574307769265,-18.30451815747782
118,118,0.00042450554895733205,0.00042303660761957104,-18.282100406470825,-18.297396621316075
119,119,0.00042956112913988993,0.00042138985162110706,-18.23036886023725,-18.31433540720971
120,120,0.00042589445605624427,0.00042850371315389087,-18.263075605468345,-18.241630233477373
121,121,0.0004283554738593893,0.00042320320560400814,-18.242098411129742,-18.29568664300635
122,122,0.00043094235912839084,0.0004242828795931449,-18.21135027496575,-18.28462105225269
123,123,0.0004285592060732972,0.0004247992229035222,-18.23785632070124,-18.279338993487162
124,124,0.0004309770541947297,0.0004217147468711789,-18.21501122487506,-18.31098824906256
125,125,0.0004305800005371116,0.0004217901242602813,-18.225441742331657,-18.310212059490812
126,126,0.00042792921615812505,0.00042225866223146255,-18.253024817043585,-18.305390454872608
127,127,0.0004298372308786037,0.00042624543819233383,-18.23459236279848,-18.26457868881991
128,128,0.000430446112115589,0.0004257351392880082,-18.22688200264145,-18.269781155416677
129,129,0.0004279538926058785,0.000426365296956838,-18.241264598635382,-18.263357639207726
130,130,0.0004282999743549057,0.00042167417000439996,-18.245308162817835,-18.31140614189933
131,131,0.000428075313186465,0.00042388952294315557,-18.238846004840052,-18.288649304863764
132,132,0.0004275241646478817,0.00042679353990886167,-18.247966083558097,-18.25899775782196
133,133,0.0004289819191080355,0.0004263885049639564,-18.229749150259963,-18.263121249539164
134,134,0.00043091263841674426,0.0004235427875659968,-18.21871821288006,-18.292203223389564
135,135,0.0004249548208875793,0.00042475579386135856,-18.269518371570065,-18.2797830140158
136,136,0.0004218787587363004,0.00042171535039271573,-18.299787401853123,-18.310982033821393
137,137,0.00042720774330256374,0.0004220702195245969,-18.254137901265114,-18.30732902717243
138,138,0.0004252060145480539,0.00041865202671799223,-18.278974016256512,-18.342644149630505
139,139,0.0004292056066483336,0.0004279890502067773,-18.23386022564107,-18.246849549143196
140,140,0.00043001318543659737,0.00042411308018735756,-18.222422464638242,-18.28635946095439
141,141,0.0004274431512854302,0.0004215351057753555,-18.246890190095833,-18.312838641032975
142,142,0.00042990799069154967,0.00042599847380954186,-18.225578078452674,-18.267095697628417
143,143,0.00042674216872666835,0.0004232977333135511,-18.255619994548617,-18.294716700483555
144,144,0.0004329364347756485,0.0004250763495771312,-18.197717878480873,-18.276506706190073
145,145,0.0004312662136520153,0.0004198859310954025,-18.210266980920636,-18.329862897593166
146,146,0.00043165168188483524,0.00042647018256646236,-18.21991656644033,-18.262289408750284
147,147,0.00042494350129776854,0.00043307724684525867,-18.271753571610414,-18.195522457334782
148,148,0.00042791599551811045,0.0004251423754459737,-18.24033534773886,-18.275832181630335
149,149,0.0004318200397430007,0.0004246314377891586,-18.210382116511315,-18.28105468738976
150,150,0.00042364453793666563,0.0004233840690607107,-18.29144599648761,-18.293831004378898
151,151,0.0004245070707576215,0.0004235303556350501,-18.286087968162597,-18.29233070043339
152,152,0.0004256490351555427,0.0004304703217808549,-18.262887452973654,-18.22174398005586
153,153,0.0004291543398009248,0.00042842351065605486,-18.23982595462209,-18.242443173045146
154,154,0.00042772555475353657,0.00042694372026936005,-18.25046249505425,-18.257469828666945
155,155,0.00042763911757723804,0.00042303948889878626,-18.250644633049674,-18.29736704185699
156,156,0.0004305582206705873,0.0004253620327768945,-18.220509781174652,-18.27358890180892
157,157,0.00042618353330270994,0.00042224995252725323,-18.25589968842937,-18.305480035402898
158,158,0.00042623006312666247,0.0004275221665585904,-18.259203159846255,-18.251589756127153
159,159,0.00043014497238153725,0.00042982641638158575,-18.227630980252773,-18.228245099997032
160,160,0.00042723956429063505,0.0004296544372520753,-18.25693095906157,-18.229983116327006
161,161,0.0004293335974936556,0.0004234169104357103,-18.23561121146019,-18.293494140622407
162,162,0.0004272941258716752,0.000425729869962915,-18.253257608308594,-18.26983490839035
163,163,0.00042591101913616906,0.0004233442121307905,-18.266854698131045,-18.294239863870832
164,164,0.0004232697838139672,0.0004236510844509068,-18.297102129727122,-18.291092905165286
165,165,0.00042776266963835615,0.00042540395148343553,-18.250793989766013,-18.27316093305392
166,166,0.0004274851862177944,0.0004213449306246874,-18.24876593367076,-18.31479839844482
167,167,0.00042793932088804385,0.00042137501939003795,-18.24004834509499,-18.314488274428786
168,168,0.00042572697521350584,0.00042355833207502176,-18.2664653660925,-18.292043835228277
169,169,0.00042267937450813725,0.00042730945738424594,-18.30377366114801,-18.253751080532734
170,170,0.0004253122270270491,0.0004165070881993559,-18.26670325262224,-18.364952162420394
171,171,0.0004254345981327375,0.0004247206716651195,-18.26557574683441,-18.28014213817395
172,172,0.0004315263559902567,0.00042312312411683565,-18.213628766545764,-18.296508523334637
173,173,0.00043237764873186647,0.00042021570659830774,-18.203292323102243,-18.32645331755883
174,174,0.00042403516354826615,0.0004180847547678767,-18.281740393973415,-18.348532814282756
175,175,0.00042361779961754215,0.0004209720523488757,-18.29300661692168,-18.318643482693588
176,176,0.00042779376903145585,0.0004247397484600936,-18.25205090072079,-18.279947074423013
177,177,0.0004217023841230218,0.000422023452732614,-18.30998253541931,-18.307810266645788
178,178,0.00042690073359594443,0.00042259668484085093,-18.264013321100467,-18.301915271520624
179,179,0.0004252621072306077,0.0004213191630122693,-18.267064577128792,-18.315064002069636
180,180,0.0004235586954386348,0.0004187094363212389,-18.29376253113429,-18.34204864398479
181,181,0.0004255579791713468,0.00042088387080615287,-18.279541877197996,-18.319553300074375
182,182,0.0004208397819929439,0.0004191034776771343,-18.31607934910209,-18.33796348377143
183,183,0.00041696681375807325,0.0004229989120320074,-18.35503840157339,-18.297783626005632
184,184,0.0004225303424935135,0.000416566564174565,-18.299733399448478,-18.364332047072626
185,185,0.00041909111044417644,0.00042181258322671056,-18.337439578062376,-18.309980817814957
186,186,0.0004196184706518945,0.0004191441158151352,-18.332096405193322,-18.33754239293289
187,187,0.00042115520840731554,0.00041940384299347277,-18.31559746985541,-18.334852073726346
188,188,0.0004210488372074306,0.0004162223332586061,-18.31812802539286,-18.367922334990162
189,189,0.000425787102827111,0.00042045625282059377,-18.27292741028295,-18.3239679747646
190,190,0.00041838185579669615,0.0004259915425025515,-18.339028750285017,-18.26716636109444
191,191,0.0004155504281426175,0.0004208927444108811,-18.370749089768342,-18.319461737598093
192,192,0.0004188982978674401,0.00041817301289962704,-18.339692707043362,-18.347616110815796
193,193,0.00041954133349960456,0.00041982983269630685,-18.32599282358113,-18.330443170734572
194,194,0.00042246525492711166,0.00042019842811369976,-18.30230802434327,-18.326631895005637
195,195,0.0004222993390903491,0.0004140424119357608,-18.302592308763405,-18.390727831247826
196,196,0.00041716685098567116,0.00041792551086186185,-18.349386536648932,-18.350187309528536
197,197,0.00042093633200022745,0.0004139403187620797,-18.325784713131444,-18.39179883189918
198,198,0.0004175756010826984,0.0004194182509213294,-18.353157571638373,-18.33470288157679
199,199,0.0004136101498758209,0.0004171161425275434,-18.390996356335833,-18.35860615450637
200,200,0.0004184928638068479,0.0004189287750418053,-18.344080835255088,-18.33977421101612
201,201,0.0004147418967289754,0.0004159347338013743,-18.379010092667855,-18.37092424093295
202,202,0.04151118502858546,0.0004149605274984711,1.6239329442621062,-18.381108258947453
203,203,0.000412787288876212,0.0004183224901728528,-18.393571885128278,-18.34606398876889
204,204,0.00042026176431801974,0.00041442346072902804,-18.323135007711322,-18.386732798854055
205,205,0.0004198785832862264,0.0004142324936478154,-18.3213352398773,-18.388734496920087
206,206,0.00042146510359370294,0.00041851372684744234,-18.31434487408673,-18.344079059525427
207,207,0.00041515893331661664,0.0004195376011346908,-18.381853737711307,-18.33346722324508
208,208,0.0004198232049976965,0.00041534259492580433,-18.33243605374258,-18.37711141050413
209,209,0.0004177245883914383,0.0004147996277376813,-18.354858047519535,-18.382792549972645
210,210,0.00041797417984104033,0.00041633939958716696,-18.340737695493214,-18.36670101388351
211,211,0.00042310777809182853,0.0004171313362588224,-18.298413768545995,-18.358447962750986
212,212,0.0004157683213202993,0.0004140699089284202,-18.369113652268222,-18.390439421284963
213,213,0.00042138692800474075,0.00041910535564008907,-18.314906615884322,-18.337944023490984
214,214,0.00042046896858889725,0.0004151804973126242,-18.314099576556973,-18.37880668184543
215,215,0.00042306029444233966,0.00041628428152762353,-18.29870862867723,-18.367276002793645
216,216,0.000422407791664171,0.00041690268431250984,-18.301438167047294,-18.360829215280223
217,217,0.00042420384454896153,0.00041532362382368823,-18.288122500897565,-18.377309782480268
218,218,0.0004204514063774733,0.0004164669616760588,-18.32929925769339,-18.365370584282683
219,219,0.0004189916464533734,0.0004194502038636098,-18.34430272102948,-18.334372031455043
220,220,0.00042255983397499033,0.0004137083351930701,-18.304304652669973,-18.394233420201115
221,221,0.0004184442355067075,0.00041469192058828314,-18.340450632650025,-18.383920388369614
222,222,0.0004195375085961957,0.00041881258795528034,-18.326722677026613,-18.340978864698
223,223,0.00042082871593650164,0.00041735302473075295,-18.313442250412376,-18.356140475952508
224,224,0.000416091096601881,0.00041304195550956617,-18.364595152855788,-18.40123444784696
225,225,0.00041993245927703364,0.0004142189251357003,-18.333936631081396,-18.38887675583367
226,226,0.00041884523348345126,0.0004152735361314722,-18.33137582799256,-18.377833569688214
227,227,0.00041782978313648593,0.0004205722836655025,-18.35865842460225,-18.322769643107396
228,228,0.00041814167688591117,0.0004146260325796902,-18.34671885686557,-18.384610468658032
229,229,0.00041905649038770994,0.000418577353947943,-18.334564916250443,-18.343418847050728
230,230,0.00041346851443468605,0.00041348247874626204,-18.38733134945258,-18.396605018370135
231,231,0.000416536023360245,0.0004151976884857408,-18.3670814701479,-18.37862685940426
232,232,0.00041767896948737503,0.0004155400797332588,-18.344021624682863,-18.375046941804328
233,233,0.00042127011633074854,0.0004101392865107444,-18.3094406598924,-18.431862413825993
234,234,0.00041785717434153805,0.0004209325400695793,-18.3460267470234,-18.319051129000137
235,235,0.0004176214495169709,0.00041420859327588816,-18.352943363950384,-18.388985083227553
236,236,0.00042009152611237517,0.0004158634110353887,-18.320337183375656,-18.371669014985883
237,237,0.00042002578536000525,0.00041163133726896425,-18.323799400428456,-18.416091830056793
238,238,0.0004221955899355607,0.0004170215060615814,-18.30506132200843,-18.35959160565343
239,239,0.0004181917768797463,0.0004153062136059529,-18.349179094781725,-18.377491840989403
240,240,0.00041767899169029726,0.00041675755729604706,-18.35498326835571,-18.36234129082169
241,241,0.00042192445175011746,0.00041793096093706,-18.310230667033863,-18.35013067450412
242,242,0.0004198630595430924,0.00041490530068250865,-18.330008434094374,-18.38168629700244
243,243,0.0004216939734160593,0.0004173656266893407,-18.30401794518735,-18.356009342879897
244,244,0.0004182975579019559,0.0004150422541179547,-18.344551309023792,-18.38025299868165
245,245,0.00041850892042011485,0.0004137818039836068,-18.337548351279644,-18.39346224266327
246,246,0.0004204349042055648,0.00041580801725534623,-18.328135505694743,-18.372247541846885
247,247,0.000423768837096112,0.0004172591480279439,-18.289666206395214,-18.35711745988617
248,248,0.0004229499861242768,0.0004163484079885836,-18.308624460286296,-18.36660704591639
249,249,0.0004166032667103771,0.0004143764243436683,-18.355913830455705,-18.387225743966628
250,250,0.00042363799407540525,0.00041852755882581204,-18.292098141109207,-18.34393552653648
251,251,0.00041655178353449654,0.00041320321370700474,-18.36527970261492,-18.39953922350417
252,252,0.0004201771159771561,0.0004143705928551131,-18.326364959938417,-18.387286862335642
253,253,0.0004155342284105142,0.00041745277428019206,-18.368910483410993,-18.35510261351429
254,254,0.00041872950615217313,0.0004186442881626518,-18.33865091611713,-18.34272442734874
255,255,0.00041783750495278114,0.00041694831452332437,-18.354704293736884,-18.360353903772236
256,256,0.0004180722987548131,0.0004165080287126138,-18.342383294013807,-18.36494235564235
257,257,0.0004221981753758395,0.00041882886159184734,-18.30742622404121,-18.340810115871964
258,258,0.0004195871123247156,0.0004165914326318,-18.334048265883162,-18.3640727869132
259,259,0.0004171927284915,0.00041777871267281865,-18.355842718259222,-18.351713056133978
260,260,0.00042058283417514456,0.00041644269827214117,-18.3222080161508,-18.365623612022507
261,261,0.00041192461293641975,0.00041973534174949716,-18.40679380978298,-18.33142074575106
262,262,0.00042331347256399616,0.00041368961530296425,-18.300757502021277,-18.39442993857468
263,263,0.0004169117433100593,0.00041869325612328554,-18.35625881308308,-18.34221647173962
264,264,0.00041879002471723276,0.00041352278295610294,-18.33778783161042,-18.39618171039966
265,265,0.00041187026468345647,0.00041701950861974373,-18.404418335894643,-18.3596124074594
266,266,0.00041210833101619764,0.0004151741925038789,-18.403657141214264,-18.37887263302704
267,267,0.000415451283393831,0.00041401174262558157,-18.371935713101863,-18.391049537554288
268,268,0.0004132931296516824,0.0004148354254491431,-18.39049815235916,-18.382417764734182
269,269,0.000420473870334033,0.000415889399224206,-18.32075042225484,-18.371397623609443
270,270,0.0004129319166111731,0.0004146984260602805,-18.400091759753675,-18.38385225903577
271,271,0.0004195598687390922,0.0004166994078427945,-18.334814989314168,-18.36294729659693
272,272,0.0004189408764713588,0.0004178903656889145,-18.34355549675507,-18.35055254199453
273,273,0.0004164260300836459,0.0004184681686303137,-18.361957484056216,-18.344551845912584
274,274,0.0004122663324113129,0.0004123998422935409,-18.398708742229413,-18.407991224241602
275,275,0.00041375626910708307,0.00041437080883617073,-18.39130888828747,-18.387284598677006
276,276,0.00041399250999957167,0.000415979153905554,-18.385912214084307,-18.370460457206434
277,277,0.0004197010985268376,0.0004117250439441322,-18.333623789299367,-18.415103283831918
278,278,0.0004197990413174302,0.00041201561046029,-18.335352103455726,-18.412039420487254
279,279,0.0004184053680912313,0.00041190070394230515,-18.342497323569763,-18.413250787859077
280,280,0.000413546237264059,0.00041859842205763256,-18.392569399902627,-18.34320026060696
281,281,0.0004199229672277519,0.0004114767683571891,-18.32918261444526,-18.417722926283105
282,282,0.0004161318725685483,0.0004183959513044867,-18.368670458337153,-18.345301396178517
283,283,0.00041910376730999076,0.00041098455365404094,-18.336406925272964,-18.422921131944307
284,284,0.0004199991304518597,0.00041251358159474636,-18.314313091910034,-18.40679361126134
285,285,0.0004142922998559613,0.00041667782505484005,-18.378113733423213,-18.363172243603994
286,286,0.0004229595405817723,0.00041206799275977045,-18.300232677368136,-18.41148730796965
287,287,0.000416726447622647,0.0004164017292695414,-18.362048134776245,-18.366050885380748
288,288,0.00041984422456415503,0.00041441307525689667,-18.33125224021434,-18.386841634626684
289,289,0.0004139730665405502,0.00040983224722654805,-18.391535450435338,-18.435114855346214
290,290,0.0004134249177967803,0.000411518731485366,-18.39061219713196,-18.417280047676115
291,291,0.0004130862146188726,0.0004164195423455615,-18.400837323438054,-18.365865104328172
292,292,0.0004176330841482454,0.00040871186157394394,-18.347329760503126,-18.447003710330666
293,293,0.0004152225116843876,0.00041461616791294595,-18.380515307886686,-18.38471379601717
294,294,0.0004141228999606497,0.0004174091170027264,-18.387600490653114,-18.355556823124612
295,295,0.00041848734548056174,0.00040972007340506504,-18.342222799701673,-18.436303711036373
296,296,0.0004106468125606513,0.00041178826512278696,-18.424907843373912,-18.414436467430026
297,297,0.00041420168132934066,0.0004097545047682759,-18.384052660773566,-18.435938761312393
298,298,0.0004137741754638012,0.00040611282824293564,-18.389504330123895,-18.474709048081337
299,299,0.00041817021874240455,0.00040852110587844725,-18.349572050117896,-18.449031140714652
300,300,0.00041318160707380663,0.00041350637758640865,-18.40875904932815,-18.39635400810989
301,301,0.00041612632843886606,0.000414554476983061,-18.368622553846695,-18.385360032847835
302,302,0.00040858688214601775,0.0004124755153162895,-18.442684847954688,-18.40719439170205
303,303,0.0004134919451184801,0.000409131034853329,-18.397569567987595,-18.442551885684782
304,304,0.0004145728085746931,0.00041299317442615956,-18.382460855894657,-18.401747388631236
305,305,0.0004166361957442822,0.0004078751111305074,-18.35748665555739,-18.455904078317168
306,306,0.00040710079075634173,0.0004073593927865946,-18.448471492699387,-18.461398783454854
307,307,0.0004147790143141504,0.00040912305734022275,-18.386229534590754,-18.442636568180223
308,308,0.0004091248406486144,0.00040773977219176133,-18.43876875826718,-18.457345370182374
309,309,0.00040845779315616513,0.00040800914039688284,-18.441603918620665,-18.454477205051383
310,310,0.000406509244000808,0.0004126064994029309,-18.461688786650605,-18.405815482320715
311,311,0.00040694924921142996,0.0004097559109428211,-18.468806491051033,-18.43592385744213
312,312,0.00040972227027841375,0.0004094181349501014,-18.433238185099473,-18.439505373697603
313,313,0.00040658150221096334,0.0004048570668888523,-18.45985083563989,-18.488158885512497
314,314,0.0007769119686965552,0.0004059180960451302,-15.653791140917706,-18.47679200128047
315,315,0.00040334301308210286,0.0004030574529774879,-18.496969545174867,-18.507506568086967
316,316,0.0004082472701484971,0.0004144800186622888,-18.46099132047734,-18.38614014122933
317,317,0.00040634436240016494,0.00040682099030451164,-18.46824349110597,-18.467142603029757
318,318,0.00040120197899313163,0.00040588553345419074,-18.520500378272743,-18.477140404590216
319,319,0.0004117498153306966,0.0004068802962520797,-18.413939585183204,-18.46650953912181
320,320,0.0004079978281185607,0.0004110834714466412,-18.453458659278777,-18.42187597630307
321,321,0.0004103811320935174,0.0004081152146682143,-18.42744766684589,-18.45334827241545
322,322,0.000405652323718538,0.0004037550717935358,-18.476260962929327,-18.499996221668585
323,323,0.0004090626766669958,0.0004097934533523298,-18.442285107038508,-18.435525968992486
324,324,0.00041088619336639485,0.0004067181343041164,-18.42422056332183,-18.46824076271966
325,325,0.00040322925791038756,0.0004077446708259614,-18.503271076852204,-18.457293193839334
326,326,0.00041505114563030295,0.0004065684578994191,-18.37659221773713,-18.469839304684776
327,327,0.00040842482901763975,0.0004049299367531938,-18.44602569138197,-18.487377273065675
328,328,0.0004009138852761117,0.00040424447567937404,-18.526719702367636,-18.49473519315196
329,329,0.0004060164495424089,0.00040633178248658384,-18.47796392822198,-18.472368196265666
330,330,0.00041344943162313055,0.000405293553883798,-18.39887138194647,-18.48347916530223
331,331,0.0004044916854628851,0.0004068276030011475,-18.48741537882409,-18.467072010941646
332,332,0.00040523805379502707,0.00040878425199097315,-18.476516174776407,-18.446234562729376
333,333,0.00041394755778325357,0.0004060245486662576,-18.40294634101605,-18.47565320689626
334,334,0.00041025857796374055,0.00040434018898706297,-18.43501466469381,-18.4937070321347
335,335,0.00041576476375207536,0.0004050528330385293,-18.372247501672906,-18.486059388760783
336,336,0.00040422561404429683,0.0004089909565855602,-18.498114348084084,-18.444039077569553
337,337,0.0004070214270110021,0.00040729928418601816,-18.461651031773933,-18.462039661268605
338,338,0.00041104724106244436,0.00040791398772087534,-18.42012725293526,-18.455490150533418
339,339,0.0004071573106951282,0.0004045784114982541,-18.465151987182455,-18.49114908069177
340,340,0.0004083446743682065,0.00040330258228718057,-18.450019359531183,-18.504866102161674
341,341,0.00040992654736403416,0.0004032567391588696,-18.427930998540415,-18.505359789783917
342,342,0.00040930752779270725,0.00040464332376263643,-18.433539076875896,-18.49045233622579
343,343,0.00040445627570248296,0.00040733682812730735,-18.492087884890644,-18.461639356732732
344,344,0.0004088842611851113,0.0004070651423382132,-18.44809899492501,-18.464536983400425
345,345,0.00041052470278935796,0.0004080598162928302,-18.426585520729674,-18.453937832445103
346,346,0.0004087422104893233,0.0004070801308108984,-18.442879012583727,-18.46437707555118
347,347,0.0004114355803731368,0.0004093978296671259,-18.41185519757836,-18.43972076940879
348,348,0.00040597323635497044,0.0004066705296281725,-18.46822400965484,-18.46874911620467
349,349,0.0004074310280200209,0.0004015419384047977,-18.457267547820933,-18.523867017810907
350,350,0.0004063759982638714,0.00040861809362755403,-18.475211555305805,-18.44800019655061
351,351,0.0004067967142357693,0.0004070451388160061,-18.46957136800789,-18.464750404592028
352,352,0.00040874080330411875,0.0004059416747431418,-18.442616485460903,-18.47653973854229
353,353,0.00040235810255458983,0.0004116321062228005,-18.504391299381787,-18.416083717163872
354,354,0.0004101806526077124,0.00040352501520445863,-18.435464311825346,-18.502471504076155
355,355,0.00040850251434207657,0.0004060490265194523,-18.45143026847721,-18.475391393265102
356,356,0.0004090924465851186,0.0004083994825027491,-18.452688601811186,-18.45032429850937
357,357,0.00040689255464966073,0.0004023696253027179,-18.464935408360205,-18.514924243611603
358,358,0.00040781804805707915,0.0004052916789844044,-18.459485313782004,-18.483499255933737
359,359,0.00041111722797366606,0.00040082436508352036,-18.42878118396849,-18.531634996488997
360,360,0.0004059080506756556,0.00040850943830599516,-18.47578807578376,-18.449155179218955
361,361,0.0004065768200947337,0.00040743553453419164,-18.462160115263256,-18.46058709600292
362,362,0.00040931373921021356,0.0004035224984890144,-18.448761117875726,-18.50249859035327
363,363,0.00040529370871996605,0.0004069081608720712,-18.4799457058128,-18.466212128889424
364,364,0.00040215805332541234,0.00040164977116020103,-18.50366898728921,-18.52270089096065
365,365,0.00040783447731939173,0.0004055017565597633,-18.45489271825128,-18.481248731205934
366,366,0.00041104257844878147,0.00040249201610047177,-18.42407372439984,-18.513603429057255
367,367,0.00040903939960342016,0.0004039539811569021,-18.44514160773502,-18.497857202913263
368,368,0.00041293800801288377,0.0004061696128797178,-18.398069785664298,-18.474101839228773
369,369,0.0004045495033725021,0.00040380047836439,-18.49059348701239,-18.499507838592496
370,370,0.00040802169475973266,0.00040682926804660574,-18.446743074045585,-18.467054236371542
371,371,0.0004018526245268619,0.0004056405144326977,-18.511688296685808,-18.479762881404266
372,372,0.0004093589269575308,0.00039912424491424307,-18.441316236349262,-18.550095030309652
373,373,0.00040859395077634487,0.0004071022236817761,-18.457250867445026,-18.464141383587066
374,374,0.0004101293548562362,0.0004046121351788507,-18.42693617006903,-18.490787089107435
375,375,0.0004101898800221646,0.00040802372447950274,-18.428431286657133,-18.45432197143571
376,376,0.0004032916958280599,0.00040627588321895977,-18.503684560787,-18.472965698468375
377,377,0.0004094184403903014,0.00040864374788821136,-18.442978141658855,-18.447727542101852
378,378,0.00040841729232570943,0.00040454541847698,-18.45245834372079,-18.491503258545833
379,379,0.0004067336792395133,0.00040875849969636063,-18.47343759541289,-18.446508165043806
380,380,0.00040628910412743074,0.000407987456511412,-18.467193966588948,-18.4547080195387
381,381,0.00040939360582173715,0.0004074108330410366,-18.443867335424066,-18.46085040262371
382,382,0.0004070711240518032,0.00040434819560399964,-18.462878218842295,-18.493621035362132
383,383,0.0004077032940539042,0.00040733814545858065,-18.464365391389613,-18.461625311629557
384,384,0.00040824960025517056,0.00040587824217877105,-18.45187252367484,-18.477218421392045
385,385,0.0004082663892648308,0.0004086573868622317,-18.45170743796267,-18.447582593541167
386,386,0.0004079938279920901,0.0004105354738911908,-18.448678363827508,-18.427669230002234
387,387,0.00041065145447158937,0.000405256881525642,-18.426114603366948,-18.483872147702847
388,388,0.000410048406002275,0.0004079658798505797,-18.43100579329198,-18.454937704848437
389,389,0.00040847785259625805,0.00040259500383399427,-18.446574762205397,-18.512492319239087
390,390,0.00040424569898774634,0.0004049001589392949,-18.4916384279381,-18.48769665710275
391,391,0.00040776814848962286,0.0004051284723621058,-18.446084355431882,-18.48524846555827
392,392,0.0004088550640423734,0.0004049702578126208,-18.447178700624466,-18.486944844138122
393,393,0.0004061137538489684,0.0004043806509703006,-18.470720944913253,-18.493272459036213
394,394,0.00040903571001782093,0.00040782313168931167,-18.442110470043037,-18.45645757673924
395,395,0.0004087697532143175,0.0004037051250251304,-18.444476112419817,-18.500533501549885
396,396,0.00040384467550764607,0.0004029655170406362,-18.495010846279804,-18.508497290975065
397,397,0.00040979038194282767,0.0004062177766555626,-18.43603080193312,-18.47358688140518
398,398,0.0004122315947393666,0.0004074219415135878,-18.404553560393985,-18.460731989411027
399,399,0.00040419476788452607,0.000403488886628398,-18.49045592747571,-18.502860355896352
400,400,0.0004098029073913457,0.00040452393831832235,-18.43955622377098,-18.491733862122626
401,401,0.0004067038217098596,0.0004029859770334473,-18.468004556570925,-18.50827678981476
402,402,0.0004089492293357964,0.00040779091374899606,-18.4448978316004,-18.456800682005337
403,403,0.0004125500053464982,0.0004028902269630252,-18.411013474386365,-18.50930880260322
404,404,0.00041022819026430936,0.0004080793173910168,-18.422631838257104,-18.453730288927446
405,405,0.0004071201955102691,0.00040623835765903716,-18.45451585443228,-18.473366851895513
406,406,0.0004077906106459457,0.00040623838982642874,-18.45078362109291,-18.47336650800578
407,407,0.0004053138176665747,0.00040579704861891895,-18.477402749967656,-18.478087288918932
408,408,0.00040806045866158513,0.0003997718893898357,-18.453310643322357,-18.543053602230998
409,409,0.0004073118103293644,0.00040661107509789104,-18.46318543925838,-18.469384093666875
410,410,0.00041223525882160927,0.0004050429025052213,-18.40887835225,-18.486165864468013
411,411,0.0004073456340810265,0.00040824967283314387,-18.467907097540657,-18.45191767586487
412,412,0.00040429139110144494,0.0004024017406137366,-18.48959440294579,-18.514577623367437
413,413,0.0004086961901324235,0.00039998219979583825,-18.443661268054083,-18.540769483846255
414,414,0.0004074327931523361,0.00040394960792343085,-18.45980677702341,-18.49790422018588
415,415,0.00040891590004921266,0.00040111668242484724,-18.44387908890617,-18.528468883111458
416,416,0.0004073950964909469,0.0004027235753662688,-18.463264641093872,-18.511105590833377
417,417,0.0004055279399479557,0.00040294563299731205,-18.482863357033455,-18.508711595747865
418,418,0.00040833234124500113,0.00040579359292199736,-18.44936703302999,-18.47812427283736
419,419,0.00041101605825836666,0.00040249441946415524,-18.423029323736763,-18.513577496506354
