,epoch,train_loss,test_loss,train_dbs,test_dbs
0,0,0.00152877878791355,0.0015265439992378418,-1.0649635622464138,-1.0687077566435474
1,1,0.0015268725038208452,0.0015246151811688354,-1.0736167597834712,-1.0741986216297423
2,2,0.0015238563076487369,0.0015234856278096374,-1.0781310533010766,-1.077417405023818
3,3,0.001522721710720474,0.001522635103595492,-1.0807964172120434,-1.0798426403647507
4,4,0.0015220700825574163,0.0015217552243388798,-1.083023238192919,-1.082353006483191
5,5,0.001521739157003149,0.0015213127664633487,-1.085064586923131,-1.0836159228278313
6,6,0.0015208502600123127,0.0015205929276386374,-1.0866331372900677,-1.0856713582469737
7,7,0.0015192762936571055,0.0015200386987999082,-1.0881199726705453,-1.087254572253856
8,8,0.0015189784168524994,0.0015193731524050236,-1.0902280302788396,-1.0891565397759881
9,9,0.001518795595590755,0.0015189178827169695,-1.0918905265614027,-1.0904580682503435
10,10,0.0015190468654612598,0.0015183878743923024,-1.0933686161803888,-1.0919737516323227
11,11,0.0015181130717614108,0.001517845991704809,-1.0950703908349622,-1.0935239396210923
12,12,0.0015168170235839854,0.0015172932027397972,-1.0969885991047887,-1.0951058980383908
13,13,0.0015178005062235693,0.001516624292554824,-1.098437843192404,-1.0970209402726008
14,14,0.0015165158247421543,0.0015159660251811147,-1.1000951026130887,-1.0989063376560648
15,15,0.0015161200582539452,0.0015153660328666631,-1.1015596159479508,-1.1006255379928382
16,16,0.0015152844902819272,0.0015148807892967995,-1.1033368559603924,-1.1020164385955926
17,17,0.0015136588415246188,0.0015142386913985799,-1.1047974801956841,-1.103857630928826
18,18,0.0015131553692608764,0.00151380308364567,-1.1067644370964902,-1.1051071648436304
19,19,0.0015134290700835973,0.001513348696263213,-1.1082961613987905,-1.1064109510339322
20,20,0.0015124048816865868,0.0015126310509482497,-1.1100110128404879,-1.1084709080206425
21,21,0.0015119448995467315,0.0015121147061060917,-1.111514752981866,-1.1099536489575532
22,22,0.001511882643753029,0.0015116079992271568,-1.1132879089086756,-1.1114092057328864
23,23,0.0015107244289163308,0.0015107936372882442,-1.1148907529316592,-1.113749549257239
24,24,0.0015105828798865689,0.0015104281115590741,-1.116425434915527,-1.1148004208657682
25,25,0.001509831643413714,0.0015097024029512938,-1.118029211576585,-1.1168875574870523
26,26,0.001509060545526829,0.0015092107933014631,-1.1196745526420377,-1.1183019960361575
27,27,0.0015070695986913651,0.0015087239873154384,-1.1215519726081034,-1.1197030677669284
28,28,0.0015081305311243865,0.001508038582917499,-1.1229201512021256,-1.121676490242772
29,29,0.0015085668653518577,0.001507547910717365,-1.1245725998884104,-1.1230897889909388
30,30,0.0015073485226015147,0.0015070451803407387,-1.1261904837864032,-1.1245382964603254
31,31,0.0015066406226323284,0.001506295821041261,-1.1279494149379328,-1.1266983083228097
32,32,0.0015052857607142213,0.0015057984457694385,-1.1295311082616022,-1.1281325751074243
33,33,0.0015056210824470851,0.0015054357140079926,-1.1312538136514847,-1.1291788730358507
34,34,0.0015044400046013064,0.0015046665702309263,-1.1328001525278957,-1.1313982986493183
35,35,0.001503802971559164,0.0015041547962219308,-1.1342377159412615,-1.13287569197489
36,36,0.0015035243320864501,0.001503653272888378,-1.1358315296381936,-1.1343239813159753
37,37,0.0015033388404732512,0.0015029507799466189,-1.137455971653686,-1.1363534391918544
38,38,0.001502587421576387,0.0015025932439847996,-1.1391186748076967,-1.1373867023535058
39,39,0.0015020213994802428,0.001501977345661113,-1.141038508289952,-1.1391671980293856
40,40,0.0015018327286486159,0.001501415390521288,-1.1425385199468427,-1.140792386878058
41,41,0.0015011527803582476,0.0015009135424502585,-1.1439553138643255,-1.142244258774159
42,42,0.0015001312767145868,0.001500356201033451,-1.1456780463001746,-1.1438572447789233
43,43,0.0014990910338045856,0.0014996189305460767,-1.1471751085605872,-1.145991879212473
44,44,0.0014983283994316134,0.0014991186632725753,-1.1490818221865726,-1.1474409110905657
45,45,0.0014987544963117113,0.0014984515054445517,-1.1504597429396468,-1.1493740966491703
46,46,0.001498093151669834,0.0014979235251973335,-1.152015465650022,-1.1509046054002385
47,47,0.0014973528630378627,0.0014974078727199842,-1.1537974808719746,-1.152399899228898
48,48,0.00149734808280872,0.0014968368862020342,-1.1552835784572917,-1.154056252112234
49,49,0.001497138023962142,0.0014964629479340818,-1.1567346672129462,-1.1551413377113242
50,50,0.0014961048427815597,0.0014957917645867717,-1.1586628073502796,-1.1570896426316974
51,51,0.001494880160796888,0.0014951946520197548,-1.1600864649595313,-1.158823670542596
52,52,0.0014944718478573965,0.0014948254561443861,-1.1616713912702612,-1.159896169899982
53,53,0.0014939371570848773,0.0014940719181475671,-1.1633294583913099,-1.162085990157254
54,54,0.00149410178635231,0.0014936199448512572,-1.1649958441493953,-1.1633999778042616
55,55,0.0014931356123907818,0.0014930879697203636,-1.1668730686120485,-1.1649470582212844
56,56,0.0014929429990402662,0.0014926127746309106,-1.1683080530585557,-1.1663294781259583
57,57,0.0014919431726496243,0.0014920361082706797,-1.1700451835662578,-1.1680076857214892
58,58,0.0014922327383603785,0.0014914021900805988,-1.171326247801568,-1.169853255487256
59,59,0.0014914183939816717,0.0014909207820892334,-1.1733560344141998,-1.1712553359323383
60,60,0.0014903929442186485,0.0014901438875025825,-1.1743741623402844,-1.1735189637099117
61,61,0.0014900046475135635,0.0014897268878197984,-1.1763403544789874,-1.1747344571056015
62,62,0.001489347609038436,0.0014891109588605009,-1.1776936796612638,-1.1765304229543472
63,63,0.0014884383729707026,0.0014885331589826628,-1.179336627935444,-1.1782158849626194
64,64,0.0014879472803362866,0.001488271733059695,-1.1810768320427838,-1.1789786883050002
65,65,0.001487648550219373,0.0014874590438251432,-1.1827372546949504,-1.181350854910828
66,66,0.001486999449588973,0.0014870175479077979,-1.1839222094312027,-1.1826400850404368
67,67,0.0014863240979035798,0.0014864789125950712,-1.1858135094021343,-1.1842134943230191
68,68,0.0014853215999613256,0.001485973688479709,-1.187607159793855,-1.185689824323773
69,69,0.0014850080490938014,0.001485333496116494,-1.1892211719503087,-1.1875612701065892
70,70,0.0014852834925458756,0.001484728963604491,-1.1907092061855815,-1.1893292136517517
71,71,0.0014841449614998298,0.0014843278025325976,-1.1918868176103354,-1.1905027987642016
72,72,0.0014843032311302486,0.0014835568144917488,-1.194102594135698,-1.1927591928124435
73,73,0.001482807756305586,0.0014833079798049049,-1.1954307994480529,-1.19348768931733
74,74,0.0014827700941487379,0.0014825132552926477,-1.1972317892504716,-1.1958151693048824
75,75,0.0014822638879251695,0.001482179216844471,-1.1989205563487728,-1.1967938276767982
76,76,0.0014811289909574174,0.0014815769452405604,-1.200352796127689,-1.1985589070118117
77,77,0.001481670871876257,0.0014810037284501288,-1.202397921410669,-1.2002395018684242
78,78,0.001480998106531261,0.001480438593333881,-1.2036885689847492,-1.2018970392358757
