,epoch,train_loss,test_loss,train_dbs,test_dbs
0,0,0.0015025582253337675,0.0014921431919853938,-1.1400969413809614,-1.1676960029320669
1,1,0.0014843199697332744,0.001473895525314698,-1.196369199004602,-1.2211340169603722
2,2,0.0014653445711148153,0.0014573199931826246,-1.2481736270983437,-1.2702517896144916
3,3,0.0014493239733880175,0.0014421937399004634,-1.2953470563571934,-1.3155649595637808
4,4,0.0014350270881250348,0.0014281836889782234,-1.3387687441519254,-1.35796033282485
5,5,0.0014220508422760159,0.0014157695021774423,-1.3793155069948497,-1.3958754932089767
6,6,0.0014096812174665097,0.0014040163522096056,-1.4162885682890463,-1.4320793611562173
7,7,0.0013975723149715778,0.0013933453745649832,-1.450744695956199,-1.4652132182651214
8,8,0.0013874324852331857,0.001383374451267484,-1.4836254723022333,-1.4964035136630036
9,9,0.0013784603191750874,0.0013747546870849635,-1.5129411282584215,-1.52354893013712
10,10,0.0013706624548709423,0.0013667553185338253,-1.5397751772964186,-1.5488932949054428
11,11,0.0013624820018129557,0.0013593607888508,-1.5648038485273486,-1.5724536363373363
12,12,0.0013544446567899174,0.0013526920167925326,-1.5887078985165772,-1.5938117510257253
13,13,0.00134946951479411,0.0013462307764903496,-1.6089539958841543,-1.6146058721268837
14,14,0.001342719767636322,0.0013404573607993754,-1.6287107408095576,-1.6332709817910667
15,15,0.001337456466514886,0.0013353139848301286,-1.646099002165096,-1.6499670463226979
16,16,0.0013322545618740555,0.0013308187848643253,-1.6624064760662254,-1.6646117962937934
17,17,0.0013268325914696012,0.001326272931979283,-1.6769161932909935,-1.6794719589083011
18,18,0.0013227874374727613,0.001322887831759688,-1.6906990517829399,-1.6905708032390334
19,19,0.0013198122290951997,0.0013200803476042654,-1.7027953969589666,-1.6997973640795918
20,20,0.0013160912593653828,0.001316569353404798,-1.713831669484723,-1.7113636051885053
21,21,0.0013133738173133473,0.0013140597209138306,-1.7229908538688767,-1.7196499872081297
22,22,0.001311144420694675,0.0013117340736483272,-1.7319634105686958,-1.7273430211429064
23,23,0.0013084254508415603,0.001308719719466018,-1.7392534403039992,-1.7373345574847465
24,24,0.0013068739934488363,0.0013075624470059808,-1.745533861570788,-1.741176628364355
25,25,0.0013050402661055787,0.001305513451562116,-1.7510753260260017,-1.7479875104943778
26,26,0.0013031820579403148,0.0013042063158201543,-1.7566902783918055,-1.7523380303808398
27,27,0.0013005564771784643,0.0013035093250341322,-1.761592900459862,-1.7546595968489986
28,28,0.001300937358107533,0.0013021076784322137,-1.7647456196840414,-1.7593320214048553
29,29,0.0013008443698690263,0.0013015028518183452,-1.7679648284750058,-1.7613497799181546
30,30,0.0012994436031092227,0.001300865189956599,-1.7707529247588005,-1.7634780955827591
31,31,0.0012984023388648003,0.001299302479693372,-1.7739532523434929,-1.7686983475978022
32,32,0.0012971783829756926,0.0012994392002981744,-1.7757236156264988,-1.768241380252874
33,33,0.0012972569669183996,0.0012995473991491292,-1.7781505694419717,-1.7678797765112075
34,34,0.0012963269561164312,0.0012983363611917746,-1.7794033654934371,-1.7719288194159066
35,35,0.001296026399359107,0.0012983209392251937,-1.780008622941738,-1.771980406315612
36,36,0.001296208844971411,0.0012982120235009414,-1.7801863317140216,-1.7723447498363147
37,37,0.001296082920798091,0.0012975771923696524,-1.781696875481683,-1.7744689875137822
38,38,0.001295577011013538,0.0012978451375506427,-1.782883832488324,-1.7735722770815068
39,39,0.0012951339414996124,0.0012974846360616777,-1.7846528593193602,-1.7747787812412021
40,40,0.0012954095997799611,0.001297287551048947,-1.7846830532190214,-1.7754385149479581
41,41,0.0012951355605126964,0.0012973035979819926,-1.7850519839945986,-1.775384794773387
42,42,0.0012945504174999816,0.0012970700565921632,-1.785781014115819,-1.7761666847451267
43,43,0.0012940235361552884,0.0012967445532252129,-1.7860334196722414,-1.77725669569899
44,44,0.0012935411470663763,0.001296439961726336,-1.7873494544659008,-1.778276927055783
45,45,0.001294301033077627,0.0012958577258120243,-1.78741175484046,-1.7802277975149827
46,46,0.0012942261396206379,0.0012957161647806827,-1.7873019820201907,-1.7807022518614204
47,47,0.0012936932634869495,0.0012957881094495718,-1.7887258872014722,-1.780461116448142
48,48,0.0012938915559849173,0.0012956127695935337,-1.789532500676645,-1.7810488227553145
49,49,0.0012942609141974413,0.0012959599568459549,-1.7891347136041764,-1.779885193370907
50,50,0.0012935091076495568,0.0012952801955275629,-1.7905881850647862,-1.7821637671734196
51,51,0.0012928882335341467,0.0012951188071287777,-1.7905404171910604,-1.7827049200309866
52,52,0.001292713988601163,0.001295600858467974,-1.7915242916648153,-1.7810887494988896
53,53,0.001292712200365807,0.001294431147949868,-1.7916342736089421,-1.7850114721271515
54,54,0.0012930845985784358,0.0012949370950656501,-1.7925283037913107,-1.7833143010592045
55,55,0.0012923836547247681,0.00129491719417274,-1.7939510400333527,-1.783381044952959
56,56,0.0012927575279315263,0.0012949782080556218,-1.7935695645197236,-1.7831764189851527
57,57,0.0012918296138055086,0.0012946406342579347,-1.7955156369871168,-1.784308681664166
58,58,0.0012928120019010355,0.0012941564629344565,-1.7943381335321065,-1.7859331653810406
59,59,0.0012922000281570345,0.0012943363123524346,-1.7960535230828303,-1.7853296666139369
60,60,0.0012916930214281089,0.0012933209134069713,-1.7957888886027678,-1.7887380174355925
61,61,0.001291705765905454,0.001293354759630012,-1.7965806029987168,-1.7886243640073418
62,62,0.0012916494520937966,0.0012929958511928195,-1.7962077644955605,-1.7898297068106686
63,63,0.0012910804500054452,0.0012928860654172144,-1.7971121576470552,-1.7901984735069287
64,64,0.00129086149558809,0.0012936783329534688,-1.7981558048015243,-1.7875379758200078
65,65,0.0012909094875044737,0.001292646372396695,-1.7987827617475383,-1.7910037030599455
66,66,0.0012908847030425042,0.0012929986329062988,-1.798155742596073,-1.7898203635361811
67,67,0.001290325120993957,0.001292411648472281,-1.7999571752556434,-1.7917923840458336
68,68,0.0012896002579922067,0.0012925094618511043,-1.8012610136382103,-1.79146371010271
69,69,0.0012897532961340908,0.0012920302228609983,-1.80144278389741,-1.7930742936238875
70,70,0.0012901204592577114,0.0012918296024987572,-1.8025001243634262,-1.7937486979828137
71,71,0.0012899501472423524,0.0012919720703441846,-1.8009207737247732,-1.7932697680414733
72,72,0.0012898702803307894,0.0012909442088321636,-1.8038685589664571,-1.7967262843056218
73,73,0.0012891000537585812,0.0012921944971343404,-1.803413025113403,-1.7925221480618145
74,74,0.0012891601084625906,0.0012906841553845688,-1.804901388078863,-1.797601234234417
75,75,0.0012889081989078946,0.0012915750266984105,-1.8059559744995743,-1.794604629449569
76,76,0.0012884229846471518,0.0012910322800866868,-1.8056969856710783,-1.7964300084872113
77,77,0.0012890369218495703,0.001290664903966612,-1.807261783072368,-1.7976660126459787
78,78,0.0012889200624692993,0.0012904448790083591,-1.8069737649081576,-1.7984064354370743
