,epoch,train_loss,test_loss,train_dbs,test_dbs
0,0,0.0001538023798931726,0.00013653120549861342,-22.111653054324464,-22.626023111097023
1,1,0.0001376051484689971,0.00012120316999866383,-22.595485275116044,-23.143202572448804
2,2,0.00012025891597077884,0.00010723947458532883,-23.170372630606266,-23.674795584331207
3,3,0.00010495508190474866,9.751071028356244e-05,-23.770590986942377,-24.087819160241555
4,4,9.685862362660832e-05,8.704890205990523e-05,-24.125878155693098,-24.580709381741098
5,5,8.506966201521303e-05,7.711556080673625e-05,-24.67888939884658,-25.106922146944555
6,6,7.64152766688434e-05,6.765185676876602e-05,-25.14763053016335,-25.67554515226874
7,7,78311.04646237075,6.664560159582547e-05,64.9626590106194,-25.740627433449824
8,8,7.13321182441168e-05,6.559016190677587e-05,-25.456015215058873,-25.80995533001678
9,9,7.234476565967852e-05,6.643734147808955e-05,-25.38738917046586,-25.75421990317958
10,10,7.356202016679388e-05,6.528958711944717e-05,-25.31827599531125,-25.82990313737497
11,11,6.775147863363694e-05,6.580680277884791e-05,-25.66389224068279,-25.79563444813422
12,12,2769703.587699627,6.757775133193813e-05,80.4528561468183,-25.680304995318938
13,13,7.353133621587197e-05,6.677978576350909e-05,-25.309052425235485,-25.731892144853873
14,14,6.949859766557227e-05,6.643887134391422e-05,-25.560048108047056,-25.754119898480226
15,15,7.238441865354747e-05,6.426242371641198e-05,-25.379265730060062,-25.898771346039563
16,16,7.553724947111855e-05,6.618636440467334e-05,-25.19814372646822,-25.770657098544817
17,17,6.820594225968139e-05,6.618466987243952e-05,-25.64017358264751,-25.770768289939916
18,18,6.882385911087545e-05,6.349894293204048e-05,-25.59578304472907,-25.950677402994696
19,19,7.048316517293923e-05,6.418687744850391e-05,-25.492729641261786,-25.90387987224661
20,20,6.960775716993573e-05,6.407939527937407e-05,-25.547669163316225,-25.91115831308519
21,21,6.762223546099177e-05,6.348773738289693e-05,-25.6817200098143,-25.951443862620273
22,22,6.940459308080069e-05,6.326201534983211e-05,-25.564038937325037,-25.966912127436878
23,23,6.811180903297878e-05,6.24722518918325e-05,-25.65177553104391,-26.021470750186204
24,24,6.778669378092541e-05,6.246689793586388e-05,-25.664135876554475,-26.02184296234519
25,25,6.61565927376361e-05,6.109947035407746e-05,-25.775964583537927,-26.117967904037034
26,26,6.679435236290693e-05,6.067822495855293e-05,-25.73963046517592,-26.148013682128017
27,27,6.416273180613793e-05,6.216451603043089e-05,-25.910378692687633,-26.0429167905969
28,28,6.210738970788877e-05,6.0962566318554114e-05,-26.041664051457882,-26.127709948939856
29,29,6.586111452371679e-05,5.85892734019772e-05,-25.801683527659385,-26.300161238295985
30,30,156106129.15470576,6.187735121593026e-05,97.94942988973253,-26.063025213648928
31,31,6.722059652488919e-05,6.243538652932712e-05,-25.704901196237522,-26.024034312219193
32,32,6.760488669015947e-05,6.170785778330785e-05,-25.67274319581024,-26.07493766000957
33,33,6.423213836597759e-05,6.333621652294441e-05,-25.900522319811575,-25.961821193188143
34,34,6.551959003698677e-05,6.23396734131108e-05,-25.813746646527818,-26.03069713191902
35,35,6.628804371335794e-05,5.961591925465894e-05,-25.765153104962224,-26.224719909472725
36,36,6.488170604534764e-05,6.037504767606917e-05,-25.85413705786259,-26.169767492372472
37,37,6.88470687030709e-05,5.951500727525471e-05,-25.60537787321662,-26.232077449210177
38,38,6.368760085999533e-05,5.8798888571082465e-05,-25.94113090528099,-26.28465118915768
39,39,6.298928216433383e-05,6.065268404965632e-05,-25.985436670058554,-26.14984211579774
40,40,6.568698664363858e-05,5.838431963255923e-05,-25.81144002232382,-26.315380123153886
41,41,6.581058277305667e-05,5.900385133971117e-05,-25.795598343477696,-26.269538758105654
42,42,6.209783089982067e-05,5.8516474573958765e-05,-26.05259341282599,-26.30556082523626
43,43,6.375182239991642e-05,5.7757869447079046e-05,-25.93243559053431,-26.362230711963292
44,44,6.333651542741584e-05,5.7279313056680715e-05,-25.963375684302964,-26.398364350501147
45,45,6.240968155607428e-05,5.661950356290234e-05,-26.030480868192996,-26.448681787716104
46,46,6.351434376952478e-05,5.669190393650512e-05,-25.951624865693752,-26.44313193396064
47,47,6.28744581019381e-05,5.571784219539136e-05,-25.997366740119332,-26.518399469427756
48,48,6.154879685203286e-05,5.6821041461693024e-05,-26.08161427812998,-26.433250463861484
49,49,6.207219620094846e-05,5.505711056972168e-05,-26.061443652459566,-26.570208203244228
50,50,5.873313702321275e-05,5.5266410000561004e-05,-26.29748439140865,-26.553729813783722
51,51,5.971096808147213e-05,5.431056658715917e-05,-26.21398271735568,-26.629499024132983
52,52,6.040660689942558e-05,5.3184753548856334e-05,-26.169691246571798,-26.720470848256802
53,53,5.8690560444560595e-05,5.430941545407557e-05,-26.292035972231325,-26.629591075473215
54,54,5.8508167507939434e-05,5.305347957274582e-05,-26.306324262435513,-26.731203630755743
55,55,5.6452756981934256e-05,5.1208191028930936e-05,-26.458353515442358,-26.88494801645191
56,56,5.6414051193980376e-05,5.081669759850851e-05,-26.463077768460348,-26.91827797609696
57,57,5.514185608094006e-05,5.1000137510096754e-05,-26.56048411316334,-26.902628888698317
58,58,5.581424275734798e-05,5.041829315718802e-05,-26.51332234516774,-26.952460968044804
59,59,5.563975588002089e-05,5.061751002549978e-05,-26.531647495453882,-26.935334583930125
60,60,5.473438004534644e-05,4.986066989275921e-05,-26.590806405291545,-27.00076126863155
61,61,5.317474698909491e-05,4.884775817596452e-05,-26.72703163678626,-27.089895989876062
62,62,5.34464637444357e-05,4.7828201307933536e-05,-26.684197971739785,-27.18150187431121
63,63,5.37378656406066e-05,4.8532044131302666e-05,-26.680397648153654,-27.118056521036475
64,64,5.3364110724417224e-05,4.6322084687601185e-05,-26.710409288599102,-27.320461397163832
65,65,5.336335175577671e-05,4.679972191393302e-05,-26.7001724402837,-27.275909634598424
66,66,5.2648283805687354e-05,4.614955478724656e-05,-26.771613320457497,-27.33666720276151
67,67,5.096851386905158e-05,4.460940027983222e-05,-26.903948641102893,-27.48407851234488
68,68,4.933468616653363e-05,4.443164317834951e-05,-27.048881285866262,-27.50141861256195
69,69,5.0272230510017835e-05,4.4319616982217046e-05,-26.967385184188295,-27.51238237455469
70,70,5.2797697283016736e-05,4.476259518445371e-05,-26.752644424331663,-27.469189784270927
71,71,5.1419637061699926e-05,4.263291157258209e-05,-26.868440002467352,-27.680892425715502
72,72,4.665133687031465e-05,4.363892395830542e-05,-27.288187155930498,-27.579602026605667
73,73,4.629471938464234e-05,4.155881680689115e-05,-27.31978451392566,-27.7917106138897
74,74,4.744931638268418e-05,4.184089630143717e-05,-27.226324030170446,-27.762332566767398
75,75,4.5285676362217384e-05,3.955577813030686e-05,-27.412499585427632,-28.00624303690298
76,76,4.5344336238898545e-05,3.890955112614105e-05,-27.40903553561509,-28.077780152808508
77,77,4.669673749564945e-05,4.0112982644227724e-05,-27.292402847263347,-27.9454928032576
78,78,4.1338673627157645e-05,3.9817295194217494e-05,-27.817481867905464,-27.97762481059479
79,79,4.533752432985942e-05,3.919212107767204e-05,-27.416439373219173,-28.04635467811771
80,80,4.442843027456697e-05,3.775401024827979e-05,-27.51244424460241,-28.20871146569745
81,81,4.159034547556825e-05,3.6554074349145306e-05,-27.794254173892572,-28.348984451089812
82,82,4.023734569629371e-05,3.691456913657021e-05,-27.93750182641045,-28.306364322010317
83,83,3.8914060796648213e-05,3.4813247590423804e-05,-28.07798632370163,-28.56089697152464
84,84,4.077926922074073e-05,3.56567996181854e-05,-27.879978182165974,-28.456918755270266
85,85,3.8606145289563335e-05,3.521717314326548e-05,-28.1132898320484,-28.510797434143285
86,86,4.441136734760559e-05,3.596626916796116e-05,-27.507196744945006,-28.41938845770943
87,87,3.986790576051397e-05,3.4226816799338466e-05,-27.970840305216036,-28.634677256688548
88,88,3.878676683054493e-05,3.331706370533395e-05,-28.095439446777625,-28.751675167016813
89,89,3.8574539111013834e-05,3.3463171827239226e-05,-28.119316883065842,-28.732671324982462
90,90,4.196050198065818e-05,3.3842973176720794e-05,-27.751764156867218,-28.68365726213012
91,91,3.777989273733032e-05,3.304153381721239e-05,-28.212481819452606,-28.787740364940483
92,92,3.6488893418152786e-05,3.376537623760094e-05,-28.37037681723807,-28.693626426460277
93,93,3.751280178455756e-05,3.218518931565708e-05,-28.242303831317276,-28.901781679194833
94,94,3.7760195369891026e-05,3.279530555071113e-05,-28.21264925179497,-28.820225544072862
95,95,3.8704270747947486e-05,3.132219736519466e-05,-28.106326561370977,-29.01982014164122
96,96,3.669532141186172e-05,3.333221445102122e-05,-28.339567548517905,-28.749700686409057
97,97,3.877741484344726e-05,3.2437129400358045e-05,-28.089945934845247,-28.86791822610548
98,98,3.653833836952546e-05,3.304583371668981e-05,-28.35595677129829,-28.787175227399647
99,99,3.730268324887351e-05,3.3727922384155374e-05,-28.265537590548572,-28.69844646159836
100,100,3.9583250421030955e-05,3.230946736278527e-05,-28.00267166615463,-28.885044374223302
101,101,3.700935701193341e-05,3.22546135353868e-05,-28.298217417291607,-28.892423932625114
102,102,3.585356445028927e-05,3.2953639770551634e-05,-28.43852185163025,-28.79930845998471
103,103,3.986622043870289e-05,3.2977232781137756e-05,-27.97749346664917,-28.79620026063899
104,104,3.6613672200098904e-05,3.227920344790235e-05,-28.343319002714424,-28.889114268225256
105,105,3.379856786626444e-05,3.2543837828837385e-05,-28.690789328252137,-28.853654688551586
106,106,3.577043210582618e-05,3.23306372880133e-05,-28.442866475137002,-28.882199706168624
107,107,3.637385282100817e-05,3.258687894757666e-05,-28.35914071558583,-28.847914686288547
108,108,1063048.164985061,3.1972986777729696e-05,76.28283158923551,-28.930510278708358
109,109,3.77053663036462e-05,3.1959245174412466e-05,-28.216495392870684,-28.93237722513048
110,110,3.689388186384602e-05,3.2244348355896746e-05,-28.311332249869103,-28.893806314826374
111,111,3.613641678684777e-05,3.3368752586906534e-05,-28.393148205772853,-28.74494264073568
112,112,3.942413060059087e-05,3.374182855814548e-05,-28.01454932283752,-28.696656214967987
113,113,3.850879717723841e-05,3.298539061353566e-05,-28.115186253850865,-28.795126045748667
114,114,3.544228439215996e-05,3.238344101861769e-05,-28.481489517785437,-28.87511241557753
115,115,3.812774148454335e-05,3.388536386314387e-05,-28.16107475145687,-28.678220824619242
116,116,3.6643389676944786e-05,3.35603511446511e-05,-28.3448121570622,-28.72007739705653
117,117,4.0377013609725404e-05,3.425281326934438e-05,-27.925375655072507,-28.631379889572646
118,118,3.5802496622824204e-05,3.3772442437016014e-05,-28.43400237641348,-28.69271765816263
119,119,3.953032293943532e-05,3.334692404390999e-05,-28.01214998449541,-28.74778455633585
120,120,3.62527934879667e-05,3.3842683382987926e-05,-28.3769319202194,-28.683694450457885
121,121,3.63666151840625e-05,3.472384952673517e-05,-28.37460010778871,-28.57206370374459
122,122,3.6977049528582734e-05,3.3253543829471854e-05,-28.293062188333018,-28.75996301084808
123,123,3.852338356887934e-05,3.372789634388602e-05,-28.117615733354732,-28.69844981465092
124,124,3.78425936208625e-05,3.312175421773358e-05,-28.20557963548232,-28.777209058111836
125,125,3.8571439665585e-05,3.3121714965856975e-05,-28.12123823672212,-28.77721420484513
126,126,3.880396848826516e-05,3.472426918673782e-05,-28.09568103267719,-28.5720112167869
127,127,3.8302487792890065e-05,3.1493388489348274e-05,-28.145696711049034,-28.996148454551005
128,128,3.8175350372390294e-05,3.569889773452336e-05,-28.15969007648725,-28.451794292214426
129,129,3.784726112891953e-05,3.3194775393272526e-05,-28.20004968596747,-28.767645015300467
130,130,3.790983010759126e-05,3.328739866877808e-05,-28.184242751409773,-28.755543785446974
131,131,3.624971587041071e-05,3.3050786106813525e-05,-28.384682504967444,-28.78652442386
132,132,3.561283497641778e-05,3.3331319747575385e-05,-28.46146301692658,-28.74981726131741
133,133,4.0336234023831734e-05,3.293749734056244e-05,-27.927765167812446,-28.80143638453312
134,134,3.9725111398099414e-05,3.410832275556842e-05,-27.99048976003236,-28.649738720310634
135,135,3.836507026396257e-05,3.390150796851805e-05,-28.13817516144939,-28.676152195156817
136,136,3.605255262731795e-05,3.537095156054037e-05,-28.39996464164583,-28.49187492444556
137,137,3.5114527583067047e-05,3.3871464055616675e-05,-28.531310573720443,-28.68000267007414
138,138,3.693998981352425e-05,3.406395607223538e-05,-28.305512092232643,-28.655391519015183
139,139,3.822328479370683e-05,3.312356803737777e-05,-28.156694035358477,-28.7769712354744
140,140,4.167498091473388e-05,3.087584608644982e-05,-27.786922724192785,-29.082153686030164
141,141,3.6396375782208724e-05,3.249874469857834e-05,-28.36510414796926,-28.859676497655677
142,142,4.1462704382528376e-05,3.229549292882439e-05,-27.804639192762632,-28.886923183412
143,143,3.886984146428751e-05,3.65172741830496e-05,-28.092931312825947,-28.35335883605484
144,144,3.738691937298389e-05,3.2663169708700335e-05,-28.253670800476996,-28.83775908568549
145,145,4.136188416635274e-05,3.350160046753253e-05,-27.818103111181863,-28.7276868091881
146,146,3.782861231510904e-05,3.3315902089127215e-05,-28.19957137819507,-28.751826588615028
147,147,4.002949738127633e-05,3.239538976853701e-05,-27.95026667904233,-28.873510263716682
148,148,4.0422513379358935e-05,3.42093169245728e-05,-27.912088251987342,-28.636898334589013
149,149,3.631525094571077e-05,3.4649387615852325e-05,-28.376819423493743,-28.581386725347514
150,150,3.790628073419584e-05,3.361773422894705e-05,-28.188761814823806,-28.7126579647262
151,151,3.874885033397244e-05,3.356542799194454e-05,-28.09052225286691,-28.719420467096818
152,152,3.591538580556367e-05,3.4568330863150644e-05,-28.42860776930362,-28.591558258672904
153,153,3.959869771035263e-05,3.433276512958784e-05,-27.995475763724258,-28.621254534283512
154,154,3.500015189218306e-05,3.5531237220933885e-05,-28.53321966879094,-28.472239057734452
155,155,3.922455310850037e-05,3.27774020039023e-05,-28.04104364489276,-28.82259708310755
156,156,3.488698170370946e-05,3.4784862021440764e-05,-28.556008101197285,-28.56443950931117
157,157,4.109971436752023e-05,3.470365194707962e-05,-27.838247617947264,-28.57459056916635
158,158,3.810469469189951e-05,3.608480413899279e-05,-28.166874561320768,-28.405098835664383
159,159,3.5884261734215976e-05,3.4195688768752584e-05,-28.426937375221947,-28.638628802378484
160,160,3.721387420415509e-05,3.359154078153599e-05,-28.27425377789062,-28.71604311365001
161,161,3.696474952223596e-05,3.533442936474641e-05,-28.29550052755758,-28.496361538987035
162,162,3.4976672967664835e-05,3.588570655809139e-05,-28.536354205356858,-28.42912734414154
163,163,4.040395891859158e-05,3.605082364581329e-05,-27.912107784163943,-28.409190445379295
164,164,4.073317871085781e-05,3.455997949985383e-05,-27.881450708162916,-28.59260759750233
165,165,3.971297011264245e-05,3.309595955981518e-05,-27.986073344206357,-28.780592587238445
166,166,3.9469423774283586e-05,3.467450642347103e-05,-28.014098881595714,-28.578239481480338
167,167,3.832306290710268e-05,3.475271205388708e-05,-28.145010504084837,-28.56845533951016
168,168,4.0138571421266533e-05,3.58062780402466e-05,-27.95218265297004,-28.43875056250077
169,169,3.8636803455841633e-05,3.6088571505388245e-05,-28.10479522047356,-28.404645442311576
170,170,4.0026011175569624e-05,3.45223532732282e-05,-27.95397576227268,-28.59733843491278
171,171,3.743706658553361e-05,3.562085677051647e-05,-28.245074254207488,-28.461298748249963
172,172,3.980052868653204e-05,3.50643349041715e-05,-27.986506598111518,-28.529686302735243
173,173,3.774930896209289e-05,3.694843163477919e-05,-28.20412023184557,-28.30238227497937
174,174,3.863097081943799e-05,3.721446936603905e-05,-28.107028824068415,-28.27122405093602
175,175,3.9986416567510026e-05,3.5927336380394225e-05,-27.959887311128963,-28.424092157386003
176,176,3.8961866472895165e-05,3.61461153309057e-05,-28.06815828758719,-28.397726059873342
177,177,4.012771686453543e-05,3.643445229260435e-05,-27.9525014517969,-28.363219906434498
178,178,4.331108038499711e-05,3.492511630036844e-05,-27.61073954764531,-28.546963749582453
179,179,4.071461905565679e-05,3.45016350796581e-05,-27.88171711380013,-28.599945585738872
180,180,4.0144308701369995e-05,3.6162356417135975e-05,-27.947802623169395,-28.39577513653669
181,181,4.367514501018846e-05,3.628421382018132e-05,-27.580636479924184,-28.38116518399984
182,182,4.4137011388659995e-05,3.674264854979763e-05,-27.528476695161643,-28.32663777248618
183,183,4.270919935058289e-05,3.752162401245809e-05,-27.67634566856855,-28.235526086788795
184,184,4.033974656737986e-05,3.6860016351918025e-05,-27.92457185574645,-28.31278712398425
185,185,4.278290903927235e-05,3.702737548768422e-05,-27.66823534034454,-28.29311305736747
186,186,4.0786811003966144e-05,3.584554312845668e-05,-27.871171973723126,-28.43399070781182
187,187,4.480342774804365e-05,3.521548837613265e-05,-27.4738862951836,-28.51100520282714
188,188,3.9112973485616656e-05,3.60514865717146e-05,-28.06223395229154,-28.40911058523057
189,189,3.9657913757108285e-05,3.606160963069047e-05,-27.994006471225994,-28.40789128141099
190,190,4.340413776385363e-05,3.702171354808869e-05,-27.60254621163043,-28.29377719764523
191,191,4.321296479041117e-05,3.730288282991081e-05,-27.639112410201207,-28.260918398260017
192,192,4.096544321750041e-05,3.6723373628582955e-05,-27.85615228817108,-28.32891664695536
193,193,4.036167152174965e-05,3.6671639320143424e-05,-27.91479533866425,-28.335039114272618
194,194,3.9760997902497545e-05,3.709059465587703e-05,-27.976242678523203,-28.285704397226958
195,195,4.686091022487051e-05,5.2434047383461514e-05,-27.272359508490208,-26.78220853750913
196,196,4.509235069920194e-05,3.8031006529069456e-05,-27.443374347798848,-28.176964163375647
197,197,4.3600356763921265e-05,3.7082668840364354e-05,-27.59000870678644,-28.286632531649683
198,198,4.1906098642319886e-05,3.3458318763510566e-05,-27.75896182887156,-28.73330121495735
199,199,4.301966909383971e-05,3.601586161637801e-05,-27.63912814300559,-28.413404269727074
200,200,4.269740993643693e-05,3.6003979020231204e-05,-27.67873046671353,-28.414837359814044
201,201,4.2176689846397946e-05,3.907460852228963e-05,-27.72079776979597,-28.05939600307596
202,202,4.1739477497104256e-05,3.6257354096099e-05,-27.77781912555607,-28.38438127949448
203,203,3.980111407295179e-05,3.6405812448049945e-05,-27.978446112161176,-28.366635085425898
204,204,3.881556848373106e-05,0.00011771264526989973,-28.08948091922039,-23.270111165505707
205,205,3.9220991255337436e-05,3.689945879159495e-05,-28.04354565474761,-28.30814239583131
206,206,4.2815118559729785e-05,3.5428296541795135e-05,-27.659624247176207,-28.48483964793133
207,207,4.4464370439152504e-05,3.62305816356399e-05,-27.49985459317218,-28.387589298113213
208,208,4.173813830834895e-05,3.450419473282589e-05,-27.76922701567004,-28.599623397526692
209,209,3.9711854781474816e-05,3.661191486140811e-05,-27.98997694039482,-28.34211792176106
210,210,4.129186534780658e-05,3.593662040657364e-05,-27.81806161084701,-28.422970036773037
211,211,4.009210650898221e-05,3.7538691302822704e-05,-27.94880143962763,-28.23355108038948
212,212,4.343900342139454e-05,3.712120293417492e-05,-27.598111109995543,-28.28212194603974
213,213,4.194938126077141e-05,3.6755625746752086e-05,-27.758079141011528,-28.325104151420817
214,214,4.267864036610825e-05,3.6242607166059315e-05,-27.67623697991926,-28.386148041936302
215,215,4.1377486566714125e-05,3.779182742092464e-05,-27.823638788463832,-28.204363432429325
216,216,4.311981064881937e-05,3.863554784881049e-05,-27.640055378883392,-28.108471610603143
217,217,4.10803293036843e-05,3.749618865281503e-05,-27.83885864090363,-28.238471103810497
218,218,4.070647628395818e-05,3.803162723526935e-05,-27.87463105577561,-28.17689328250703
219,219,4.044336815850423e-05,3.355020592272539e-05,-27.91224445564007,-28.721390458406674
220,220,3.938215997981594e-05,3.498465397761289e-05,-28.028914057346004,-28.539566531470886
221,221,3.907946296580515e-05,3.6803829061682336e-05,-28.06181359955369,-28.31941231024698
222,222,4.284284743109836e-05,3.4232949426376236e-05,-27.65894038511454,-28.633899174543068
223,223,3.9948147721438595e-05,3.586428489430354e-05,-27.962510306917064,-28.431720601775265
224,224,4.063747697146777e-05,3.327577594877527e-05,-27.89695078720502,-28.757060444843777
225,225,4.130328904194385e-05,3.6608635367117946e-05,-27.82124300720017,-28.342506956334045
226,226,4.232820278441968e-05,3.574512610564278e-05,-27.714955877023325,-28.446174023868018
227,227,4.073769394887405e-05,3.5619744458496204e-05,-27.882532369080543,-28.461434365009023
228,228,3.741145769005747e-05,3.788949791334361e-05,-28.24916820976444,-28.19315385615296
229,229,6.1031592755996114e-05,3.590381813984621e-05,-26.118512208910385,-28.42693600488567
230,230,3.6732411646562e-05,3.403050710690686e-05,-28.326943936148798,-28.659658151442468
231,231,4.188970305943998e-05,3.5586019533327905e-05,-27.75489698875859,-28.465548231408953
232,232,4.143133491638342e-05,3.421093520285611e-05,-27.809183991310512,-28.636692895612423
233,233,4.1158308432414674e-05,3.510470502844424e-05,-27.83503764449201,-28.524689077703616
234,234,4.1834442677053135e-05,3.524598502592294e-05,-27.753532060064707,-28.50724583564164
235,235,4.125754717794744e-05,3.506059381738611e-05,-27.82510037733153,-28.530149685266494
236,236,4.181428388638431e-05,3.45507682811187e-05,-27.770029145006383,-28.59376527025813
237,237,3.728271526456738e-05,3.350992622137327e-05,-28.271434320220518,-28.726607642916868
238,238,3.804636238333073e-05,3.5125576639410083e-05,-28.171393070672863,-28.522107733724212
239,239,4.148539342496246e-05,3.522599686938951e-05,-27.797967209850825,-28.50970943779535
240,240,3.857528007728499e-05,3.5144304523495715e-05,-28.11407625664161,-28.51979282532417
241,241,3.806446129039108e-05,3.2585153253182253e-05,-28.16672572589104,-28.848144680513926
242,242,3.8548837990899685e-05,3.512858084401447e-05,-28.11816959482112,-28.521736308166005
243,243,4.157186639972257e-05,3.48620697446964e-05,-27.796449318322214,-28.554810685454797
244,244,4.893728516632559e-05,3.35128466567288e-05,-27.073423137583813,-28.726229165898978
245,245,3.721997909826652e-05,3.4435632283260164e-05,-28.27082024485729,-28.6082617433474
246,246,3.71698541448964e-05,3.3432132687793405e-05,-28.283460465526588,-28.7367015414676
247,247,4.1202538284909975e-05,3.341025924447948e-05,-27.82572738001282,-28.739543904164666
248,248,3.7273192189327204e-05,3.591344691238575e-05,-28.255300738058633,-28.425771459618336
249,249,4.2229599522525135e-05,3.1114297933910216e-05,-27.72851396269314,-29.048742299766666
250,250,4.3365452575485926e-05,3.3583719366441456e-05,-27.60637999955161,-28.717054437588047
251,251,3.669006858301858e-05,3.365610944839366e-05,-28.325868341907373,-28.70770324623706
252,252,5.9850748500336064e-05,3.469406252215298e-05,-26.209202756722,-28.575790791504684
253,253,3.611681040638359e-05,3.250715666294318e-05,-28.397038121473788,-28.858552516709484
254,254,3.574166115980653e-05,3.4270516775186956e-05,-28.44869940299519,-28.629135826108758
255,255,3.546497125930775e-05,3.2811306721812704e-05,-28.47578275740526,-28.818107092834346
256,256,3.4190675297892444e-05,3.3456746677984484e-05,-28.648972482608556,-28.733505279039086
257,257,3.965736913855413e-05,3.267142959597741e-05,-27.99592218180336,-28.83666097732549
258,258,3.9703036574004746e-05,3.268407176380462e-05,-27.992581382783047,-28.83498080544068
259,259,3.821027164037529e-05,3.294466296210885e-05,-28.15653135295188,-28.800491670548336
260,260,3.4949189378578724e-05,3.266724362267843e-05,-28.54481395188181,-28.83721744565216
261,261,3.620911083248991e-05,3.297538023616653e-05,-28.384073374346666,-28.796444238859678
262,262,3.726430188799361e-05,3.250842631754686e-05,-28.268709135310242,-28.858382894608724
263,263,3.6696600864629966e-05,3.222349182339569e-05,-28.33258036403203,-28.896616360041993
264,264,3.4053202839037187e-05,3.331838544047634e-05,-28.666330656711434,-28.751502879657362
265,265,3.522484595245278e-05,3.1948839214716206e-05,-28.522218491954607,-28.933791522228614
266,266,3.586829510466712e-05,3.09580763266575e-05,-28.4295848498139,-29.070602692909677
267,267,3.501060056111886e-05,3.321654520205859e-05,-28.537728915354833,-28.764797757308376
268,268,3.658518518519842e-05,3.277686305648929e-05,-28.353655043417465,-28.822668493224736
269,269,3.581428922488973e-05,3.27205996559075e-05,-28.438436175787793,-28.830129817497195
270,270,3.8401685161102015e-05,3.158062679032906e-05,-28.138992256511663,-28.98413490611339
271,271,3.680435064282945e-05,3.412913180287241e-05,-28.322188737507254,-28.64708995366
272,272,3.6949809215264995e-05,3.345835983437657e-05,-28.30757453742615,-28.733295883894648
273,273,3.467586906218767e-05,3.1855938112513336e-05,-28.5818944900389,-28.946438369769197
274,274,3.6904977849227396e-05,3.168800522919475e-05,-28.30747769234987,-28.96939334880087
275,275,3.715417503756435e-05,3.089318521999399e-05,-28.27967569504716,-29.079715477090264
276,276,3.825654230521903e-05,2.9841814705976406e-05,-28.15447083551842,-29.23009006525952
277,277,3.9147926820322064e-05,3.1500455023840337e-05,-28.062754844635407,-28.995174087286586
278,278,3.361873341324924e-05,3.1936763135538635e-05,-28.71985791390574,-28.93543338656717
279,279,3.674128480813977e-05,3.0386417213441363e-05,-28.329674232147664,-29.151547394232693
280,280,3.392425430517046e-05,3.082825553160786e-05,-28.680217919963393,-29.088852858018683
281,281,3.411689822220894e-05,3.0340247049982855e-05,-28.658801824871144,-29.158151231715088
282,282,3.54270912175332e-05,2.9146719833462204e-05,-28.485386191329283,-29.332445495209516
283,283,3.148813495087226e-05,3.0074382026980044e-05,-28.99049199881177,-29.196375237902906
284,284,3.609700752818266e-05,3.21776651617256e-05,-28.398916293294842,-28.90279707808441
285,285,3.4057042688163134e-05,3.2206289114056795e-05,-28.662896905565347,-28.89893548694527
286,286,3.414853285762875e-05,2.9633351148636155e-05,-28.645331882377754,-29.260534685996085
287,287,3.4193525157347394e-05,2.936062523268016e-05,-28.639135319786103,-29.300689363277883
288,288,3.595441095742515e-05,2.9567369127011933e-05,-28.425355701934528,-29.270215527590008
289,289,3.5619154548783756e-05,3.064272057504001e-05,-28.472095390397616,-29.115069149876494
290,290,2.9624299469977597e-05,3.290492378781844e-05,-29.260238402710307,-28.80573346690779
291,291,3.401532474751932e-05,2.9534175251013183e-05,-28.659298919566627,-29.27509388359465
292,292,3.167672995689443e-05,2.7753651681307117e-05,-28.962015233258,-29.545141025141373
293,293,3.2187188827668523e-05,2.895729372348318e-05,-28.897637097318622,-29.360762646026547
294,294,3.616812694783277e-05,2.718729836870855e-05,-28.407911252813427,-29.634681825256983
295,295,3.190399009551968e-05,2.9868003701650243e-05,-28.94229761918468,-29.226280394642398
296,296,3.392837380047662e-05,2.7960417355643585e-05,-28.678054820900208,-29.512905862560537
297,297,3.218828947565365e-05,2.8700938616422815e-05,-28.90311109074428,-29.39938136099798
298,298,3.0838673729263485e-05,2.7520495055604872e-05,-29.091096231110143,-29.581779939539498
299,299,3.128677559926501e-05,2.812305171430221e-05,-29.027347360158714,-29.487717904793413
300,300,51531240564.12371,2.832936709302502e-05,123.13732265574642,-29.45597363897321
301,301,3.166818739195263e-05,2.762357048356391e-05,-28.976864863698193,-29.565544233564598
302,302,0.0005465784132181782,2.8688968038630647e-05,-16.604210406806672,-29.40119309280196
303,303,46.58728679742789,2.8715162204063842e-05,32.70541873269203,-29.39722962109804
304,304,3.0253732249323164e-05,2.848603909162768e-05,-29.172665903535812,-29.432021700054346
305,305,3.321691420967103e-05,2.759855846977045e-05,-28.75885149015414,-29.56947837392481
306,306,3.1707735878316995e-05,2.6845656018275277e-05,-28.965997528151007,-29.689602148069064
307,307,3.240113433890918e-05,2.7030119925161433e-05,-28.870565775236855,-29.65986263396731
308,308,3.0878840193837116e-05,2.7824881391624284e-05,-29.077272015867965,-29.534009141889044
309,309,3.1640547969856795e-05,2.7828832858894632e-05,-28.976347348667133,-29.533392435364803
310,310,3.1898282172404995e-05,2.68889634274896e-05,-28.938880348263734,-29.682601754984077
311,311,3.26528505931642e-05,2.7346262820509238e-05,-28.84422639101299,-29.609362525262192
312,312,3.297495816499127e-05,2.6424030980514974e-05,-28.789240227252595,-29.758351660775237
313,313,3.1652434578044796e-05,2.846857353831997e-05,-28.968443671684593,-29.434685292452723
314,314,3.259178546866997e-05,2.7732451120468077e-05,-28.854100378573968,-29.548459797435257
315,315,3.165170243480987e-05,3.128700068612632e-05,-28.974745449286296,-29.02470304242471
316,316,0.0001682459024337244,2.7091519050851564e-05,-21.71071464566355,-29.650008788657026
317,317,3.211454748583792e-05,2.760769999249054e-05,-28.91461857771384,-29.56804009028799
318,318,3.253561519777952e-05,2.7296632029710483e-05,-28.849709139543457,-29.617251706303087
319,319,3.161503970012436e-05,2.8390847786029456e-05,-28.98760615239476,-29.446558746512284
320,320,3.0030234352734717e-05,2.6072202002212992e-05,-29.197151421231577,-29.816565236471394
321,321,3.366608022597856e-05,3.046769482975115e-05,-28.70027322562298,-29.139946389774764
322,322,3.071888924525936e-05,2.8645775943770884e-05,-29.097777703618316,-29.40773645227477
323,323,3.297742731183931e-05,2.746695788932572e-05,-28.795253935120403,-29.59023674268036
324,324,3.100962778224823e-05,2.75779445808822e-05,-29.06007600369445,-29.57272341415617
325,325,2.9825445971695933e-05,2.6795673827444644e-05,-29.237181780338,-29.697695532784092
326,326,3.2388390142851045e-05,2.738245960867253e-05,-28.877567855739347,-29.60361780221501
327,327,3.2735238530278236e-05,2.8539248744077906e-05,-28.830174616906756,-29.423916992116258
328,328,3.399060499094086e-05,2.9020161539512246e-05,-28.669979907599288,-29.351344103536874
329,329,3.2586789483005855e-05,2.8059625037712976e-05,-28.84409115607724,-29.497523727136887
330,330,3.1263810023560416e-05,2.7487551099176543e-05,-29.025587739889684,-29.586981862239746
331,331,3.3521245604413366e-05,2.7628205795113708e-05,-28.721124149196108,-29.564815536545865
332,332,3.0235434978655492e-05,2.8791604802934574e-05,-29.1773462848223,-29.385683634372093
333,333,3.4483345779776334e-05,2.7489396224585728e-05,-28.60492738747597,-29.58669034813322
334,334,3.321836369106733e-05,2.9198522689081362e-05,-28.762687722654988,-29.324733572426695
335,335,2.853442931586166e-05,2.938428238657683e-05,-29.42027980701119,-29.29719146963343
336,336,3.058977607409914e-05,2.8074004771233856e-05,-29.115010150698836,-29.495298665590997
337,337,2.9752562066690742e-05,2.9121076199532437e-05,-29.242368054924334,-29.336268152041896
338,338,3.1580861986251114e-05,2.8362261697398744e-05,-28.984271517299902,-29.45093376022146
339,339,3.610669725660664e-05,2.7655834425164166e-05,-28.405909710075363,-29.56047469512957
340,340,3.064836794495482e-05,2.7611544426594935e-05,-29.11637413085783,-29.567435367591095
341,341,3.293766914475313e-05,2.721685000563555e-05,-28.80659618778497,-29.62996376073641
342,342,3.347801691806004e-05,2.6229912021479225e-05,-28.733628287452248,-29.79037402031276
343,343,3.201248855663094e-05,2.588052254730811e-05,-28.925365908407112,-29.84861195125181
344,344,3.300894827917386e-05,2.775027903561223e-05,-28.780048396383716,-29.545668815298782
345,345,3.060134436851775e-05,2.803472733304309e-05,-29.123264370607703,-29.501378994558035
346,346,3.208531089728343e-05,2.7914138914447424e-05,-28.91957007760513,-29.52010000514713
347,347,3.200279544338646e-05,2.8932885757776123e-05,-28.929134559098344,-29.36442483728046
348,348,3.0444377359541698e-05,2.761688177231822e-05,-29.14373025288033,-29.566595952108024
349,349,0.00499808777019951,2.8089992347783043e-05,-6.9927355281501455,-29.492826150521548
350,350,7122519.092813007,2.8458425875119008e-05,84.54821052995419,-29.436233617228133
351,351,3.3298945249812605e-05,2.7959789852167505e-05,-28.756038978899838,-29.513003330474426
352,352,3.332898725687104e-05,2.8474192109378666e-05,-28.748337407854073,-29.43382825139153
353,353,88493705.23714632,2.7707759871095494e-05,95.4874944257397,-29.552328207699578
354,354,3.3226471076858684e-05,2.827282711031761e-05,-28.771173885393,-29.464649984832008
355,355,3.290007402797856e-05,2.8770828688912413e-05,-28.807798978459488,-29.388818648484488
356,356,3.157381125515478e-05,2.892945409066191e-05,-28.985066863910806,-29.364939975139418
357,357,3.220495539411336e-05,2.8837666784391714e-05,-28.897638446199636,-29.378741166393123
358,358,3.492056018246527e-05,2.8459457912264808e-05,-28.54710226412276,-29.43607612436024
359,359,3.2341121331012695e-05,2.852249542085797e-05,-28.89010483131272,-29.426467168646436
360,360,3.20476378921327e-05,2.8080538293962538e-05,-28.913820693759007,-29.4942880713536
361,361,3.247160837361793e-05,2.8742800742819735e-05,-28.861818932884663,-29.39305151760125
362,362,3.303533345181855e-05,2.8525301355617366e-05,-28.786930374733885,-29.426039947245286
363,363,3.2544859855126146e-05,2.9373801944051304e-05,-28.860790612818278,-29.298740736753643
364,364,3.48098581750876e-05,2.9865000215067994e-05,-28.56970938870691,-29.22671713733562
365,365,3.1210184903271115e-05,2.761940442341208e-05,-29.029132070185774,-29.56619926597069
366,366,3.5459424982467885e-05,2.7400223524110562e-05,-28.480260639879674,-29.600801302445028
367,367,3.233814782715948e-05,2.8383992493648914e-05,-28.886688949997286,-29.44760752644808
368,368,3.4141903456985186e-05,2.6569828438177385e-05,-28.650045303851577,-29.734454857714915
369,369,3.444203804937172e-05,2.8803924195878943e-05,-28.608521400131423,-29.38382576639146
370,370,3.4576195887603185e-05,2.857277219223569e-05,-28.585301555304255,-29.418818573260587
371,371,3.406357177247872e-05,2.9151416511970302e-05,-28.659565901591208,-29.33174573302444
372,372,3.1889692388748575e-05,2.88032700777158e-05,-28.946245657768912,-29.38392439293016
373,373,3.3044624905949263e-05,2.8387318707245868e-05,-28.786013936309864,-29.447098622855094
374,374,3.4541052037198335e-05,2.9229175867696637e-05,-28.597576980572093,-29.32017665580132
375,375,3.488337602602863e-05,2.73481752963945e-05,-28.55220802248766,-29.609058809655018
376,376,3.209325884959118e-05,2.8832052282125102e-05,-28.913717926417256,-29.379586791237564
377,377,4962724.2886923,3.0067758607880312e-05,82.97059685805789,-29.197331809899715
378,378,3.184841989423148e-05,2.8563577105064485e-05,-28.948071068297494,-29.420216413935623
379,379,3.455194949020017e-05,3.064416298576888e-05,-28.598084794266796,-29.114864724073154
380,380,3.232436225966781e-05,2.934029591989728e-05,-28.88268038457526,-29.30369746214315
381,381,3.290655500283729e-05,3.125442512292035e-05,-28.81348517249783,-29.029227208109013
382,382,3.282481567608913e-05,3.107176493550038e-05,-28.81329988229833,-29.054683132337914
383,383,3.386971031394535e-05,2.9138796842169923e-05,-28.679200655562692,-29.333626204111436
384,384,3.400870375735769e-05,2.8853297216731955e-05,-28.67255669627958,-29.376387865213726
385,385,3.2998805162952924e-05,2.8855151820033298e-05,-28.79553589438602,-29.37610872273334
386,386,3.233188017100136e-05,2.8056873672635686e-05,-28.885964615190638,-29.49794959214956
387,387,3.479181458780808e-05,2.8983311590548654e-05,-28.568406797035113,-29.356862301252566
388,388,3.23878650549924e-05,3.020529062556115e-05,-28.875552321939676,-29.1775121721718
389,389,3.1196994295334154e-05,2.8435639921410354e-05,-29.03737752008466,-29.43971229794856
390,390,3.2688933839081166e-05,2.931394417253997e-05,-28.829872717103076,-29.307599795279767
391,391,3.494546618855669e-05,2.9293851998533538e-05,-28.539338190235434,-29.31057752903273
392,392,3.3271006257039226e-05,2.9154082576018193e-05,-28.759988179328964,-29.331348564001512
393,393,3.2880260498375756e-05,3.006353457940828e-05,-28.80207093186904,-29.19794196549843
394,394,3.1983547760131675e-05,2.8315217748872545e-05,-28.931076252013625,-29.458143301698403
395,395,3.437452935181635e-05,2.8338473719869445e-05,-28.62025411639806,-29.45457780042895
396,396,3.4021629111633697e-05,2.8593582675583956e-05,-28.65792380139313,-29.41565661602052
397,397,3.4582135600599544e-05,2.834411612926296e-05,-28.58744875527367,-29.45371317258507
398,398,3.367494724612304e-05,2.9482971704534354e-05,-28.713393838564176,-29.282629803040585
399,399,3.323847618189247e-05,2.9086629949329346e-05,-28.763170983223638,-29.341408302417705
400,400,3.421756547450246e-05,2.9783442282917493e-05,-28.63954226089868,-29.23859345144482
401,401,3.503641616505062e-05,2.8794215531410084e-05,-28.530243031826807,-29.385289848205687
402,402,3.591438580207472e-05,2.9962921345079513e-05,-28.424794237560896,-29.21250081716582
403,403,3.1168529914662644e-05,3.0163660180972473e-05,-29.0458450473778,-29.183501964933953
404,404,3.3830524050254376e-05,3.0331432418805842e-05,-28.687630448175938,-29.15941315350154
405,405,3.3091408319527657e-05,3.0403429455442454e-05,-28.773667876480093,-29.1491166188899
406,406,3.3705191536054625e-05,2.9380142749639498e-05,-28.71232441662145,-29.29780334373167
407,407,3.469177030188034e-05,3.784840828302549e-05,-28.577138508170993,-28.19786616003291
408,408,3.2179764069220144e-05,2.8651618872812068e-05,-28.90223122522837,-29.4068507045518
409,409,3.18606008599109e-05,2.9088905552941325e-05,-28.946129469052238,-29.34106854376017
410,410,3.3418959001491457e-05,2.95765776651311e-05,-28.743188201116986,-29.26886316017431
411,411,3.301779635932558e-05,2.796150841420872e-05,-28.79623136034501,-29.512736397468693
412,412,3.339102282158829e-05,2.9496902339145125e-05,-28.748655102626905,-29.28057825649137
413,413,3.370863340155056e-05,2.793188957041007e-05,-28.692691268900163,-29.517339195684578
414,414,3.634747052686733e-05,3.0149597478157375e-05,-28.36911194798074,-29.185527176166424
415,415,4.8439632487269097e-05,2.9926508575858623e-05,-27.122763569031328,-29.217781838111566
416,416,3.359753714228402e-05,2.745826331144934e-05,-28.708487639720058,-29.591611705636605
417,417,2.8648257697212328e-05,2.9471561949896185e-05,-29.41137606090536,-29.284310825087214
418,418,3.2972564178035285e-05,2.9827007749286406e-05,-28.802259575310277,-29.232245488963777
419,419,3.2138873731250006e-05,2.9000051750029487e-05,-28.908141420233516,-29.35435463054433
420,420,3.485890608982989e-05,2.818250432985798e-05,-28.56620146244677,-29.478546535472073
421,421,3.318946349366146e-05,2.7721641345124226e-05,-28.769221261735474,-29.550152955012337
422,422,3.0043481686887615e-05,2.9273120066806624e-05,-29.192961315570663,-29.31365221894985
423,423,3.361509578136281e-05,2.8914226085793127e-05,-28.711080790181516,-29.36722663415472
424,424,3.0511220982064224e-05,2.964792919987016e-05,-29.125589963375212,-29.258398710761327
425,425,3.3756869353177554e-05,2.7779251850963766e-05,-28.69085784557523,-29.541136907763
426,426,3.192842854632451e-05,2.8549331641682473e-05,-28.93758768744614,-29.42238290357974
427,427,3.4240328748581435e-05,2.946225619158021e-05,-28.63021761756165,-29.285682343053494
428,428,3.483289314430032e-05,3.077611779046588e-05,-28.55889779144738,-29.096204004524058
429,429,2.8920450746489823e-05,2.9507091312552802e-05,-29.357892142609494,-29.279078352943376
430,430,3.24631818489486e-05,2.836198813096608e-05,-28.860925294002776,-29.45097565002785
431,431,3.383477435340161e-05,2.7633313948172145e-05,-28.68596204406755,-29.564012647771676
432,432,3.318690185964086e-05,2.7852454973311213e-05,-28.77482135528471,-29.529707551283686
433,433,3.3592255519026144e-05,2.8363692619773485e-05,-28.715363175602402,-29.450714657096974
434,434,3.477919480499941e-05,2.8224212799518444e-05,-28.57200094837488,-29.472123980696608
435,435,3.341137608472731e-05,2.8100155615998357e-05,-28.738221714883213,-29.491255109507385
436,436,3.375944987093351e-05,2.792313343410282e-05,-28.69326311231186,-29.51870084285886
437,437,3.369397067798832e-05,2.9014883502417145e-05,-28.70600196347567,-29.35213404774743
438,438,3.1854395761986303e-05,2.7886812906791947e-05,-28.94949529232887,-29.524353529468325
439,439,3.356212462526902e-05,2.818636867710953e-05,-28.71856467505632,-29.47795107751785
440,440,3.493031170027158e-05,2.8591637936570852e-05,-28.54904963311749,-29.415952003329835
441,441,3.31556249463021e-05,2.906861381665007e-05,-28.77833526464555,-29.34409913707043
442,442,3.7362381037157846e-05,2.8093969137300616e-05,-28.25169209126949,-29.4922113495355
443,443,3.435012545243395e-05,2.6966308484445205e-05,-28.62163773748536,-29.67012737565589
444,444,3.082280881310148e-05,2.8867521426658832e-05,-29.091668472442663,-29.374247391065605
445,445,3.109436300329651e-05,2.8976297471672297e-05,-29.05064527093037,-29.3579134446911
446,446,3.4151711794769765e-05,2.7870606572832912e-05,-28.646175544590207,-29.526878151903936
447,447,3.073303534770228e-05,3.155672742363286e-05,-29.107550334047115,-28.98742277387474
448,448,3.248887231766088e-05,2.8852507631726392e-05,-28.86182475132321,-29.37650671371149
449,449,3.311210144302189e-05,3.050718681295525e-05,-28.776458319534783,-29.13432074448572
450,450,3.027869047166194e-05,2.8620363800176786e-05,-29.16807845426376,-29.411590860659903
451,451,3.4516449333525614e-05,2.7854097712215182e-05,-28.603297818838595,-29.529451411778716
452,452,3.607249047640788e-05,2.835556968325124e-05,-28.410829948092577,-29.451958589542265
453,453,3.769738989446814e-05,2.832718095497081e-05,-28.215725452077844,-29.456308790946565
454,454,3.498970664557269e-05,2.9338083933046283e-05,-28.5389957691296,-29.304024892343605
455,455,3.0136675471196924e-05,2.8662875736604054e-05,-29.184831909226286,-29.40514475078755
456,456,3.333443432377853e-05,2.8766185335514722e-05,-28.741804505970244,-29.389519617346608
457,457,3.411366856901801e-05,2.9028915378148668e-05,-28.659797794180037,-29.35003426570794
458,458,3.4123671744945915e-05,2.8635884422998826e-05,-28.647817006618716,-29.409236350463516
459,459,3.5015025271595454e-05,2.8671012171942396e-05,-28.5403551535353,-29.403912108410616
460,460,3.083506301654498e-05,2.8962912007333025e-05,-29.08842010268666,-29.359920111145804
461,461,3.530310348032424e-05,2.9743180388514272e-05,-28.508692688125823,-29.244468308929406
462,462,3.645572900326836e-05,3.110406937354894e-05,-28.373261372934667,-29.050170240599886
463,463,3.538107431108749e-05,3.244257066781804e-05,-28.495372216444608,-28.867189766376015
464,464,3.258345124364852e-05,2.9733102277723927e-05,-28.84597139847638,-29.24594011172203
465,465,3.263381122170105e-05,2.9868153289594613e-05,-28.83536832769927,-29.226258643923213
466,466,3.386816211018085e-05,2.7667834872677066e-05,-28.689932598522883,-29.558590608884714
467,467,0.003326265070474207,2.8031581773814795e-05,-8.761406581275237,-29.501866310038057
468,468,3.19720477903305e-05,2.8901235054945573e-05,-28.9323222188596,-29.369178338074384
469,469,3.365894599951811e-05,3.079824751981314e-05,-28.70605590497021,-29.093082309413795
470,470,3.343884662209564e-05,2.808566114254063e-05,-28.737347891093194,-29.493495842255825
471,471,3.762535154762481e-05,2.8403523413688065e-05,-28.226688100860798,-29.44462018988355
472,472,3.326392593454826e-05,2.8906312859601857e-05,-28.758822841932833,-29.368415371082136
473,473,3.337891191512961e-05,2.811679889035938e-05,-28.739664093310388,-29.488683613953974
474,474,3.1861486417087177e-05,2.8367414846510847e-05,-28.941367645157754,-29.450144760753698
475,475,3.393831139902366e-05,2.8112386165670805e-05,-28.679055056387902,-29.48936526067691
476,476,3.125718386709383e-05,2.9686498716105952e-05,-29.02584869240265,-29.252752568709063
477,477,3.1396503275282535e-05,2.9494313869355737e-05,-29.013793671892337,-29.280959383791018
478,478,3.2881672681113054e-05,2.8457104235712904e-05,-28.812425734889544,-29.436435312863797
479,479,3.214201636361282e-05,2.9257063990945953e-05,-28.914572630007733,-29.316034943499403
480,480,3.225440253014856e-05,2.777841023328763e-05,-28.888887965610177,-29.54126848634242
481,481,3.3070906499336526e-05,2.778876339442305e-05,-28.781420295945143,-29.53965014928842
482,482,3.183074886223527e-05,2.7479600248625502e-05,-28.940475513040703,-29.588238252814904
483,483,3.2711566192804256e-05,2.9000208661799614e-05,-28.823538217443456,-29.354331132058142
484,484,3.1693758444948186e-05,2.9437876180868205e-05,-28.96833371787575,-29.289277616713907
485,485,2.9983113525998204e-05,2.8414867206026285e-05,-29.206682980544734,-29.442886051894753
486,486,3.5453448580267726e-05,2.825806591557155e-05,-28.478315487462996,-29.46691802102499
487,487,3.2859297442479784e-05,2.8219707545710998e-05,-28.804561800236307,-29.472817273033613
488,488,3.296395449801024e-05,2.9686123142662263e-05,-28.80539879510821,-29.2528075130484
489,489,3.2192361639730375e-05,2.8077593780931476e-05,-28.896553608907606,-29.494743494536387
490,490,3.163009896337657e-05,2.854849572031526e-05,-28.969246869731755,-29.422510066399724
491,491,0.19914495561765433,2.7776933309628237e-05,9.013281802866377,-29.541499398350055
492,492,3.203715881606991e-05,2.9686167468561937e-05,-28.918953718795947,-29.25280102837569
493,493,3.222033594340115e-05,2.9424318774162155e-05,-28.899779160034,-29.291278190097202
494,494,3.18948589656148e-05,2.9212867000177012e-05,-28.93657850859111,-29.322600544839467
495,495,3.497440573801683e-05,2.943144126651245e-05,-28.55538786010267,-29.290227057926586
496,496,3.4063433988719516e-05,3.059467153913207e-05,-28.66062717428211,-29.12188440921969
497,497,3.43949774086815e-05,2.9593774055875226e-05,-28.618179153001392,-29.266338822359216
498,498,3.43657992153126e-05,2.7699868807854056e-05,-28.61802098071682,-29.55356523780788
499,499,3.2364754550838265e-05,2.82335413430701e-05,-28.876453420668362,-29.470688806702505
