,epoch,train_loss,test_loss,train_dbs,test_dbs
0,0,0.00010367960124678631,7.980012570011528e-05,-23.31379430322835,-24.42754524895711
1,1,9.391075375966353e-05,8.408367112248303e-05,-23.737235584281486,-24.20046435458901
2,2,8.509592987241743e-05,8.071762759324261e-05,-24.16323497579195,-24.377897114627803
3,3,8.674902459198475e-05,7.883200554428378e-05,-24.08058738869689,-24.480555248670473
4,4,8.821579940183827e-05,7.838707633230737e-05,-24.01285118688858,-24.50513633833811
5,5,8.384455851256396e-05,7.640415807193341e-05,-24.23779340026261,-24.61641105921299
6,6,8.206509282337214e-05,7.402307739156593e-05,-24.324452768285994,-24.753909641060613
7,7,7.627033655526903e-05,6.94361890629424e-05,-24.643613506843543,-25.031722233456648
8,8,7.369396196961519e-05,7.186124582260258e-05,-24.78700465616822,-24.882633582610993
9,9,7.92929646364034e-05,7.160450102099658e-05,-24.47793352033218,-24.8981777765503
10,10,8.621900123376015e-05,0.00011053479101974517,-24.116968528720754,-23.01259105852361
11,11,9.891012990751217e-05,8.893943269963769e-05,-23.525973035324952,-23.95663745368506
12,12,9.368565363345005e-05,8.455358329229057e-05,-23.752258156233243,-24.17626083072987
13,13,8.444750001780045e-05,8.042255572754105e-05,-24.20800214195839,-24.393802300240736
14,14,7.887271792626671e-05,7.887724093866142e-05,-24.491931624379063,-24.478063894087047
15,15,7.955222722135734e-05,7.522778354254307e-05,-24.464717981293916,-24.683798340754016
16,16,7.191844393748829e-05,6.0452658018268844e-05,-24.90346236562298,-25.633426994083948
17,17,5.951598996972214e-05,5.5889289892787164e-05,-25.720935640901452,-25.974295086649338
18,18,5.22866672683224e-05,5.2530464209236304e-05,-26.28051139922416,-26.243468616820387
19,19,5.1986067586598834e-05,5.2354454007734985e-05,-26.30848906857156,-26.25804465545874
20,20,5.331676409921258e-05,5.2297120419098064e-05,-26.19558439214056,-26.262803239130363
21,21,5.515699961778382e-05,5.312602795464428e-05,-26.045874966008753,-26.19450753881994
22,22,5.3656703383558595e-05,5.2524664313654956e-05,-26.165245953199182,-26.24394814841196
23,23,5.357633004284262e-05,5.378187750849113e-05,-26.17655351234404,-26.141221411057728
24,24,5.7318383322539016e-05,5.571153298277702e-05,-25.88814985362785,-25.988129914822228
25,25,5.4001105455267626e-05,5.4506589884496e-05,-26.14844921213209,-26.083090883871623
26,26,6.140212933610904e-05,6.445148507114744e-05,-25.584114831378876,-25.355251716583833
27,27,6.716279826785879e-05,6.696992721500512e-05,-25.191005727042178,-25.188782734102546
28,28,6.96313717404318e-05,6.812394713051617e-05,-25.042435582131706,-25.11458297115115
29,29,7.124352884705698e-05,7.3602110588629e-05,-24.9381220819783,-24.778678321477784
30,30,9.038287140525033e-05,9.480928833669934e-05,-23.906939252884673,-23.679072136814206
31,31,8.63869904934131e-05,7.647451734795283e-05,-24.107109441011033,-24.612413556304304
32,32,7.893012035620092e-05,8.243541800000362e-05,-24.487095639429135,-24.286442559128258
33,33,8.761157384010262e-05,7.90135477712427e-05,-24.04650941405411,-24.470565379395254
34,34,8.572161504602751e-05,7.632839352529692e-05,-24.139600125409068,-24.620719784089644
35,35,8.203991088408919e-05,7.794354544450088e-05,-24.32547266882239,-24.529779435355167
36,36,7.955626684052572e-05,7.178798382244024e-05,-24.457742825667005,-24.887063440709216
37,37,7.828786546429235e-05,8.275079093628417e-05,-24.531392905446033,-24.269859468655493
38,38,8.157143590146119e-05,7.240852612181028e-05,-24.352224401790377,-24.849683928514537
39,39,7.567401504631336e-05,7.498658535616032e-05,-24.68820685914425,-24.69774522641935
40,40,8.818135966910482e-05,7.59919157165936e-05,-24.005443915422635,-24.63990707356193
41,41,7.211174929158081e-05,6.77386989608701e-05,-24.888364060245472,-25.139212493315746
42,42,7.056837526273664e-05,6.514582587681759e-05,-24.98876294687988,-25.30871506183466
43,43,6.325521436459913e-05,5.948991077419027e-05,-25.45134232328313,-25.703147827921264
44,44,6.157429604557074e-05,9.781030530575663e-05,-25.57701032336397,-23.543734858238533
45,45,8.581727603630442e-05,5.7602595150360447e-05,-24.130912700061003,-25.843160503546567
46,46,6.103620094999661e-05,6.0758163798661704e-05,-25.61386003561482,-25.611534599727975
47,47,5.9527508935773476e-05,5.627277890820742e-05,-25.71888694476424,-25.94459737974535
48,48,5.45475231774617e-05,5.39724335938349e-05,-26.09745545532448,-26.125860996837282
49,49,5.8312714714964986e-05,5.7179061753375114e-05,-25.808805687798113,-25.875210755647544
50,50,5.542104606985921e-05,5.4587493842087786e-05,-26.031592782363937,-26.076649444045138
51,51,5.762224302707557e-05,5.612693635875506e-05,-25.86544225992788,-25.95586763071512
52,52,5.63436565103403e-05,5.680679398784904e-05,-25.95221910711244,-25.903578207051915
53,53,5.5378460977586544e-05,5.565731044043787e-05,-26.035387990956966,-25.992358844937602
54,54,5.488859700487888e-05,5.1355299786480734e-05,-26.07137276014131,-26.341728315857832
55,55,5.253304816412226e-05,5.0939915749232136e-05,-26.265337533667434,-26.376998780040072
56,56,5.50748471741639e-05,5.2865729422161455e-05,-26.067761285298214,-26.215838715199915
57,57,5.3564053158288986e-05,5.120331374392232e-05,-26.175439799035164,-26.354600320589107
58,58,5.072168812720398e-05,4.753510783254904e-05,-26.415501993002014,-26.677436169055433
59,59,5.46837860927497e-05,4.700710068343477e-05,-26.092879010608865,-26.725946348592306
60,60,4.654675195552889e-05,4.535310558582607e-05,-26.792673884639804,-26.881510693073054
61,61,4.726779956137161e-05,5.2959334425395355e-05,-26.721463077456885,-26.208155819389244
62,62,4.50197372235389e-05,4.4322709072730504e-05,-26.935227855983364,-26.9813180305794
63,63,4.3878983672481444e-05,4.150301432865059e-05,-27.04658607815098,-27.266784600453295
64,64,3.956013762907571e-05,4.319187284732164e-05,-27.497371695750253,-27.093560643976748
65,65,4.377347557369221e-05,4.4395571756850636e-05,-27.05818545369164,-26.9741844683713
66,66,5.5829517073904104e-05,4.090785085664768e-05,-25.991805027484354,-27.32951436429419
67,67,4.052870384295658e-05,4.493480522988217e-05,-27.38410071944316,-26.921752367626418
68,68,4.106031724170196e-05,3.917931950893131e-05,-27.33641110358509,-27.517012117175224
69,69,4.018140050190136e-05,3.95623340553261e-05,-27.427995311622546,-27.47476194630016
70,70,3.839646876830435e-05,3.869297583342383e-05,-27.628461893163006,-27.571259682341747
71,71,3.9958509828981745e-05,3.727127027798959e-05,-27.453221581237806,-27.733839057281866
72,72,4.135057133680675e-05,3.821469344027144e-05,-27.30114712886372,-27.625277203339063
73,73,4.055839415685245e-05,3.937625536453101e-05,-27.383230980473805,-27.495236874694523
74,74,3.7853035735810705e-05,3.9875859855735476e-05,-27.68006131526116,-27.440480393469556
75,75,3.920820289721698e-05,3.765588907730202e-05,-27.525690537390343,-27.689251943398652
76,76,3.6973104196823844e-05,3.408451668388137e-05,-27.793467662666277,-28.12200960229927
77,77,3.527679580225389e-05,3.814986465792907e-05,-27.992904909682924,-27.63265098769784
78,78,3.737852904995418e-05,3.379741237471248e-05,-27.741203633736507,-28.158746496028627
79,79,3.437283236597012e-05,3.290951979962349e-05,-28.10368571580122,-28.274365550240567
80,80,3.2280076159144505e-05,3.348947814772959e-05,-28.373722585425938,-28.19849720175267
81,81,3.472287856489744e-05,3.263773904013521e-05,-28.056705818072135,-28.3103803470878
82,82,3.441076361135875e-05,3.081446189562006e-05,-28.103370492078447,-28.560035121728397
83,83,3.521955295582302e-05,3.2433210914237667e-05,-27.994985368110086,-28.33768154033922
84,84,3.471396359469209e-05,3.1925792140291855e-05,-28.07082443760194,-28.406164185916506
85,85,3.170645405336154e-05,3.153139904928761e-05,-28.456082482656768,-28.460148595050818
86,86,3.3581628120317094e-05,2.941811400983409e-05,-28.212689347726602,-28.761432736016097
87,87,3.241814967210659e-05,3.1751507537448654e-05,-28.360446546766195,-28.429937502524886
88,88,3.201628637209969e-05,3.051482934480239e-05,-28.410795961675998,-28.60247154848897
89,89,3.2885647566761635e-05,3.223150518974044e-05,-28.28872818168538,-28.364775130941524
90,90,3.326857627472077e-05,3.054418716362163e-05,-28.246960823997366,-28.59829528086283
91,91,3.230115092349282e-05,2.8199570471387186e-05,-28.37193741461579,-28.94515607034208
92,92,3.0571818457509525e-05,2.8792850810676003e-05,-28.61517725484163,-28.854734333780563
93,93,3.195540089624965e-05,3.079046167074825e-05,-28.42491966780981,-28.5634189959872
94,94,2.8868551228313044e-05,2.736531558567597e-05,-28.865948871900766,-29.07557639410046
95,95,2.8907294755608934e-05,2.7073836894200404e-05,-28.859302279724588,-29.12208292155632
96,96,2.7581156583559296e-05,2.9104708071252772e-05,-29.05680980707439,-28.80794852800092
97,97,3.049451879633125e-05,3.0312373813725763e-05,-28.62520162813114,-28.631381523005125
98,98,2.9560955939364388e-05,2.8144560881054004e-05,-28.76378353903954,-28.95363623271239
99,99,2.8522428777053853e-05,2.970126144263256e-05,-28.916230252762976,-28.71983205706888
100,100,2.7737403835305588e-05,2.776552685789188e-05,-29.033501915897155,-29.01252181607606
101,101,3.0458264996717114e-05,2.6913499919158456e-05,-28.63020666276052,-29.147879218372008
102,102,2.700504358744155e-05,2.8372785604197386e-05,-29.153326556114823,-28.91856123970061
103,103,2.7790696361821057e-05,2.6943735352496762e-05,-29.022836489247638,-29.143002962407493
104,104,2.771170995364412e-05,2.9613907827297226e-05,-29.04542464856889,-28.732623800229405
105,105,3.0026062519290153e-05,2.6637906031330777e-05,-28.692417586907474,-29.192580177859263
106,106,2.7086958052865327e-05,2.7487483796568612e-05,-29.137727007102146,-29.056231139826902
107,107,2.98478383969662e-05,2.815213778567819e-05,-28.71972647360753,-28.95246720931813
108,108,2.8243224395615452e-05,2.789910956236877e-05,-28.96019046318061,-28.991677579400907
109,109,2.777189434034637e-05,2.8494358861950642e-05,-29.03354380167403,-28.899992107762706
110,110,2.9471963645527906e-05,2.770849005173659e-05,-28.776978481964267,-29.021452403867343
111,111,2.8550423474033657e-05,2.6849827487527172e-05,-28.912256431611134,-29.15816600677187
112,112,2.682754187582159e-05,2.6107743236168874e-05,-29.17780925366756,-29.279887674863858
113,113,2.6996135911946282e-05,2.660556803771454e-05,-29.156954782909406,-29.19785564650808
114,114,2.984952734737986e-05,2.7546418287353224e-05,-28.71649619797757,-29.046929624594927
115,115,2.6110286740994215e-05,2.5433655680803657e-05,-29.302767496765437,-29.393493128010995
116,116,2.7929733742266107e-05,2.5316809976510213e-05,-28.995500117987273,-29.413491184626412
117,117,2.79703440121255e-05,2.6432720532236425e-05,-29.00260721615937,-29.226162360625622
118,118,2.6286022129517225e-05,2.5859652803199807e-05,-29.26898811419628,-29.321354106818465
119,119,2.8442535115095077e-05,2.6649230820016544e-05,-28.925723430330265,-29.190734218928228
120,120,2.9459672977910233e-05,2.6754571847145837e-05,-28.77686120596845,-29.173600949816066
121,121,2.847869695260576e-05,2.6259352556448185e-05,-28.91803658473752,-29.254740863047427
122,122,2.7345125981247695e-05,2.550856568536562e-05,-29.09880182788317,-29.380720608793226
123,123,2.6522576197598983e-05,2.6576174365656795e-05,-29.233522686724278,-29.202656358293936
124,124,2.7136929854828642e-05,2.642000369010738e-05,-29.13371633168478,-29.228252264051306
125,125,2.657942487652709e-05,2.57702505749828e-05,-29.23270966707299,-29.336394589426675
126,126,2.8074784242243807e-05,2.8082658804793792e-05,-28.990666741904608,-28.963198768846944
127,127,2.6014395601676595e-05,2.6008772692875937e-05,-29.320219540822134,-29.29638241236731
128,128,2.6111604392539937e-05,2.5451320030505915e-05,-29.292493665706075,-29.390477884394187
129,129,2.7607473619111224e-05,2.5526932978736066e-05,-29.062712465177878,-29.377594622093195
130,130,2.6880200372015116e-05,2.6678839420032762e-05,-29.173372502847783,-29.18591167317799
131,131,2.791090674250394e-05,2.6207461862788095e-05,-29.013273374979256,-29.263331378601322
132,132,2.5161897788963223e-05,2.5669696697150357e-05,-29.46298000019617,-29.353373630897778
133,133,2.4533204119394476e-05,2.5944631536396245e-05,-29.5647660644909,-29.307105930830897
134,134,2.6428044621593237e-05,2.643631854114478e-05,-29.24191965272866,-29.225571241345023
135,135,2.7600840055419747e-05,2.486304894869375e-05,-29.057343375779304,-29.492037153605445
136,136,2.722435353283912e-05,2.6001276637543924e-05,-29.12429306698535,-29.297634284084868
137,137,2.6147006726964765e-05,2.5111785314373647e-05,-29.288922715752364,-29.448805105036584
138,138,2.8715219882214275e-05,2.516282864618054e-05,-28.889777429427994,-29.439986401833384
139,139,2.4692233777968047e-05,2.6166437907561073e-05,-29.53945083015271,-29.27013495103064
140,140,2.5617734676997477e-05,2.530240702694037e-05,-29.37633980681189,-29.415962626130412
141,141,2.7462540181415497e-05,2.4879159450632104e-05,-29.07883852225636,-29.489223968360033
142,142,2.5179390785027507e-05,2.6734683208480037e-05,-29.45426980157623,-29.17683058029576
143,143,2.724076731498929e-05,2.5676522502755305e-05,-29.10633305042915,-29.35221895591979
144,144,2.6556983169770712e-05,2.3902724550632564e-05,-29.231027924846856,-29.663106935416973
145,145,2.5858618136760587e-05,2.5810597722547275e-05,-29.34361923761141,-29.32960038277832
146,146,2.4556284019520708e-05,2.3787776770309154e-05,-29.56461150670596,-29.684042460098482
147,147,2.475733863414546e-05,2.3811956117769067e-05,-29.537225053201368,-29.679630268078093
148,148,2.5707715010248274e-05,2.7220436047508356e-05,-29.369160783488585,-29.098630224022855
149,149,2.3075186993420296e-05,2.4038366063905414e-05,-29.835580084124572,-29.638531558775725
150,150,2.6437254877537178e-05,2.576587087931234e-05,-29.243275543525534,-29.337132742633784
151,151,2.5688260599785392e-05,2.3862306558217633e-05,-29.37093448654787,-29.670456795704915
152,152,2.4725918705108907e-05,2.4858345951590883e-05,-29.54206949833474,-29.49285872576784
153,153,2.4998037166444622e-05,2.5261561236938607e-05,-29.487947599061386,-29.42297912648604
154,154,2.331894970713207e-05,2.491370057549303e-05,-29.787175245684825,-29.48319859752405
155,155,2.3961700676831168e-05,2.6057147375755257e-05,-29.67109555759182,-29.28831231052111
156,156,2.2901989076362763e-05,2.4124077754095197e-05,-29.855837748596812,-29.623073807702134
157,157,2.5319609383436774e-05,2.562285987407545e-05,-29.436792765890914,-29.36130498812563
158,158,2.3851495525471448e-05,2.5654912669300468e-05,-29.699771023160633,-29.355875597097757
159,159,2.1891701049453424e-05,2.477319877040205e-05,-30.0634513434664,-29.507760130681334
160,160,2.348034256110904e-05,2.3415913251243948e-05,-29.764194721817496,-29.75246999840726
161,161,2.475564244527912e-05,2.4216623483210386e-05,-29.520865686317105,-29.60644510867518
162,162,2.594633851632099e-05,2.4454684487289724e-05,-29.325666795387345,-29.563960363870013
163,163,2.505568110003897e-05,2.427141982097007e-05,-29.480359541762194,-29.596629180612602
164,164,2.495654204262651e-05,2.59544794971589e-05,-29.494957129658076,-29.30545776577243
165,165,2.512083128093173e-05,2.606830247187693e-05,-29.467464895433615,-29.286453488475885
166,166,2.6194751898373462e-05,2.327310300499544e-05,-29.288939020948987,-29.779038086708916
167,167,2.357988634366379e-05,2.4042284645762074e-05,-29.74492250046267,-29.637823657174607
168,168,2.166147951169309e-05,2.3724265797921506e-05,-30.10714023853669,-29.695653192782654
169,169,2.5062352478082324e-05,2.3258730164487036e-05,-29.473494916166786,-29.78172100078963
170,170,2.7283138441601193e-05,2.3594265688811184e-05,-29.109223128759897,-29.719516347579322
171,171,2.399918225678776e-05,2.2176852134610892e-05,-29.66515146237706,-29.988581995382695
172,172,2.45795986255374e-05,2.5044811512711213e-05,-29.563847398206228,-29.460403328050578
173,173,2.304812058111528e-05,2.2993635483496627e-05,-29.84240476708742,-29.831504581027566
174,174,2.507278591063781e-05,2.5950219854789075e-05,-29.48136828425563,-29.306170587233048
175,175,2.605752036185184e-05,2.4626834075254584e-05,-29.310068836240557,-29.533495160311602
176,176,2.38475250279004e-05,2.2678321520767274e-05,-29.6933525361549,-29.891471921512604
177,177,2.557562997607579e-05,2.309403986912098e-05,-29.383612022421026,-29.812581891051728
178,178,2.517258945238037e-05,2.3297579852959116e-05,-29.46441417123046,-29.774472913801205
179,179,2.2954083723346128e-05,2.3822578441468067e-05,-29.855337687028097,-29.67769334702423
180,180,2.3576205234180117e-05,2.28262507861425e-05,-29.74090074662131,-29.863235159040205
181,181,2.3431169933077792e-05,2.3418947086228353e-05,-29.775644502911568,-29.75190735007861
182,182,2.3409615114922924e-05,2.3785491401596165e-05,-29.776383353657998,-29.684459720909047
183,183,2.3611695564561404e-05,2.4902012802684975e-05,-29.737647018628948,-29.485236482755518
184,184,2.347011886553277e-05,2.3342537277035024e-05,-29.77190411772019,-29.766100393127882
185,185,2.6533055648711132e-05,2.405622432745172e-05,-29.235559578964725,-29.63530635377538
186,186,2.3646323600203068e-05,2.3568296120701187e-05,-29.727273773244,-29.724299141742637
187,187,2.5395461485346722e-05,2.4538982583372242e-05,-29.418947011146592,-29.54901547965131
188,188,2.4268966785946515e-05,2.368898625909902e-05,-29.624091499511763,-29.7021162431737
189,189,2.63906484216238e-05,2.30559982906255e-05,-29.25370698496867,-29.81974169070702
190,190,2.3274338729475558e-05,2.3802275264690826e-05,-29.795827329174116,-29.681396269967806
191,191,2.4480476173435425e-05,2.3989076764433104e-05,-29.58310573899076,-29.64744566164372
192,192,2.3530738196979618e-05,2.236182492771676e-05,-29.749227460182553,-29.95250857312895
193,193,2.3742041438586948e-05,2.3185015523172058e-05,-29.714260940311377,-29.795507093348323
194,194,2.2859415676253945e-05,2.3456105353895845e-05,-29.878783063518213,-29.745021967281048
195,195,2.6068543409508623e-05,2.3272300591327765e-05,-29.30510395280215,-29.77918782601772
196,196,2.3265796942761188e-05,2.2950919915992447e-05,-29.80283586364399,-29.839580027809976
197,197,2.202596876777159e-05,2.2058389731682837e-05,-30.044522528368773,-30.011842946933562
198,198,2.256960130777311e-05,2.2872146808750632e-05,-29.93587579443595,-29.854511703903572
199,199,2.2939293783040448e-05,2.1912663262475307e-05,-29.863439901637804,-30.040629354738687
200,200,2.280440241389142e-05,2.2006572994302443e-05,-29.881234548230864,-30.022056836652276
201,201,2.2950551508458994e-05,2.426780252120041e-05,-29.865266075901907,-29.59727648118993
202,202,2.419159239618295e-05,2.2778424049886925e-05,-29.630335583497995,-29.872344266969463
203,203,2.4568784602266044e-05,2.345858947113524e-05,-29.573854978858453,-29.744562052359083
204,204,2.209831906192139e-05,2.2626703627649574e-05,-30.027967237368756,-29.901368119903417
205,205,2.2993109859712183e-05,2.2553206355568317e-05,-29.849052590024343,-29.91549806742598
206,206,2.2557404318109718e-05,2.30507233170915e-05,-29.93742912121479,-29.820735425168337
207,207,2.38369870831522e-05,2.169316494952287e-05,-29.697344369603798,-30.084351818068104
208,208,2.2389446853266397e-05,2.324259232983949e-05,-29.975127388837812,-29.784735354981176
209,209,2.2594059720580207e-05,2.3621787333563827e-05,-29.92480493229238,-29.71445345094247
210,210,2.354241271475366e-05,2.1970847276526528e-05,-29.743899962098123,-30.029112951089928
211,211,2.2403339609865595e-05,2.1886403804896154e-05,-29.969587916489893,-30.045836926339838
212,212,2.20053915110895e-05,2.205839006675983e-05,-30.036452690467446,-30.011842880962256
213,213,2.556514995301337e-05,2.385601864692657e-05,-29.394063057507115,-29.67160134769012
214,214,2.164673467107314e-05,2.232060921271209e-05,-30.115644744633276,-29.960520563977354
215,215,2.31006771013874e-05,2.3276780905833123e-05,-29.83167227392752,-29.778351815591606
216,216,2.299171537930475e-05,2.216617662940591e-05,-29.85149635508046,-29.990673107884867
217,217,2.169839156981793e-05,2.2014639877230174e-05,-30.10355002670961,-30.020465148212836
218,218,2.330708835851857e-05,2.305897353500385e-05,-29.79512531638063,-29.81918129473735
219,219,2.4268625884829328e-05,2.419745214865543e-05,-29.62604703269353,-29.609884606438783
220,220,2.1555643385356008e-05,2.334160164632761e-05,-30.128529377707878,-29.766274473345597
221,221,2.2958891856161272e-05,2.233185506683137e-05,-29.86459486704571,-29.95833299714522
222,222,2.2519889565037093e-05,2.2435355037343567e-05,-29.943590155495293,-29.938251537499397
223,223,2.3018979095702645e-05,2.3009436326423095e-05,-29.846807605579592,-29.828521206703957
224,224,2.185052302987051e-05,2.22808579277817e-05,-30.06645769649939,-29.968261909440514
225,225,2.5114125942168685e-05,2.336966534992251e-05,-29.467233259302503,-29.76105606936592
226,226,2.326624729265831e-05,2.4964503609226085e-05,-29.801892180389956,-29.47435165317046
227,227,2.2565064663814557e-05,2.138201355257096e-05,-29.936217612543633,-30.147094998623615
228,228,2.382925830500323e-05,2.313209767491667e-05,-29.695229435081988,-29.805430829049605
229,229,2.2106470075329724e-05,2.1863444472776456e-05,-30.027938790470742,-30.05039516485067
230,230,2.207609024255887e-05,2.2185965845940364e-05,-30.02889794585116,-29.98679760260699
231,231,2.2765168950238297e-05,2.2694345189895676e-05,-29.898898211089087,-29.888404439754915
232,232,2.2235582055708217e-05,2.2459508823215546e-05,-30.008234128216692,-29.933578460879335
233,233,2.45377112000871e-05,2.1820007723841916e-05,-29.57539404297956,-30.059032003581486
234,234,2.201375177860099e-05,2.1589967457801225e-05,-30.040914324462506,-30.105061126120955
235,235,2.2793568175459477e-05,2.3364057357723238e-05,-29.89574074915869,-29.762098365993403
236,236,2.238909072514513e-05,2.472902121409884e-05,-29.974418980379408,-29.515511732135167
237,237,2.1678690301865272e-05,2.1866103691680012e-05,-30.10306306214376,-30.049866970919616
238,238,2.1160394193354957e-05,2.195564282278371e-05,-30.208093938544884,-30.032119433333165
239,239,2.2172160327303124e-05,2.2876722332990828e-05,-30.010251079142645,-29.853642993934024
240,240,2.1422516932868827e-05,2.206687684903093e-05,-30.158902545697902,-30.010172290385686
241,241,2.2745160460601125e-05,2.1443630669780662e-05,-29.900722047937933,-30.13459781711177
242,242,2.3545595280497247e-05,2.1474782969514644e-05,-29.752174348503992,-30.12829316924535
243,243,2.0849109655360153e-05,2.2319562001365212e-05,-30.28397999365932,-29.960724325789666
244,244,2.024052541058801e-05,2.2759441411548515e-05,-30.41369907130321,-29.875965014440307
245,245,2.303180525879875e-05,2.2105727542733994e-05,-29.845818859645924,-30.002532873839467
246,246,2.189639588923268e-05,2.150264610559373e-05,-30.05963216335823,-30.122661930614527
247,247,2.3748641801033692e-05,2.2305737442557554e-05,-29.714188487034484,-29.963415144617457
248,248,2.2876454295328585e-05,2.2951240584677036e-05,-29.87886829304339,-29.839519348905664
249,249,2.3290723585943722e-05,2.1972061595557823e-05,-29.80548809033765,-30.028872925079714
250,250,2.3706884939642384e-05,2.3024300006861603e-05,-29.720669552568573,-29.825716648510895
251,251,2.1939781665011097e-05,2.1540225469308145e-05,-30.052932592918186,-30.115078554392532
252,252,1.9885857759665257e-05,2.1468986951252812e-05,-30.487024807704337,-30.1294654830725
253,253,2.1681595874902885e-05,2.2452510070012833e-05,-30.104427817930652,-29.934932004984297
254,254,1.9962712584172024e-05,2.1019418981220378e-05,-30.465954104780568,-30.221373932519057
255,255,2.1605207377396038e-05,2.2130478770888755e-05,-30.12873365964471,-29.99767290784081
256,256,2.1055402584417755e-05,2.1597738611346455e-05,-30.231083681187897,-30.10349819562692
257,257,2.509162946882929e-05,2.379458716237231e-05,-29.47282560916767,-29.682799261792063
258,258,2.0626400506331528e-05,2.1242388213163633e-05,-30.33178898075625,-30.175547588603866
259,259,2.2769918331570955e-05,2.1913334708905925e-05,-29.892829101555073,-30.04049628053925
260,260,2.2091395847607984e-05,2.1571169542623563e-05,-30.025025204370472,-30.108844080842026
261,261,2.329511587340301e-05,2.4275839630143692e-05,-29.7985421541984,-29.595838405288855
262,262,2.176085906950865e-05,2.1979980470189874e-05,-30.082928228975668,-30.027307981367812
263,263,2.522427719893515e-05,2.1888472378793123e-05,-29.447067348779427,-30.04542647618767
264,264,2.189509506802706e-05,2.0595626426113183e-05,-30.062746562856816,-30.30983094568258
265,265,2.084572071870537e-05,2.2718573650069485e-05,-30.275981710022958,-29.88377038943372
266,266,2.269067289555246e-05,2.1711064619012177e-05,-29.918111317869194,-30.08076980396254
267,267,2.2172321439132612e-05,2.1394507472761786e-05,-30.004660174440758,-30.144558073871227
268,268,2.3072735642664466e-05,1.9848719985977942e-05,-29.832982875543266,-30.470255953360788
269,269,2.207589410111901e-05,2.1219060392085292e-05,-30.02690406467879,-30.180319514819868
270,270,2.289499357128492e-05,2.4922811797679107e-05,-29.862680775445547,-29.48161062381784
271,271,2.1570063001922088e-05,2.134965397042259e-05,-30.128374146293165,-30.15367259854647
272,272,2.1067473163693837e-05,2.2697335177661826e-05,-30.23611519688949,-29.887832292974203
273,273,2.2562148964444185e-05,2.2338267722501004e-05,-29.940061766476468,-29.957086087212183
274,274,2.1055466239670648e-05,2.1409956341238668e-05,-30.2383228056963,-30.141423186513855
275,275,2.406632139007849e-05,2.1362882762332447e-05,-29.65005438285729,-30.150982432168227
276,276,2.1483551284562936e-05,2.1937178692161596e-05,-30.148722251959875,-30.035773274776282
277,277,2.2208213259855445e-05,2.1838004996473165e-05,-30.0026264675701,-30.05545139321982
278,278,2.1834434490526675e-05,2.1227797524740088e-05,-30.07638602032621,-30.178531637582566
279,279,2.146798992397794e-05,2.160372638938593e-05,-30.157657613292788,-30.10229432025926
280,280,2.417336832577442e-05,2.1079777740707966e-05,-29.636953429798357,-30.20892072857106
281,281,2.253700862751167e-05,2.2022045988322996e-05,-29.9396467347535,-30.019004351085584
282,282,2.351043537797973e-05,2.0443094255920425e-05,-29.76146108767669,-30.342114693212295
283,283,2.0625018749473684e-05,2.194173138329796e-05,-30.32176396567641,-30.03487206340069
284,284,2.171894638448385e-05,2.0919813467021175e-05,-30.10117748300992,-30.24200292546571
285,285,2.1385672543025048e-05,2.163524789610069e-05,-30.171920305786553,-30.095962246439825
286,286,2.1810966395558764e-05,2.1199130538949057e-05,-30.074687494010405,-30.184400512000146
287,287,2.358047574311171e-05,2.0445409925167424e-05,-29.753184097151806,-30.341622778725768
288,288,2.0696807566600536e-05,2.1964644283319724e-05,-30.30668597365225,-30.030339260683043
289,289,2.2168282457548147e-05,1.9890951462960066e-05,-30.00713626981236,-30.461025426961548
290,290,2.117953711594683e-05,2.126189984234148e-05,-30.194249765456824,-30.171560323380632
291,291,2.1262021225093403e-05,2.184470471739156e-05,-30.191047362819297,-30.05411921768995
292,292,1.9314816837350853e-05,2.0419534657297556e-05,-30.597037946563002,-30.34712259656244
293,293,2.2969734200347545e-05,2.1666778402026178e-05,-29.85285999737822,-30.089637587607044
294,294,2.2160102312180654e-05,2.246072950870975e-05,-30.010499983884543,-29.933342426078944
295,295,2.3375226829585634e-05,2.0503882871324957e-05,-29.77847686114341,-30.329219880710973
296,296,2.222600938018997e-05,2.0231072563834268e-05,-29.992848429348115,-30.38739192548581
297,297,2.306396009705927e-05,2.0214229439979565e-05,-29.840811344364933,-30.391009095247718
298,298,2.157086767970354e-05,2.0748911083501298e-05,-30.12850868524818,-30.27762790755824
299,299,2.078823807508896e-05,2.0801138481673614e-05,-30.290901965604423,-30.266709950533603
300,300,2.178733955626046e-05,2.1087786942524345e-05,-30.080045652637104,-30.20727095238822
301,301,2.121753406060737e-05,2.08512185149869e-05,-30.190265288383465,-30.256266607505673
302,302,2.1673639062053964e-05,1.9469865276876492e-05,-30.11307433057954,-30.553951539432322
303,303,2.245785631624965e-05,2.077181024536625e-05,-29.955313248325666,-30.272837537676324
304,304,2.1578177101097007e-05,2.064426017137808e-05,-30.128999046132027,-30.299587766694085
305,305,2.0564596051718983e-05,2.0745772560889907e-05,-30.328605030135016,-30.27828487993848
306,306,1.9942684535710644e-05,2.0713009881116084e-05,-30.476679448970007,-30.2851488798738
307,307,2.2068376564834815e-05,2.0695507804415875e-05,-30.028020443513505,-30.28882013217175
308,308,2.0753207602106112e-05,2.0187718100236164e-05,-30.299353275101897,-30.39670868693176
309,309,2.2200036583694547e-05,1.9950505463241013e-05,-30.008820694710284,-30.4480419695502
310,310,1.9421639099726743e-05,1.9795011643222288e-05,-30.583615843871648,-30.48202338806125
311,311,2.1155184870237754e-05,1.923259036342834e-05,-30.21966625560897,-30.607203187150365
312,312,2.0569742258716753e-05,1.9921427864526203e-05,-30.341104490170135,-30.454376371648927
313,313,2.029812584783265e-05,2.0146395495669966e-05,-30.394177078939116,-30.40560744970098
314,314,2.1192303683699383e-05,2.1444515033707783e-05,-30.205507969255045,-30.13441871196871
315,315,2.046947855016003e-05,2.1771466794904737e-05,-30.3541941363139,-30.06870410874882
316,316,2.0797790015065628e-05,2.0012409837172047e-05,-30.28215708985625,-30.434587120570576
317,317,2.1339893239726116e-05,2.0929195239946957e-05,-30.18198388875815,-30.240055709793804
318,318,1.9640448251088057e-05,2.1227514671887836e-05,-30.53440256067786,-30.178589506163227
319,319,2.292291910916245e-05,2.178630079709508e-05,-29.859583140924162,-30.065746048269126
320,320,2.193776960957246e-05,2.0038186496668986e-05,-30.052705477495948,-30.428996860473667
321,321,2.256071055638028e-05,2.1100839962616047e-05,-29.934037699221555,-30.204583567092826
322,322,2.1567690767829074e-05,1.9835455484434006e-05,-30.13134575392193,-30.473159226502776
323,323,2.045218444277218e-05,2.0106648088059093e-05,-30.365074551683094,-30.41418423489231
324,324,2.197233143962557e-05,1.9617210550916897e-05,-30.045490039579906,-30.52120846965227
325,325,2.2325750841886963e-05,1.9441397087480016e-05,-29.977080496738402,-30.56030629588038
326,326,2.0325572738338733e-05,2.1459757111810368e-05,-30.37987149223724,-30.131332981639236
327,327,2.0361192976442626e-05,1.8594686384619164e-05,-30.382416153909432,-30.75369242335225
328,328,2.1622680336448182e-05,2.0847158339165617e-05,-30.118105813944723,-30.257112353596213
329,329,2.014841549549301e-05,2.0990216590258858e-05,-30.423656493457408,-30.2274118041279
330,330,1.9715225527161426e-05,2.0193129976656853e-05,-30.523490631769327,-30.395544596432305
331,331,1.9149958864817535e-05,2.0387175936775748e-05,-30.64648551036292,-30.35401029542622
332,332,2.1154421991707648e-05,2.0231924233820265e-05,-30.218316719507754,-30.38720910384399
333,333,2.0353081408850896e-05,2.005610847271256e-05,-30.378526025257095,-30.425114305199976
334,334,2.1097840066637948e-05,2.067289556419526e-05,-30.225525804644494,-30.293567896808362
335,335,1.9191621270027136e-05,2.049942457616501e-05,-30.637016956355176,-30.33016429866885
336,336,1.9900725307060074e-05,2.0050982081891944e-05,-30.472511027621003,-30.426224514505517
337,337,1.9873713511318335e-05,2.0821091359386245e-05,-30.481095654507456,-30.262546105691285
338,338,2.0038408628042628e-05,2.0521367045339982e-05,-30.450834563054375,-30.32551812105295
339,339,1.9804290336791964e-05,2.0070892931375727e-05,-30.501499955132196,-30.421914061533016
340,340,2.1546618075628486e-05,1.9710210835910402e-05,-30.134501234636645,-30.500668304824806
341,341,1.9691102746027982e-05,2.145604426722888e-05,-30.528080949594614,-30.132084438149946
342,342,1.9922373493753503e-05,2.100494174029384e-05,-30.477516937427712,-30.224366190337307
343,343,2.0068321711883026e-05,1.898586240139067e-05,-30.44202946839426,-30.663277713097337
344,344,2.1082751193238644e-05,1.955418534443628e-05,-30.227234344964135,-30.535183730114184
345,345,1.9628666459820378e-05,2.0654951281597422e-05,-30.528821217443394,-30.29733925389491
346,346,1.9851374099275324e-05,1.947164836517339e-05,-30.495701593591676,-30.55355382227333
347,347,2.0579134216700133e-05,1.9156351778579655e-05,-30.33470516882973,-30.624452967107402
348,348,2.2217541942323413e-05,1.9891384190965543e-05,-29.99885141705918,-30.4609309471469
349,349,2.1986773606034514e-05,1.9427650745216707e-05,-30.041648121998783,-30.56337812870011
350,350,2.0228393107563252e-05,2.006001767241335e-05,-30.41060884985521,-30.424267890539728
351,351,2.1493198510518024e-05,2.0788003463454324e-05,-30.140205882177163,-30.269453198340702
352,352,2.06617980870057e-05,2.0088880821851107e-05,-30.321813927033414,-30.418023580403833
353,353,1.8949281456088166e-05,1.9382047436298116e-05,-30.682597834538203,-30.573584481989723
354,354,2.0936360557505995e-05,2.0243729187840425e-05,-30.250988133739156,-30.38467581476671
355,355,2.017358350638029e-05,1.8971315129372096e-05,-30.415775528722044,-30.66660662250775
356,356,1.951690369095718e-05,2.10916478911378e-05,-30.573263563344206,-30.20647587834845
357,357,2.012318397468447e-05,2.026642064983638e-05,-30.434687836921356,-30.379810477165478
358,358,2.0697326859946544e-05,1.9290523500546298e-05,-30.306574214873407,-30.594140867824017
359,359,1.968260529014815e-05,2.1131590744373268e-05,-30.52225034770914,-30.198259092290904
360,360,1.845361140515978e-05,2.1122699189091738e-05,-30.800065209251144,-30.20008686100143
361,361,1.9611106611207397e-05,1.9961293889393443e-05,-30.54244217328833,-30.445694115463674
362,362,1.790343542114025e-05,2.019818135809864e-05,-30.93600125686617,-30.39445832959664
363,363,2.0574952256922807e-05,2.2387673006481857e-05,-30.33551194843024,-29.947491453499833
364,364,1.9730780680679484e-05,1.9132387550550783e-05,-30.52136893562502,-30.629889308724984
365,365,2.0225378868661247e-05,1.966140936067524e-05,-30.41197010697651,-30.511434548200967
366,366,1.9512915997372908e-05,1.9668775214660472e-05,-30.56158645602511,-30.509807833344563
367,367,1.9915259613720917e-05,1.9435205726231768e-05,-30.475467666278874,-30.561689582409404
368,368,1.97456807307896e-05,1.966661147889681e-05,-30.506066352291942,-30.510285621200435
369,369,1.968401278476843e-05,2.0726833195352045e-05,-30.52143153842257,-30.282251480235544
370,370,2.150153340125209e-05,1.9142194584051858e-05,-30.154606250085358,-30.627663737398514
371,371,2.0531551666694606e-05,2.0792886827716995e-05,-30.33837710631306,-30.268433105626332
372,372,1.983938821552132e-05,2.0779001237028033e-05,-30.4919325680559,-30.27133431407232
373,373,1.83371354706679e-05,2.048506600036298e-05,-30.827169893065264,-30.333207328071545
374,374,2.0331186627202244e-05,2.018664398699337e-05,-30.38885675652203,-30.396939764987376
375,375,2.0294810402100264e-05,2.0305946954498434e-05,-30.39849978412221,-30.37134853005757
376,376,2.0922874415360246e-05,2.0516790228659948e-05,-30.263506392019387,-30.326486822558625
377,377,2.145509777094667e-05,2.1758140304116653e-05,-30.15101176047155,-30.07136327430483
378,378,2.1148692972066372e-05,2.1187515238508287e-05,-30.217958853711416,-30.186780724409417
379,379,2.1615988185358312e-05,1.9373821583270145e-05,-30.12133698822965,-30.57542804412522
380,380,2.054588844423295e-05,1.942959940941747e-05,-30.34117506986749,-30.56294253734621
381,381,2.121421475186656e-05,2.0634080197181137e-05,-30.205726414141903,-30.30172986187999
382,382,1.9816950118615048e-05,2.102768710181791e-05,-30.494681252698435,-30.219665943774046
383,383,2.1070299713830966e-05,1.9605997486475023e-05,-30.22849022869021,-30.523691577173892
384,384,2.0916249219957647e-05,2.0876780055052796e-05,-30.260946538784815,-30.250945845634234
385,385,1.9212228150920673e-05,2.0930905664403997e-05,-30.638252522641196,-30.239700800040712
386,386,2.0973980821340257e-05,2.2025308154345686e-05,-30.253819993835553,-30.01836107035607
387,387,2.013646546176985e-05,2.057851548000288e-05,-30.429266823726056,-30.31344058491712
388,388,2.112347668763814e-05,2.0768055946973618e-05,-30.216280162978933,-30.27362255276146
389,389,2.0651920880782107e-05,2.022979979780135e-05,-30.319665305482655,-30.387665155019814
390,390,2.0896915875428677e-05,1.874493270741751e-05,-30.26271496103771,-30.718742146588063
391,391,1.7784367164213764e-05,2.077161403385138e-05,-30.96198473381817,-30.272878561534938
392,392,2.021124210963554e-05,1.955422430910403e-05,-30.411397707455812,-30.5351750761493
393,393,2.1668145423392e-05,2.070485918107136e-05,-30.108506186238575,-30.286858192389833
394,394,2.0558167232162097e-05,1.9468289266162747e-05,-30.336154836907482,-30.55430309834147
395,395,1.8801432750328832e-05,1.994300835480987e-05,-30.727188574599793,-30.449674291473535
396,396,2.1253863592063842e-05,2.110985075743979e-05,-30.19115632129082,-30.202729374014154
397,397,2.3112311788919242e-05,2.1526340500905033e-05,-29.83495761858242,-30.117878947334003
398,398,2.1109770977531787e-05,2.0571308308909036e-05,-30.225960989879496,-30.314961871950693
399,399,1.9367839159553788e-05,1.9846771273909037e-05,-30.59347951597001,-30.470682356900415
400,400,1.9262492950821472e-05,2.030536617032914e-05,-30.62138214104737,-30.37147274734606
401,401,1.9572565160507513e-05,2.0158024055586122e-05,-30.547631453623055,-30.40310141209993
402,402,2.188526115656414e-05,2.1030353405206514e-05,-30.067675333524548,-30.21911529479642
403,403,1.973172086379527e-05,1.877329395938432e-05,-30.515535667907248,-30.71217619789087
404,404,2.024973534773999e-05,1.8646799904481188e-05,-30.395392843839247,-30.74153789831226
405,405,1.879149635193975e-05,2.2362349754027827e-05,-30.72801558720918,-29.95240664652103
406,406,2.087856346781674e-05,2.0236906876609856e-05,-30.274035644994754,-30.386139671285463
407,407,1.96054043607143e-05,2.0148292653749722e-05,-30.55181662615814,-30.405198499874693
408,408,1.9604576265788337e-05,1.934608936655997e-05,-30.54228031933316,-30.581649107372613
409,409,2.1286460454125657e-05,2.0790469821612962e-05,-30.188666018604206,-30.268937967426567
410,410,2.09175774854003e-05,1.9663205756315666e-05,-30.25883054314541,-30.511037766331818
411,411,2.1023721836678943e-05,2.0830943580413557e-05,-30.243764163548498,-30.26049157687288
412,412,1.9544255197034384e-05,2.0289084731254997e-05,-30.556160601073188,-30.374956444930064
413,413,1.9008256299223166e-05,2.1978650358122603e-05,-30.677951654819648,-30.027570801351246
414,414,1.9376775770107304e-05,2.079590477047819e-05,-30.593442029134504,-30.267802803162702
415,415,2.103246766899847e-05,1.8636467565987625e-05,-30.236532787285093,-30.74394502516151
416,416,2.137476438236394e-05,1.8879861751261878e-05,-30.171917192587433,-30.687592905114855
417,417,1.8980383469845282e-05,2.066553042823216e-05,-30.682407784679683,-30.295115434173074
418,418,2.100667022683204e-05,1.9997662284846517e-05,-30.245000000368314,-30.437788704845193
419,419,2.226055522376405e-05,1.972641424991276e-05,-30.000321495995493,-30.49709951379875
