,epoch,train_loss,test_loss,train_dbs,test_dbs
0,0,0.0001160491544593692,0.00010577176650067007,-25.373811157919434,-25.756491718265842
1,1,9.805820719548981e-05,8.924299847996353e-05,-26.113579687749443,-26.49444775679914
2,2,8.466148139313631e-05,7.867054783242853e-05,-26.737618209449245,-27.042067549739773
3,3,7.496159258190561e-05,6.955716468694031e-05,-27.279481789761398,-27.576770585883512
4,4,6.923169022445211e-05,6.054604589160973e-05,-27.622417689620423,-28.179331436826
5,5,6.005960807969947e-05,5.3808786584628056e-05,-28.232622335269397,-28.69165730822307
6,6,5.5768631185499766e-05,4.815701686311513e-05,-28.54919529400835,-29.173593531627333
7,7,5.221161610307652e-05,4.445292947103122e-05,-28.841552519675435,-29.521185429386705
8,8,4.621052663499062e-05,4.1927072169001854e-05,-29.37277143721112,-29.775243933983504
9,9,4.480076187842924e-05,3.9852821110367874e-05,-29.502401646362408,-29.995598596641308
10,10,4.1101561138705236e-05,3.792040374001341e-05,-29.873889392568977,-30.211459767779623
11,11,4.112106346172406e-05,3.636056135292165e-05,-29.88117546850748,-30.393883499570798
12,12,3.9363816128017566e-05,3.398039571996043e-05,-30.068544503261343,-30.687904972638506
13,13,3.768505122990842e-05,3.3063098702481706e-05,-30.255401331877557,-30.806753758178857
14,14,3.7029375290358916e-05,3.142400553195713e-05,-30.340043792585814,-31.02757386857744
15,15,3.073454373060082e-05,3.047902541048212e-05,-31.143916713875676,-31.160178534184972
16,16,3.239228596809421e-05,2.9026920521190685e-05,-30.911956129699316,-31.372179656365773
17,17,2.8519493012542635e-05,2.7015684042309756e-05,-31.47499222128941,-31.684029609847023
18,18,2.8763049636630237e-05,2.5281982360818228e-05,-31.434954792099816,-31.97207805433067
19,19,2.6626950653435508e-05,2.472333318636581e-05,-31.767767512552858,-32.06911907708372
20,20,2.5239925739744238e-05,2.418318476166429e-05,-32.00341816349684,-32.16505435485536
21,21,2.5281553771679853e-05,2.3090196918928996e-05,-31.990133760995082,-32.365912927147676
22,22,2.501737394267525e-05,2.3095678299892154e-05,-32.05081266323648,-32.36488207799503
23,23,2.379999546299343e-05,2.1441324191216966e-05,-32.24709988646247,-32.68767326048312
24,24,2.2893992798944775e-05,2.1110644171896735e-05,-32.43380078470073,-32.75517443812194
25,25,2.2408945791464728e-05,2.0930216793969618e-05,-32.52678480905614,-32.7924520265985
26,26,2.3141872992072394e-05,1.961268567117115e-05,-32.37381257859032,-33.07481861385567
27,27,2.181003843905217e-05,1.9496099938757988e-05,-32.63557890381503,-33.10071187003982
28,28,2.1670532640707007e-05,1.8980925855622015e-05,-32.66109904409499,-33.21701536702661
29,29,1.8634060399994476e-05,1.8077488053485897e-05,-33.30755221282152,-33.428808462164916
30,30,1.8780549261154913e-05,1.7270367942202076e-05,-33.27885446431217,-33.62717339183999
31,31,2.0831111439677152e-05,1.7593740171593564e-05,-32.83617989779444,-33.54660755497644
32,32,1.7778515967554847e-05,1.6352738241135068e-05,-33.5192006745454,-33.86428444383128
33,33,1.8592211923420372e-05,1.7029138306449903e-05,-33.329604473693884,-33.688262566894764
34,34,1.630299743503445e-05,1.6321606476834094e-05,-33.90312863205622,-33.87256026858359
35,35,1.794767764088825e-05,1.591984499483308e-05,-33.48256803519714,-33.98080094548376
36,36,1.683313808994687e-05,1.64492078654707e-05,-33.762039872589654,-33.83873940685329
37,37,1.696567448664975e-05,1.636669850612586e-05,-33.731970551848164,-33.860578471466205
38,38,1.638274223052539e-05,1.5305021646015933e-05,-33.87886324366868,-34.151849812588594
39,39,1.647729287779117e-05,1.4783251332884997e-05,-33.84713412379809,-34.302489689295676
40,40,1.4414662276526683e-05,1.4515940261174509e-05,-34.43233185630448,-34.38173757179915
41,41,1.568954876253799e-05,1.4731599501254478e-05,-34.06064177287928,-34.31769025966862
42,42,1.462833808977145e-05,1.4734368146731102e-05,-34.37373280359635,-34.31687412664984
43,43,1.5372252061386406e-05,1.4753191240551563e-05,-34.15809994151542,-34.311329573584906
44,44,1.5072421596527157e-05,1.3757613966223098e-05,-34.247418536118545,-34.614758102836944
45,45,1.4021805496274292e-05,1.4076206130802779e-05,-34.54904757174753,-34.51533311436516
46,46,1.5148779321233887e-05,1.4085665019305643e-05,-34.22201583174757,-34.51241573489537
47,47,1.4506596509124496e-05,1.3747831106133832e-05,-34.41405354826893,-34.61784741284227
48,48,1.4076661172271323e-05,1.3773633183614278e-05,-34.53103500878184,-34.609704166511676
49,49,1.4599519301517615e-05,1.3742134031321926e-05,-34.37613556204762,-34.61964749383681
50,50,1.2777599951413763e-05,1.3734813891412495e-05,-34.96010209398853,-34.62196150371416
51,51,1.4777720147340569e-05,1.3241272618439612e-05,-34.328043603299115,-34.78089202275476
52,52,1.3766021212861757e-05,1.386781279602713e-05,-34.63051267525874,-34.58010959010284
53,53,1.4174529388986502e-05,1.3119264622218907e-05,-34.504539381172975,-34.82109437326092
54,54,1.3829435046477791e-05,1.3587971041392608e-05,-34.617111656614455,-34.66864316785824
55,55,1.336394415347124e-05,1.3937659021298474e-05,-34.754151592445915,-34.55829093928605
56,56,1.3803477889540745e-05,1.3541182182196185e-05,-34.62322208148253,-34.683623483199064
57,57,1.3858120968807176e-05,1.3246082840181006e-05,-34.60534853208098,-34.77931462648714
58,58,1.3813103503276374e-05,1.3993192480579877e-05,-34.61730044602345,-34.54102121393899
59,59,1.5525067259865684e-05,1.3161591835485428e-05,-34.10919747304392,-34.8071051099506
60,60,1.37592005089151e-05,1.3876915497683895e-05,-34.640780003447055,-34.57725985720949
61,61,1.3567477005202931e-05,1.2856580197924478e-05,-34.69934021277541,-34.908934661713936
62,62,1.2908036296721548e-05,1.397696106371433e-05,-34.91510133840437,-34.546061740840855
63,63,1.4092569378505883e-05,1.30880311859839e-05,-34.53151546250914,-34.83144608259341
64,64,1.2411241477445973e-05,1.3341731525877931e-05,-35.08592015477032,-34.74806732272037
65,65,1.314731572662269e-05,1.340329081837186e-05,-34.83452535991305,-34.728074886065336
66,66,1.380699893264502e-05,1.4384289036235331e-05,-34.619927939293255,-34.42130528279073
67,67,1.3982353974234243e-05,1.3494477906007026e-05,-34.572521424882105,-34.69862842818004
68,68,1.3401760286834575e-05,1.3738398018559613e-05,-34.7485867315896,-34.62082835142286
69,69,1.2453838440030933e-05,1.2828736065497842e-05,-35.0647670556144,-34.91835059234073
70,70,1.364425848411893e-05,1.304067044609263e-05,-34.67205487739514,-34.847190095295794
71,71,1.332625992965648e-05,1.3210259950076425e-05,-34.76920986723032,-34.79107565720065
72,72,1.4305024031029424e-05,1.2905249413482747e-05,-34.45664586317332,-34.892525270594895
73,73,1.3097891459222306e-05,1.2818320819381992e-05,-34.84675902344459,-34.92187792429522
74,74,1.2599870387930423e-05,1.2903316067087489e-05,-35.01714362494768,-34.89317593959335
75,75,1.2456081760282144e-05,1.3111182852298953e-05,-35.065545349964765,-34.82377055192293
76,76,1.3621875547597511e-05,1.2800999732127438e-05,-34.68523289559536,-34.92775040927879
77,77,1.3453591320997935e-05,1.2990516360763363e-05,-34.73810252073004,-34.86392515207002
78,78,1.3170968392757655e-05,1.3536434332644076e-05,-34.823474392613,-34.68514648643784
79,79,1.3747214193854328e-05,1.2437635010237022e-05,-34.63364564245079,-35.05281121383038
80,80,1.2390113587355596e-05,1.288510525467389e-05,-35.092776018175456,-34.899309588922364
81,81,1.2415954488366794e-05,1.2695501601755447e-05,-35.081867299372604,-34.96369064810055
82,82,1.3195403496246935e-05,1.2209936836657825e-05,-34.827349438500896,-35.133055121211314
83,83,1.3129442336743449e-05,1.230862098485599e-05,-34.832234239966205,-35.09809530607393
84,84,1.280853307575525e-05,1.2585940854286922e-05,-34.95444174677768,-35.00133242903389
85,85,1.3153443695646087e-05,1.2793482662681e-05,-34.82767514659799,-34.93030144494669
86,86,1.3421973398715299e-05,1.3106342425759832e-05,-34.74462515136156,-34.82537418959474
87,87,1.302523977071744e-05,1.2842379539123564e-05,-34.87348486941662,-34.9137342866384
88,88,1.2632551570464953e-05,1.3045441703166274e-05,-35.00499646690684,-34.84560141038171
89,89,1.1995878819491445e-05,1.270708368170553e-05,-35.22725780574043,-34.95973039468248
90,90,1.3600324208025471e-05,1.2695663443944221e-05,-34.68588693116981,-34.96363528461534
91,91,1.238107406325727e-05,1.2431247581078328e-05,-35.09045463128234,-35.055042134570776
92,92,1.2024347752324587e-05,1.2622749732384508e-05,-35.22169583094575,-34.98864957749983
93,93,1.2849793887484733e-05,1.2247533720112283e-05,-34.9392535241001,-35.11970285582086
94,94,1.2991932307318401e-05,1.2174830389037533e-05,-34.883329770762174,-35.145560097677524
95,95,1.1947744295276166e-05,1.2034882609824357e-05,-35.25091607660072,-35.195770709651846
96,96,1.3746511782657538e-05,1.2240643962669359e-05,-34.63692584872361,-35.122146634003805
97,97,1.1448113282406751e-05,1.1837824068176192e-05,-35.432620863804416,-35.26747048149292
98,98,1.1574857632423146e-05,1.1793608552436222e-05,-35.391936270874524,-35.28372220623337
99,99,1.1109699633229912e-05,1.1712897838534494e-05,-35.55662038370301,-35.313545740911316
100,100,1.2161735239058862e-05,1.1390902967066627e-05,-35.171473371896525,-35.43460777063119
101,101,1.1152717954396348e-05,1.1412388486956173e-05,-35.53736205889387,-35.42642382445928
102,102,1.0970005977347664e-05,1.116929754636275e-05,-35.624818928754316,-35.51993068866483
103,103,1.122600220584253e-05,1.0855617538733273e-05,-35.518663394849185,-35.6436439540678
104,104,1.1328454664968358e-05,1.1073418279824851e-05,-35.47171623644627,-35.55737224447183
105,105,1.1173576573109477e-05,1.0729500421515886e-05,-35.53447440837279,-35.694394282571736
106,106,1.0937560827440712e-05,1.0605750958347926e-05,-35.63764052073101,-35.74477504513458
107,107,1.1425140758912731e-05,1.0487066471174139e-05,-35.43402898565968,-35.79364908675623
108,108,1.074612216434241e-05,1.0453011327626882e-05,-35.70427674160479,-35.807775083903365
109,109,1.0479563608202729e-05,1.0550697185719496e-05,-35.819218910148734,-35.767377708366325
110,110,1.0629376860022827e-05,1.0138319291735043e-05,-35.75962123853123,-35.94052964838124
111,111,1.0936828721710721e-05,1.021842423429725e-05,-35.630588251161896,-35.90635000265231
112,112,1.11488462354509e-05,1.019358878214629e-05,-35.55532890547051,-35.916918196135676
113,113,1.0487344963584077e-05,1.0216991564735317e-05,-35.81275682813677,-35.906958945961584
114,114,1.003673397116069e-05,9.697925322957177e-06,-36.00572479500802,-36.13340093829121
115,115,1.0405781727199282e-05,9.952898022004919e-06,-35.84900522930316,-36.020693751341746
116,116,1.0893322156597296e-05,9.963663567185377e-06,-35.64878352266611,-36.0159987468341
117,117,1.0472573288182306e-05,9.938086876852475e-06,-35.815062018867984,-36.02716140473538
118,118,1.0761890847526356e-05,9.937148374056529e-06,-35.704420062398114,-36.02757154990417
119,119,9.95802439629375e-06,9.735159892443335e-06,-36.0470065882175,-36.11675840554518
120,120,1.0149973871934375e-05,9.808141624633113e-06,-35.95869056087989,-36.08432201205294
121,121,1.0225351353565389e-05,9.779247767782132e-06,-35.918450955468145,-36.09713479832239
122,122,9.567015812413938e-06,9.888337803874348e-06,-36.212766630425214,-36.04895635119425
123,123,9.280962795227678e-06,9.736283908224371e-06,-36.35912904291729,-36.11625700066035
124,124,9.442786210559826e-06,9.985471981628124e-06,-36.26974564793963,-36.00650332002588
125,125,1.001695142063515e-05,9.713979579828447e-06,-36.01261746966637,-36.126217432298574
126,126,9.075326994844573e-06,9.805281072323468e-06,-36.439270955620266,-36.08558882010707
127,127,9.202613309940885e-06,9.38924076284533e-06,-36.38280703505379,-36.27388453855383
128,128,9.529033002426209e-06,9.61721049239522e-06,-36.22750042020013,-36.16969807842401
129,129,1.0193699072073118e-05,9.254380912400512e-06,-35.93233529431344,-36.33671558228487
130,130,9.563359090515001e-06,9.222136309529704e-06,-36.21451749640372,-36.351873923162984
131,131,9.220271444927179e-06,9.271463041889211e-06,-36.37298948561414,-36.32870657962147
132,132,9.565593147046981e-06,9.31129096371526e-06,-36.21442304066912,-36.310090315148564
133,133,8.887925827197645e-06,9.016698162380826e-06,-36.529170087904134,-36.449713976839824
134,134,8.54255887537237e-06,8.679924456756502e-06,-36.70160306401114,-36.61502983983894
135,135,9.445911707854938e-06,8.924417144091995e-06,-36.25776825735625,-36.49439067589286
136,136,8.704458327274457e-06,9.271521823967832e-06,-36.62091535536569,-36.32867904496881
137,137,8.41730254307418e-06,8.710273600866602e-06,-36.774473653685725,-36.599871324501734
138,138,8.894123302243971e-06,8.666478367415134e-06,-36.530288701048136,-36.62176272115492
139,139,8.924056929413147e-06,8.873184326244212e-06,-36.51903508404167,-36.519394260313994
140,140,8.874022198855078e-06,8.60411094101054e-06,-36.53180299166825,-36.653129278942544
141,141,8.223565160245851e-06,8.607416188361209e-06,-36.87124493743463,-36.651461268088454
142,142,8.937169166097896e-06,8.728778251871086e-06,-36.51895211186882,-36.59065468714684
143,143,9.179047266144088e-06,8.486164125842103e-06,-36.38806532799275,-36.71307502476314
144,144,8.377350559854189e-06,8.510679028978829e-06,-36.78757288570464,-36.70054717539437
145,145,8.111816122877404e-06,8.622295043000791e-06,-36.934434568314096,-36.6439604969072
146,146,9.981029985077108e-06,8.452516268382743e-06,-36.029325173116476,-36.73032914102654
147,147,8.734672749212514e-06,8.693977897086083e-06,-36.61288460139956,-36.60800397680171
148,148,9.141863133148026e-06,8.88008849199794e-06,-36.4175799707781,-36.51601635780458
149,149,8.450576439555362e-06,8.442261141202548e-06,-36.75249349883409,-36.73560147529244
150,150,8.363420429586112e-06,8.444216626613573e-06,-36.79694609471905,-36.734595633175545
151,151,7.799711595710965e-06,8.598693176808362e-06,-37.10119806290947,-36.65586476922533
152,152,9.380683849551283e-06,8.46064751002766e-06,-36.301081130405514,-36.72615327695315
153,153,8.657633081627901e-06,8.27160604450527e-06,-36.63889331404015,-36.82429087514696
154,154,8.735500764440489e-06,8.34566492956487e-06,-36.611151138636004,-36.785579851996644
155,155,8.464052281908021e-06,8.366449588050417e-06,-36.743490852544014,-36.7747773085686
156,156,8.111952017325447e-06,8.367188145616398e-06,-36.92524445426601,-36.774393947244796
157,157,8.31996439768604e-06,8.398667887377087e-06,-36.82485512248188,-36.75808521337825
158,158,8.117780846978067e-06,8.570469258541524e-06,-36.9183192547957,-36.67014327937207
159,159,9.315401037139927e-06,8.404001260044569e-06,-36.34144078745835,-36.75532820569467
160,160,8.575753462977933e-06,8.363318293528496e-06,-36.69069943465202,-36.77640303817536
161,161,8.145515916037335e-06,8.59599987578756e-06,-36.909881666720864,-36.65722528875008
162,162,8.171471047707828e-06,8.428006439269092e-06,-36.89978823874889,-36.74294070667648
163,163,8.552252551190886e-06,8.316193974391545e-06,-36.702172520189734,-36.8009431876598
164,164,8.116168786371642e-06,8.112728353712315e-06,-36.92141584957305,-36.90851995097455
165,165,8.21609570060169e-06,8.039725822814753e-06,-36.875768459126135,-36.947776910769825
166,166,8.389424420812182e-06,8.462553595515937e-06,-36.779166797503166,-36.72517497218925
167,167,7.87418220329762e-06,8.176933892843264e-06,-37.06333502809721,-36.87428442745307
168,168,8.341889666159668e-06,8.441358204436256e-06,-36.804606056545,-36.73606599708419
169,169,8.440369189893599e-06,8.6601479492138e-06,-36.74855117620468,-36.62493617888994
170,170,7.902388854735992e-06,8.172900068434261e-06,-37.03893604672984,-36.876427406668014
171,171,8.836292434671591e-06,8.056507938722221e-06,-36.56724492637518,-36.93872090042335
172,172,8.414656940189648e-06,8.329648584262223e-06,-36.77626295228389,-36.79392249877015
173,173,8.033375575605627e-06,8.15904303109212e-06,-36.97607012737941,-36.883797057983415
174,174,8.360796335782465e-06,8.384944234613182e-06,-36.793434464140155,-36.76518750810708
175,175,7.945379923878191e-06,7.97395128565289e-06,-37.016064715614384,-36.98345351269892
176,176,8.25850317418484e-06,7.99311357312897e-06,-36.85508156204784,-36.973029455703525
177,177,8.506720813287401e-06,8.083375441377652e-06,-36.72608182514399,-36.92426178860804
178,178,8.728856971277675e-06,7.995359689965354e-06,-36.61329442158285,-36.97180923143556
179,179,7.674813318350135e-06,7.977513608861237e-06,-37.16307047186986,-36.98151375688579
180,180,7.768016914888368e-06,8.119560573648318e-06,-37.11799455719482,-36.9048640333084
181,181,7.849549936358972e-06,8.292474328635236e-06,-37.061903696408,-36.81334793689107
182,182,9.192957354711907e-06,7.86321841492042e-06,-36.38347965936495,-37.04418590280971
183,183,8.55165079855462e-06,7.772703659276503e-06,-36.70274736214482,-37.09446819232248
184,184,7.95978057232281e-06,7.6874097861659e-06,-37.01525359235595,-37.14238897168736
185,185,8.68329800479054e-06,8.068329263647014e-06,-36.63487626575426,-36.93235316220814
186,186,8.568789274521777e-06,8.02673029236183e-06,-36.69300375384334,-36.95480259005529
187,187,7.797654224933213e-06,7.991225366391805e-06,-37.10381961351463,-36.97405550723254
188,188,8.32140248695799e-06,7.975506713065491e-06,-36.819110461672075,-36.9826064449873
189,189,8.724610432688406e-06,7.913069829986566e-06,-36.611993369138396,-37.01673931182298
190,190,7.799547844471593e-06,7.870051137471915e-06,-37.09975881855682,-37.0404137512208
191,191,7.871218558554489e-06,7.899668688830724e-06,-37.05472819673264,-37.024100520056024
192,192,8.184445453752205e-06,8.294681217529088e-06,-36.89202876015231,-36.81219229610412
193,193,7.772100874267521e-06,8.111978331726277e-06,-37.1212230259616,-36.9089214749175
194,194,9.27223842041975e-06,7.944990604875401e-06,-36.34922494337652,-36.99925541437837
195,195,8.171554500878892e-06,7.85873223656764e-06,-36.895527705541234,-37.046664377140935
196,196,8.370259675035582e-06,7.906212407473695e-06,-36.79499009244636,-37.02050451545138
197,197,7.689814064525712e-06,8.192294013784512e-06,-37.161048537051954,-36.866133990838584
198,198,8.179821099812338e-06,7.773518279320438e-06,-36.89174769070241,-37.09401305281444
199,199,8.555496700039643e-06,7.784301224570586e-06,-36.698790662839265,-37.08799296192768
200,200,7.837057628140175e-06,7.673557463835765e-06,-37.077009622887445,-37.150221797162985
201,201,8.83093672041234e-06,7.792595074294551e-06,-36.56158545051359,-37.08336819786669
202,202,8.352373299072197e-06,7.873562983724314e-06,-36.80380170299982,-37.038476234889075
203,203,8.240629774929366e-06,7.823466986385602e-06,-36.86458379566716,-37.066196751593516
204,204,8.072017984905523e-06,7.871172161494064e-06,-36.948421828003475,-37.03979517852352
205,205,8.303901380451262e-06,7.711167606765612e-06,-36.83047587978986,-37.12898786545246
206,206,7.898392797550955e-06,7.634252118518098e-06,-37.03833909137153,-37.17252431144883
207,207,7.362869162290698e-06,7.514547513365917e-06,-37.34334496746564,-37.241160946442456
208,208,7.4222976791977845e-06,7.913370657326213e-06,-37.31082637387495,-37.01657421133341
209,209,7.468659406026511e-06,7.907470573723243e-06,-37.290803130028635,-37.01981344979476
210,210,8.046633631482146e-06,7.713214137383099e-06,-36.96493233867572,-37.127835408291865
211,211,7.665927906722591e-06,7.66757059529099e-06,-37.18143849966126,-37.153611461984035
212,212,8.350688689854896e-06,7.552456903986719e-06,-36.80347832478438,-37.21930673648194
213,213,7.695475950331269e-06,7.587939643072834e-06,-37.15707285226743,-37.198950617073166
214,214,7.639722626504173e-06,7.469763228360343e-06,-37.18947884730276,-37.26712093365998
215,215,7.751071626847351e-06,7.42124240404289e-06,-37.128204683161435,-37.295423120033696
216,216,7.191171494248676e-06,7.456520387150752e-06,-37.4516411584002,-37.27482719801787
217,217,8.007214532459404e-06,7.686033457407335e-06,-36.98292926652486,-37.143166587966626
218,218,8.324141786549271e-06,7.47556613963465e-06,-36.81374708468325,-37.26374841183728
219,219,7.754999270340723e-06,7.5440823964431486e-06,-37.13341796999347,-37.22412506300766
220,220,7.896928309492068e-06,7.865816649810816e-06,-37.04968576587254,-37.04275110521252
221,221,7.537323208734304e-06,7.658649122420588e-06,-37.24588174261119,-37.15866756446339
222,222,7.602064468620042e-06,7.567363163137711e-06,-37.2127401251188,-37.2107435285023
223,223,7.875392731369447e-06,7.591962673215771e-06,-37.05420122819905,-37.19664865254651
224,224,7.566656428756799e-06,7.630203095973947e-06,-37.232967064147694,-37.17482831531213
225,225,7.53867956068602e-06,7.539650548431765e-06,-37.24261421495985,-37.22667711984717
226,226,7.849102868143764e-06,7.347962357590931e-06,-37.079926727608274,-37.33852006598959
227,227,8.62225522386203e-06,7.712271134981788e-06,-36.666751336011195,-37.12836640064976
228,228,7.660178878197876e-06,8.08667173738573e-06,-37.18097330616534,-36.92249115285042
229,229,7.45097694908912e-06,7.7079900955524e-06,-37.3017143175081,-37.130777814854696
230,230,8.353149196503267e-06,7.888447462870604e-06,-36.81087441626712,-37.0302739194514
231,231,8.090424141779089e-06,7.61484996378146e-06,-36.9364279447557,-37.18357578613983
232,232,8.084848414188114e-06,7.614702146958352e-06,-36.946816268640426,-37.18366009069475
233,233,7.542983397441501e-06,7.598622400301362e-06,-37.24142466144191,-37.19284065845601
234,234,7.698351177187414e-06,7.443631052171297e-06,-37.15385250378086,-37.28234090480945
235,235,8.073009887328263e-06,7.590475816916871e-06,-36.94313673741363,-37.19749928466134
236,236,7.395595256986274e-06,7.467676823580405e-06,-37.32478318463589,-37.26833414567715
237,237,8.312751706211033e-06,7.534043106716126e-06,-36.82156621151385,-37.22990828688923
238,238,8.120561739543546e-06,7.658110653688996e-06,-36.92383128114133,-37.15897292147404
239,239,7.96191595805588e-06,7.798055728352138e-06,-37.01198493819669,-37.0803259489551
240,240,8.221750835518738e-06,7.472798786597866e-06,-36.86849721276283,-37.26535640866237
241,241,7.667888181908752e-06,7.3475476758750644e-06,-37.180310425290344,-37.338765166677604
242,242,7.827370642264645e-06,7.586135349188944e-06,-37.08571189591789,-37.19998342451823
243,243,7.1012099603471255e-06,7.408081919971951e-06,-37.501869929841284,-37.303131532078375
244,244,7.981125283137218e-06,7.267431843310508e-06,-37.00383456669256,-37.386379619330995
245,245,7.168318770896972e-06,7.07587940652095e-06,-37.466879998208164,-37.50238506753913
246,246,7.780338960073255e-06,7.335713809497017e-06,-37.110485383967934,-37.345765496931804
247,247,7.97005126158408e-06,7.411669421823095e-06,-37.00552820156217,-37.301028889122676
248,248,7.3776509218321775e-06,7.261384924181345e-06,-37.34540328983808,-37.38999470210611
249,249,8.010773511806601e-06,7.3074868755372195e-06,-36.98252358796766,-37.36250885394419
250,250,7.381688628248815e-06,7.1760566338765016e-06,-37.33425955297702,-37.44133071890754
251,251,7.511015066540363e-06,7.250112790451997e-06,-37.268357257222576,-37.396741664492474
252,252,7.545289079025304e-06,7.211531307180657e-06,-37.244372442379536,-37.41991436177079
253,253,8.40707117773847e-06,7.307464090301533e-06,-36.777026927828715,-37.362522395559424
254,254,8.148891819726805e-06,7.358095373140379e-06,-36.90761783270322,-37.33253516709257
255,255,8.502625377397785e-06,7.382858927341754e-06,-36.7263313025625,-37.31794359474286
256,256,7.668561489275085e-06,7.330331108709001e-06,-37.16823700297098,-37.348953373919734
257,257,7.629606724802534e-06,7.1799035331902195e-06,-37.195690207375605,-37.439003201744036
258,258,7.632091440887193e-06,7.545170247842754e-06,-37.199549022861945,-37.22349885855349
259,259,7.050954531992248e-06,7.379536878273173e-06,-37.54921197665119,-37.31989822002516
260,260,7.483471427363351e-06,7.317325119067008e-06,-37.27577940346823,-37.356665776408974
261,261,7.77469765978953e-06,7.367923372887737e-06,-37.11788641234153,-37.32673828910981
262,262,7.785223199780094e-06,7.478197786488301e-06,-37.11015766733838,-37.262219820474854
263,263,7.746916197124237e-06,7.2819437647060685e-06,-37.12660891063538,-37.377716086759264
264,264,8.841891560654609e-06,7.240559745313428e-06,-36.558688958242286,-37.40246787958686
265,265,7.408833664964366e-06,7.222716392693416e-06,-37.32597103338926,-37.41318367238386
266,266,7.216141821305596e-06,7.305029325116745e-06,-37.44054379270847,-37.36396965724736
267,267,7.633680993843808e-06,7.17401608677679e-06,-37.20050457622546,-37.44256583230201
268,268,7.619647392144993e-06,7.208529519917456e-06,-37.19880507748828,-37.421722481276966
269,269,7.596641170465839e-06,7.2136451882742175e-06,-37.21346290761251,-37.4186415220226
270,270,8.202945832401628e-06,7.078913480846065e-06,-36.877989156937126,-37.50052325046028
271,271,7.610868349204502e-06,7.604953704063327e-06,-37.207324675540704,-37.18922354834041
272,272,7.2257346838557276e-06,7.370135096463951e-06,-37.432348918345085,-37.32543480757749
273,273,8.55211768344047e-06,7.261403425218305e-06,-36.70461080276804,-37.38998363687804
274,274,7.568216863818606e-06,7.216002837881924e-06,-37.233870164049435,-37.417222340872584
275,275,7.636467980961411e-06,7.502764482954885e-06,-37.192157748320724,-37.24797615563437
276,276,7.5586773942332094e-06,7.208595817294401e-06,-37.23404333286714,-37.42168253907726
277,277,7.358796496585446e-06,7.168898240419558e-06,-37.35188392220702,-37.44566513621724
278,278,7.382920191901707e-06,7.224189439033293e-06,-37.337446140584625,-37.41229803513161
279,279,7.722619510289959e-06,7.223170613494738e-06,-37.140009148983175,-37.41291056269173
280,280,7.5124222939379735e-06,7.19994977771421e-06,-37.25908526438784,-37.4268946234003
281,281,7.286877898315145e-06,7.346602112528145e-06,-37.39414894228602,-37.339324100607556
282,282,7.570204208192437e-06,7.220288735927745e-06,-37.23189307584051,-37.41464364271251
283,283,8.310595495862162e-06,7.227695038493134e-06,-36.82659039068747,-37.410191095329544
284,284,7.670131464655027e-06,7.142854907502433e-06,-37.16587992908718,-37.46147101009416
285,285,7.716782532689958e-06,7.099272280404541e-06,-37.15027238180984,-37.488050963057425
286,286,7.604272515478799e-06,7.195130006278448e-06,-37.206655235210604,-37.4298028396078
287,287,6.960320000140088e-06,7.289040336457363e-06,-37.593385763702756,-37.373485758630004
288,288,8.172023875154878e-06,7.063297576486978e-06,-36.899587834604944,-37.51011425970475
289,289,7.782578023514211e-06,7.0800186365790735e-06,-37.110978144449376,-37.499845285436535
290,290,7.630638621551567e-06,7.1090511195698606e-06,-37.19657549541947,-37.48207292266529
291,291,7.129831500765483e-06,7.082351658027619e-06,-37.49194834732967,-37.49841442558842
292,292,7.689688118261984e-06,7.126088779554457e-06,-37.16683983461699,-37.471677007624756
293,293,7.65116795161337e-06,7.290024553329108e-06,-37.18912054227053,-37.37289938363233
294,294,8.530876626893363e-06,7.143043986664117e-06,-36.711739931464734,-37.461356049128554
295,295,9.070483335478653e-06,7.262960934895091e-06,-36.4505073758595,-37.389052211799516
296,296,7.932642530277852e-06,7.275070162761135e-06,-37.02604087558681,-37.38181743286254
297,297,8.197148835063568e-06,7.2692457586909815e-06,-36.88388589948715,-37.38529577683818
298,298,7.764925851812767e-06,7.22829585547994e-06,-37.11617064201826,-37.409830094130704
299,299,7.738078993404003e-06,7.222562424814034e-06,-37.13570739577603,-37.41327625266736
300,300,7.669704611600405e-06,7.268528646052705e-06,-37.17201150174559,-37.385724230400996
301,301,7.79010541422038e-06,7.279699514727231e-06,-37.1089047421887,-37.37905476175745
302,302,8.008381489171652e-06,7.184714161810821e-06,-36.983165161586925,-37.436094346685195
303,303,8.256563165728554e-06,7.1842743493203e-06,-36.8550591002323,-37.43636020831856
304,304,7.980573730857997e-06,7.2338121083846906e-06,-37.00164274311787,-37.406517052464196
305,305,7.431089347237409e-06,7.333777208068089e-06,-37.30536989389725,-37.34691216973471
306,306,7.46927497923175e-06,7.1513804629687096e-06,-37.28437433612964,-37.456290457182796
307,307,7.248228883458369e-06,7.238585806733586e-06,-37.41281212206594,-37.40365202492896
308,308,7.934815636600461e-06,7.607105568527722e-06,-37.027173788088334,-37.187994861477996
309,309,8.36629350928466e-06,7.27247302883801e-06,-36.80147670206855,-37.38336810149257
310,310,8.412846689436227e-06,7.242315740241841e-06,-36.769839523709045,-37.40141474768338
311,311,7.621893853434606e-06,7.222681664356251e-06,-37.203444417762306,-37.41320455422476
312,312,7.366936553864303e-06,7.376747170813982e-06,-37.34853106836988,-37.32154030629302
313,313,7.957315091582282e-06,7.426158557982969e-06,-37.01832293343663,-37.292547116870786
314,314,8.76403850945524e-06,7.5841278311073485e-06,-36.605572092781344,-37.20113284957419
315,315,7.280684394103933e-06,7.695936346863164e-06,-37.39433544722098,-37.137574624265646
316,316,7.796452041709682e-06,7.575591026627655e-06,-37.10720665247896,-37.20602408470236
317,317,7.176019945412936e-06,7.267343981335503e-06,-37.45455676193101,-37.38643212508873
318,318,7.532919472893256e-06,7.699881519472815e-06,-37.245238711547216,-37.135348868223446
319,319,7.580138614131786e-06,7.707865375107902e-06,-37.216039780568565,-37.1308480871804
320,320,8.255805828552765e-06,7.30154651089259e-06,-36.85380804842919,-37.366040734061926
321,321,7.894932282725517e-06,7.285591867625235e-06,-37.04558111234812,-37.3755409062204
322,322,8.133200368582638e-06,7.56123228328713e-06,-36.910431987318965,-37.214263494970446
323,323,7.741836861427633e-06,7.791684406823296e-06,-37.13825211131203,-37.08387575788388
324,324,7.193331637927727e-06,7.652631785803302e-06,-37.448052884434624,-37.162081121093756
325,325,8.112671169788114e-06,7.874457447829436e-06,-36.93239192216828,-37.03798288929402
326,326,7.604565555609333e-06,7.911032992667874e-06,-37.2151849194863,-37.017857336930426
327,327,7.320644009578433e-06,7.657616534791151e-06,-37.37593573817782,-37.15925314729443
328,328,7.674534820758596e-06,7.251860336653312e-06,-37.16684589796432,-37.395694979783954
329,329,7.862035962500964e-06,7.727118085504595e-06,-37.065241933479065,-37.120013802524795
330,330,8.15787481451011e-06,7.3835754176941825e-06,-36.91107583761442,-37.31752214187296
331,331,7.309227614839365e-06,7.373389053100254e-06,-37.37747358362438,-37.32351779585069
332,332,7.947554919511962e-06,7.302579361796808e-06,-37.02611378340086,-37.36542643991931
333,333,7.70538925974403e-06,7.538021667354961e-06,-37.15226313734678,-37.22761547963635
334,334,7.935325356811518e-06,7.237677077922088e-06,-37.02709912757749,-37.40419727049689
335,335,7.670717873084287e-06,7.3468656984531616e-06,-37.17270127112641,-37.33916828454803
336,336,7.1933554113691325e-06,7.2071489787623775e-06,-37.450247858700806,-37.422554299782874
337,337,7.920154446052488e-06,7.2557554391862235e-06,-37.03770873011538,-37.39336293349423
338,338,7.061817489829054e-06,7.3243140593005686e-06,-37.530048181600776,-37.35251971274583
339,339,6.773169604560646e-06,7.301841689791457e-06,-37.712327264368795,-37.36586516580995
340,340,7.495031466007895e-06,7.461124392935553e-06,-37.27610998203056,-37.27214648749023
341,341,7.859929910316083e-06,7.187978457965839e-06,-37.064309860216575,-37.43412162540144
342,342,7.523491139809923e-06,7.395377427823596e-06,-37.25696949486054,-37.31058586023286
343,343,7.219899792467801e-06,7.280097370791114e-06,-37.44254678173495,-37.37881741408765
344,344,7.095413952201759e-06,7.373437758934942e-06,-37.51711549924835,-37.32348910808551
345,345,8.05052212451029e-06,7.561015033723762e-06,-36.96003181210719,-37.21438827839
346,346,7.665520462472431e-06,7.1881403240886835e-06,-37.180832012118145,-37.43402382770648
347,347,7.101747598295033e-06,7.510343972458749e-06,-37.499745409501365,-37.24359101346795
348,348,7.363203771954844e-06,7.4800615565388735e-06,-37.34765205322114,-37.261137575496846
349,349,7.554541485829365e-06,7.713356736578708e-06,-37.236135731410386,-37.12775511819463
350,350,7.178759521603124e-06,7.40837994702528e-06,-37.45587742475092,-37.30295681897089
351,351,7.477115667422095e-06,7.5645003849594536e-06,-37.29037561101896,-37.21238680102668
352,352,8.043977053715672e-06,7.498360877147398e-06,-36.96960857570983,-37.25052591335147
353,353,7.531829401300128e-06,7.474949741567559e-06,-37.25543192533998,-37.26410652426828
354,354,7.618318770405447e-06,7.601318740949194e-06,-37.2049916218773,-37.19129985528304
355,355,7.856231496992495e-06,7.414091214741347e-06,-37.066492877638154,-37.29961004615624
356,356,7.607899566285118e-06,7.708307652807745e-06,-37.20182006252423,-37.13059889593921
357,357,7.75799965116882e-06,7.387356737653088e-06,-37.12478630493585,-37.315298576818215
358,358,7.4294588529548645e-06,7.451593630417176e-06,-37.311866276126565,-37.2776976661917
359,359,8.260207811038048e-06,7.630995577002117e-06,-36.857976012157366,-37.17437727585549
360,360,7.672235571271344e-06,7.404011643972665e-06,-37.17621973426213,-37.30551836341073
361,361,8.371029510731346e-06,7.738812176907423e-06,-36.79001083824805,-37.11344623077346
362,362,8.16772162298295e-06,7.958524125378494e-06,-36.91383966634901,-36.99186392288272
363,363,7.062085017226768e-06,7.866416772709559e-06,-37.54021910052434,-37.042419772646426
364,364,7.397177937163338e-06,7.722357622697018e-06,-37.327349824259414,-37.12269019469902
365,365,7.5069918651577835e-06,7.388840243182035e-06,-37.25729508282572,-37.31442652798441
366,366,8.022972667380055e-06,7.509326511162247e-06,-36.97609199612226,-37.24417941229838
367,367,7.7610211003948e-06,7.375561692338363e-06,-37.123386423331034,-37.322238294338504
368,368,8.144805666308889e-06,7.693380331674186e-06,-36.9082950898341,-37.13901726571052
369,369,8.102895620693968e-06,7.823257491461271e-06,-36.92604948392594,-37.066313047486325
370,370,7.2685507596539424e-06,7.657592887928905e-06,-37.40003086978787,-37.15926655840949
371,371,7.0952135258229434e-06,7.77229776136473e-06,-37.51519105541317,-37.09469499091654
372,372,7.713768523505687e-06,7.77239117604423e-06,-37.14483825766075,-37.094642793693424
373,373,1.0125490124542902e-05,7.901020963847833e-06,-35.9704711826162,-37.02335715303561
374,374,7.689019925631319e-06,7.614414674830378e-06,-37.15792297226046,-37.18382404972186
375,375,7.661011900334828e-06,7.708303105334236e-06,-37.18359146810911,-37.13060145803626
376,376,7.476295509478245e-06,7.682827009902163e-06,-37.28464932365951,-37.14497874896734
377,377,7.42955408267588e-06,8.29851646095018e-06,-37.308001438737094,-36.81018469622317
378,378,8.331802596377698e-06,7.499880068376354e-06,-36.8160091426581,-37.24964610834987
379,379,7.649485091063717e-06,7.54467526731835e-06,-37.186015797740524,-37.22378377506938
380,380,7.366540965862085e-06,7.626866112045e-06,-37.34753819469981,-37.176728069072034
381,381,7.709422564018787e-06,7.777067175514898e-06,-37.15198770280337,-37.09203079167664
382,382,8.052481616780909e-06,7.740754235304561e-06,-36.95998068439597,-37.112356503545485
383,383,7.495079922385408e-06,7.778851939196771e-06,-37.264413783065365,-37.091034241082326
384,384,7.577380969938606e-06,7.94313884972852e-06,-37.21758572587036,-37.000267751353675
385,385,7.95634310428064e-06,7.921919069830389e-06,-37.00553960024574,-37.01188528071806
386,386,7.1103150477619675e-06,7.893995428419562e-06,-37.503864663843224,-37.02722058868437
387,387,7.5765010291265235e-06,7.748618899265574e-06,-37.22196398336694,-37.10794627929155
388,388,7.456392736879859e-06,7.795646429018999e-06,-37.29103411581435,-37.08166795921463
389,389,7.626858480283979e-06,7.808043703430725e-06,-37.19357305083506,-37.074766939065114
390,390,7.157117771694362e-06,7.297191802392358e-06,-37.47018850634093,-37.36863167841267
391,391,8.718299191106367e-06,7.456836221152978e-06,-36.61534624127522,-37.274643248866795
392,392,6.992937241446589e-06,7.730315390194606e-06,-37.57798023007038,-37.118217162991044
393,393,7.330350765243434e-06,7.69135120112639e-06,-37.36782515157625,-37.14016286932824
394,394,7.286365885614866e-06,7.694581056153096e-06,-37.4011956846145,-37.138339504695416
395,395,7.0878438621257744e-06,7.739922454531648e-06,-37.5170848887161,-37.11282319864856
396,396,7.648101144855226e-06,7.833165359203887e-06,-37.18094138538842,-37.06081634762902
397,397,7.938614169351118e-06,7.693309151746738e-06,-37.011251474238406,-37.13905744725802
398,398,8.976133841249825e-06,7.784846083699162e-06,-36.49732004128862,-37.08768898983677
399,399,7.736620623337827e-06,8.069494469964411e-06,-37.142842609934384,-36.93172601113355
400,400,7.325428744001535e-06,7.969501295615613e-06,-37.36400912579438,-36.98587783849417
401,401,7.138836871931322e-06,7.960354722806523e-06,-37.488365040288194,-36.9908650857502
402,402,7.38626392573219e-06,7.83153619091823e-06,-37.33049339205636,-37.061719701959575
403,403,7.994213647930102e-06,7.598341892988078e-06,-36.99749363731026,-37.1930009836051
404,404,7.444581011985008e-06,7.798362587077703e-06,-37.302763828197065,-37.080155054524646
405,405,8.22197281785961e-06,7.503512494478951e-06,-36.8723347782518,-37.24754319377706
406,406,6.997197670926587e-06,7.961458227088625e-06,-37.571250250959224,-36.99026308669048
407,407,7.747513800776941e-06,7.893287961211937e-06,-37.12376920529605,-37.02760982487786
408,408,7.522075825410454e-06,7.813839290879274e-06,-37.24859441614551,-37.07154454677772
409,409,7.653791145298548e-06,8.009576576066474e-06,-37.17780355086234,-36.96409371579105
410,410,7.862007519695008e-06,8.008533074500615e-06,-37.066956220239014,-36.96465955905525
411,411,7.388520897780161e-06,7.889160291310155e-06,-37.33944943973611,-37.02988149309264
412,412,7.967104737844303e-06,7.875132245030009e-06,-37.0026139256241,-37.03761073902661
413,413,7.449090417983675e-06,7.964294773524958e-06,-37.30465136586678,-36.98871603710615
414,414,8.198020506037229e-06,8.101387840341837e-06,-36.88144485797228,-36.91459505629995
415,415,7.251533809056164e-06,7.892509816692358e-06,-37.40906117122343,-37.02803798679403
416,416,7.452921706607947e-06,7.90540669090421e-06,-37.29367277114575,-37.020947124469764
417,417,8.502870092418083e-06,7.715790616202867e-06,-36.728587120244576,-37.12638495758239
418,418,7.597647502912766e-06,7.840131346663265e-06,-37.20903838921642,-37.0569559088578
419,419,7.729730324294015e-06,7.761620126027418e-06,-37.136784567031114,-37.100665460016124
420,420,7.19329916802925e-06,7.835214139624058e-06,-37.453612446316846,-37.05968059005276
421,421,7.633254257992112e-06,7.868207926788417e-06,-37.19119093310659,-37.04143101269707
422,422,7.4947880402197776e-06,7.565916396407901e-06,-37.270021744482605,-37.211573914020256
423,423,7.330946024837628e-06,7.782298421500999e-06,-37.372864884490575,-37.089110490927
424,424,7.2072990949835136e-06,7.80579038243894e-06,-37.44805618388161,-37.07602044909231
425,425,7.382448557953317e-06,7.799688869693599e-06,-37.33831377782537,-37.07941650429674
426,426,7.2174755343402255e-06,7.822432699437118e-06,-37.439950695111584,-37.066770940517266
427,427,7.658213427330525e-06,7.604656682240985e-06,-37.1765683933057,-37.189393171276414
428,428,7.408773868031783e-06,7.556910268728021e-06,-37.32781336761389,-37.216746640129855
429,429,7.817945590863225e-06,7.736711100541901e-06,-37.09193859528712,-37.11462549413128
430,430,8.188992078711889e-06,7.917485737906597e-06,-36.8943882472987,-37.01431639686743
431,431,8.028198919287816e-06,7.688881492197796e-06,-36.97079702685856,-37.14155762191775
432,432,7.019300712797594e-06,7.118323035109298e-06,-37.56726404350887,-37.47641236677951
433,433,8.315153058198852e-06,7.405917083241021e-06,-36.82008075456726,-37.304400840457504
434,434,7.483185006854048e-06,7.143206738347592e-06,-37.27565273140832,-37.46125709782297
435,435,7.451857508732649e-06,7.31207738250592e-06,-37.3091939906159,-37.359781506020575
436,436,7.52966239421776e-06,7.212271994878967e-06,-37.259777181825214,-37.419468326042576
437,437,7.668380523270017e-06,7.2104061186301374e-06,-37.1698453828517,-37.42059202825228
438,438,8.352161513385844e-06,7.209540758355472e-06,-36.79607764972796,-37.421113280092946
439,439,7.2621935370201775e-06,7.22369515259695e-06,-37.4139820059158,-37.412595194027794
440,440,8.397011111510532e-06,7.306775961823357e-06,-36.78451897208649,-37.36293138076846
441,441,7.880053661998299e-06,7.099367083260165e-06,-37.062483103236055,-37.48799296826509
442,442,7.245967734298133e-06,7.266204743485248e-06,-37.42443916354474,-37.387112983869095
443,443,7.526739489211528e-06,7.123784838002298e-06,-37.25617729680157,-37.47308135567486
444,444,7.264810153277178e-06,7.319039420843565e-06,-37.414538227252045,-37.35564843114779
445,445,8.410877722481113e-06,7.539693893034526e-06,-36.765354675082435,-37.22665215281777
446,446,7.214199337523524e-06,7.1959693741519e-06,-37.437371954384076,-37.42929623086791
447,447,6.959135448924667e-06,7.126398845445549e-06,-37.59202675384567,-37.47148804425346
448,448,7.0512370285476055e-06,7.160889038603177e-06,-37.54290899438985,-37.45051985240775
449,449,7.245335743307093e-06,7.103746802864694e-06,-37.42619532662306,-37.48531455825997
450,450,7.918910046335196e-06,7.072790547107089e-06,-37.0312779864934,-37.50428132298155
451,451,7.320877252776384e-06,6.9785198655537035e-06,-37.37563116180731,-37.56255610289623
452,452,9.14459107343177e-06,7.553907260827193e-06,-36.412270557457454,-37.21847280719535
453,453,7.22729050112227e-06,7.277596978383372e-06,-37.429916117474484,-37.38030928032678
454,454,7.417326484296468e-06,7.1041773768037705e-06,-37.31335552436746,-37.485051330664604
455,455,7.4754574616798485e-06,7.0400812163777456e-06,-37.2807417452223,-37.52441260103262
456,456,7.190422862906191e-06,7.241922216244827e-06,-37.45625579511747,-37.40165073566005
457,457,7.951072980973812e-06,7.317863300589747e-06,-37.01554497165971,-37.356346369157095
458,458,8.212066235894772e-06,7.159710836085172e-06,-36.88308167098281,-37.45123446891511
459,459,7.905234607400435e-06,7.09982441549073e-06,-37.03436434331467,-37.487713210274336
460,460,7.955916063701338e-06,7.168568476787952e-06,-37.018071025289686,-37.44586491282825
461,461,7.499056378553187e-06,7.0746884232089785e-06,-37.27038332727626,-37.50311611591525
462,462,7.664602918273736e-06,7.1846980063128285e-06,-37.17589447775811,-37.43610411221151
463,463,7.081845871146742e-06,7.4157247390279445e-06,-37.51501145921073,-37.29865328365992
464,464,8.194842497143383e-06,7.310403266034739e-06,-36.881619747630964,-37.36077594679455
465,465,7.255023141736921e-06,7.080710115827203e-06,-37.408296916118815,-37.49942114678194
466,466,8.72450340766497e-06,7.2041086097765644e-06,-36.61014889407651,-37.42438677760095
467,467,7.46229006461025e-06,7.300478548706068e-06,-37.286434605885546,-37.36667600222977
468,468,7.71918472853884e-06,7.284003842007798e-06,-37.140006928619975,-37.37648763223703
469,469,7.64908015964428e-06,7.098713850657652e-06,-37.180440655098025,-37.488392593138606
470,470,7.163646584099156e-06,7.081016088992137e-06,-37.47126743460514,-37.49923348257316
471,471,6.794038499626283e-06,7.159560577986811e-06,-37.70418806243078,-37.45132561358455
472,472,7.738459195006163e-06,7.147563672716435e-06,-37.13282511466928,-37.45860896541499
473,473,7.74756084603123e-06,7.214166424474618e-06,-37.12386294875833,-37.41832772529199
474,474,7.16204092746058e-06,7.205824563004028e-06,-37.47096784729513,-37.423352450775866
475,475,7.267500274520926e-06,7.098590997070699e-06,-37.411514550173585,-37.48846775477734
476,476,7.02308469832114e-06,7.146439537265044e-06,-37.552335605012935,-37.45929205722249
477,477,7.635878754973823e-06,6.965350478008316e-06,-37.195309955546826,-37.57075955559717
478,478,7.80755293086146e-06,7.409615663116136e-06,-37.09482817328724,-37.30223247717079
479,479,7.75256255119811e-06,7.500323279504971e-06,-37.127798868893755,-37.249389466299
480,480,7.019509249618853e-06,7.202031299943644e-06,-37.56391648734898,-37.42563924940748
481,481,7.310066281469208e-06,7.184244168456644e-06,-37.37751290813007,-37.4363784529031
482,482,7.826164488205999e-06,7.111543326525287e-06,-37.090427265885,-37.480550691307535
483,483,7.607245555208437e-06,7.044450883672414e-06,-37.209934962871216,-37.52171783994119
484,484,8.024449124201693e-06,7.024082103606289e-06,-36.97886665074858,-37.53429350077924
485,485,7.894641783554407e-06,7.160369358117398e-06,-37.04725989111755,-37.45083504030699
486,486,7.306399517623616e-06,7.1594584273713595e-06,-37.377206435476,-37.4513875779532
487,487,7.351606509661165e-06,7.011599935044375e-06,-37.354845985595475,-37.54201801084268
488,488,7.233807115046579e-06,6.9635311535277745e-06,-37.42315748823266,-37.57189406532751
489,489,7.266454444688111e-06,7.243757552618933e-06,-37.40664870021549,-37.40055023298886
490,490,7.507142386530927e-06,7.061489142008788e-06,-37.26509019479804,-37.51122633755018
491,491,8.007781180475427e-06,7.146569355666686e-06,-36.988647201987945,-37.459213166324275
492,492,7.481432841870497e-06,6.992822315959002e-06,-37.27861954353816,-37.55366436239226
493,493,7.611117696084416e-06,7.173672249911378e-06,-37.20601655923135,-37.44277398632633
494,494,7.970399494916284e-06,7.055755017254821e-06,-37.00394084820152,-37.514754361643334
495,495,7.867222524810037e-06,7.077144729057756e-06,-37.06008799790476,-37.50160852311758
496,496,7.277802627324547e-06,6.997135905725085e-06,-37.40208327771171,-37.550986201010666
497,497,7.231854551812915e-06,7.0869639928691624e-06,-37.433840438642726,-37.49558703195774
498,498,7.266670637204463e-06,7.068625994801742e-06,-37.40837932711629,-37.5068392592855
499,499,7.24800697612737e-06,7.176355929435599e-06,-37.42068647732668,-37.44114958920656
500,500,7.0588831505054105e-06,7.189563348219963e-06,-37.53402511483762,-37.43316414726803
501,501,7.1394441377932024e-06,7.072008022652498e-06,-37.48908488144659,-37.504761847396594
502,502,7.45121184719238e-06,6.9571055495256775e-06,-37.29258765502262,-37.5759033712504
503,503,6.96881511664953e-06,6.956784354291526e-06,-37.58354947021289,-37.57610388069642
504,504,7.942965248261804e-06,7.063996690703789e-06,-37.02475187432367,-37.509684423048014
505,505,7.836545995177375e-06,6.972938942788842e-06,-37.06971785250896,-37.566030670141544
506,506,6.936857784070919e-06,7.036164668917129e-06,-37.60799075229269,-37.52682934624723
507,507,7.713467569833624e-06,7.028968387825635e-06,-37.14321164603362,-37.53127339299512
508,508,7.345625522482562e-06,7.04605870276665e-06,-37.36344106223558,-37.52072672324768
509,509,7.2973172894673605e-06,7.0555866649987075e-06,-37.392928965053386,-37.51485798673795
510,510,6.882094351464364e-06,6.8995140952067325e-06,-37.64886678013152,-37.61200423203492
511,511,7.82123008564705e-06,6.996731898604929e-06,-37.08204583580171,-37.55123696522459
512,512,7.977691143658132e-06,7.140733247835765e-06,-37.00357507784039,-37.462761197241065
513,513,7.055694049526697e-06,7.051976497582234e-06,-37.52368110378165,-37.5170807318058
514,514,6.895679886379044e-06,6.860855328819812e-06,-37.63013614459707,-37.63640667730924
515,515,6.9976408104997335e-06,6.881970827970163e-06,-37.566761160556545,-37.6230610206367
516,516,8.355405296561471e-06,6.945294923130668e-06,-36.80167055564588,-37.58328237189885
517,517,7.2239601096728235e-06,6.968480886969605e-06,-37.43268146096097,-37.56880816215017
518,518,7.398861041495075e-06,7.04960692880712e-06,-37.325684406642324,-37.51854027095413
519,519,7.666755382817109e-06,6.991311764929713e-06,-37.17374273684118,-37.55460260279443
520,520,7.62241837871921e-06,6.9633685454487265e-06,-37.19711184802293,-37.571995480276954
521,521,7.4411935520870855e-06,6.926695493204629e-06,-37.313059687307074,-37.594928335284685
522,522,7.397250326378235e-06,7.115525596945142e-06,-37.325001140417726,-37.47811944124013
523,523,6.875375103058123e-06,6.930155953006378e-06,-37.65034064052588,-37.5927592153604
524,524,8.183404044813738e-06,6.872011765249465e-06,-36.884335374534395,-37.62935035059783
525,525,7.836454084643209e-06,6.784733374699595e-06,-37.07683206286777,-37.6848614391858
526,526,7.024114396343291e-06,7.061420475158804e-06,-37.55563119282178,-37.511268569122635
527,527,7.467780852897067e-06,7.049433670066432e-06,-37.286046396884316,-37.51864700916017
528,528,7.513648672533443e-06,7.071499998059344e-06,-37.25442382308472,-37.50507383827926
529,529,7.041136583567779e-06,6.945825254278086e-06,-37.54652768351325,-37.58295076452943
530,530,7.005883851645157e-06,6.941111510777294e-06,-37.56963843962705,-37.58589907905661
531,531,7.509396733233366e-06,6.957331080277647e-06,-37.26869687698347,-37.57576258687847
532,532,7.400645310703974e-06,6.905617187600767e-06,-37.334553531461594,-37.608164298219506
533,533,7.442877711245151e-06,6.92831515966406e-06,-37.30616445226416,-37.59391294492998
534,534,7.3499280840702135e-06,7.016262627171512e-06,-37.35686979308733,-37.53913092590408
535,535,7.258336787232373e-06,6.919831536690349e-06,-37.405991464973525,-37.59923407733237
536,536,7.283909476380771e-06,7.02169630753097e-06,-37.40180649769521,-37.53576887373487
537,537,6.921651534285797e-06,6.91171525383987e-06,-37.62763341393851,-37.60433091474829
538,538,6.801423376263179e-06,6.883209942699116e-06,-37.69825074090059,-37.62227913378807
539,539,7.847734800587618e-06,6.976284112170106e-06,-37.07695100001463,-37.563947703046615
540,540,6.992119343175143e-06,6.834181309195149e-06,-37.57187701765825,-37.65332433074559
541,541,7.602942918610913e-06,6.729336770436739e-06,-37.2172869476628,-37.720466662547885
542,542,8.183461778974833e-06,7.137608080436046e-06,-36.90023887650668,-37.46466231859289
543,543,7.502371111691788e-06,6.841272663318944e-06,-37.2671369405474,-37.64882029563654
544,544,7.519434123039282e-06,6.977715537160341e-06,-37.25784998983224,-37.563056689728114
545,545,7.502762789804412e-06,6.89353840387316e-06,-37.262920368617486,-37.61576730033944
546,546,6.9112376886832205e-06,7.053370346080842e-06,-37.6231296936788,-37.51622241797597
547,547,6.898880956120508e-06,6.961906054034204e-06,-37.63472724493364,-37.5729077092588
548,548,8.217727540373818e-06,6.938401384104509e-06,-36.876020487027006,-37.587595094014944
549,549,8.016325194045384e-06,7.069442433835081e-06,-36.98256173157624,-37.50633767030371
550,550,7.381718154009804e-06,6.873584544863613e-06,-37.34264193756305,-37.62835650573982
551,551,7.250649241072584e-06,7.017388294403454e-06,-37.416356754851066,-37.53843421330795
552,552,7.1845810659218954e-06,7.043571162955088e-06,-37.45723965642143,-37.522260226732435
553,553,6.87582635776183e-06,7.065206246854934e-06,-37.64940085238568,-37.50894085164402
554,554,7.024962279811194e-06,6.988150169873782e-06,-37.55867501189473,-37.55656700359415
555,555,7.201039282045178e-06,6.94482469043578e-06,-37.44302746277701,-37.58357642187158
556,556,7.108247344374306e-06,6.9427534837909905e-06,-37.50510075854118,-37.584871843740096
557,557,7.469863267595935e-06,6.775452077004286e-06,-37.28979591660397,-37.69080651570083
558,558,6.869805784123114e-06,6.817491985681332e-06,-37.64913992811547,-37.66394293340774
559,559,6.755977763757458e-06,6.732290713491813e-06,-37.72613138492815,-37.718560680242554
560,560,7.525812587531262e-06,6.834587566117989e-06,-37.26142079937056,-37.653066172689826
561,561,7.120877028486125e-06,7.048399718194942e-06,-37.49068105566403,-37.51928404264011
562,562,7.2040933840062e-06,7.071741684309305e-06,-37.447343433677915,-37.504925409783056
563,563,7.0614054043430445e-06,6.861331568966546e-06,-37.52334771772722,-37.63610522613472
564,564,7.01870916619208e-06,6.8156169666173425e-06,-37.55557534760737,-37.66513754050864
565,565,7.3981707818975995e-06,6.9248659728098e-06,-37.330147429983754,-37.59607557145524
566,566,7.632309358630608e-06,6.771346258909417e-06,-37.198064305369265,-37.69343907012835
567,567,8.502229339336333e-06,6.967491476404432e-06,-36.72921494590971,-37.569424833220275
568,568,7.1135182037155055e-06,6.756479873920877e-06,-37.49681975134285,-37.70298441984246
569,569,7.426758980427715e-06,6.973237352787309e-06,-37.315414914813054,-37.56584481587877
570,570,7.1509091811225815e-06,6.8395777720740484e-06,-37.47982000618518,-37.64989637189704
571,571,7.319301876685638e-06,6.890179041587735e-06,-37.3701881910301,-37.61788422204498
572,572,6.7109857406377185e-06,6.759365939950313e-06,-37.75290223447818,-37.7011297041446
573,573,7.488200429451326e-06,6.91915204841184e-06,-37.27540605320394,-37.599660550863895
574,574,7.0937004641836185e-06,6.943381059069284e-06,-37.51311214003992,-37.58447929031973
575,575,7.1304774764095936e-06,6.804357422209394e-06,-37.49346082529233,-37.672318110720425
576,576,6.802971861314703e-06,6.878169116182682e-06,-37.69110286930753,-37.62546079636544
577,577,7.353050932579208e-06,6.7869845176909096e-06,-37.36015588110817,-37.68342070928584
578,578,7.89224698555418e-06,6.855591125617809e-06,-37.04429974073855,-37.6397402149308
579,579,7.84869174840986e-06,6.737490055361138e-06,-37.069827244430535,-37.71520792248907
580,580,7.1387697287193694e-06,6.769336921838419e-06,-37.48501440069465,-37.6947279918127
581,581,6.885228343627514e-06,6.7045468408890115e-06,-37.6311535481115,-37.736495001249146
582,582,6.896115740618342e-06,6.877300476940275e-06,-37.63421752107655,-37.62600929851244
583,583,6.848157137994217e-06,6.809209696113708e-06,-37.66279065204885,-37.66922220521344
584,584,7.41788898332893e-06,6.785462980922985e-06,-37.3172382913578,-37.68439443937418
585,585,6.82059442755717e-06,6.8470711707241686e-06,-37.67618098404419,-37.64514087327467
586,586,7.088556807521507e-06,6.941952769442364e-06,-37.51843632929314,-37.58537274857342
587,587,6.770015969187184e-06,6.850421222655936e-06,-37.716606737738985,-37.643016529554984
588,588,7.0178886800800385e-06,6.81509611336208e-06,-37.55711843298528,-37.66546944345961
589,589,7.872900706510355e-06,6.8633028029963545e-06,-37.06009924488449,-37.63485769407758
590,590,6.870042862200788e-06,6.942621583125162e-06,-37.65122002133005,-37.584954353187705
591,591,7.0159252919841765e-06,6.79975683899676e-06,-37.55538847966903,-37.67525546914095
592,592,6.905094938026861e-06,6.707444203800007e-06,-37.62386940795238,-37.73461860759559
593,593,7.101715569079556e-06,6.993356285085228e-06,-37.50663665097519,-37.553332749516784
594,594,1.0636434337319555e-05,6.817934742062598e-06,-35.75096209586752,-37.66366089360493
595,595,7.075106871703498e-06,6.939539281646782e-06,-37.529355963730254,-37.58688290964035
596,596,7.683346614884585e-06,6.92819170772533e-06,-37.173668245154154,-37.59399033022815
597,597,7.03651369700854e-06,6.93123351275541e-06,-37.538858929515335,-37.592083989756176
598,598,6.7968926674607765e-06,6.957242260939797e-06,-37.704480223879,-37.57581803054514
599,599,7.092907375427438e-06,6.656565370863782e-06,-37.50821413452214,-37.767687280624415
600,600,7.63092484047184e-06,7.007646050432844e-06,-37.204517288690965,-37.54446771507952
601,601,7.1353296072029665e-06,6.675569621668394e-06,-37.482949189984595,-37.75530599757885
602,602,8.159729860221652e-06,6.884294275790269e-06,-36.90650306276159,-37.62159503030564
603,603,7.778640699059193e-06,6.9510420440852425e-06,-37.117695444474144,-37.5796901402689
604,604,6.960238595676162e-06,7.107129668407938e-06,-37.59508956332879,-37.483246902729825
605,605,7.310493045449605e-06,6.872396672980885e-06,-37.379996103331266,-37.629107105056065
606,606,7.168393930789028e-06,7.047303346266026e-06,-37.46495786642366,-37.519959636156266
607,607,8.089032647702194e-06,6.9628629860648955e-06,-36.9335798825768,-37.57231080125991
608,608,7.331089865644019e-06,6.963436422474363e-06,-37.37176407896152,-37.57195314663654
609,609,7.274999813123884e-06,7.130485923162748e-06,-37.39824215284556,-37.46899802574363
610,610,7.015415538956301e-06,6.891863114632495e-06,-37.55941923642923,-37.61682286462666
611,611,7.296264441523367e-06,6.8074732553213835e-06,-37.38517279951105,-37.67032985626331
612,612,7.511254394914206e-06,7.054315335010056e-06,-37.26643362043348,-37.515640602521174
613,613,7.14180357332675e-06,6.927568751722758e-06,-37.49070103754276,-37.59438084846114
614,614,7.949705007180005e-06,6.945202394011798e-06,-37.021908923494486,-37.58334023143379
615,615,8.055712282605117e-06,6.8176727357862734e-06,-36.952450077202116,-37.66382779175043
616,616,7.992255899639016e-06,6.867172128534692e-06,-36.99577491580485,-37.632409961158146
617,617,8.065880489628343e-06,7.071231122704615e-06,-36.9525439810349,-37.50523897057499
618,618,7.127015030079944e-06,6.902949448167898e-06,-37.48833132612107,-37.609842364538515
619,619,7.321608524021546e-06,7.062856543358832e-06,-37.37889396426037,-37.51038544215445
