,epoch,train_loss,test_loss,train_dbs,test_dbs
0,0,0.0001584136148689065,0.00011114861454667622,-25.00386130914047,-26.535006272359574
1,1,0.00010094408620360125,9.269567511326291e-05,-26.949751561651453,-27.323452090677208
2,2,9.162537303522767e-05,8.88636239228378e-05,-27.37204687905156,-27.506806607703147
3,3,8.899258359961845e-05,8.572189835831523e-05,-27.50307356734527,-27.663129007142246
4,4,8.474657236725649e-05,8.144139792420901e-05,-27.70535491764198,-27.88559461250573
5,5,8.001147036395065e-05,7.739920424922418e-05,-27.94904823796985,-28.10668185208651
6,6,7.823425137045429e-05,7.497506962145532e-05,-28.05928511995129,-28.24487803163979
7,7,7.774155044936594e-05,7.434578927993578e-05,-28.085370837593175,-28.281483044473358
8,8,7.566691022372285e-05,7.116491638283294e-05,-28.20319443137391,-28.471387374738715
9,9,7.288187658822298e-05,6.971368278946581e-05,-28.361424734877648,-28.560866549080256
10,10,7.157680251036732e-05,6.711266790884302e-05,-28.448356597663054,-28.726001773474902
11,11,6.627841747141462e-05,6.381196209603284e-05,-28.77741713020739,-28.945025823252507
12,12,6.578445987243052e-05,6.166623777397418e-05,-28.80696751235595,-29.093572277318014
13,13,6.107498056641732e-05,5.850281128292217e-05,-29.124888283862905,-29.322279447915726
14,14,5.936103491304615e-05,5.761070726868255e-05,-29.262707252637696,-29.389014739221636
15,15,5.861359195196857e-05,5.686674443208367e-05,-29.31044206250839,-29.44546314868251
16,16,5.700986891788114e-05,5.5008878246697256e-05,-29.43119116321111,-29.58971892069087
17,17,5.691652216968971e-05,5.531435109380829e-05,-29.43733970791845,-29.565668589368425
18,18,5.384434189181775e-05,5.38446317812869e-05,-29.667743299521028,-29.682622695123143
19,19,5.429206441814253e-05,5.293138804661698e-05,-29.639693092798392,-29.756913980143853
20,20,5.509604479530682e-05,5.194300875269906e-05,-29.58243347903915,-29.83877578734852
21,21,5.343576349238817e-05,5.1367187552386895e-05,-29.713789360072703,-29.8871889292246
22,22,5.2192728092159464e-05,5.110896649727549e-05,-29.809780550459347,-29.90907581944579
23,23,5.046271138612094e-05,5.074688459372785e-05,-29.959924769051014,-29.939952952848543
24,24,5.1834648926610356e-05,4.951604128827488e-05,-29.842981721092947,-30.04658764483175
25,25,4.850182678225239e-05,4.867377107362508e-05,-30.13765157452774,-30.12109685714063
26,26,4.806761882212685e-05,4.818320131131546e-05,-30.18076227763479,-30.165090295579557
27,27,4.8589979584350436e-05,4.685897166430215e-05,-30.129046458069794,-30.286119272504433
28,28,4.659099146554525e-05,4.568307763532319e-05,-30.30082965137652,-30.396493265562597
29,29,4.501857260150893e-05,4.3304536838580755e-05,-30.44858473581607,-30.628712828920822
30,30,4.515357107537938e-05,4.230287116737791e-05,-30.450598478113406,-30.73034836203263
31,31,4.494560159128951e-05,4.170041814320843e-05,-30.465576750392167,-30.79264271076346
32,32,4.247421789260283e-05,4.1275561766509016e-05,-30.70172168814958,-30.83711688092025
33,33,4.358041537061487e-05,4.014961010206638e-05,-30.602238596337873,-30.957233487326796
34,34,4.2552379961035544e-05,3.940768194871979e-05,-30.695163353638183,-31.03823791471398
35,35,3.833104470761531e-05,3.819822316137632e-05,-31.151274701243516,-31.173615192544226
36,36,3.93596248201349e-05,3.767034391593801e-05,-31.03636211848245,-31.234050957142006
37,37,3.7363789310005554e-05,3.7104672389288774e-05,-31.268871932020517,-31.299760794821154
38,38,3.837791925818856e-05,3.566768607829305e-05,-31.155780192648542,-31.47129745245045
39,39,3.801017321409783e-05,3.496539121490634e-05,-31.189440077287095,-31.557662891145828
40,40,3.541657171114924e-05,3.449184164070941e-05,-31.497116644586495,-31.616882973833263
41,41,3.416394592369619e-05,3.309376820413347e-05,-31.653402129189438,-31.796584601960852
42,42,3.3419867830480614e-05,3.30347689956206e-05,-31.743530663272026,-31.804334066436397
43,43,3.375559632312963e-05,3.222611121600494e-05,-31.707811595541777,-31.911967793175187
44,44,3.31915558190397e-05,3.231865335500946e-05,-31.771867859570968,-31.899514244658874
45,45,3.2054631934518035e-05,3.132853797931028e-05,-31.92243046672793,-32.03464552908974
46,46,3.188063074611415e-05,3.042205408794536e-05,-31.95518022383883,-32.1621614673948
47,47,3.162137494955365e-05,3.054945936080338e-05,-31.986170781380213,-32.144011520191384
48,48,3.1027193997324125e-05,3.0264300700142294e-05,-32.07026572753188,-32.18474037508581
49,49,3.1595595069073584e-05,2.9962316674707262e-05,-31.992024064883932,-32.22829291072689
50,50,3.015586189951474e-05,2.9571608377553178e-05,-32.20141525437136,-32.2852973476035
51,51,3.176123563835719e-05,2.9204845544116227e-05,-31.96502514436088,-32.33949767153972
52,52,3.067478447172613e-05,2.8665118359066055e-05,-32.126352042835435,-32.42050941550986
53,53,2.869849499661869e-05,2.8398913472253634e-05,-32.413456676668694,-32.4610295639675
54,54,2.933968469208303e-05,2.846036956103298e-05,-32.32311589249247,-32.45164145732748
55,55,2.9668811303335387e-05,2.8180491618082958e-05,-32.27078737860817,-32.49456115627673
56,56,2.8489376811344254e-05,2.8073330548450987e-05,-32.44096703788185,-32.511107415968524
57,57,2.806027199786166e-05,2.778758789645508e-05,-32.51000037792646,-32.55553831429204
58,58,2.888463068208609e-05,2.7502236997334923e-05,-32.38890337114724,-32.60036660645891
59,59,2.8254371012660638e-05,2.7480588342816764e-05,-32.47971681152588,-32.603786544094184
60,60,2.8297720192997602e-05,2.7148006809415836e-05,-32.470102776228174,-32.65666731427674
61,61,2.76003074478214e-05,2.6878494521186342e-05,-32.57942020961525,-32.69999740881871
62,62,2.7438925113979028e-05,2.655645288254355e-05,-32.60252037833619,-32.75234614566398
63,63,2.7357165947119638e-05,2.593051794974599e-05,-32.624329495865766,-32.8559348919788
64,64,2.7316276846812396e-05,2.6264665154341953e-05,-32.62362079574672,-32.80032812482934
65,65,2.7638248060067837e-05,2.5703314684888984e-05,-32.572188296554046,-32.89415547566264
66,66,2.7191540511077768e-05,2.598166467674003e-05,-32.6457089479801,-32.84737707477113
67,67,2.5619994180628636e-05,2.5539103118813056e-05,-32.91021872667893,-32.921990392201025
68,68,2.532905652055747e-05,2.558730997598583e-05,-32.94655419080801,-32.91380050482301
69,69,2.639300586939573e-05,2.5475233326831488e-05,-32.77556250971092,-32.93286510493622
70,70,2.5518488421101247e-05,2.4861990057520177e-05,-32.924759084983265,-33.03868792438165
71,71,2.6635881910159387e-05,2.470622836737771e-05,-32.7363757489124,-33.0659822945768
72,72,2.5473875155643627e-05,2.4852989793687714e-05,-32.925413512811474,-33.0402603940769
73,73,2.535711167549436e-05,2.452251503296123e-05,-32.94911179087626,-33.09839671438981
74,74,2.546635318440073e-05,2.446852139607807e-05,-32.93116664368896,-33.107969546385064
75,75,2.445237983807864e-05,2.482355059902674e-05,-33.09503777061041,-33.04540780619078
76,76,2.5068216384226487e-05,2.4370433541327274e-05,-32.99467925784987,-33.125414256818026
77,77,2.380686803626679e-05,2.3927179331382687e-05,-33.218443853900006,-33.2051317629085
78,78,2.5156215153551738e-05,2.4390286470358996e-05,-32.970430367490586,-33.12187779632177
79,79,2.4947612154832802e-05,2.4169261738088128e-05,-33.02301337013848,-33.16141296006252
80,80,2.4813381144470902e-05,2.3962209716525028e-05,-33.04061368497755,-33.19877816100121
81,81,2.496304352330908e-05,2.4221716414199602e-05,-33.00838605022973,-33.15199765738521
82,82,2.4112674509524368e-05,2.367652412335462e-05,-33.161777680607536,-33.2508673556693
83,83,2.383728611469629e-05,2.405201810592859e-05,-33.21243156639784,-33.18253158776608
84,84,2.5234815504668358e-05,2.3311483394201404e-05,-32.96490143878798,-33.31834770747041
85,85,2.4000969713916236e-05,2.3593839662345617e-05,-33.19761872205028,-33.266060571419224
86,86,2.393129234968507e-05,2.3340737626360925e-05,-33.19374939477303,-33.31290104148687
87,87,2.4165885894110463e-05,2.349078357311603e-05,-33.152909124490634,-33.28507177264543
88,88,2.3066991433524046e-05,2.3458870457129944e-05,-33.35573783391315,-33.290975838434164
89,89,2.462557135116832e-05,2.310187660202102e-05,-33.07947939135403,-33.35757421125696
90,90,2.381791490893427e-05,2.3298193378937676e-05,-33.215417900242315,-33.32082435217145
91,91,2.2635874986533345e-05,2.318218752119911e-05,-33.44585144165337,-33.34250266354355
92,92,2.4025222018346688e-05,2.30395745395646e-05,-33.185368286293404,-33.36930225955621
93,93,2.5155864191735427e-05,2.3142857619524493e-05,-32.9879570458759,-33.349876974058795
94,94,2.4339796995657698e-05,2.2970184019006984e-05,-33.131572248192356,-33.38240206445305
95,95,2.3689150111749768e-05,2.2971877881086823e-05,-33.249641217506195,-33.38208181981261
96,96,2.2489817919702864e-05,2.3399252026329603e-05,-33.46828399175638,-33.302027057781125
97,97,2.3470325161434095e-05,2.3156928268451194e-05,-33.28169502485247,-33.34723730510284
98,98,2.3590876471362863e-05,2.2987235991566097e-05,-33.25919907390433,-33.3791792647719
99,99,2.2899752310099147e-05,2.3011546689208206e-05,-33.38540510608601,-33.37458870728107
100,100,2.4456348572917686e-05,2.2820366546894594e-05,-33.10667855936707,-33.41082064985748
101,101,2.3124154450698305e-05,2.2775119424822104e-05,-33.35341866571862,-33.419440179387564
102,102,2.2207613152748253e-05,2.2588463827177246e-05,-33.520960108111055,-33.45517984003434
103,103,2.2596625395757674e-05,2.2120307365089264e-05,-33.452201245528435,-33.546135236157745
104,104,2.3051484192561923e-05,2.1985513453010324e-05,-33.36922320487416,-33.57268068226047
105,105,2.2040425786135248e-05,2.180632504620773e-05,-33.55950547579613,-33.60822199465262
106,106,2.1548275962578775e-05,2.1509259951065024e-05,-33.66389944965731,-33.667792125977336
107,107,2.245937951359797e-05,2.172973841209712e-05,-33.480303193983126,-33.62350182670447
108,108,2.2797245243786276e-05,2.1554930706195974e-05,-33.41008818665612,-33.65858049837162
109,109,2.2459926044903862e-05,2.1303719940509548e-05,-33.478184264917786,-33.709492366622165
110,110,2.2444623890308875e-05,2.227410306276349e-05,-33.481398393560376,-33.51604456059739
111,111,2.23296087027585e-05,2.133903360931742e-05,-33.50406154180136,-33.702299334405325
112,112,2.2941017331757712e-05,2.140552983052514e-05,-33.386210987415616,-33.68878698901656
113,113,2.187134556414694e-05,2.1317036666196625e-05,-33.59653683445083,-33.706778486751624
114,114,2.184878199447676e-05,2.146750935743943e-05,-33.60237540233378,-33.67623020004553
115,115,2.1066084337155526e-05,2.1555073401127867e-05,-33.749004671200545,-33.65855174791204
116,116,2.2445638061287456e-05,2.134756792465372e-05,-33.48522667868469,-33.70056276790738
117,117,2.216176028351705e-05,2.1414859475044068e-05,-33.53366035068901,-33.68689451990897
118,118,2.120327518082142e-05,2.1518093298685637e-05,-33.72620119042784,-33.666008946723906
119,119,2.3088160766568874e-05,2.1615746462837132e-05,-33.34517693220446,-33.6463444313346
120,120,2.1230519938474092e-05,2.1476451844424255e-05,-33.72331867359819,-33.674421483429995
121,121,2.2255443038431492e-05,2.1530566635575316e-05,-33.516681767162545,-33.6634922126179
122,122,2.17077643815314e-05,2.149330837135877e-05,-33.62359668608831,-33.67101411184101
123,123,2.225199528466058e-05,2.1580568069399114e-05,-33.51645223592884,-33.6534180836567
124,124,2.0542906736174945e-05,2.1368427233507025e-05,-33.860170495254195,-33.69632122634064
125,125,2.1913480794086654e-05,2.1615617170985052e-05,-33.58609780573155,-33.64637040818714
126,126,2.3156084784410998e-05,2.131691728304998e-05,-33.338677664429426,-33.70680280888786
127,127,2.2550977284725414e-05,2.141865465283014e-05,-33.46464609723349,-33.68612492404078
128,128,2.1326257973266093e-05,2.145455901451274e-05,-33.69297263437356,-33.67885088579336
129,129,2.2038676743437634e-05,2.1446267390657387e-05,-33.56540664920593,-33.680529644378204
130,130,2.117120038747089e-05,2.150130876543699e-05,-33.73643388073285,-33.669397850423785
131,131,2.1676981248805832e-05,2.1143757964493586e-05,-33.63080786431992,-33.7422250215588
132,132,2.1944576192910654e-05,2.144956703743542e-05,-33.577497408134086,-33.67986150566037
133,133,2.1866140976027927e-05,2.099586632347813e-05,-33.581277420949604,-33.772708818413356
134,134,2.1462738717223286e-05,2.1342221244642707e-05,-33.67522285712503,-33.701650631624965
135,135,2.1290210056998984e-05,2.11310754438225e-05,-33.714930114665655,-33.744830803044024
136,136,2.1552538164167008e-05,2.1060980304211723e-05,-33.65901997081855,-33.7592609889207
137,137,2.1113022402338156e-05,2.094247601665924e-05,-33.74234447465378,-33.78376654118979
138,138,2.8756388647454196e-05,2.41608386683143e-05,-32.40038922042642,-33.16292675487351
139,139,2.4542575346524393e-05,2.205485294612835e-05,-33.10066499935383,-33.55900514475505
140,140,2.169397065671612e-05,2.1323997459962573e-05,-33.62412867751326,-33.705360587579605
141,141,2.100795525845954e-05,2.097583925014509e-05,-33.76712663211442,-33.77685334767583
142,142,2.0670116344300585e-05,2.1068567309013913e-05,-33.829533166506835,-33.757696768774956
143,143,2.11534946821612e-05,2.078610616177014e-05,-33.72883674873763,-33.81631539832592
144,144,2.1370301201199084e-05,2.0800802399447238e-05,-33.68734171863237,-33.81324592506407
145,145,2.0377742235798426e-05,2.0723156060404635e-05,-33.89192904154048,-33.829487833177005
146,146,2.132263243672157e-05,2.0848589022199648e-05,-33.698347196427505,-33.80328012485976
147,147,2.0819268946670302e-05,2.0778550845678085e-05,-33.802807051096096,-33.81789425515294
148,148,2.102048235719474e-05,2.0871682289381217e-05,-33.76735806133014,-33.798472256063576
149,149,2.1463289017775262e-05,2.068217351112061e-05,-33.67890500840816,-33.83808503600324
150,150,2.137347635971778e-05,2.0731810524777854e-05,-33.69798354505779,-33.82767449861889
151,151,2.1583188941972883e-05,2.0796392163902055e-05,-33.65729732130401,-33.81416682417202
152,152,2.1379052434229416e-05,2.08167738444325e-05,-33.6872313287344,-33.809912568635525
153,153,2.1116298946075515e-05,2.0774451657320913e-05,-33.74577435640748,-33.818751114962026
154,154,2.0695225824046875e-05,2.063733743278518e-05,-33.82656655736383,-33.84751015677982
155,155,2.0847637277200322e-05,2.0807865343828636e-05,-33.79404879118147,-33.811771521788664
156,156,2.2057684563873238e-05,2.0719073721633513e-05,-33.558702690899935,-33.83034345181366
157,157,2.1234139952416765e-05,2.0597817638190463e-05,-33.72001291552591,-33.85583472058654
158,158,2.117564015617935e-05,2.071517380835231e-05,-33.729648914996595,-33.83116099330356
159,159,2.187070400470906e-05,2.088866303414474e-05,-33.59668680373836,-33.794940367570454
160,160,2.0488588299635875e-05,2.0736178253412762e-05,-33.87013995638463,-33.8267596336797
161,161,2.0961754324668346e-05,2.060954437566627e-05,-33.77891095547183,-33.853362901345974
162,162,2.021371887936185e-05,2.0862362074886303e-05,-33.92196909792884,-33.80041202387388
163,163,2.125498758687172e-05,2.0907217970632603e-05,-33.71174997219998,-33.791084338285074
164,164,2.081995382430944e-05,2.0739219555827348e-05,-33.81381411376851,-33.82612271592672
165,165,2.113620898525528e-05,2.058114449410871e-05,-33.7311533391743,-33.8593515915767
166,166,2.0194100731723947e-05,2.0832464111950494e-05,-33.93409827005764,-33.80664038539311
167,167,2.1077460212499197e-05,2.0451423504135547e-05,-33.744754398102216,-33.886811387816536
168,168,2.10779980707886e-05,2.0468209234087753e-05,-33.75880913890404,-33.8832483302747
169,169,2.0828972608178072e-05,2.0871596701142965e-05,-33.799949640342426,-33.79849006515787
170,170,2.1344773185117765e-05,2.0804485805121275e-05,-33.70238899948348,-33.812476944565645
171,171,2.1473265480812395e-05,2.052582926568759e-05,-33.67459733105693,-33.871039687669025
172,172,2.133626973782438e-05,2.052511425924757e-05,-33.70640247962812,-33.87119097449695
173,173,2.0341546109399862e-05,2.0737817114997214e-05,-33.908062147291524,-33.8264164072619
174,174,2.1132074356707383e-05,2.034306956039999e-05,-33.7362913213841,-33.90988196768315
175,175,2.1301488222607733e-05,2.0580638623581954e-05,-33.71235484297883,-33.85945833951699
176,176,2.1439626966030026e-05,2.0616411300005366e-05,-33.679265432835436,-33.85191611020345
177,177,2.1972638558171518e-05,2.1306206211815343e-05,-33.56923731722526,-33.708985548607046
178,178,2.170115600240455e-05,2.093018615835861e-05,-33.627443191594864,-33.786315897986974
179,179,2.085719570084283e-05,2.0871386559998716e-05,-33.80063206098383,-33.7985337913759
180,180,2.2074074980448187e-05,2.0594361941268863e-05,-33.550260315504474,-33.85656339778839
181,181,2.0922237108044503e-05,2.073311990993955e-05,-33.78820234223289,-33.82740021442517
182,182,2.1089508926397495e-05,2.0617392070370872e-05,-33.74631512638785,-33.851709511188545
183,183,2.0279492214145067e-05,2.0521500549588573e-05,-33.921164405606355,-33.87195567296257
184,184,2.0956121345792332e-05,2.0700970995484997e-05,-33.774160764429766,-33.83413964017028
185,185,2.0217072495743007e-05,2.053419901035101e-05,-33.931557675667705,-33.86926914141018
186,186,2.0855682704837144e-05,2.0880810073944495e-05,-33.792354355242665,-33.7965733770714
187,187,1.980342460097445e-05,2.067908960605947e-05,-34.01726576690257,-33.838732657885316
188,188,2.3675385256359095e-05,2.0497199664915617e-05,-33.248234852102975,-33.87710149245385
189,189,2.1396719846999293e-05,2.0559694300908105e-05,-33.68985499817131,-33.863880279692815
190,190,2.0485181219968225e-05,2.043248576611452e-05,-33.87593158611252,-33.890834758309865
191,191,2.0822950946896208e-05,2.0408281192143668e-05,-33.81187985973787,-33.89598251381301
192,192,2.074075267224431e-05,2.0239255814215684e-05,-33.817440574587174,-33.932101411760385
193,193,2.1298834738998492e-05,2.0511886520436844e-05,-33.70522307138894,-33.873990757163014
194,194,2.0397647174306876e-05,2.0258411639492568e-05,-33.89099177080536,-33.927992893735734
195,195,2.125994049811666e-05,2.0275724972108084e-05,-33.714707483903354,-33.92428289228802
196,196,1.9847861461964865e-05,2.0112832747767434e-05,-34.01938957499817,-33.959314387219315
197,197,2.0594041659970788e-05,2.0220134693341895e-05,-33.842021923811416,-33.93620636628262
198,198,1.9673219783013786e-05,2.008959199883975e-05,-34.04968242812372,-33.964335641634975
199,199,2.0564359756556852e-05,1.9843581771726205e-05,-33.85100001365302,-34.0178461571741
200,200,1.9775585858895413e-05,1.9551026094919316e-05,-34.03428590846478,-34.08235125507149
201,201,1.980229722134608e-05,1.947331762302814e-05,-34.020747729758824,-34.09964733332965
202,202,1.942831431264982e-05,1.8717666487071638e-05,-34.1022295807251,-34.2715297616511
203,203,1.9307376448720327e-05,1.95296888705343e-05,-34.13964144583766,-34.087093563260325
204,204,1.8417592081718374e-05,1.8049353505040544e-05,-34.3424796086432,-34.42943029996171
205,205,1.8982523440556797e-05,1.781317247437791e-05,-34.20607338707397,-34.48663407939418
206,206,1.9071755090895823e-05,1.7620362661163152e-05,-34.184932779854485,-34.53389838090385
207,207,1.776712081467399e-05,1.7438760455422054e-05,-34.49695961326433,-34.578890687748384
208,208,2.033019271826542e-05,1.847640166823495e-05,-33.90744591615861,-34.32787285845504
209,209,1.8825512213261016e-05,1.7833505808084738e-05,-34.23894506263972,-34.481679533270494
210,210,1.816976281091782e-05,1.799103967258768e-05,-34.39466083255944,-34.4434841964486
211,211,1.8044173837964635e-05,1.7619686667259022e-05,-34.43160112617483,-34.534064998390484
212,212,1.8480870831930606e-05,1.748991670817639e-05,-34.322401108734034,-34.566169396262126
213,213,1.7998433399155793e-05,1.754537783869493e-05,-34.439985106707226,-34.55241955720675
214,214,1.8449839922844328e-05,1.7457600303092285e-05,-34.32584600707092,-34.57420134908946
215,215,1.854430182405493e-05,1.748550020190458e-05,-34.31260439345936,-34.56726620338141
216,216,1.741469486191396e-05,1.736878230555081e-05,-34.57632765875212,-34.596353089789766
217,217,1.7772648160897325e-05,1.7362494202787178e-05,-34.488311393877204,-34.59792567141433
218,218,1.7306052935045673e-05,1.726002598221193e-05,-34.615700625642496,-34.62363235738653
219,219,1.8295127157432136e-05,1.7542470184133363e-05,-34.36515960181114,-34.55313933821665
220,220,1.8039115050284927e-05,1.7233221019284284e-05,-34.42640044684809,-34.63038222922664
221,221,1.7618430423137453e-05,1.7400818251189776e-05,-34.52883362966393,-34.58835009974796
222,222,2.1047819358237885e-05,2.0779498347684766e-05,-33.75257737222454,-33.817696221365914
223,223,1.908827840621204e-05,1.930999539916612e-05,-34.18074968252776,-34.13622510575672
224,224,1.83427159426333e-05,1.8300871105518462e-05,-34.352555571913484,-34.36932918617949
225,225,1.8514432649118537e-05,1.816668258183391e-05,-34.319616208831384,-34.40129052852619
226,226,1.7354110035008378e-05,1.7745532013099075e-05,-34.592783890688885,-34.50315656801792
227,227,1.784909666630202e-05,1.7560014624139415e-05,-34.47293388343446,-34.548798076246854
228,228,1.7845911043906134e-05,1.7510580667141384e-05,-34.4724709861052,-34.56104132948112
229,229,1.832253495841851e-05,1.7729455258200976e-05,-34.35897880326038,-34.50709288876344
230,230,1.7054610354309787e-05,1.7538202356311222e-05,-34.68046687233739,-34.55419604206398
231,231,1.79738594617691e-05,1.7285221857539574e-05,-34.433142228127345,-34.617297227522876
232,232,1.7331091324185482e-05,1.7312856566844092e-05,-34.603296574821115,-34.61035949869009
233,233,1.986277069609622e-05,1.824841039802107e-05,-34.00491971266342,-34.38179641425719
234,234,1.818491522705521e-05,1.7887920923959954e-05,-34.39689229348835,-34.468448145278344
235,235,1.758067221614801e-05,1.7785655616439488e-05,-34.533541890149934,-34.4933480206012
236,236,1.7750870225877267e-05,1.7639833219474992e-05,-34.49507463557992,-34.52910206217522
237,237,1.8211496859931713e-05,1.7291104804347635e-05,-34.389124251585415,-34.615819377440246
238,238,1.7332263034648386e-05,1.7223884625357306e-05,-34.59377482522258,-34.63273573187101
239,239,1.723016537221859e-05,1.7199162070219725e-05,-34.619336343237734,-34.6389739194526
240,240,1.6519860830308015e-05,1.717429165039089e-05,-34.804255997566855,-34.645258471518204
241,241,1.7471761838322956e-05,1.721839855331621e-05,-34.56941344206012,-34.634119246908355
242,242,1.795719359019056e-05,1.7387594198225997e-05,-34.44510518492325,-34.59165185059131
243,243,1.76067411377948e-05,1.7247429624196803e-05,-34.53358202946598,-34.62680299336933
244,244,1.7614598140632372e-05,1.715981938775114e-05,-34.52828829461433,-34.64891968422317
245,245,1.7604439703645018e-05,1.7066869651515797e-05,-34.52584257167405,-34.67250809310108
246,246,1.881580867364429e-05,1.749458485727174e-05,-34.24618511456495,-34.5650103965256
247,247,1.7859905832684143e-05,1.7135289310413338e-05,-34.4734036583206,-34.65513239469392
248,248,1.7693401140295275e-05,1.7165681176840353e-05,-34.506982404985834,-34.647436388924696
249,249,1.7390485763169955e-05,1.721801642193704e-05,-34.582775673567944,-34.634215631825
250,250,1.777975556195219e-05,1.7111357010435313e-05,-34.4910336359928,-34.661202283940455
251,251,1.7119022109890812e-05,1.7169269564252126e-05,-34.654845574045666,-34.64652861604377
252,252,1.800661358202822e-05,1.716854527139252e-05,-34.43009234951303,-34.6467118288625
253,253,1.7209673153291115e-05,1.724830743018844e-05,-34.63110059649717,-34.62658196530559
254,254,1.7407049583817217e-05,1.712102039164165e-05,-34.58274691633147,-34.658750363528014
255,255,1.7949650906846672e-05,1.7151048316583528e-05,-34.44929392373403,-34.65114010483409
256,256,1.776481604258489e-05,1.6898107404765477e-05,-34.499401556303255,-34.71566614709069
257,257,1.7320336877505208e-05,1.710504583522714e-05,-34.604355842091984,-34.66280438607298
258,258,1.7389179091194293e-05,1.6972157649625413e-05,-34.594216910245365,-34.69667623726016
259,259,1.7187097478902795e-05,1.7088303330207343e-05,-34.637639086686434,-34.66705736409466
260,260,1.6695043705487815e-05,1.6981962289719377e-05,-34.767470847002436,-34.69416808731204
261,261,1.7596127315872643e-05,1.718577899928756e-05,-34.536145140736444,-34.642354582015614
262,262,1.700993514007387e-05,1.702792489691331e-05,-34.68600063213167,-34.68242954862109
263,263,1.7120766080045814e-05,1.7050202012270394e-05,-34.649142022176434,-34.676751519616616
264,264,1.6891410306231694e-05,1.7028465806920156e-05,-34.71655902944637,-34.68229159258621
265,265,1.7350689116019285e-05,1.6925103648789348e-05,-34.60270186448107,-34.70873343908564
266,266,1.7158834715391815e-05,1.6945001286665884e-05,-34.64640364418556,-34.70363074729106
267,267,1.6961057478989253e-05,1.68885185063884e-05,-34.69027585679629,-34.71813126792013
268,268,1.668183218854895e-05,1.708130002953112e-05,-34.763707733203034,-34.66883759832762
269,269,1.7420464049341856e-05,1.6881116368351383e-05,-34.58550498437523,-34.72003517228106
270,270,1.8008147515164517e-05,1.7063567802803225e-05,-34.43767184524587,-34.67334838393084
271,271,1.7549372030996366e-05,1.756188516753211e-05,-34.55351090556112,-34.54833547787991
272,272,1.8123637627721428e-05,1.729172316500856e-05,-34.40215036741354,-34.6156640687864
273,273,1.663821702320477e-05,1.7262981504915698e-05,-34.770885607703974,-34.62288875635177
274,274,1.760541796364723e-05,1.7122142373026644e-05,-34.53546916634699,-34.65846576929948
275,275,1.7598151279128513e-05,1.708873438282784e-05,-34.533440852642315,-34.66694781465034
276,276,1.715634941329253e-05,1.694491646431791e-05,-34.65484051954489,-34.70365248701786
277,277,1.8577425602341034e-05,1.7651674649019505e-05,-34.299236574539606,-34.526187668309596
278,278,1.7851767795983722e-05,1.7006388924001887e-05,-34.47897203543852,-34.68792574019726
279,279,1.7275824612840654e-05,1.7050364237404307e-05,-34.61040846595575,-34.67671019861334
280,280,1.7106314565531536e-05,1.7092851904683476e-05,-34.657483823805855,-34.66590151035385
281,281,1.7640480165806066e-05,1.7101837520864426e-05,-34.5203374377525,-34.663619048556846
282,282,1.6821819165848754e-05,1.717860346903571e-05,-34.73875591574342,-34.6441682582784
283,283,1.6603342336350477e-05,1.6940244246430475e-05,-34.7871688620237,-34.70485013130643
284,284,1.6624227991434456e-05,1.7080528682287733e-05,-34.77830878780017,-34.669033718889146
285,285,1.688922640317559e-05,1.6942707014478448e-05,-34.71155191006106,-34.70421880107366
286,286,1.7370522598248125e-05,1.6768418199238734e-05,-34.59205551004767,-34.74912584268603
287,287,1.7557721989338535e-05,1.710712417422512e-05,-34.5476995158758,-34.662276731054774
288,288,1.6707686666347034e-05,1.6703043289262016e-05,-34.76632483497899,-34.76609074203526
289,289,1.7412030173705042e-05,1.678448940143234e-05,-34.57786274552702,-34.74496546705059
290,290,1.676201528547627e-05,1.7024575754476245e-05,-34.74448545368673,-34.683283826020045
291,291,1.677357262845353e-05,1.7188029711465597e-05,-34.746539575266425,-34.64178585139348
292,292,1.6579076811430024e-05,1.6766544305076087e-05,-34.801607478205774,-34.74961119995771
293,293,1.824362050346159e-05,1.688129984694043e-05,-34.383809278067126,-34.71998796965299
294,294,1.819650638073241e-05,1.7326583426773523e-05,-34.38398616062226,-34.60691746854504
295,295,1.701192952131135e-05,1.72913949331575e-05,-34.684989414745296,-34.61574650743829
296,296,1.6789321204303577e-05,1.7316667110303808e-05,-34.73200192655691,-34.609403725795424
297,297,1.7989923632280667e-05,1.7054255342947344e-05,-34.43797600472092,-34.67571919757362
298,298,1.7075739913369823e-05,1.6971893369612334e-05,-34.66414845410786,-34.696743863455566
299,299,1.6880180156317457e-05,1.694252506766995e-05,-34.71869223589396,-34.704265439972126
300,300,1.6418692699592132e-05,1.67718744227099e-05,-34.83279820305334,-34.748230788606456
301,301,1.7970921306318205e-05,1.6824254903200964e-05,-34.44090342008495,-34.73468841183505
302,302,1.7772652342697705e-05,1.7224974247878172e-05,-34.50210084102523,-34.632460995892046
303,303,1.704635070785388e-05,1.696711603328463e-05,-34.68212782254131,-34.69796651011233
304,304,1.6780416051015263e-05,1.6757492630858906e-05,-34.73072144854923,-34.75195643795369
305,305,1.719050048928487e-05,1.68485884339469e-05,-34.63917475638033,-34.72841159115677
306,306,1.7402744851631386e-05,1.6819633090467267e-05,-34.58315763189196,-34.735881631702895
307,307,1.7028509647229604e-05,1.6833854524041892e-05,-34.68054214285153,-34.732211111390335
308,308,1.6541546306284217e-05,1.67992361878676e-05,-34.79158950079512,-34.74115144804354
309,309,1.6735425392137576e-05,1.6788930751269953e-05,-34.75755675074101,-34.74381643086115
310,310,1.73356434670589e-05,1.7289141348890935e-05,-34.59608066883779,-34.616312559511556
311,311,1.6934313665392577e-05,1.6763631528623303e-05,-34.698260989670146,-34.750365745803165
312,312,1.7959831903053127e-05,1.680814085902009e-05,-34.448400002476916,-34.73885001902705
313,313,1.6851281562247603e-05,1.686904665563672e-05,-34.72219238839252,-34.72314141496787
314,314,2.8654136080261843e-05,2.2883420569996815e-05,-32.42406509322037,-33.39883738396358
315,315,2.1681184276981046e-05,2.1052073335388405e-05,-33.62944268367916,-33.76109806656472
316,316,2.148102508333077e-05,1.964594598815127e-05,-33.67011597860404,-34.06131735156136
317,317,1.8872805403307867e-05,1.9221600460265397e-05,-34.226484311801684,-34.156151351053666
318,318,1.907939929072565e-05,1.8863463226711918e-05,-34.18001155648969,-34.23783251111419
319,319,1.9825492177240204e-05,1.8360972860950586e-05,-34.013623787714444,-34.35508992197688
320,320,1.9152983994215375e-05,1.8256241099535193e-05,-34.16920830354344,-34.37993318293205
321,321,1.866508032013446e-05,1.803041777748149e-05,-34.272992665301054,-34.433988911312305
322,322,1.7845327607743064e-05,1.7645250074182466e-05,-34.47361735738086,-34.52776863178049
323,323,1.709866816228671e-05,1.7461195774989103e-05,-34.65985174464608,-34.5733069920179
324,324,1.7144718382491962e-05,1.745617584291674e-05,-34.6482938353097,-34.57455572794077
325,325,1.7652415099104303e-05,1.7286441537802794e-05,-34.53034809442582,-34.61699079135164
326,326,1.7517471185539725e-05,1.7384062390958304e-05,-34.5498464068625,-34.592534088921745
327,327,1.772824595446792e-05,1.7128946111418037e-05,-34.50128181561078,-34.6567403782481
328,328,1.7607407675520155e-05,1.7125411049116673e-05,-34.529575920212594,-34.65763676526767
329,329,1.780688767352912e-05,1.710266305484478e-05,-34.475726437215826,-34.663409412487724
330,330,1.8417431307433308e-05,1.7235405386217233e-05,-34.333997948530794,-34.62983178170051
331,331,1.7257115003528653e-05,1.70855621131762e-05,-34.622934264180465,-34.66775409267215
332,332,1.7052865671561e-05,1.6997663949855212e-05,-34.668966753899,-34.69015442053949
333,333,1.661215383981321e-05,1.705000221064486e-05,-34.778678712152995,-34.67680241241648
334,334,1.7022646444303e-05,1.692815873722889e-05,-34.676766456358365,-34.707949580774155
335,335,1.6930044656658436e-05,1.7027467851891598e-05,-34.701036656675434,-34.68254611878217
336,336,1.6956708369087717e-05,1.691940848870313e-05,-34.698314654287266,-34.71019505071255
337,337,1.69899488814876e-05,1.693647386434206e-05,-34.678645233871876,-34.705816846049615
338,338,1.706130918596641e-05,1.69542352906367e-05,-34.6660088804727,-34.70126474883535
339,339,1.7392893983249206e-05,1.6865157943500792e-05,-34.58318169771073,-34.72414268133824
340,340,1.650706370540873e-05,1.6807562899071183e-05,-34.81372247878224,-34.738999356859395
341,341,1.691795054303492e-05,1.688680047089675e-05,-34.70855272040072,-34.718573089556145
342,342,1.592018382034814e-05,1.6970138379914906e-05,-34.96772441227804,-34.6971929717162
343,343,1.7354514994556518e-05,1.8321132349803137e-05,-34.59017665465511,-34.36452368857865
344,344,1.882424719989319e-05,1.826413216277663e-05,-34.24306452728957,-34.3780563974727
345,345,1.8346024749991987e-05,1.7986533557153673e-05,-34.36047636200553,-34.44457208587658
346,346,1.7507095135536558e-05,1.7678981796626958e-05,-34.55277249646561,-34.51947432240719
347,347,1.704721346202897e-05,1.744806195347337e-05,-34.67131244059237,-34.57657486240579
348,348,1.7340094656020418e-05,1.7305531496516013e-05,-34.591845986512325,-34.61219738765516
349,349,1.760229927818615e-05,1.7174865302206998e-05,-34.52979979670712,-34.64511341187751
350,350,1.7234003655513454e-05,1.710271226329496e-05,-34.63516552980278,-34.66339691681522
351,351,1.741666237086468e-05,1.7152562816734547e-05,-34.579359758449144,-34.650756623890175
352,352,1.703282170225422e-05,1.7161110343678094e-05,-34.67458219275003,-34.648592971025074
353,353,1.702480301563688e-05,1.7058746332048414e-05,-34.683713626597545,-34.67457569703108
354,354,1.6848035191231377e-05,1.6983422938210424e-05,-34.72030383844119,-34.69379455904154
355,355,1.6684637370248703e-05,1.7040946324031164e-05,-34.76903668052755,-34.67910972379773
356,356,1.7308605802287445e-05,1.7224694985136585e-05,-34.60726482455741,-34.63253140717342
357,357,2.5365571148250102e-05,1.9170210515240844e-05,-32.94212928115033,-34.16777798825159
358,358,1.7466872460439863e-05,1.7682877641116073e-05,-34.5622075204539,-34.51851739095747
359,359,1.8161866446649753e-05,1.74050229888005e-05,-34.394820461749504,-34.58730079636324
360,360,1.702135055499648e-05,1.7310870086810992e-05,-34.67443452490924,-34.610857837489
361,361,1.752865062878028e-05,1.73137063221044e-05,-34.55357950446452,-34.610146342090175
362,362,1.7180341367832427e-05,1.7174062649198612e-05,-34.64315622430294,-34.64531638052502
363,363,1.70303850909383e-05,1.7200823812776146e-05,-34.679683441459126,-34.63855433461579
364,364,1.7331999571848128e-05,1.7043433456963515e-05,-34.59725681450521,-34.67847591551538
365,365,1.7289398493096424e-05,1.7195516336773597e-05,-34.60697218000121,-34.6398945978816
366,366,1.7632163558728373e-05,1.710078868200071e-05,-34.526509644702685,-34.6638854052561
367,367,1.6623952639569436e-05,1.6949326843467516e-05,-34.78157983620724,-34.702522263621994
368,368,1.7353441584531275e-05,1.697475765563707e-05,-34.59753019621683,-34.69601098196033
369,369,1.797134346187957e-05,1.6949838697512047e-05,-34.439749915137014,-34.70239111267267
370,370,1.6979653007661702e-05,1.6918500717254476e-05,-34.6892108512851,-34.71042806755095
371,371,1.810445985366763e-05,1.6999099276099034e-05,-34.40848360469754,-34.68978770664756
372,372,1.6712162083497308e-05,1.7011831340297296e-05,-34.760643886061025,-34.68653612523968
373,373,1.6947141534963276e-05,1.6977854868041743e-05,-34.69501226581771,-34.695218641011934
374,374,1.7675334675004706e-05,1.687000588533824e-05,-34.51689986244273,-34.72289446780428
375,375,1.6599230032615824e-05,1.6816341341932695e-05,-34.78694080548977,-34.73673166697201
376,376,1.7026853204219358e-05,1.6757314369897358e-05,-34.682561333805005,-34.75200263708707
377,377,1.6945504744539575e-05,1.676252304605441e-05,-34.69572449257247,-34.75065292926888
378,378,1.6364476088954726e-05,1.7175723865205472e-05,-34.848387102920725,-34.644896315646136
379,379,1.716727542630325e-05,1.7034811351454426e-05,-34.642438093732096,-34.6806735245448
