,epoch,train_loss,test_loss,train_dbs,test_dbs
0,0,4.757180692284181e-05,3.751445077987706e-05,-26.24095160930849,-27.257960903085753
1,1,4.4493347615439847e-05,3.861939919596281e-05,-26.529504480540908,-27.131891698172584
2,2,4.69065786729544e-05,4.574708356430117e-05,-26.29839488622165,-26.396312705204682
3,3,4.845488535100174e-05,4.262599587060609e-05,-26.160171839288196,-26.703201444353418
4,4,4.8276046382130683e-05,3.8510887766039415e-05,-26.172434882623406,-27.14411152729205
5,5,4.864266003030785e-05,3.568906499582992e-05,-26.141752145627247,-27.474595127813505
6,6,4.682057950274086e-05,3.602445638917791e-05,-26.30025320303548,-27.43397246960608
7,7,4.893233984045399e-05,4.1443740548474074e-05,-26.114358711340884,-26.825357367586527
8,8,4.376104854750291e-05,3.959847718330198e-05,-26.59777879907591,-27.023161981465805
9,9,4.4868990708263736e-05,3.579424207457219e-05,-26.49376914294315,-27.46181512091265
10,10,4.0243500373519766e-05,3.1487327903864514e-05,-26.960710322865328,-28.018588761243663
11,11,2.8716090507737837e-05,2.1995429003589762e-05,-28.424376809619382,-29.576622460022453
12,12,2.3589321512021735e-05,1.4419315687662579e-05,-29.281029207352486,-31.41050032859662
13,13,1.8622097980266152e-05,1.604811749482331e-05,-30.318211724867275,-30.945705876356687
14,14,2.8204373876112947e-05,1.8611434514145674e-05,-28.502803111422843,-30.30214834420111
15,15,1.788533052735447e-05,1.4791257136063282e-05,-30.480850481622852,-31.29989595921098
16,16,1.5294612858644878e-05,1.3231156308871792e-05,-31.169445082633747,-31.783968828788108
17,17,2.3012000228752102e-05,4.097903164572352e-05,-29.387756132340243,-26.874329913725283
18,18,2.1307940290536918e-05,1.3351856906458698e-05,-29.729373176806643,-31.744530136637774
19,19,1.4761500884541766e-05,1.2418154878296742e-05,-31.31365359417201,-32.059376109389845
20,20,2.194096226883199e-05,2.9013966205208196e-05,-29.597780147765516,-28.373875821138952
21,21,3.346205785513205e-05,2.1475481605050033e-05,-27.764034596598563,-29.68051770953331
22,22,2.3885901452193083e-05,1.836345850997053e-05,-29.23090664381824,-30.36040204888672
23,23,5.007768905886327e-05,6.361650546176334e-05,-26.02192884434644,-24.96424873910948
24,24,5.779525491027354e-05,5.70980683780937e-05,-25.39256944487276,-25.433732666152
25,25,5.502686239309434e-05,5.168696665542053e-05,-25.61076190354267,-25.86613637424805
26,26,6.387604336157085e-05,5.7031327359206776e-05,-24.956938248759613,-25.43881203406348
27,27,5.6367087634817396e-05,5.6179302670276034e-05,-25.505441459516828,-25.50418338784113
28,28,5.492852581942456e-05,4.3797207581519615e-05,-25.617323690910176,-26.585482612932644
29,29,4.221363494637153e-05,3.7923057166871764e-05,-26.759311639081194,-27.210913422483657
30,30,4.195377808163985e-05,3.6665243035378425e-05,-26.789067609783686,-27.357401149109965
31,31,4.018246345742565e-05,3.529218194767294e-05,-26.972893828432806,-27.523161734196925
32,32,4.029496971476696e-05,3.387462373594692e-05,-26.961763677107587,-27.701202030090624
33,33,3.318751158207606e-05,2.4710301946278807e-05,-27.810381541791614,-29.07116630697095
34,34,3.220817374425416e-05,1.835604505111788e-05,-27.933138347159133,-30.36215568060993
35,35,2.7922909751949417e-05,1.9306287269596634e-05,-28.5476995532912,-30.142959189459063
36,36,2.3390500855478505e-05,1.79241127817046e-05,-29.322873828876624,-30.465570150632463
37,37,2.2941956492863984e-05,2.1000683581836422e-05,-29.402120005014392,-29.777612515233287
38,38,2.3802647662058607e-05,1.586174350545901e-05,-29.24610681450327,-30.996437601921706
39,39,1.9587006780750824e-05,2.320051642431951e-05,-30.085901875475948,-29.344970309362502
40,40,2.1874864169430365e-05,1.842977728397512e-05,-29.611845610914468,-30.344745959843795
41,41,2.1378942141588416e-05,1.719823993832841e-05,-29.711606875544028,-30.645106793299046
42,42,2.781164523381899e-05,2.1641926267827665e-05,-28.565628547010945,-29.64698769870186
43,43,2.0408930660928444e-05,1.6801317805833317e-05,-29.920095149935648,-30.74651336164351
44,44,1.9431085477372482e-05,1.6613387240221e-05,-30.13630765018178,-30.795364948445215
45,45,2.278095945660697e-05,1.8830157147787856e-05,-29.438732780940946,-30.251407385181537
46,46,2.2005937137588806e-05,1.5920931075111423e-05,-29.581219783966716,-30.98026220765332
47,47,1.9876196895977757e-05,1.4393918981544343e-05,-30.035052081540066,-31.41815629107959
48,48,1.564674823722393e-05,1.4569511796779758e-05,-31.058604975088254,-31.36549683535678
49,49,2.2793587307665032e-05,1.9442003696512027e-05,-29.425981192292024,-30.112536616041574
50,50,1.8194056764579876e-05,1.325796172654679e-05,-30.407697240369412,-31.775179220210347
51,51,1.5422624537958908e-05,1.3693370467655386e-05,-31.118582127796607,-31.634843250236987
52,52,1.7880123196687e-05,1.3442522997234177e-05,-30.487447526862034,-31.715138948377216
53,53,1.6594961570047315e-05,1.4800566652028416e-05,-30.810053207190183,-31.29716339931526
54,54,1.7114399830442727e-05,4.028969286944055e-05,-30.67198288388709,-26.94800726220833
55,55,3.490950212395059e-05,3.593416601545055e-05,-27.57202781729877,-27.444871130627458
56,56,3.115536956383292e-05,1.657749159054028e-05,-28.06956186072682,-30.80475866696531
57,57,2.6683761356271697e-05,1.9052688984581772e-05,-28.74737773673617,-30.20038404862045
58,58,2.219804344480808e-05,1.800367028025855e-05,-29.54233027266011,-30.44633632313456
59,59,3.7539932414689506e-05,2.807339746811378e-05,-27.26781281886423,-28.516997084424098
60,60,3.6028746289395205e-05,2.325627543828695e-05,-27.45049339609967,-29.334545205630768
61,61,2.084204350973506e-05,1.5935029822637597e-05,-29.817898436904482,-30.97641802372064
62,62,1.9504367077688492e-05,1.4836667368830317e-05,-30.10171414549934,-31.286583228545638
63,63,1.999119726673429e-05,1.372984209075711e-05,-29.9985968814285,-31.62329140599976
64,64,1.8757355669502842e-05,1.463660438323706e-05,-30.28218984714426,-31.34554348644115
65,65,1.8598196234473943e-05,1.2954089973056015e-05,-30.314209605974987,-31.875877738360558
66,66,1.6865578247009197e-05,2.070855455378095e-05,-30.74678730177702,-29.838448965460906
67,67,1.9488069399100362e-05,1.5070836046728992e-05,-30.119871431033584,-31.21857337729329
68,68,1.7394621868474714e-05,1.590319394189895e-05,-30.599433407703454,-30.985103277044836
69,69,2.026880349017729e-05,1.4055645519156793e-05,-29.940305564789274,-31.521438871740493
70,70,1.7310996516937746e-05,1.4095507953913367e-05,-30.63314781012942,-31.509139519930734
71,71,1.4230294798779273e-05,1.4064275929788556e-05,-31.47757370228905,-31.518773046490285
72,72,1.4852143742489753e-05,1.3381861352076827e-05,-31.295678100496424,-31.734781570792997
73,73,1.4603901563438655e-05,1.8133513022851394e-05,-31.36188854999006,-30.415127344384146
74,74,1.63492206139409e-05,1.4683937335671784e-05,-30.87492226606845,-31.3315216050525
75,75,1.8183405864340212e-05,1.341059872797096e-05,-30.41699369549121,-31.725465152275255
76,76,1.2095528162033064e-05,1.359584070757448e-05,-32.18496765563498,-31.665886153378516
77,77,1.994574297652397e-05,1.6222122858859e-05,-30.012872173471216,-30.898869967479776
78,78,2.789410658450149e-05,2.6934586218742067e-05,-28.552947955311915,-28.696843748653755
79,79,2.2140229571659895e-05,1.555682396620365e-05,-29.56120186425972,-31.080737455064057
80,80,1.9513164753550074e-05,1.7453876544574375e-05,-30.100288822786574,-30.58102783197684
81,81,2.3208022323216808e-05,2.2581556262785423e-05,-29.358699700249797,-29.46240813891754
82,82,1.8209298287757455e-05,1.4121393321961237e-05,-30.415375031171656,-31.50117133409139
83,83,1.6187533756425352e-05,1.5117856300524804e-05,-30.914367162965704,-31.205044700370507
84,84,1.4106842625026439e-05,1.391384105437809e-05,-31.510917978603786,-31.565476451107948
85,85,1.6005590021112646e-05,1.4377286716856025e-05,-30.96698706572799,-31.423177492940955
86,86,1.598361289972072e-05,1.384264616813437e-05,-30.97547439647963,-31.587755649333356
87,87,1.6668834262221487e-05,1.6308252892677526e-05,-30.78751660891818,-30.875872455181046
88,88,1.511244651512768e-05,1.5573491940526046e-05,-31.217367885406198,-31.07608680520483
89,89,1.6259283889554617e-05,1.411501125403447e-05,-30.894413594540534,-31.503134542206972
90,90,1.5630092892812154e-05,1.2987978415798065e-05,-31.075266143813426,-31.864531247530167
91,91,1.5766032611656893e-05,1.1670509593386669e-05,-31.032997065535454,-32.32904863021213
92,92,1.4675267350670315e-05,1.2489233397086777e-05,-31.341358155144235,-32.034589012527505
93,93,1.4546643623615046e-05,1.2348206717816587e-05,-31.37996711722255,-32.083907916996345
94,94,1.8774899400369512e-05,1.5524632520904752e-05,-30.272744811848113,-31.089733540599873
95,95,1.7522493809084744e-05,1.5947374418158832e-05,-30.571385036199985,-30.97305492102386
96,96,3.4513458844624425e-05,3.89898739166184e-05,-27.637632971141322,-27.090428521791008
97,97,4.792804552427284e-05,4.4179884705380046e-05,-26.2126279595239,-26.547701047963873
98,98,4.8898214699125e-05,4.485050244272172e-05,-26.114009632900974,-26.48227370331545
99,99,4.806791119185665e-05,4.4828202877205946e-05,-26.186146599917812,-26.48443354235804
100,100,4.937782861028627e-05,4.54013851068387e-05,-26.067989983513154,-26.429255804424603
101,101,5.103260625603689e-05,4.9607730895666846e-05,-25.936812029928532,-26.04445320519087
102,102,5.312303099194698e-05,5.3013911574931915e-05,-25.75782506765028,-25.756048336070805
103,103,5.935901146548315e-05,5.501427222043276e-05,-25.27470498236398,-25.595193108858346
104,104,5.667736076782265e-05,5.3142141807352584e-05,-25.467430715554116,-25.745556290131802
105,105,4.670054750959869e-05,2.674744619549816e-05,-26.317350234806955,-28.72712360394974
106,106,2.5832344147499133e-05,2.027892675246939e-05,-28.888022377976604,-29.929497164227755
107,107,2.0365295573430988e-05,1.7818784631105556e-05,-29.916210422278876,-30.491166042580133
108,108,2.0581116293974493e-05,1.6700814261352398e-05,-29.875717734097137,-30.772570369376588
109,109,1.8878200263344232e-05,1.4879558827823003e-05,-30.254709001450518,-31.27404628204799
110,110,1.6109205855229318e-05,1.3710106175398993e-05,-30.938482811487628,-31.629538648545687
111,111,1.5603407143888824e-05,1.1314043652083982e-05,-31.081707794340193,-32.46376832959113
112,112,1.574507696532987e-05,1.2229436618470477e-05,-31.04434641138781,-32.12588232404422
113,113,1.5328751670523096e-05,1.8456237500542654e-05,-31.155573197943184,-30.338515127869385
114,114,1.4052676123327793e-05,1.2067429021331727e-05,-31.524554838059334,-32.18379929922698
115,115,1.9401086985416225e-05,1.197224082716275e-05,-30.13113090890603,-32.21819238680515
116,116,1.5597374967160484e-05,1.1680719880084661e-05,-31.079831511105848,-32.325250739005405
117,117,1.6124293985562074e-05,1.160274297561907e-05,-30.935568299618247,-32.35434011127396
118,118,1.8479018467822e-05,2.1951812102902057e-05,-30.350549989195848,-29.585243062831225
119,119,2.180863766250358e-05,1.3068665339233121e-05,-29.631442244025543,-31.837634462246378
120,120,1.664210207281096e-05,1.302783496277315e-05,-30.814687789626017,-31.851224347062153
121,121,1.5630840141160116e-05,1.1780363628962445e-05,-31.069696968095116,-32.28835986780094
122,122,1.655784731109137e-05,1.3614460792603878e-05,-30.81706997469109,-31.65994237400288
123,123,2.244153798885011e-05,3.740205255254343e-05,-29.494734764837915,-27.27099246872514
124,124,3.995545012472088e-05,2.9998298534912082e-05,-27.002781163607136,-28.2289806017976
125,125,3.7642267553686925e-05,3.03199770936963e-05,-27.25830253702012,-28.182658141140013
126,126,3.777980458197789e-05,3.337826556641008e-05,-27.23781033745976,-27.76530917269652
127,127,3.706840091572022e-05,3.68909603773653e-05,-27.324905446086678,-27.330747216676667
128,128,4.286959532335684e-05,3.279778909353282e-05,-26.684733835135145,-27.841501141629614
129,129,4.350380687384066e-05,3.471128117158323e-05,-26.623380204856993,-27.595240394671954
130,130,3.646987302887545e-05,3.157630444069295e-05,-27.388342197368946,-28.00633382343952
131,131,4.096072315565159e-05,3.7182739967982726e-05,-26.88493059207834,-27.29653293524013
132,132,4.272767767632985e-05,3.710008030267138e-05,-26.704211091826803,-27.306198333297754
133,133,4.7262022586981346e-05,4.0031111845899814e-05,-26.255731681091852,-26.975970303668866
134,134,5.0895677960988435e-05,4.589369296139155e-05,-25.94476613536933,-26.382416771781386
135,135,5.23098469034501e-05,4.7357731187060525e-05,-25.813328379323014,-26.246037949263208
136,136,5.6667275427955865e-05,4.626358991357081e-05,-25.48312200656117,-26.347553533006618
137,137,4.9437815392856155e-05,4.629750315201052e-05,-26.069932819784675,-26.344371130446515
138,138,5.374922663586685e-05,4.433539470483083e-05,-25.715661522570734,-26.532441037583958
139,139,5.076159817052912e-05,4.8493506543117725e-05,-25.95471104155628,-26.143110940860662
140,140,5.3540510503507996e-05,4.890090253626879e-05,-25.718141379125168,-26.106778082460174
141,141,5.674194890911842e-05,5.140882651750488e-05,-25.4692398823951,-25.88956992404611
142,142,5.657165680888058e-05,5.2129012194774604e-05,-25.48983805093208,-25.82915187516846
143,143,5.857671062913891e-05,5.299386439697915e-05,-25.336168979971742,-25.757690928566795
144,144,5.481853017063821e-05,5.43361729796743e-05,-25.619009466221065,-25.649056361606874
145,145,5.334650364771339e-05,5.722373287809253e-05,-25.739810847414333,-25.42418498228038
146,146,6.189995528797058e-05,5.9596616139108514e-05,-25.09550815123685,-25.24773081516504
147,147,5.459648159605009e-05,6.333584382158925e-05,-25.643496173797566,-24.983451219548165
148,148,5.713652752223725e-05,6.231262197711897e-05,-25.441531327363055,-25.054186571818118
149,149,5.883555269937244e-05,6.004446157404393e-05,-25.30952402029515,-25.215217281638974
150,150,6.102699588848633e-05,5.831609671172613e-05,-25.148019426958736,-25.342062354471967
151,151,5.582112549445904e-05,5.612584659262977e-05,-25.542757317928135,-25.508317780867923
152,152,4.7171965092012524e-05,3.275640799409686e-05,-26.26979010146085,-27.846984111851395
153,153,3.7000240565211026e-05,3.1564108116742174e-05,-27.33151959425589,-28.00801160666667
154,154,3.721595307463749e-05,3.3623321494240755e-05,-27.30245906907049,-27.73354069781572
155,155,3.6276089247752976e-05,3.322801412172052e-05,-27.410126801460088,-27.784902966049792
156,156,3.532539059173378e-05,2.9387189562456977e-05,-27.530913958235168,-28.318366285716493
157,157,2.915513595297918e-05,2.5220383337766277e-05,-28.367043017430497,-28.982429996152742
158,158,3.537944575299727e-05,2.6973964084295165e-05,-27.51894181619635,-28.690499080631962
159,159,3.062546488060256e-05,2.676487326281954e-05,-28.15611965757235,-28.724294917203355
160,160,3.016497425819908e-05,2.6564973363986754e-05,-28.209219852255774,-28.756852981808436
161,161,3.269228212038516e-05,2.6135044160917842e-05,-27.875752203361706,-28.827714447003036
162,162,3.123605984938811e-05,2.6310475492975554e-05,-28.071277712061324,-28.798659860783488
163,163,3.365846203582196e-05,3.107090206436911e-05,-27.74208803503083,-28.0764082090069
164,164,3.2158882277144585e-05,2.9179758664548372e-05,-27.931405425879696,-28.349129872945422
165,165,2.9384888782176147e-05,2.6954438190410944e-05,-28.33114355495593,-28.693643986833894
166,166,2.9720482969648785e-05,2.65211648710599e-05,-28.2788128754782,-28.76402087598575
167,167,2.5756723483862086e-05,2.614829367973327e-05,-28.899153247788618,-28.825513289513772
168,168,2.3733989288190323e-05,2.11961556296477e-05,-29.2601818082531,-29.737375833737456
169,169,2.5252462214713476e-05,2.057939620595119e-05,-28.987729070439627,-29.86562054442997
170,170,2.3865102569467015e-05,1.9523854462022427e-05,-29.230243662308784,-30.094291213648784
171,171,2.3973987945564003e-05,2.2268492389948253e-05,-29.20634371275456,-29.523038673239554
172,172,2.1702333235469305e-05,2.1198240430844873e-05,-29.64156609344426,-29.73694869348277
173,173,2.076309993219521e-05,2.05718641059081e-05,-29.841814198027787,-29.86721036184873
174,174,2.222209093478219e-05,1.9495862512772682e-05,-29.5374959625713,-30.100522294817395
175,175,2.289147558483294e-05,2.1798350548794443e-05,-29.40863075403227,-29.61571050589214
176,176,2.332512955017029e-05,2.0816166732784997e-05,-29.32815556327814,-29.81593925138983
177,177,1.881823961233862e-05,2.0480271335767802e-05,-30.25679039426933,-29.886589768172485
178,178,2.2600412695779952e-05,1.8370129031322186e-05,-29.46711403467626,-30.358824761809586
179,179,2.1007304965059655e-05,1.8473970684633395e-05,-29.78639544490273,-30.33434432842494
180,180,2.605236741802991e-05,1.9903212504639095e-05,-28.848809308084135,-30.010715030216986
181,181,2.1001359640387218e-05,2.1370524767630023e-05,-29.79403193700019,-29.701794962824142
182,182,2.4053422917465478e-05,1.9655964742445287e-05,-29.19167883686914,-30.065003185066157
183,183,2.1588742265052622e-05,2.0311483958242827e-05,-29.66831856426196,-29.922530288259654
184,184,2.2490548928413473e-05,1.9198952223201847e-05,-29.486412461237794,-30.16717155105858
185,185,2.2825080652614113e-05,2.1085939040762913e-05,-29.422989193830453,-29.76001736328126
186,186,2.111120992004103e-05,1.9440826212016155e-05,-29.7618248508903,-30.1127996498899
187,187,2.156288085821758e-05,1.9763439300540515e-05,-29.668404334065755,-30.041321587480777
188,188,2.2004920739754637e-05,1.7216246401642965e-05,-29.586028002997967,-30.640562132488206
189,189,2.365370783925605e-05,1.8493036374198518e-05,-29.264169094659888,-30.329864590861767
190,190,2.3131237745455456e-05,2.047204868990536e-05,-29.373481119047312,-29.8883337718189
191,191,2.16417230880437e-05,2.1497638571370198e-05,-29.66007164961408,-29.67603925927335
192,192,2.497366259123418e-05,2.169768748372965e-05,-29.043109093281036,-29.635812332962864
193,193,2.2348792266636817e-05,1.6759912197908545e-05,-29.522337207250313,-30.75722943859489
194,194,2.031940224340585e-05,1.4449461751179402e-05,-29.921239754651463,-31.401430132379957
195,195,1.8390642037854012e-05,7.759559345063998e-05,-30.370788392209537,-24.101576240118526
196,196,6.41269830011129e-05,5.144680021897473e-05,-24.941640973180167,-25.886363143770033
197,197,5.346034440569299e-05,4.55267166360404e-05,-25.729918651417204,-26.417283526334984
198,198,4.727343991934382e-05,4.773783056359542e-05,-26.267811027271403,-26.211320042798416
199,199,4.778070061294465e-05,4.131852897683673e-05,-26.221355681004436,-26.83849831609685
200,200,4.678132882901016e-05,4.515464876787615e-05,-26.308255963253355,-26.452922144719025
201,201,4.936312639402626e-05,4.171369561701891e-05,-26.082801611022063,-26.79716015182664
202,202,4.887293085893052e-05,3.7387457077305664e-05,-26.122797235495874,-27.27268755523349
203,203,4.5053994222847175e-05,4.610413462184002e-05,-26.479678509868393,-26.362548082769454
204,204,4.422568939113149e-05,3.887845894879367e-05,-26.560428777069156,-27.102856407933373
205,205,4.430427300567035e-05,3.5413641422852184e-05,-26.551433777438408,-27.50824097400593
206,206,4.5625186411945326e-05,4.164545402761034e-05,-26.418041757055644,-26.80427081753364
207,207,4.036422685494097e-05,3.914266141548165e-05,-26.941361289735184,-27.073443317878887
208,208,4.669635855515077e-05,3.920769564789034e-05,-26.316251743042702,-27.066233646904827
209,209,4.191367855868914e-05,3.7829320047565395e-05,-26.79111670176553,-27.221661477116218
210,210,4.462798638884386e-05,3.822455973453256e-05,-26.525572000314078,-27.176521910046866
211,211,4.264169355966007e-05,3.8816436484155835e-05,-26.709870348181095,-27.109790201902165
212,212,4.458838448607418e-05,3.8149129594737465e-05,-26.51793184148046,-27.185100493698222
213,213,4.085743925897237e-05,3.9646079370102504e-05,-26.89700950618424,-27.0179443689408
214,214,4.3348291441849216e-05,3.961680790541179e-05,-26.64013601417725,-27.02115203310931
215,215,4.472569737080232e-05,3.8626530926864544e-05,-26.51416036306884,-27.13108977336414
216,216,4.3138606547613235e-05,3.914706499735506e-05,-26.66324838232385,-27.072954760465834
217,217,4.438982139936812e-05,3.947311099756533e-05,-26.541144177084902,-27.03693327139591
218,218,4.2538411725752326e-05,4.395615226377757e-05,-26.727587177123677,-26.56975013863386
219,219,4.197759830576521e-05,4.293978236091789e-05,-26.77893604201538,-26.671348440745362
220,220,4.077796824013913e-05,4.335569467098379e-05,-26.909617484362236,-26.629485338287267
221,221,4.254763019527729e-05,4.313307774856711e-05,-26.719772324402644,-26.65184234759378
222,222,4.339529605954105e-05,3.7260897634520295e-05,-26.64245308466405,-27.287413699033923
223,223,4.291767489815253e-05,4.127537632532614e-05,-26.682723481877403,-26.84303641368825
224,224,4.283205478564061e-05,3.985190414823592e-05,-26.693457073150242,-26.9954560588838
225,225,4.209549490379808e-05,4.0314466260545155e-05,-26.76743189614382,-26.945337685970664
226,226,4.0039983948950116e-05,4.239947118453289e-05,-26.98971820577242,-26.726342429600905
227,227,4.063367144873464e-05,4.2026685964389654e-05,-26.921958139303523,-26.76469538126682
228,228,4.1730261690429765e-05,3.778000111771306e-05,-26.80364019881326,-27.227327165366262
229,229,4.0426901334998095e-05,4.210929680419596e-05,-26.942118716388137,-26.75616693904217
230,230,4.019498395529208e-05,3.586313581955006e-05,-26.968967392268123,-27.453464220173668
231,231,4.003471834967621e-05,3.517215803807822e-05,-26.991597277278167,-27.537956670772026
232,232,4.402057460463335e-05,4.0765069857834056e-05,-26.574448557122707,-26.89706492073297
233,233,4.353687713727098e-05,4.1379438890113595e-05,-26.610921575934267,-26.83210085683756
234,234,3.821664861404606e-05,4.1684176865505595e-05,-27.18134081625463,-26.800234530356608
235,235,3.929249680705774e-05,3.7446245570256574e-05,-27.060783187510435,-27.265864019196396
236,236,4.2796595424960356e-05,3.644338061061908e-05,-26.69505141508583,-27.383760261837487
237,237,4.083839952183609e-05,4.098423855075931e-05,-26.901293702681002,-26.87377812263094
238,238,4.201742813540815e-05,3.7726670454599354e-05,-26.77525242775621,-27.23346204486119
239,239,4.588108875152064e-05,4.103227212525733e-05,-26.3937475178202,-26.86869116670861
240,240,3.907333034616967e-05,3.773238428326103e-05,-27.090434697809485,-27.232804341349883
241,241,4.038993142550924e-05,4.085245008785645e-05,-26.946707986837314,-26.8877657491212
242,242,4.2750531243542614e-05,3.569871612279186e-05,-26.697866569026864,-27.473420856490435
243,243,3.9852758941988306e-05,3.626187083826057e-05,-27.004907667281945,-27.40544476323057
244,244,4.164484906460089e-05,3.800278529141858e-05,-26.818472875941126,-27.201792549761304
245,245,4.104927219740012e-05,4.1105673421713474e-05,-26.877139852271355,-26.8609291545743
246,246,3.895043808126464e-05,3.990598088421393e-05,-27.10691305392149,-26.989566927890984
247,247,3.838485506478428e-05,3.854600110667219e-05,-27.1645611382286,-27.140153534345124
248,248,4.3086259558043184e-05,4.074721101987004e-05,-26.660926685203236,-26.898967945607637
249,249,4.25382403281941e-05,4.048671029235457e-05,-26.72269203969597,-26.926821929380203
250,250,4.1367250485132696e-05,3.4913394636915705e-05,-26.840710231282298,-27.570026055573326
251,251,4.1074298734980106e-05,3.975569186303275e-05,-26.875692205016005,-27.005953671421572
252,252,4.1919221600728256e-05,4.1345033567172084e-05,-26.78699520989229,-26.835713341104736
253,253,4.299918337264242e-05,4.2309414263735035e-05,-26.67399824166398,-26.73557670019435
254,254,4.189090902128583e-05,3.828917607805986e-05,-26.785252627182622,-27.16918661846609
255,255,4.037904024520798e-05,4.142193163141584e-05,-26.948300984503483,-26.82764335460726
256,256,3.8311960273971376e-05,3.764207260821039e-05,-27.181048238414963,-27.24321154891402
257,257,3.931908385939752e-05,3.9320294921421204e-05,-27.06459832234893,-27.053779163778522
258,258,3.80055195078573e-05,4.033133432370194e-05,-27.21656913820805,-26.943520925072228
259,259,3.74248383261297e-05,3.658939117725056e-05,-27.275295115977414,-27.366394997909907
260,260,3.931656815954748e-05,3.467497337719818e-05,-27.05831334279534,-27.59978546668751
261,261,4.011210886656232e-05,3.814498718144789e-05,-26.976359490007606,-27.185572096833877
262,262,4.123910777294797e-05,3.566181399755327e-05,-26.85322526121352,-27.47791252457731
263,263,4.081343697705342e-05,3.56619052342323e-05,-26.902193187244023,-27.477901413663105
264,264,3.9977841345145076e-05,3.635932673779806e-05,-26.999448794402095,-27.393788501362625
265,265,3.986719256664804e-05,3.459691259578042e-05,-26.998431923425535,-27.609573385840132
266,266,3.910684910769089e-05,3.2351722534497784e-05,-27.08208202128704,-27.90097273783498
267,267,3.616801493934094e-05,3.678781300358854e-05,-27.425026833889973,-27.342907127181086
268,268,3.6833432167225405e-05,3.49685434278064e-05,-27.340777941125232,-27.563171402939798
269,269,3.851343453132677e-05,3.2726059065393396e-05,-27.148072792697082,-27.85100973086155
270,270,3.635817254164686e-05,3.2535777216636284e-05,-27.402792304107095,-27.876334973240105
271,271,3.262916000953878e-05,3.433527624445943e-05,-27.87935415598531,-27.642541371104844
272,272,3.692570142672978e-05,2.8963832798916356e-05,-27.33930837748332,-28.381386512304214
273,273,3.117492661592983e-05,2.830110942771793e-05,-28.071151349226085,-28.48191222397471
274,274,3.0073722540429426e-05,2.5167637192536956e-05,-28.2280479484206,-28.99152238277198
275,275,2.6142119904105448e-05,2.1162758768791957e-05,-28.841208444613827,-29.744224014619256
276,276,2.3053947362060762e-05,2.3520851946638065e-05,-29.385589091839385,-29.285416347410433
277,277,2.3074092866605945e-05,2.0054754330837904e-05,-29.381517765419225,-29.97777336693919
278,278,2.256366431857273e-05,2.3503271701261646e-05,-29.477855622576698,-29.2886636185219
279,279,1.900891272936823e-05,1.690831978569469e-05,-30.224189114410102,-30.718942299596222
280,280,2.3325480160377822e-05,2.5411360088343682e-05,-29.322396016290128,-28.949667726212923
281,281,2.761694377019837e-05,1.963379772381526e-05,-28.590292326267587,-30.069903705857545
282,282,2.0031591419087208e-05,1.963562030332947e-05,-29.98922753902797,-30.06950057473609
283,283,2.2449993382944047e-05,1.3323117520102593e-05,-29.49989913853113,-31.753888242506964
284,284,1.6338703470367917e-05,9.750795530444042e-06,-30.88118552181526,-33.10954633386477
285,285,1.3005934479880716e-05,9.844695293730566e-06,-31.86304387230674,-33.067924042742945
286,286,4.5740413898530865e-05,4.694923298206719e-05,-26.409542918511903,-26.283661814567157
287,287,5.495121581823452e-05,5.514477446635474e-05,-25.610929662364015,-25.584903181067823
288,288,5.076742159947093e-05,4.7476833826390486e-05,-25.947978532228497,-26.235129343054254
289,289,5.445797850154928e-05,4.8473167656706404e-05,-25.65663725593398,-26.144932817570144
290,290,5.262271958796641e-05,5.214790555902781e-05,-25.79998917603552,-25.827578126326188
291,291,4.9571453197019114e-05,5.133218665402015e-05,-26.051965010026805,-25.896049181929868
292,292,5.467432440371378e-05,5.064998674099211e-05,-25.62694662214938,-25.954153469629947
293,293,5.399603064360395e-05,5.437521806590283e-05,-25.675649889585912,-25.645936713139395
294,294,5.623362237211322e-05,4.5670886768340624e-05,-25.513938713797288,-26.403552388073848
295,295,4.715293332467518e-05,4.897716002903364e-05,-26.272216077315793,-26.10001084286745
296,296,4.7956262597395346e-05,4.918628627293449e-05,-26.200500918265472,-26.08150649841544
297,297,4.738325293784356e-05,4.378536763588751e-05,-26.251255706108317,-26.58665682437199
298,298,4.319450487958786e-05,4.378599097483522e-05,-26.65318280211732,-26.58659499761273
299,299,4.6139530203402395e-05,4.0583200691463916e-05,-26.374122511665693,-26.916483872468817
300,300,4.053992967980316e-05,3.5461638521825845e-05,-26.9390479187259,-27.502358844599335
301,301,4.298864876114543e-05,3.764186313722013e-05,-26.677924402021915,-27.243235716644968
302,302,4.042978328930216e-05,3.5224115555664816e-05,-26.9443978829314,-27.53154585777676
303,303,3.967042323789972e-05,4.037912424935616e-05,-27.024794690788983,-26.93837787328075
304,304,3.800196593390903e-05,3.5262513656083395e-05,-27.208898554444954,-27.52681415618642
305,305,3.928989129226184e-05,3.4120873590980315e-05,-27.05820611004386,-27.669745411646378
306,306,3.5932944932206626e-05,3.628221910682776e-05,-27.462912514311334,-27.403008412869436
307,307,3.716811729130304e-05,3.9604578073761476e-05,-27.306011215660643,-27.02249292064287
308,308,4.029936330552278e-05,3.463757605602854e-05,-26.959184073948993,-27.604471905703463
309,309,3.57301816395718e-05,3.563521663875834e-05,-27.485204867040885,-27.481152796041798
310,310,3.5173196995378225e-05,3.8551169621457936e-05,-27.541129292782788,-27.139571241264004
311,311,3.945072625093726e-05,3.451806218148895e-05,-27.058957822138744,-27.61948276214821
312,312,3.8591088754795224e-05,3.458428019305422e-05,-27.147460048558905,-27.61115941887512
313,313,3.541998027226187e-05,3.6781425143616566e-05,-27.518437211623144,-27.34366130444698
314,314,3.553126666280225e-05,3.570032324779803e-05,-27.505240176412016,-27.473225345310404
315,315,3.736710149280849e-05,3.4286104652748785e-05,-27.28676185133763,-27.648765365528195
316,316,3.438214795452725e-05,3.33035241055768e-05,-27.651733438995613,-27.775044909473387
317,317,3.4704891000616304e-05,3.464558568865821e-05,-27.617113140739747,-27.603467754281663
318,318,3.200611601791887e-05,3.3100812384203126e-05,-27.953667837842332,-27.80156030293506
319,319,3.8189170767903293e-05,3.1665847066171027e-05,-27.19513096257774,-27.994035730095224
320,320,2.8505182915078248e-05,2.917211866971277e-05,-28.452916323986837,-28.35026711403154
321,321,3.246199000771121e-05,3.517555428276721e-05,-27.895727839541014,-27.537537333659245
322,322,3.392420785999515e-05,3.085473154466232e-05,-27.7043543136625,-28.106729108359694
323,323,2.8230266979307154e-05,2.9012526163952363e-05,-28.495358407559316,-28.374091378532036
324,324,2.532806561670366e-05,2.98963321160715e-05,-28.973301610582098,-28.24376773558319
325,325,2.8917611360288292e-05,2.503535568776945e-05,-28.406602732443922,-29.014409169888378
326,326,2.6151530187938258e-05,2.286283056731152e-05,-28.83030521019805,-29.408646850978947
327,327,2.1346107657627352e-05,2.2064699781989666e-05,-29.717275494294682,-29.562966602705497
328,328,2.5165654829534198e-05,2.0226953629868437e-05,-29.00178510175945,-29.940642041231666
329,329,2.3040606924247916e-05,2.038286158111939e-05,-29.38581753581111,-29.907295277535106
330,330,1.7836663758869916e-05,2.0617007425914236e-05,-30.490373277500503,-29.85769055618541
331,331,1.7842672485636923e-05,1.4782902302326156e-05,-30.497504029665183,-31.302349762365278
332,332,1.697932605134859e-05,1.3332545593488918e-05,-30.71756509335191,-31.75081605450702
333,333,1.888458867133241e-05,1.3259850316229093e-05,-30.253840018047025,-31.774560614061645
334,334,2.9013326331888613e-05,4.4581869492264415e-05,-28.387074744977234,-26.508364067775844
335,335,3.245338026205253e-05,2.908891005254669e-05,-27.888685759996154,-28.362672342241527
336,336,2.501775071726387e-05,2.6565758210046242e-05,-29.03010442184617,-28.75672467402772
337,337,3.14156096164973e-05,2.940124652109501e-05,-28.046579774581804,-28.31628939437803
338,338,3.619317017042122e-05,2.9131237935967203e-05,-27.43370590361364,-28.356357425473302
339,339,3.456950698537841e-05,3.33703217046078e-05,-27.62424046379821,-27.766342895057715
340,340,3.524029822055474e-05,3.3177338417245715e-05,-27.540229569563124,-27.791531402538943
341,341,3.105237673358697e-05,3.020284073404343e-05,-28.09321408730231,-28.199468904409784
342,342,3.191952834368777e-05,3.051090884822004e-05,-27.969296602129123,-28.155395385246052
343,343,3.6858768776865056e-05,3.312745138828177e-05,-27.34357370751347,-27.798066576106155
344,344,3.458053002365896e-05,3.411863838808035e-05,-27.61775588001035,-27.670029920212627
345,345,3.2006220150374105e-05,3.395635317965092e-05,-27.96366573760945,-27.690736409455184
346,346,3.419580134129891e-05,3.00692650183153e-05,-27.674415013225694,-28.21871870181073
347,347,3.091020987563546e-05,2.8976301588332526e-05,-28.11242464032414,-28.379517297957264
348,348,2.9307742347414533e-05,2.8582872370239592e-05,-28.345570535139856,-28.43888812894482
349,349,2.6309090032752004e-05,2.6961122928600833e-05,-28.79538191138051,-28.692567064007367
350,350,2.9106663734318757e-05,2.522449640788469e-05,-28.366303017182567,-28.981721784072914
351,351,2.5069652724830786e-05,2.493721204269892e-05,-29.013918251199783,-29.03146784836924
352,352,2.8042953160656533e-05,2.1936286477859157e-05,-28.530756628010664,-29.588315738013584
353,353,2.5870895757348597e-05,2.3285754028428957e-05,-28.881119386185535,-29.329043773530962
354,354,2.575788586497212e-05,2.347745136208495e-05,-28.899508001412176,-29.293437334728534
355,355,2.2702757862659673e-05,2.3441964314866038e-05,-29.44743568738671,-29.30000682477978
356,356,2.4613952429774015e-05,2.0639445713306104e-05,-29.093590771331556,-29.85296653140044
357,357,2.1945582075298345e-05,1.7166346986797227e-05,-29.603253567972125,-30.653167962122932
358,358,1.8141613202143283e-05,1.2710125773944464e-05,-30.426593807519144,-31.95844834804054
359,359,1.5851595822148494e-05,8.025197386910135e-06,-31.008467102320303,-33.95538959901312
360,360,1.1284970183230153e-05,1.1855355978696025e-05,-32.47960936269364,-32.26080083976668
361,361,3.1368753623835275e-05,3.2455932772503924e-05,-28.052047740186854,-27.887005878482803
362,362,3.177125601967456e-05,1.9526345161131375e-05,-27.985612780176833,-30.093737210396046
363,363,2.2835584636642623e-05,8.185827853498937e-06,-29.429052802582987,-33.86932075701229
364,364,1.3486867627171264e-05,6.67171149727533e-06,-31.70876969129605,-34.757574249950956
365,365,8.766298386963735e-06,7.262244217168987e-06,-33.575368536707984,-34.3892383354892
366,366,1.0282185579028723e-05,7.2760411680256335e-06,-32.890396351159495,-34.38099535323347
367,367,9.52389604508332e-06,6.980398857673495e-06,-33.21879476079756,-34.561144441962604
368,368,1.3213210122651702e-05,1.104285401628371e-05,-31.80429251049095,-32.5691335202906
369,369,8.317483054701576e-06,6.3491260047349466e-06,-33.8105470371558,-34.972807368041316
370,370,9.18334708752734e-06,6.116882774988067e-06,-33.3873490939311,-35.134645252888475
371,371,6.958070922881177e-06,5.534145023040382e-06,-34.5863987721588,-35.56944147269567
372,372,6.643861858963683e-06,5.692580783177523e-06,-34.78620830851631,-35.44685480585078
373,373,2.3660346123881364e-05,2.4570328485807342e-05,-29.274777186013562,-29.095837202792318
374,374,2.837612083501731e-05,2.369361170981153e-05,-28.473215237429372,-29.25363415997211
375,375,2.309772711781726e-05,1.812356142756088e-05,-29.37865103963745,-30.41751138837823
376,376,1.788343335422339e-05,1.8864830340853107e-05,-30.483245418912116,-30.243417792045477
377,377,1.941780621011051e-05,1.3087053718520206e-05,-30.124246374995355,-31.831527979030522
378,378,1.6352222295721468e-05,1.0186035703889884e-05,-30.87396287399944,-32.91989488847735
379,379,8.541392443729228e-06,7.878676127036574e-06,-33.68355263583002,-34.035414349008384
380,380,8.630708266865281e-06,6.5692687904198755e-06,-33.65064742808753,-34.82477650999987
381,381,8.200833809899722e-06,5.132984393927281e-06,-33.86932861730826,-35.896247391157125
382,382,9.091903514428813e-06,4.796033647979034e-06,-33.41828184551619,-36.19112461613287
383,383,5.789909790006821e-06,6.123494358689641e-06,-35.3872816333374,-35.12995360888743
384,384,7.760957149790538e-06,4.845237359213091e-06,-34.110721653155295,-36.146796257799345
385,385,8.834395745588594e-06,3.045829065453482e-05,-33.54484312808544,-28.162891562668445
386,386,2.8480351496928614e-05,2.2011065275843355e-05,-28.475217917245526,-29.573536212342766
387,387,3.8171646380207453e-05,6.422014398834251e-05,-27.196426484325748,-24.923234080052964
388,388,5.718006221605279e-05,5.4621469452716776e-05,-25.441430447950204,-25.626313034136274
389,389,4.413774663542839e-05,5.190096070643784e-05,-26.561947312477532,-25.84819286092758
390,390,4.843515379781314e-05,5.089497158463162e-05,-26.155079857828106,-25.93319806742713
391,391,4.9445716520251116e-05,4.2136176010612157e-05,-26.05417527467115,-26.75339563489239
392,392,4.1382312655017454e-05,4.662032724330569e-05,-26.83722360651614,-26.314193653208584
393,393,4.0953251187864826e-05,4.272551862078743e-05,-26.886324027565042,-26.693073398922948
394,394,4.297136557707023e-05,4.201566207484575e-05,-26.67630659527843,-26.765834715075826
395,395,3.920973586460117e-05,3.6119954960380905e-05,-27.081423484490458,-27.42247482870738
396,396,2.9946661967543834e-05,3.144370528293381e-05,-28.24056840123994,-28.02460965924306
397,397,3.156172842582893e-05,2.6473846662012972e-05,-28.02426672860527,-28.77177633898093
398,398,2.723159682599797e-05,2.6038945873695314e-05,-28.662019585319193,-28.84371284123325
399,399,2.5107996140091535e-05,2.456708192479901e-05,-29.016071478039834,-29.096411088766914
400,400,2.2167502863536804e-05,1.9798748852688158e-05,-29.557185871342444,-30.033569363226377
401,401,1.912743808827951e-05,2.2095182956897924e-05,-30.198469651604395,-29.55697080926801
402,402,2.3266938602393996e-05,1.4815291945667827e-05,-29.33979491965381,-31.29284468994683
403,403,2.219331648205101e-05,1.465333688381514e-05,-29.54831904015899,-31.340581487102355
404,404,1.9769546558573265e-05,1.3518021636340755e-05,-30.046464437814116,-31.690815457505963
405,405,1.6303662374111902e-05,1.4287436502663217e-05,-30.890141376892316,-31.450403696886433
406,406,1.5082091184800429e-05,1.4363853384374556e-05,-31.22465278395744,-31.427237194521716
407,407,1.4569404729439898e-05,1.1923849043389629e-05,-31.383417317144293,-32.235782137685135
408,408,1.4307632403232646e-05,1.2627732052064139e-05,-31.456501306267842,-31.986693249506878
409,409,1.222018971995717e-05,1.1101761126490983e-05,-32.14112871854602,-32.54602804468254
410,410,1.3338804756506189e-05,8.850439407500457e-06,-31.75886468754357,-33.53029849841999
411,411,1.317175178648784e-05,8.161808253996577e-06,-31.804061442265667,-33.8820829532828
412,412,1.1889732815651554e-05,7.603109524049949e-06,-32.26349062983211,-34.190034363553075
413,413,1.2446145746318657e-05,8.600998769811427e-06,-32.06385900942226,-33.654457974213166
414,414,3.255300998482442e-05,4.112425363258042e-05,-27.878534393930934,-26.85896653987221
415,415,3.3819550012172914e-05,2.8594668899466724e-05,-27.71899380677813,-28.437096107984186
416,416,2.494975916709608e-05,1.7135916885691633e-05,-29.034816498868917,-30.660873359358423
417,417,1.8167412634415386e-05,1.3508595681119723e-05,-30.40954856325561,-31.693844797402303
418,418,1.4098952521738648e-05,9.930380596606961e-06,-31.521170987420597,-33.03028789174592
419,419,1.352514295456448e-05,8.275518583008976e-06,-31.69807840833368,-33.8219946473075
420,420,1.3602097856305263e-05,7.843020703627476e-06,-31.679167049091404,-34.05511321529734
421,421,1.2398060367634093e-05,6.85344876297964e-06,-32.08269543644599,-34.64085512673363
422,422,9.986092648657562e-06,7.409101355829319e-06,-33.0158725514509,-34.30229147039085
423,423,8.950239924667313e-06,7.477879212034934e-06,-33.4968453416445,-34.26216237126052
424,424,8.320819336770056e-06,6.694235241268057e-06,-33.81118399823735,-34.74293713193954
425,425,1.0037590980048372e-05,8.023649127751828e-06,-33.003476509307646,-33.95622754136677
426,426,7.74527452285463e-06,7.43821796708002e-06,-34.11382969412011,-34.28525782339618
427,427,9.095083629459228e-06,6.397811591197847e-06,-33.41710643460146,-34.93963236548889
428,428,8.086983441280234e-06,6.200688619030284e-06,-33.92925310153819,-35.07554760111712
429,429,9.066768827849337e-06,6.522134550610453e-06,-33.441413288968526,-34.85604928981706
430,430,1.0719301957878903e-05,7.291943587149849e-06,-32.70711527366918,-34.3715138281855
431,431,1.0827680426635047e-05,6.3596314463977345e-06,-32.670292292328725,-34.96562734843538
432,432,7.752613861466858e-06,6.440689084660048e-06,-34.11377692011301,-34.91062348273288
433,433,9.441757327098007e-06,6.679925586707357e-06,-33.25162021099249,-34.75223058438873
434,434,7.2878803337647994e-06,6.0670298999435835e-06,-34.37541521862484,-35.17018547702438
435,435,9.047661365002568e-06,2.801231905897638e-05,-33.44804822409443,-28.526456186734137
436,436,2.5719897982441778e-05,1.4326099493413685e-05,-28.906858766323474,-31.438667200035383
437,437,1.7581038775329644e-05,1.065403799465888e-05,-30.567816606249444,-32.72480441729076
438,438,1.4025244909885024e-05,8.429968339011171e-06,-31.532736146528677,-33.741687394516106
439,439,1.219882274058692e-05,9.115534579139325e-06,-32.149720505290645,-33.40212540099253
440,440,1.074155809021118e-05,7.062935729233064e-06,-32.70302334190231,-34.51009428661792
441,441,9.35312075468864e-06,8.75527482429262e-06,-33.301526985130366,-33.57724900021442
442,442,1.1218860218204353e-05,7.534381486613328e-06,-32.51460059675174,-34.22947077013885
443,443,1.0999376367105947e-05,9.482690098880803e-06,-32.59696264677845,-33.230631252352005
444,444,9.605209915835731e-06,7.373802585980708e-06,-33.183607277412015,-34.32303176628827
445,445,1.1240605240298877e-05,7.251206421929773e-06,-32.49838678682466,-34.39584414496646
446,446,7.803413703270766e-06,6.744423468549748e-06,-34.0809310806311,-34.71049852036258
447,447,1.0694730716159497e-05,6.359476892133611e-06,-32.71592770063833,-34.9657328936706
448,448,1.023820540744167e-05,6.390921307205358e-06,-32.91075157713718,-34.94431212951243
449,449,1.0447977943681273e-05,6.730536298212093e-06,-32.82234033296955,-34.71945012198
450,450,1.071076074194278e-05,5.631426706474342e-06,-32.70943572575691,-35.493762468666475
451,451,8.51703526143293e-06,5.943402620208585e-06,-33.71131389813877,-35.25959531576581
452,452,8.160959382199582e-06,6.0378203167936974e-06,-33.89561239861725,-35.19114498528011
453,453,7.950542851045311e-06,6.74440205952315e-06,-34.00167413568931,-34.71051230632503
454,454,8.53419078339357e-06,5.961606838785596e-06,-33.69563175781297,-35.24631351558821
455,455,6.7891123270567625e-06,5.636545761502164e-06,-34.696319225961,-35.489816457065174
456,456,1.0896260070610166e-05,6.262066227990497e-06,-32.64017790324255,-35.03277026541102
457,457,9.623904506764861e-06,6.0137507609014345e-06,-33.178595076893586,-35.208492581103755
458,458,9.804184615700016e-06,8.864487235290366e-06,-33.10047009868636,-33.52341063995607
459,459,8.54857266178967e-06,5.2257291109095894e-06,-33.68584887071167,-35.81847789766085
460,460,7.381890049680468e-06,5.140168660115083e-06,-34.324523762467905,-35.89017313595212
461,461,7.587905289846717e-06,5.5914306358317845e-06,-34.20588498676497,-35.524717413180184
462,462,7.179605373944328e-06,5.14716720987819e-06,-34.45171683862297,-35.88426406085093
463,463,6.866812489383894e-06,4.722603451132033e-06,-34.639117916046466,-36.25813202822033
464,464,6.925909255206187e-06,5.160599830321046e-06,-34.6107685838305,-35.87294499200628
465,465,7.072668699244609e-06,5.125618516007978e-06,-34.52088085119406,-35.90248403119974
466,466,6.3312112470344966e-06,6.357472246140548e-06,-34.99010888797557,-34.967102100530994
467,467,8.417746601518262e-06,6.026472132553433e-06,-33.753590553018284,-35.19931530321536
468,468,7.189025070344082e-06,6.544980782277171e-06,-34.4408213517563,-34.84086307281001
469,469,8.384152506644653e-06,5.938972507417355e-06,-33.77392434369931,-35.26283368117327
470,470,5.50081687351005e-06,1.3954919220276152e-05,-35.60345452366604,-31.55267356104726
471,471,1.3501785932809052e-05,8.964766673096547e-06,-31.709659374070114,-33.474556923527615
472,472,9.356724533682074e-06,6.1800926088931435e-06,-33.298608117913396,-35.08999699916126
473,473,9.54042359845732e-06,5.220225255853668e-06,-33.21484501034787,-35.823054394967365
474,474,6.2066270008481575e-06,5.2138361513099974e-06,-35.083337825210656,-35.828373039522226
475,475,5.552002848556176e-06,4.82796455894698e-06,-35.55287292968407,-36.16230609596642
476,476,6.304541183378683e-06,4.4272294177828465e-06,-35.019936625621746,-36.53862655391113
477,477,8.394883159959023e-06,4.964148430237976e-06,-33.77676172139949,-36.04149924352644
478,478,7.03216784652036e-06,4.8206743186758676e-06,-34.539558855410746,-36.16886891122803
479,479,6.654036148818742e-06,5.235615252499165e-06,-34.77530863881391,-35.81026958739281
480,480,1.2398211676610895e-05,7.045576574838426e-06,-32.07836797373395,-34.52078143577443
481,481,8.505338457522607e-06,6.129000607152672e-06,-33.70321453047764,-35.12605018596642
482,482,7.33354947334595e-06,5.786184852982651e-06,-34.35585463951886,-35.37602378901303
483,483,0.0006463514496024649,0.0002088311256987876,-14.896976895801636,-19.801994534310037
484,484,0.00015174365488718715,0.00011815071737050618,-21.191553739053994,-22.2755832010788
485,485,0.00011440967991990133,9.891623094996536e-05,-22.41644678215255,-23.04727123086147
486,486,9.287000029496656e-05,8.57770160349135e-05,-23.33776222335844,-23.666237488099302
487,487,9.274368269486622e-05,8.24352100607939e-05,-23.34412026809586,-23.838819340292446
488,488,7.810585498425764e-05,7.661103939570144e-05,-24.085964055382057,-24.157033284402342
489,489,7.807230295585804e-05,7.3554241297595e-05,-24.088122025257505,-24.33386962820594
490,490,7.36142533288827e-05,6.771842048405425e-05,-24.335059462116448,-24.692878632307334
491,491,7.451691148087343e-05,6.844543780684227e-05,-24.28865573100699,-24.64650177196991
492,492,7.699714266900909e-05,6.93026086082682e-05,-24.14338625053379,-24.592451008432057
493,493,7.190703531095911e-05,6.328441955510673e-05,-24.437890017103708,-24.986978818654592
494,494,6.472065979323816e-05,6.279593971588551e-05,-24.901215815002335,-25.020631191062463
495,495,6.543282017315206e-05,6.371517424428787e-05,-24.853524432198565,-24.95751807845027
496,496,6.979008684510584e-05,6.236503596530958e-05,-24.568310128432422,-25.050535058377395
497,497,6.242289271671624e-05,6.05157154878773e-05,-25.053765650923403,-25.181265105768574
498,498,5.507279969531306e-05,5.73266265028475e-05,-25.60329270901925,-25.416382973502113
499,499,6.389464993544701e-05,5.658665989023192e-05,-24.96110110191112,-25.47280623141505
500,500,6.0561117325707206e-05,5.486634185409026e-05,-25.193896952628073,-25.606886778604192
501,501,5.573109890824573e-05,5.042743865296392e-05,-25.546874794467044,-25.973277732519083
502,502,6.34829034471792e-05,5.160437496287111e-05,-24.98215223064077,-25.873081607683442
503,503,5.490288616052454e-05,4.877748219051251e-05,-25.615714423641922,-26.117753039466592
504,504,5.3742288138291955e-05,5.2044716109154056e-05,-25.702547882611224,-25.836180390595047
505,505,5.887686435841912e-05,4.847520358453039e-05,-25.307312482224166,-26.144750412810104
506,506,5.206502544414312e-05,4.9026021818127974e-05,-25.841269203202604,-26.095680288136897
507,507,5.822208249904263e-05,5.130806752468312e-05,-25.359170569617298,-25.898090253448252
508,508,5.3546898531758694e-05,4.725916388499747e-05,-25.729388855742204,-26.25508649198593
509,509,5.527839040069855e-05,4.84663010674443e-05,-25.582325230590392,-26.145548071990305
510,510,5.262772532491392e-05,4.981102095993456e-05,-25.807153689814463,-26.026692395577435
511,511,4.994574884062551e-05,4.8240894198227723e-05,-26.02576630450767,-26.16579333636598
512,512,4.7873844834480836e-05,4.476638567116185e-05,-26.200461387548735,-26.490426510497475
513,513,4.857582110527857e-05,4.3772645241053974e-05,-26.14785056654889,-26.587918905529413
514,514,4.502969347610355e-05,4.358076962250236e-05,-26.473409153295975,-26.60699787490849
515,515,4.530936825851557e-05,4.330390852134626e-05,-26.453647389080054,-26.634675863255126
516,516,4.463466298007334e-05,4.183549897693171e-05,-26.516643073152114,-26.784497297368063
517,517,4.531395445587101e-05,3.921727473329826e-05,-26.439144933727626,-27.065172723595627
518,518,3.7550766020225656e-05,3.753521569275395e-05,-27.272594551067005,-27.255557671270445
519,519,3.9861677972103e-05,3.7086223049922604e-05,-27.00621282253081,-27.307820769839584
520,520,4.2129829416433154e-05,3.810507558610927e-05,-26.76117993410378,-27.190118555308374
521,521,3.908435995719028e-05,3.422731558538018e-05,-27.08673975454296,-27.656218437855294
522,522,4.190458140591236e-05,3.5633253135433495e-05,-26.79244882412057,-27.48139209924617
523,523,3.8904697187708456e-05,3.6435150210117605e-05,-27.11614441774075,-27.38474118653413
524,524,3.618202481213546e-05,3.4214835738423156e-05,-27.43492979703467,-27.657802236325587
525,525,3.700686311182751e-05,3.33789057070757e-05,-27.32700394013975,-27.765225882900552
526,526,3.8744844112949705e-05,3.3453193617261655e-05,-27.1276238473132,-27.755570988596862
527,527,3.3835092723428406e-05,3.260568882978987e-05,-27.714247688002747,-27.867013033985877
528,528,3.454066962749306e-05,3.022654364988404e-05,-27.627296789359338,-28.196061937356433
529,529,3.361625305242529e-05,2.8606871829221125e-05,-27.752077736207244,-28.43524312812795
530,530,3.468627785868821e-05,2.8255250837996993e-05,-27.600787356436346,-28.488955158397957
531,531,3.268139629156947e-05,3.1805881103776445e-05,-27.864665514750474,-27.974872518303595
532,532,3.179566305540724e-05,2.6925409225728608e-05,-27.98610975041771,-28.698323703277552
533,533,3.201393639249817e-05,2.8867038532840333e-05,-27.95518992716595,-28.3959245104092
534,534,3.2763653990448653e-05,3.0311290031118244e-05,-27.85444745589485,-28.18390262885941
535,535,2.8102543014422726e-05,2.8412137333744842e-05,-28.52201593461807,-28.464907777472426
536,536,2.6869732313027326e-05,2.947684553969578e-05,-28.722691960216643,-28.305136772576173
537,537,3.2177451770359167e-05,2.62186643005024e-05,-27.92735645332945,-28.813841200141823
538,538,3.1091757821356914e-05,2.7186345361865517e-05,-28.085484980471186,-28.656438533110922
539,539,2.852596799833187e-05,2.378333690438395e-05,-28.455023270072065,-29.23721895030942
540,540,3.163429943887206e-05,2.6906731076642725e-05,-28.010992219348225,-28.701337448359997
541,541,3.0184448403290553e-05,2.471295824522569e-05,-28.202804122177678,-29.070699475777886
542,542,2.8328498410232476e-05,2.441330077904001e-05,-28.483694261124086,-29.123681811772563
543,543,2.8315370780115492e-05,2.4147253689558345e-05,-28.500048277149773,-29.17126938164668
544,544,2.632529827847581e-05,2.5014514473073895e-05,-28.806054152988118,-29.01802605242274
545,545,2.61658012826131e-05,2.4923255918302427e-05,-28.828420738951053,-29.033899060197083
546,546,2.7117087549563575e-05,2.2248629312870388e-05,-28.688304799418567,-29.526914227188705
547,547,2.456748164562312e-05,2.2555547035919614e-05,-29.10633203074495,-29.467413185378692
548,548,2.657547257822631e-05,2.19531640189081e-05,-28.77125910298239,-29.58497560810811
549,549,2.1825854655054574e-05,2.0799541049966235e-05,-29.61968239034939,-29.819409307805977
550,550,2.441932478524398e-05,2.4386147359971227e-05,-29.132132966035094,-29.128514891544217
551,551,2.3724275338609753e-05,2.2560113273740218e-05,-29.258541547571063,-29.46653407072905
552,552,1.744553285264083e-05,2.1148581421776296e-05,-30.590007257075584,-29.74713441347669
553,553,2.3437223846260693e-05,2.085635225356734e-05,-29.31200586812322,-29.807563297277923
554,554,2.087810957370315e-05,2.1278499101945752e-05,-29.805780908020335,-29.720536916191357
555,555,2.189374943311085e-05,2.0093288017769257e-05,-29.600196777158203,-29.969436734933524
556,556,1.8609812242203524e-05,1.9704215422902244e-05,-30.314643231049388,-30.05435536044779
557,557,2.2872018087245003e-05,1.7957765031066008e-05,-29.41645767565339,-30.45742398249567
558,558,2.0844043558906013e-05,1.8508303295866906e-05,-29.816309946009,-30.326280752940438
559,559,1.8993998760238683e-05,1.7722147827283296e-05,-30.221807029414563,-30.51478328116844
560,560,2.0615536367089234e-05,1.736151470092744e-05,-29.862366007470065,-30.60407070566089
561,561,1.9921316656221926e-05,1.6212397703815152e-05,-30.00777827085381,-30.901474341599993
562,562,1.8219424711937744e-05,1.6452509522710706e-05,-30.406337031683883,-30.837625321292435
563,563,2.0656208271623082e-05,1.7641238652064012e-05,-29.85936997203033,-30.534656077947247
564,564,1.9458203393331077e-05,1.7132493834843015e-05,-30.128235224655352,-30.661740987630942
565,565,1.8762336303927778e-05,1.706648759193884e-05,-30.268884628636123,-30.678505336429534
566,566,2.0283337888256412e-05,1.5277672458212594e-05,-29.94526518865436,-31.15937488125976
567,567,1.773269698872158e-05,1.571684441315531e-05,-30.526327079200044,-31.036293290234553
568,568,1.8698738297634637e-05,1.4418789963823847e-05,-30.296892237029734,-31.410658673922732
569,569,1.920814839678249e-05,1.5862832673232524e-05,-30.17195388603376,-30.996139398061437
570,570,1.722299180542417e-05,1.6684344401303525e-05,-30.654276377057638,-30.776855369181128
571,571,1.8332766669502853e-05,1.5096257823786704e-05,-30.37255849350352,-31.211253785848932
572,572,1.7416560861410917e-05,1.4605569946836208e-05,-30.601784477415794,-31.3547617404506
573,573,1.5244836292142806e-05,1.3084717585642417e-05,-31.17211094665878,-31.83230329500644
574,574,1.5154358597729443e-05,1.3550199570856517e-05,-31.205875346358006,-31.680489913115597
575,575,1.3318253043029678e-05,1.4239055632826517e-05,-31.758771457197366,-31.46513496131665
576,576,1.4916846089832201e-05,1.5997427094828853e-05,-31.26671386457786,-30.959445433381756
577,577,1.3875372864389384e-05,1.2647652642714858e-05,-31.5930398687094,-31.97984753420588
578,578,1.5649710330200325e-05,1.1042684443389972e-05,-31.067887123308182,-32.56920021060215
579,579,1.5390532996310322e-05,1.1198789850727495e-05,-31.13993992579463,-32.50823587938853
580,580,1.2776779573128412e-05,1.1881349062030877e-05,-31.942143483957057,-32.251289277691924
581,581,1.1605507135061192e-05,1.159995426142383e-05,-32.36668747075099,-32.35538406162168
582,582,1.31939997333678e-05,1.1989607006207256e-05,-31.808799698414234,-32.21189734887342
583,583,1.1874552432552086e-05,1.1103217837827336e-05,-32.26132254348874,-32.545458225006485
584,584,1.2934764719230048e-05,9.512341744323893e-06,-31.893095113576386,-33.21707238436848
585,585,1.1189859668137587e-05,9.765295042023736e-06,-32.515163178672736,-33.10309313668926
586,586,1.022396142531958e-05,1.0185089961037433e-05,-32.92373152972048,-32.9202981365935
587,587,1.0733971655015208e-05,9.58623671689757e-06,-32.69987266374936,-33.1834653396998
588,588,2.121580934689303e-05,1.4208010533796991e-05,-29.740989201831958,-31.474614125510474
589,589,1.723375428050484e-05,1.1542704035156548e-05,-30.638834412248336,-32.37687122852866
590,590,1.4594949878244865e-05,1.1361619164362261e-05,-31.37615328426547,-32.445544551136656
591,591,1.266956934328452e-05,9.878178508714833e-06,-31.979875904790443,-33.053178129322845
592,592,1.0793526120530082e-05,9.377560792544451e-06,-32.673542384158,-33.279047947089964
593,593,1.1796181663214025e-05,8.859108208382263e-06,-32.290242718587166,-33.526046766224404
594,594,1.1478637556062973e-05,8.289103130951653e-06,-32.41251429407301,-33.81487139917645
595,595,8.999795555450638e-06,1.0087559303428861e-05,-33.470562609333044,-32.96208582073416
596,596,1.0304843255615891e-05,8.00385822386536e-06,-32.881334400188116,-33.966952958026596
597,597,1.0077450748006591e-05,8.861257655505477e-06,-32.97125286859795,-33.52499318410708
598,598,9.156980885348172e-06,8.955405950186296e-06,-33.38806126410904,-33.479094056915514
599,599,1.076457374203772e-05,1.071532453447856e-05,-32.6907466396887,-32.69989353939454
600,600,1.2620010048737744e-05,8.696765259006306e-06,-32.00694810001241,-33.606369351101655
601,601,1.0242229272192809e-05,7.90242552284326e-06,-32.901022280195484,-34.02234271489463
602,602,1.352298809204925e-05,8.992585220001178e-06,-31.69542999816336,-33.461101207838865
603,603,7.695214115479644e-06,1.2086770239923345e-05,-34.1443815203404,-32.17684416383869
604,604,1.1746276236783497e-05,9.077506379789587e-06,-32.30934328029202,-33.42028120158099
605,605,9.006727230643236e-06,7.472202086271289e-06,-33.46565576296382,-34.26546074062927
606,606,8.32055030331475e-06,7.756781985192088e-06,-33.810186029533426,-34.10313097786738
607,607,7.364795796721157e-06,1.004459766973971e-05,-34.3392759459287,-32.98062136940065
608,608,9.32840006048677e-06,9.951028005161788e-06,-33.321201071437706,-33.02126734495835
609,609,8.383248915454237e-06,7.603529507162564e-06,-33.77913934450437,-34.18979447313682
610,610,4.393086140029032e-05,5.000443429468616e-05,-26.588433499835187,-26.00986164548466
611,611,4.740609830085155e-05,4.428404520838644e-05,-26.256433131058557,-26.537473975158818
612,612,4.460929308480285e-05,3.959692175588938e-05,-26.51171145897672,-27.023332575604215
613,613,4.009938397617007e-05,4.126468870948118e-05,-26.97939551943778,-26.8441610972247
614,614,4.098160255678747e-05,4.354774472104557e-05,-26.891734133186525,-26.610290145702503
615,615,4.216171341279723e-05,3.76584956891173e-05,-26.76659976943169,-27.24131715324395
616,616,4.125405682794529e-05,4.40540325622638e-05,-26.854389083008343,-26.560090145047972
617,617,4.349679771227793e-05,3.928287524582916e-05,-26.629634255336367,-27.05791415218098
618,618,4.441725088758382e-05,3.9938340227021594e-05,-26.528955556007983,-26.986046706391637
619,619,4.103868253803308e-05,3.717322856812787e-05,-26.87787050170263,-27.29764400905868
