,epoch,train_loss,test_loss,train_dbs,test_dbs
0,0,0.00011162988084834069,0.0001000101179478837,-12.429051611187402,-12.91534146861368
1,1,8.930090545393411e-05,8.244627143109315e-05,-13.397281795318683,-13.75407066535519
2,2,7.553142285425715e-05,7.142290537319098e-05,-14.127216477503561,-14.377405736847544
3,3,6.651388021148789e-05,6.4128608707841e-05,-14.675866541213182,-14.845262684761412
4,4,6.0489282030588224e-05,5.855059173068424e-05,-15.089150056968126,-15.24046797780753
5,5,5.568148424703695e-05,5.423503324364949e-05,-15.45237269978646,-15.572981756318665
6,6,5.200997595201227e-05,5.133186028902664e-05,-15.745568742720979,-15.811910827602734
7,7,4.905817035457225e-05,4.841913725709004e-05,-16.00101543530068,-16.06561039508457
8,8,4.640746612363428e-05,4.6188355267268456e-05,-16.240789699077293,-16.27045588707145
9,9,4.453788368636262e-05,4.436810635716507e-05,-16.42070964325881,-16.44507193022253
10,10,4.275391065394362e-05,4.289319718066652e-05,-16.597878412166004,-16.59189667363885
11,11,4.157103947213774e-05,4.159040978074221e-05,-16.72028498805656,-16.72584886938199
12,12,4.044445507968272e-05,4.0361748305210645e-05,-16.83942865960947,-16.856081165018125
13,13,3.923316676404865e-05,3.96223926815621e-05,-16.97234638222171,-16.936373885472456
14,14,3.8145517314707417e-05,3.857124485014203e-05,-17.093587746834046,-17.053144307954142
15,15,3.738356157480235e-05,3.7818943191699584e-05,-17.179521267623386,-17.13868697525499
16,16,3.6618294617846443e-05,3.6751736938879875e-05,-17.271685595576752,-17.263002170533607
17,17,3.584299994735815e-05,3.6707327557164e-05,-17.36091085449973,-17.268253190787096
18,18,3.5391504311941315e-05,3.614933341036943e-05,-17.418085721076288,-17.33477792964734
19,19,3.4876184520154435e-05,3.5729767420745796e-05,-17.481881560729594,-17.385478971115788
20,20,3.440239469427135e-05,3.478466590566217e-05,-17.540657221559552,-17.50190249858114
21,21,3.405218667092075e-05,3.472280916053263e-05,-17.58485097663626,-17.509632329119384
22,22,3.362871926189664e-05,3.417185182211382e-05,-17.640984322504828,-17.57909571844762
23,23,3.320513941307394e-05,3.3921837759982354e-05,-17.695699621489716,-17.610987136335385
24,24,3.283435419398677e-05,3.328244623078621e-05,-17.743277520494615,-17.693628472702073
25,25,3.243423426405589e-05,3.300501004176974e-05,-17.797997676954648,-17.729982171061998
26,26,3.222203842372053e-05,3.256215696685678e-05,-17.825741088407167,-17.78864920830085
27,27,3.186751086311055e-05,3.240336541478571e-05,-17.87411843130134,-17.809879679370443
28,28,3.160168757717984e-05,3.2180993864465946e-05,-17.909104845939826,-17.839786337870954
29,29,3.140569806981654e-05,3.1888992644350144e-05,-17.937706763976692,-17.879372859908273
30,30,3.1154715074568304e-05,3.193117587024493e-05,-17.972491782074012,-17.87363174535804
31,31,3.106038543451505e-05,3.138351817860415e-05,-17.98510477480011,-17.948764587433345
32,32,3.0621193593443546e-05,3.1180322031631426e-05,-18.04676993262713,-17.97697490040839
33,33,3.0413359352153457e-05,3.14198781492642e-05,-18.074769941270443,-17.943735898761265
34,34,3.047941589608582e-05,3.092980554547945e-05,-18.066496951723977,-18.01200896709121
35,35,3.0231211510290076e-05,3.100389432419386e-05,-18.10362770486074,-18.001618383876302
36,36,2.9835097220055423e-05,3.0745419472192514e-05,-18.1610581703986,-18.037976636515097
37,37,2.9603680831286575e-05,3.058833461086339e-05,-18.192245500576576,-18.060222539656454
38,38,2.96350684685731e-05,3.024884359834495e-05,-18.18964530988652,-18.108693099330036
39,39,2.936366576081521e-05,3.0385540269076284e-05,-18.229444559687522,-18.089111236174524
40,40,2.9372944088218273e-05,3.036525288878597e-05,-18.228878365683524,-18.09201183950228
41,41,2.908961419193146e-05,3.0252262724005912e-05,-18.270523659133296,-18.108202229823895
42,42,2.9210397938702054e-05,3.016412493276508e-05,-18.25117034920745,-18.120873554615745
43,43,2.902193045883905e-05,3.006845537655815e-05,-18.281828086488016,-18.13466967461371
44,44,2.8988270153688775e-05,2.9966966490304147e-05,-18.284916811189653,-18.14935304116299
45,45,2.8887332987745975e-05,2.9817993555824567e-05,-18.300674420002437,-18.170996697779763
46,46,2.8710913293534103e-05,3.0321319699348686e-05,-18.327762663951933,-18.098299868060977
47,47,2.84174045950796e-05,2.9521063544579145e-05,-18.37001073109,-18.21446086726257
48,48,2.8630208296667707e-05,2.965144257790311e-05,-18.33839912103039,-18.19532259171163
49,49,2.8479179237956016e-05,2.9218588009060016e-05,-18.362033376304076,-18.259188615430812
50,50,2.825043261931494e-05,2.9221280592058686e-05,-18.39897351958942,-18.258788418111
51,51,2.8221129712657092e-05,2.909911467883687e-05,-18.402308078077827,-18.276983102610153
52,52,2.8093313696594986e-05,2.9098099395540838e-05,-18.42095206511596,-18.277134632864684
53,53,2.7976628995564114e-05,2.8923918235752927e-05,-18.440569608689003,-18.30320961159683
54,54,2.7779308100472225e-05,2.8472906323211072e-05,-18.46943569631381,-18.37146287051908
55,55,2.7745504151416472e-05,2.8704202984380045e-05,-18.476436873394576,-18.336325938001053
56,56,2.759874859265503e-05,2.864646625024953e-05,-18.49779817202426,-18.345070301002146
57,57,2.7562743610163586e-05,2.8272892929013132e-05,-18.504015844107364,-18.402078378373798
58,58,2.7585030055860508e-05,2.8282432283863034e-05,-18.49847875817861,-18.400613303530385
59,59,2.7470867393013887e-05,2.8403006294147897e-05,-18.51600780952579,-18.382137762857177
60,60,2.732642828912916e-05,2.8172815578536276e-05,-18.54190283585548,-18.417478339776178
61,61,2.7346430346669784e-05,2.790009756082375e-05,-18.538861827792733,-18.459723644143583
62,62,2.7136186769528594e-05,2.7988815609684313e-05,-18.570839455136763,-18.445935653201342
63,63,2.711919068573967e-05,2.815761504998112e-05,-18.572820482494606,-18.419822190430292
64,64,2.698421386159361e-05,2.8045449461818573e-05,-18.597706685757093,-18.437156818388594
65,65,2.6691805107906683e-05,2.8020536008529905e-05,-18.64279037251697,-18.441016476222053
66,66,2.6911846474569156e-05,2.7737410307867993e-05,-18.60787865292961,-18.485121754270825
67,67,2.6799723798962377e-05,2.782813604234865e-05,-18.626977514337373,-18.470939685181676
68,68,2.6497319942285048e-05,2.7581300616331743e-05,-18.674602049046303,-18.50963344532345
69,69,2.6500322850008216e-05,2.7293210893587554e-05,-18.673536333404236,-18.555234553359465
70,70,2.6325515305476993e-05,2.7690401973239587e-05,-18.70297632825644,-18.49248826014113
71,71,2.622624587153022e-05,2.72631542956285e-05,-18.721063449711032,-18.560019848682494
72,72,2.6260328032202376e-05,2.734410372795537e-05,-18.71306226956892,-18.54714393482167
73,73,2.6187933547861548e-05,2.7181964660964074e-05,-18.726309623998013,-18.57297242813672
74,74,2.6206697454944868e-05,2.7186782972421497e-05,-18.722622351051463,-18.572202660145138
75,75,2.5855299850029286e-05,2.7048849484632037e-05,-18.78327034177355,-18.59429289088673
76,76,2.6089246696840548e-05,2.7092236690039402e-05,-18.742595883299412,-18.587332251838433
77,77,2.594656342404688e-05,2.699974117460538e-05,-18.765752773073604,-18.60218485390333
78,78,2.5871242729577323e-05,2.6787722737552893e-05,-18.77829043255959,-18.63642291142633
79,79,2.572707606154883e-05,2.6983009918599e-05,-18.80318713510913,-18.604876933222894
80,80,2.5721292856651042e-05,2.665695511065056e-05,-18.80537468259453,-18.65767545682274
81,81,2.559406439291875e-05,2.6514733690419234e-05,-18.82382570039111,-18.680908168330078
82,82,2.5635851239506517e-05,2.671462683984397e-05,-18.81608715227301,-18.64828974158495
83,83,2.5611436679346016e-05,2.6507552798935457e-05,-18.823418913578514,-18.682084512004447
84,84,2.5345525013033264e-05,2.642705246551869e-05,-18.868404766834537,-18.695293594180754
85,85,2.540570314578741e-05,2.645470790172878e-05,-18.856637108362936,-18.690751156730787
86,86,2.527775710011165e-05,2.638290683726633e-05,-18.878221616105307,-18.70255442432303
87,87,2.522012866543217e-05,2.631309814061847e-05,-18.889799961542085,-18.71406100797808
88,88,2.5142535593762115e-05,2.5987473954477248e-05,-18.90672665571615,-18.768140192526914
89,89,2.5057937331364453e-05,2.603272562402325e-05,-18.916260583414143,-18.760584452450168
90,90,2.516786938115532e-05,2.6074281107101245e-05,-18.8988116480608,-18.753657429789733
91,91,2.5219949804391645e-05,2.5988749257521704e-05,-18.892260293520764,-18.767927073126987
92,92,2.4918552223903836e-05,2.5735318080191255e-05,-18.943246150287884,-18.81048545969448
93,93,2.5000418589246992e-05,2.565406966344821e-05,-18.929039842558527,-18.82421816600025
94,94,2.4968321677360363e-05,2.5688788139775982e-05,-18.932683230836858,-18.81834469279188
95,95,2.477422545667913e-05,2.5643027631878412e-05,-18.967515274222094,-18.826087859884186
96,96,2.4877585122705624e-05,2.576212998399952e-05,-18.947036764439,-18.80596319175185
97,97,2.4721717111497502e-05,2.5595465175635917e-05,-18.975451679016352,-18.834150594399944
98,98,2.4859224928131317e-05,2.564802803374876e-05,-18.953216645756207,-18.825241066259725
99,99,2.4820922505765787e-05,2.5294572352370443e-05,-18.960223123009815,-18.88550745005717
100,100,2.480834691314814e-05,2.5634995932035198e-05,-18.962643860844196,-18.82744833468735
101,101,2.45648061442723e-05,2.5272904742067975e-05,-19.003866679910523,-18.889229258898347
102,102,2.4669264686175684e-05,2.5583192454130193e-05,-18.985482870386303,-18.836233484251647
103,103,2.4322078182372823e-05,2.5312933614354972e-05,-19.048511550090577,-18.882356061756866
104,104,2.436092898316235e-05,2.533170874429695e-05,-19.03962098936103,-18.879136003198006
105,105,2.4380273682310742e-05,2.5121825800804226e-05,-19.03589516143097,-18.9152688651751
106,106,2.447933647343553e-05,2.5101873497509298e-05,-19.02102001933708,-18.91871949736634
107,107,2.449707874605797e-05,2.5115852143866696e-05,-19.015597097958956,-18.916301686102784
108,108,2.440609778111054e-05,2.5023074685075125e-05,-19.03340875281192,-18.93237414195064
109,109,2.4436692001472693e-05,2.4946148953045178e-05,-19.026232957887032,-18.945745751472124
110,110,2.4263886489185923e-05,2.538207972017852e-05,-19.059021338716946,-18.870508825174234
111,111,2.418130103232562e-05,2.469020153895192e-05,-19.071614103800233,-18.99053451361603
112,112,2.4153883114382722e-05,2.483997329698851e-05,-19.079880403025285,-18.964269616903373
113,113,2.414865710156893e-05,2.49300631510682e-05,-19.078774123158727,-18.94854707698707
114,114,2.3916364981917084e-05,2.463587933514071e-05,-19.120537861235025,-19.00010018049231
115,115,2.417098363066637e-05,2.481265858621459e-05,-19.07350481534136,-18.96904786486753
116,116,2.4064924124929546e-05,2.4677184850780148e-05,-19.09259123681219,-18.992824720325387
117,117,2.379511649273012e-05,2.4745388241411236e-05,-19.144357534760246,-18.98083814287784
118,118,2.395785266100537e-05,2.495035455228246e-05,-19.112537888443825,-18.945013648652143
119,119,2.3784361024040335e-05,2.4481555029572183e-05,-19.140910966746162,-19.027390862810662
120,120,2.3949820707016863e-05,2.423498967561356e-05,-19.1148979536155,-19.071352472835244
121,121,2.373513238238694e-05,2.4332212457298546e-05,-19.153306412515487,-19.053964864677006
122,122,2.3719612286607952e-05,2.471281540668937e-05,-19.155547157300767,-18.98655861122545
123,123,2.3840025634629072e-05,2.430241530467021e-05,-19.133361325461,-19.059286480643895
124,124,2.3659130851435114e-05,2.487234853201938e-05,-19.167959524983463,-18.958612915548567
125,125,2.357670486556335e-05,2.434967006449465e-05,-19.18175898047922,-19.05085005382551
126,126,2.3718932922194428e-05,2.441041531136235e-05,-19.159188457389483,-19.04002917893933
127,127,2.349163558804874e-05,2.4295850859121665e-05,-19.197284825458237,-19.060459733404073
128,128,2.3432195271151115e-05,2.4117466302031015e-05,-19.20872556365387,-19.09246405946202
129,129,2.3572958956926234e-05,2.4572387510009942e-05,-19.18467259862608,-19.01130730741217
130,130,2.3608071847006285e-05,2.423618360281628e-05,-19.17480649368281,-19.07113852464255
131,131,2.3387663288266378e-05,2.4152497453063627e-05,-19.21651034509648,-19.08616041343636
132,132,2.3451606757214567e-05,2.4259035566693026e-05,-19.205842886088416,-19.067045551060055
133,133,2.343731078504676e-05,2.415962884888837e-05,-19.207502441693904,-19.08487828155167
134,134,2.31978942558515e-05,2.439783068104206e-05,-19.25452871255458,-19.042268733143704
135,135,2.3418893789246646e-05,2.381558375705744e-05,-19.21151032727414,-19.14716855115494
136,136,2.3152874202480104e-05,2.4051952335101208e-05,-19.260345761014083,-19.104277518155925
137,137,2.3240051716842124e-05,2.3854917296710865e-05,-19.245872161209142,-19.14000171098158
138,138,2.314481044430574e-05,2.4116762065922987e-05,-19.26373064611244,-19.092590876399306
139,139,2.3061052404992768e-05,2.3831849926194226e-05,-19.27777268502276,-19.14420330949294
140,140,2.2991606080544554e-05,2.381088415859267e-05,-19.293332495447935,-19.14802564166631
141,141,2.3117416388878464e-05,2.372094432327063e-05,-19.269434222340095,-19.164461121658963
142,142,2.3041257121541403e-05,2.3809279809938744e-05,-19.28051669122915,-19.148318273908476
143,143,2.283239997062261e-05,2.363132099210481e-05,-19.32281645371162,-19.18090086932201
144,144,2.2941588475677956e-05,2.3854126706474315e-05,-19.302110781672845,-19.140145645526648
145,145,2.296312273175158e-05,2.3639493902967507e-05,-19.29484449643464,-19.179399118132824
146,146,2.3129598001518033e-05,2.357671952555201e-05,-19.26596379712235,-19.190947092779627
147,147,2.2993481993064952e-05,2.372422147202183e-05,-19.293037738890174,-19.163861166912287
148,148,2.3000608334112576e-05,2.342923098216201e-05,-19.291769686660537,-19.2182005234825
149,149,2.266169368462234e-05,2.3874365165523303e-05,-19.35436012570675,-19.136462540836238
150,150,2.284756799818967e-05,2.34620042886634e-05,-19.3203190737415,-19.212129764884363
151,151,2.2927259546047505e-05,2.3797000961310817e-05,-19.30239662579015,-19.150558581798567
152,152,2.2782754161564354e-05,2.379889414633477e-05,-19.332420925469187,-19.150213089899445
153,153,2.264593287278687e-05,2.3577127457859826e-05,-19.357082381498746,-19.190871950342007
154,154,2.2624805751547683e-05,2.331714303612611e-05,-19.3625522581575,-19.239027494885434
155,155,2.261625028490785e-05,2.3297533468729326e-05,-19.36369446223278,-19.242681420238497
156,156,2.2695526240568142e-05,2.3162680774571765e-05,-19.349070540071246,-19.267892645095895
157,157,2.2713014848554895e-05,2.3376335823406025e-05,-19.34471472925719,-19.228016486375136
158,158,2.2484151758334584e-05,2.3159012830307657e-05,-19.388576263937864,-19.26858042994709
159,159,2.241074315927258e-05,2.344816857657861e-05,-19.40125870289313,-19.214691586007095
160,160,2.268348690290388e-05,2.3307992370590863e-05,-19.349773175983408,-19.240732190674116
161,161,2.2527277090460104e-05,2.3300357401910188e-05,-19.38008024161547,-19.242155036500396
162,162,2.2370728486551804e-05,2.33556245228484e-05,-19.411826621205957,-19.23186601636168
163,163,2.2548082831901374e-05,2.3029789525408934e-05,-19.378830771284598,-19.292881174635497
164,164,2.2435465953750872e-05,2.361421320529189e-05,-19.398650615881326,-19.18404606298375
165,165,2.2370468352314628e-05,2.333872333493721e-05,-19.41142463864279,-19.235009905635103
166,166,2.2396939026837516e-05,2.306565587978663e-05,-19.40527216556505,-19.28612277896375
167,167,2.2105087418353412e-05,2.320529481374634e-05,-19.46191843454956,-19.259909960046187
168,168,2.212712738160992e-05,2.315489722317771e-05,-19.45832021786601,-19.26935228681206
169,169,2.225918547786201e-05,2.2842780565138366e-05,-19.432625577279076,-19.328291185143005
170,170,2.223120321376854e-05,2.2777620726724546e-05,-19.438768798176035,-19.340697291493253
171,171,2.220306933597066e-05,2.298706529377102e-05,-19.445053864342373,-19.30094556906156
172,172,2.232267786556682e-05,2.2780257112524277e-05,-19.42147931418839,-19.340194648323475
173,173,2.2183882626365828e-05,2.2755859677808505e-05,-19.447504204154896,-19.344848392661103
174,174,2.2236951379679723e-05,2.2471602948682727e-05,-19.43861733285576,-19.399440336266625
175,175,2.2045783956967817e-05,2.320390922250226e-05,-19.472645266014553,-19.260169285602036
176,176,2.223917880721424e-05,2.2591952648853247e-05,-19.436669604352442,-19.376243172059418
177,177,2.2202343109139413e-05,2.2706995973988486e-05,-19.44205973206003,-19.354184033725343
178,178,2.201244990725716e-05,2.2987715055933222e-05,-19.48177079754254,-19.300822811271544
179,179,2.2209897690924298e-05,2.2536336473422125e-05,-19.4407426133823,-19.386947681710666
180,180,2.1970536940945338e-05,2.269300957299205e-05,-19.486854357608472,-19.356859899903515
181,181,2.189611833395266e-05,2.2970952781370695e-05,-19.501711046104035,-19.303990772403587
182,182,2.2137665209155194e-05,2.2926276103948783e-05,-19.45748128077579,-19.312445679627192
183,183,2.183099621612838e-05,2.2736317700228508e-05,-19.516043984321247,-19.348579571971328
184,184,2.217301386464015e-05,2.2683218814659323e-05,-19.449232133114354,-19.358734040851154
185,185,2.1859556225010856e-05,2.2700925144722294e-05,-19.509858310077334,-19.35534529704753
186,186,2.189058066449565e-05,2.2729182857897524e-05,-19.50453127027685,-19.349942637434587
187,187,2.180819996583429e-05,2.246244883664124e-05,-19.522275219756946,-19.401209854146
188,188,2.1827867085542577e-05,2.2678914224103975e-05,-19.518039552014272,-19.359558278957003
189,189,2.1708241781863725e-05,2.279914291361102e-05,-19.5400537652875,-19.336595654188855
190,190,2.1822323865355018e-05,2.255605843521679e-05,-19.516391780661916,-19.38314875298079
191,191,2.1719851106682493e-05,2.254807536940605e-05,-19.538445228021008,-19.384686085005164
192,192,2.144307271328685e-05,2.2458675199519157e-05,-19.595681069463204,-19.40193951967323
193,193,2.1445029758360387e-05,2.2200618715080628e-05,-19.592233916523018,-19.452130082375344
194,194,2.167278198050047e-05,2.240458123100995e-05,-19.547112445874518,-19.412412554972864
195,195,2.156370388060093e-05,2.2406640709959902e-05,-19.57040068371837,-19.41201336017056
196,196,2.152422920395092e-05,2.2436720859044918e-05,-19.577778380758705,-19.40618701519342
197,197,2.1634971219719238e-05,2.221729501845977e-05,-19.553742448470686,-19.448869043633252
198,198,2.1559511738233435e-05,2.2503436507816476e-05,-19.57189660507631,-19.39329241886758
199,199,2.1436095726271232e-05,2.2319222807709593e-05,-19.59518062888725,-19.428990186519115
200,200,2.1623857578889168e-05,2.2595545057188965e-05,-19.55813566580375,-19.37555264339577
201,201,2.1496281472527417e-05,2.237174550445113e-05,-19.583906083423468,-19.418782160722035
202,202,2.142509346572531e-05,2.2253393916272263e-05,-19.599211056571527,-19.441818307095645
203,203,2.14426002636061e-05,2.2329033191980623e-05,-19.595043135720484,-19.427081670395733
204,204,2.1514815671253018e-05,2.2506272599505456e-05,-19.57880655190525,-19.392745115187214
205,205,2.1175379018685133e-05,2.2156847224227693e-05,-19.647509641463287,-19.460701231655325
206,206,2.1271057786301772e-05,2.2343876384854267e-05,-19.629022861138438,-19.424195663168025
207,207,2.142805222076239e-05,2.2229034440993257e-05,-19.598142124504893,-19.4465748759899
208,208,2.1335294872018887e-05,2.1965435543710266e-05,-19.615705948167744,-19.4983826719205
209,209,2.1237513043236024e-05,2.1906384924812683e-05,-19.636363829637933,-19.5100737178599
210,210,2.1241228000924576e-05,2.2253825016760904e-05,-19.635044184602847,-19.441734174872668
211,211,2.136219146197299e-05,2.2064151907168133e-05,-19.6102470311061,-19.478908474572087
212,212,2.1380683083219822e-05,2.187597735763503e-05,-19.60658194700169,-19.516106211342755
213,213,2.1322292435722854e-05,2.210193815699313e-05,-19.618547499744572,-19.47147726942311
214,214,2.113135104588492e-05,2.201081617003135e-05,-19.659388938452278,-19.48941939659605
215,215,2.1181109576028792e-05,2.2052673605350337e-05,-19.648238288761245,-19.481168366663443
216,216,2.129422705131463e-05,2.2007146215305273e-05,-19.622520303533125,-19.490143574183424
217,217,2.1100675683593398e-05,2.1798155342510557e-05,-19.665874058746425,-19.531583431115614
218,218,2.1173945720668778e-05,2.2004010851991263e-05,-19.65003707708697,-19.49076235863676
219,219,2.112501308672399e-05,2.1833212055131107e-05,-19.65932559727206,-19.524604534496458
220,220,2.101532947900645e-05,2.1885679655640973e-05,-19.68162833924667,-19.51418048236338
221,221,2.0887089957205278e-05,2.2049448058456428e-05,-19.708169280636053,-19.481803636426797
222,222,2.100769806835985e-05,2.1997161303787787e-05,-19.68405651993147,-19.49211446853138
223,223,2.111906858247203e-05,2.1839150576852262e-05,-19.660461523957142,-19.52342343639476
224,224,2.1041443912893265e-05,2.2111876732148966e-05,-19.675898223821452,-19.469524817036145
225,225,2.102717791654568e-05,2.1698983753020385e-05,-19.677979904730655,-19.551386916862615
226,226,2.0968121228263755e-05,2.1883336701552924e-05,-19.691796666397085,-19.514645437766745
227,227,2.0818908121055784e-05,2.1808939939211613e-05,-19.724865878785764,-19.529435298614676
228,228,2.098039350908648e-05,2.1649289058251797e-05,-19.688191233510477,-19.561344472157415
229,229,2.0977525272212813e-05,2.1394907171749144e-05,-19.688439458870818,-19.612676798212792
230,230,2.0835704041000446e-05,2.1596165376984955e-05,-19.72063431754354,-19.57201441818477
231,231,2.072987551878917e-05,2.164278511803499e-05,-19.740421237681034,-19.56264938785932
232,232,2.077506487881861e-05,2.1760400972868266e-05,-19.732549462016355,-19.539111926041233
233,233,2.0974558491119395e-05,2.1776279218580673e-05,-19.68694263423864,-19.53594409846659
234,234,2.0749829870051005e-05,2.168367834536567e-05,-19.736565505673774,-19.554451299748308
235,235,2.0853222512292613e-05,2.1481254263658468e-05,-19.713356500418517,-19.59518450646587
236,236,2.0807615937977145e-05,2.131753123984182e-05,-19.72464385397658,-19.628411782338695
237,237,2.0852586662981266e-05,2.16569956376732e-05,-19.71513390511655,-19.559798772739466
238,238,2.0649268325420034e-05,2.1600538993401353e-05,-19.75962169910695,-19.571134981889905
239,239,2.074710274549962e-05,2.1602529685830968e-05,-19.738498109820586,-19.57073475720014
240,240,2.0682505321732157e-05,2.150437888447318e-05,-19.749996485063505,-19.590511830760413
241,241,2.0557451469208037e-05,2.1421480644341117e-05,-19.779059168044874,-19.607286005302814
242,242,2.052127908343406e-05,2.139516139945236e-05,-19.78539557173494,-19.612625192925705
243,243,2.0764979201407394e-05,2.1425997099293837e-05,-19.737124539161954,-19.606370445473257
244,244,2.0643644328976227e-05,2.1390250128062787e-05,-19.75822646366818,-19.61362223280301
245,245,2.0603884539801565e-05,2.1395994305126614e-05,-19.765749771527766,-19.612456126990296
246,246,2.073070089929538e-05,2.1768847306559207e-05,-19.743416077496352,-19.53742653228631
247,247,2.0556510826656787e-05,2.135957564812423e-05,-19.778391245895456,-19.61985466038228
248,248,2.0544716846284855e-05,2.1037271117644484e-05,-19.78133209063722,-19.685886823771227
249,249,2.0503898274010052e-05,2.1500942430544744e-05,-19.788126782357736,-19.591205899743493
250,250,2.053360699345334e-05,2.126738170198606e-05,-19.782602314211335,-19.63864060570566
251,251,2.040348339243192e-05,2.1057875002091015e-05,-19.81076072406227,-19.68163542908072
252,252,2.035252959872524e-05,2.1423144923909077e-05,-19.82064878360595,-19.60694860595646
253,253,2.0530807906305707e-05,2.125144476993132e-05,-19.782516995040954,-19.641896256224864
254,254,2.0310140563506327e-05,2.121280474392207e-05,-19.830785137679246,-19.649799918670382
255,255,2.0141387122026742e-05,2.0991319998804675e-05,-19.866881270454417,-19.6953833711315
256,256,2.0470983538861847e-05,2.151188144987253e-05,-19.79599780712553,-19.588996904655364
257,257,2.0339917382537434e-05,2.1177354650908935e-05,-19.82342615473248,-19.657063766500848
258,258,2.0360357150811697e-05,2.0845435421123464e-05,-19.818814407325654,-19.725671151929014
259,259,2.0483955314872575e-05,2.1065673009664016e-05,-19.79187144119107,-19.680027477302048
260,260,2.0261854355264884e-05,2.0901789675439143e-05,-19.842947698402014,-19.713946129971138
261,261,2.013753080823382e-05,2.082228571740224e-05,-19.866659736566078,-19.730496848820295
262,262,2.0295559113140736e-05,2.113714823568252e-05,-19.8321783203122,-19.665316931885645
263,263,2.0303271618835536e-05,2.085182251520516e-05,-19.8329949877288,-19.724340666485098
264,264,2.0238142065657664e-05,2.1163391848906605e-05,-19.84403272504344,-19.659928131719994
265,265,2.0237485579255197e-05,2.1067432546834952e-05,-19.845918176121092,-19.67966474245286
266,266,2.0144761450508894e-05,2.1014737285440788e-05,-19.866145941172043,-19.69054121260568
267,267,2.0074213999887622e-05,2.0813014328412367e-05,-19.88076593521282,-19.732431031179974
268,268,2.0284342108706623e-05,2.106309564528362e-05,-19.83640117436348,-19.680558864838588
269,269,2.004428945828923e-05,2.109878665865644e-05,-19.88569696588317,-19.673206055610503
270,270,2.019685497234417e-05,2.1161346969740024e-05,-19.853816329219754,-19.660347782148413
271,271,2.005885624422478e-05,2.0897290788094613e-05,-19.885077267356884,-19.714881003147443
272,272,1.9959664792416513e-05,2.1074558294218915e-05,-19.90408274137113,-19.678196053985126
273,273,2.0161349668117126e-05,2.07421220884977e-05,-19.862817359351073,-19.7472490012928
274,274,2.0102020290820648e-05,2.0840048148927865e-05,-19.874274696464877,-19.726793683035627
275,275,2.0075654677000166e-05,2.088793562985589e-05,-19.880452305035273,-19.71682565871908
276,276,2.0121204722000612e-05,2.0985516848189657e-05,-19.869874390580804,-19.696584164947858
277,277,2.012592601213609e-05,2.0723341788796363e-05,-19.868917208793945,-19.751182964800652
278,278,2.0205991315435183e-05,2.0951996702933684e-05,-19.854113623706724,-19.703526692525045
279,279,2.0045070695485583e-05,2.0603232865381104e-05,-19.88633345850348,-19.776427152093117
280,280,1.9935137426784292e-05,2.078556731009341e-05,-19.909420310439934,-19.73816203923885
281,281,1.9986371129205735e-05,2.058335332166232e-05,-19.9000464357006,-19.78061957375733
282,282,2.000833835163857e-05,2.0567324769983413e-05,-19.895034169777716,-19.784002804470365
283,283,1.982604695963205e-05,2.064393878467136e-05,-19.934039542695448,-19.767855237384545
284,284,1.9947754640504837e-05,2.0933115114243456e-05,-19.907848524141173,-19.7074422462755
285,285,1.9741810863650374e-05,2.086392420383881e-05,-19.951895711836084,-19.72182090013493
