,epoch,train_loss,test_loss,train_dbs,test_dbs
0,0,0.0014107852247687651,0.0013560509664545719,-15.493973441415758,-15.670762797932333
1,1,0.0013212936356682907,0.0012835738383919785,-15.782932898140631,-15.909314355690515
2,2,0.0012517280002921512,0.0012087875266412371,-16.017514501654524,-16.170023224458706
3,3,0.0011895778660960111,0.0011477414028424966,-16.236276833439163,-16.39508243990991
4,4,0.0011242549355170621,0.0010932273121158544,-16.475812853504827,-16.60641819215901
5,5,0.0010803646603647196,0.0010444717359189924,-16.652386213121467,-16.804556001725746
6,6,0.0010337910312467936,0.0010027563211655146,-16.848055689459645,-16.981568839945858
7,7,0.0009905710389127129,0.0009662695566045219,-17.024489031464604,-17.14253995533281
8,8,0.0009555005211594332,0.0009296208368859401,-17.19152741723019,-17.31046442756061
9,9,0.0009264302675218619,0.0009059661503047927,-17.320935501149787,-17.42240320962278
10,10,0.0008953500595471831,0.0008821126416717705,-17.46713125274631,-17.53828246304693
11,11,0.0008720259257765083,0.0008623621788022941,-17.583970702375517,-17.636625912428848
12,12,0.0008550029249199349,0.0008355036445305144,-17.671626469797133,-17.774039436990773
13,13,0.0008314781001356152,0.0008151279456031166,-17.784519075450753,-17.88126509743078
14,14,0.000814803438525186,0.0007984407527960444,-17.877568543045328,-17.971095969161258
15,15,0.0008026426658034325,0.0007848155096565422,-17.94612978599027,-18.045847153006786
16,16,0.0007853008753898525,0.0007734266048493353,-18.03793875247106,-18.10933185210091
17,17,0.0007756836850378547,0.000760941894872016,-18.09713103831491,-18.180007968227102
18,18,0.0007617671964402051,0.0007480884853162264,-18.171173087710194,-18.253993222855097
19,19,0.0007505563769451122,0.0007379582016973904,-18.241592325613105,-18.313205284840343
20,20,0.0007416053246658718,0.0007266599936165699,-18.29063489756493,-18.380210416597077
21,21,0.0007288827177991649,0.0007147110790308369,-18.36013758951711,-18.452217780272136
22,22,0.0007198796272709889,0.0007087710975228172,-18.41935524623978,-18.488462929068174
23,23,0.0007107674801894991,0.0007070767399119703,-18.477240170500632,-18.49885741486784
24,24,0.0006997322438035122,0.0006950310106683327,-18.541818187755577,-18.57348110125395
25,25,0.000694312282463478,0.0006888401817138258,-18.57418055578076,-18.61233819726197
26,26,0.0006862459212215137,0.0006810249913925011,-18.624694506248975,-18.66189242964214
27,27,0.0006766427601159541,0.0006715037774196581,-18.68458727047963,-18.72303832303745
28,28,0.0006777393684444047,0.0006695132224673504,-18.684078167382964,-18.735931338811348
29,29,0.0006697348129369088,0.0006608296841333963,-18.731340146323603,-18.79262749320428
30,30,0.0006597806278318551,0.0006548930847968318,-18.7972338541583,-18.831818877447052
31,31,0.0006573738448667465,0.0006467829777025863,-18.81126723680689,-18.885937109122228
32,32,0.0006493079930918349,0.000649789501422722,-18.86913770381325,-18.865796021405934
33,33,0.0006414261897401788,0.0006357503497335864,-18.918483233225224,-18.96065684600011
34,34,0.000636185121544896,0.0006335078505799174,-18.947155304667206,-18.976002912249253
35,35,0.0006331726218592952,0.0006301693777602754,-18.973463116689135,-18.998949969681195
36,36,0.0006300978345758061,0.000625106659227688,-18.999371244786857,-19.03398166914966
37,37,0.0006290348228691242,0.0006196784394744196,-19.000497243279476,-19.07185906391174
38,38,0.0006219764718949103,0.0006178251810764012,-19.048344329146218,-19.08486687227904
39,39,0.0006199360143431683,0.0006098395771052884,-19.067438548805818,-19.141366867586836
40,40,0.0006150369881652296,0.0006067476229202983,-19.092176992185475,-19.163442088039687
41,41,0.0006065689820613828,0.0006053534238354155,-19.153890488387663,-19.173432892649412
42,42,0.0006045866307572068,0.0006004129230093799,-19.17349599256623,-19.209022611333143
43,43,0.0006058503844842469,0.0005997266393694046,-19.171253088509044,-19.2139895208442
44,44,0.0006048110566946879,0.0005986405089252481,-19.178804885999913,-19.221861909341435
45,45,0.0006006029074454738,0.0005949045206714226,-19.208808057165868,-19.249050232228072
46,46,0.000596014068692385,0.0005888888385686043,-19.239105074886208,-19.293189693070182
47,47,0.0005969180150639228,0.0005898708079353367,-19.23828338516342,-19.285953884187737
48,48,0.0006607053723407083,0.0005978251727739055,-18.789898480619087,-19.227780943236883
49,49,0.0006136346545992131,0.0005951905868163234,-19.115230349069734,-19.246962383117513
50,50,0.0005966283311376098,0.0005958097110698489,-19.225459569662927,-19.242447148795307
51,51,0.0005947630360396099,0.0005922524448435165,-19.238267362458107,-19.268454301734494
52,52,0.0005961268559367079,0.0005947773032331545,-19.236316975424792,-19.24997904916958
53,53,0.0005953623997239568,0.0005920130306070572,-19.23845710714567,-19.270210264149263
54,54,0.0005972611210212956,0.0005949316423778471,-19.231266831742616,-19.24885224181884
55,55,0.0005991671044744321,0.0005954615005880202,-19.219143099659053,-19.24498604831082
56,56,0.0005955392429989177,0.0005950262543353203,-19.233763506358866,-19.248161638373915
57,57,0.0005990810663506543,0.0005944466163208218,-19.214623509746946,-19.252394330305517
58,58,0.0005957537838353862,0.0005913886063928274,-19.240490660418942,-19.2747933914206
59,59,0.000596806923042714,0.0005905571957363895,-19.238109308148925,-19.28090326751121
60,60,0.0005964566935477874,0.0005935758634127284,-19.23462554868401,-19.258760594534593
61,61,0.0005928837519004633,0.000590320544832043,-19.249810565493593,-19.282643941922117
62,62,0.0005927579279403327,0.0005933508969304201,-19.258592569076836,-19.26040689161566
63,63,0.0005901808305595492,0.0005923040842294301,-19.265638904770352,-19.26807565031829
64,64,0.0005950260182516169,0.0005913279999635721,-19.240098212978015,-19.27523848600497
65,65,0.0005939375745977476,0.0005912569621087689,-19.25594794440482,-19.275760247220845
66,66,0.0005928204069634151,0.0005891891227005736,-19.263359243528463,-19.290975718297222
67,67,0.0005925726223516173,0.0005898211047200388,-19.258588461886404,-19.286319841297694
68,68,0.0005947699579506268,0.0005881873994918638,-19.249291839439536,-19.2983657580799
69,69,0.000592340331779044,0.0005892868227276363,-19.267477052717055,-19.290255625826994
70,70,0.0005889900344347139,0.0005913009885453471,-19.28402459157866,-19.275436872988536
71,71,0.0005953499102801776,0.0005907256395163897,-19.247873161450983,-19.279664712230836
72,72,0.0005931823842045035,0.000591060937088179,-19.256821445156554,-19.2772003435874
73,73,0.0005940417963147317,0.000587895129635734,-19.256181816175577,-19.30052430027763
74,74,0.0005933895638721428,0.0005910904912621175,-19.260280199842693,-19.276983193493873
75,75,0.0005915928463998836,0.0005877338270166595,-19.266110809158363,-19.30171605108342
76,76,0.0005918725648146007,0.0005880639778057995,-19.266429680439778,-19.299277150974923
77,77,0.0005906159208232979,0.0005911639769022402,-19.270478432052712,-19.276443302820503
78,78,0.0005928497928309917,0.0005921805001746275,-19.265295560644123,-19.26898189889178
79,79,0.0005904716084298399,0.0005905732304151906,-19.27532907428311,-19.28078535043163
80,80,0.0005901863530863883,0.000589463005062977,-19.271641058234074,-19.288957385694726
81,81,0.0005884146625080059,0.000589735113623503,-19.289455215764363,-19.286953053317664
82,82,0.0005911936096549418,0.0005870457358756347,-19.272878019513186,-19.306803545439063
83,83,0.0005906058953038042,0.0005827207657459535,-19.276396065688314,-19.338917975421563
84,84,0.0005869471603649255,0.0005927996520002029,-19.304051897628003,-19.264443523370737
85,85,0.0005942581403885305,0.0005891729685428896,-19.260650022724924,-19.29109479309765
86,86,0.0005926475704157937,0.0005846541883472941,-19.26085551665431,-19.3245322712952
87,87,0.0005908423048184858,0.0005878105692222322,-19.272912964032496,-19.301149016498197
88,88,0.0005902130127951657,0.0005876407744117865,-19.28299473925727,-19.302403699648544
89,89,0.0005924885518868099,0.0005883100920503861,-19.26704013972425,-19.29745993887139
90,90,0.0005911271311054678,0.0005902209362064145,-19.271634969291927,-19.283376817085895
91,91,0.0005870061493286691,0.0005856318350293135,-19.29829759873652,-19.317276153567725
92,92,0.0005888400332925399,0.0005836929684798969,-19.28477784219836,-19.331678307917166
93,93,0.000588665395907904,0.0005840928520468113,-19.293278119456872,-19.32870400851654
94,94,0.0005887824893189767,0.0005859441252572364,-19.283181067462763,-19.314960880285433
95,95,0.0005927122931341766,0.0005880777331951418,-19.26496019350198,-19.299175566452714
96,96,0.0005905539212633193,0.0005875127880196823,-19.285522478332602,-19.30334968297951
97,97,0.000589235415130124,0.0005893167230839792,-19.283959766894704,-19.290035270817615
98,98,0.0005909946978754681,0.0005896385746860975,-19.273268380112597,-19.287664046420414
99,99,0.0005893633027618617,0.0005860349629074335,-19.289197965495834,-19.31428765512797
100,100,0.0005884628710529008,0.000584948222814618,-19.289426880187335,-19.322348665171965
101,101,0.0005907471490947088,0.0005844259224096803,-19.276198890631868,-19.326228213899302
102,102,0.0005905612476275677,0.0005847785719915441,-19.284952242450906,-19.32360841945228
103,103,0.0005940301487817592,0.0005911962208828252,-19.24938709967684,-19.276206431131616
104,104,0.000590690845484394,0.0005840579979121685,-19.277707951496424,-19.328963169537595
105,105,0.0005901956297073167,0.0005872590393808327,-19.276206310408348,-19.305225819822194
106,106,0.0005885103138970192,0.0005882580727828961,-19.28857201544599,-19.297843965594424
107,107,0.0005923423354427532,0.0005872541958907325,-19.270091687695025,-19.305261638933644
108,108,0.0005909224033605346,0.0005886467712882318,-19.273530765646395,-19.294975260907215
109,109,0.0005901050831901736,0.0005881287414874686,-19.279579035420838,-19.29879888735122
110,110,0.0005961267509228867,0.0005904061713648078,-19.242225286812733,-19.282014039502883
111,111,0.0005932901145832747,0.0005878504506606413,-19.26246591149692,-19.300854368834543
112,112,0.0005950415500958171,0.0005899981019626322,-19.25120544245852,-19.28501677849092
113,113,0.0006041381437302634,0.0005912411939597836,-19.182555070777823,-19.27587607015147
114,114,0.0005929275660669988,0.0005897600326294962,-19.25271663740615,-19.28676954791142
115,115,0.0005942434054492137,0.000586987669138532,-19.245397031676454,-19.307233142474697
116,116,0.0005951344561235039,0.0005946229885969507,-19.24647529730109,-19.251105969951702
117,117,0.0005938772618597777,0.0005904831280196575,-19.24961055001401,-19.28144799405541
118,118,0.0005934482179918163,0.0005912765198828358,-19.26257811766776,-19.275616592373254
119,119,0.0005975278969326047,0.0005906193125012674,-19.23227669365125,-19.280446486190943
120,120,0.0005927110923761406,0.0005902837116369291,-19.25792213357656,-19.282914929483045
121,121,0.0005931155768117493,0.0005946900039960287,-19.261080778397215,-19.250616537510716
122,122,0.0005941014423649566,0.00059548938818472,-19.246893923242745,-19.244782657398957
123,123,0.0005955597284950854,0.0005921106264730426,-19.242761964987025,-19.26949437023233
124,124,0.0005940006536998085,0.0005929966757417118,-19.254615359523864,-19.263000335826185
125,125,0.0005970889637630779,0.0005932695655103185,-19.22530285726992,-19.261002225812717
126,126,0.0005977344609192121,0.0005937107489444315,-19.223165926310134,-19.25777380597403
127,127,0.0005972096876519703,0.0005933111380344551,-19.228985758941924,-19.2606979107706
128,128,0.0005980093781020224,0.0005935630607908886,-19.229472215602218,-19.25885426694152
129,129,0.0005947387334410601,0.0005937720446749345,-19.24368328840492,-19.25732545594002
130,130,0.0005969103598563941,0.0005905313913612382,-19.23224964685283,-19.28109303647285
131,131,0.0005968048383683427,0.0005939579047997924,-19.229302810039215,-19.255966257625182
132,132,0.0005949806726835284,0.0005925398467010574,-19.244078104810683,-19.266347315655036
133,133,0.0005998982917085366,0.0005882538542592604,-19.210498011096217,-19.2978751098862
134,134,0.00060159432492939,0.0005957530321259247,-19.207111285254495,-19.24286030962541
135,135,0.0005963406322725578,0.0005941406921728662,-19.232606883109806,-19.25462994516229
136,136,0.0005982345577387005,0.0005920977625799807,-19.22286180917877,-19.269588723858337
137,137,0.000597773352037808,0.0005967587900446041,-19.22511834329535,-19.235534676291493
138,138,0.0006007138668492283,0.0005931157808701851,-19.208559862135893,-19.262128130160562
139,139,0.0005955572903741957,0.0005945969605818391,-19.23883863494663,-19.25129607479055
140,140,0.0005981370503054068,0.0005953590949311069,-19.22254895186295,-19.245732998976436
141,141,0.0005991513427999831,0.0005965156229457966,-19.216598326481797,-19.23730469883626
142,142,0.0005987769403235661,0.0005972301863182924,-19.217597011035693,-19.23210541831437
143,143,0.0005966605097727524,0.0005965248871545651,-19.235425137560902,-19.23723725108887
144,144,0.0006006770129987644,0.0005981049341100611,-19.205611620901553,-19.225749071874848
145,145,0.0006000742120620286,0.000598530569971588,-19.211027588306607,-19.222659554421515
146,146,0.0005999775621415951,0.0005993622716663307,-19.20695909158391,-19.21662890623494
147,147,0.0005986376673933695,0.0005971106492277039,-19.21916869034152,-19.232974756403692
148,148,0.000600921731807061,0.0005992102945272468,-19.20345240387333,-19.217730263551054
149,149,0.0005994698509199487,0.0006016055642823247,-19.223141933033073,-19.200404479429594
150,150,0.0006042239340214231,0.0006006741896271706,-19.185989893781706,-19.20713321212125
151,151,0.0006039987021778739,0.0006010411919927911,-19.184450518360716,-19.204480552271377
152,152,0.0006081733310153496,0.0006046325097007579,-19.155174727797885,-19.178607978722354
153,153,0.0006040123713769249,0.0006021531666383931,-19.173666691004186,-19.196453177697542
154,154,0.0006031551879600228,0.000602621174613504,-19.18343813087856,-19.193079047217804
155,155,0.0006083500848785427,0.0006060126746122382,-19.145003786030387,-19.168705849302277
156,156,0.0006087535149753862,0.0006052786484360695,-19.143978054763892,-19.17396938171332
157,157,0.0006061942261384474,0.0006063582565586426,-19.160929045267928,-19.166229967827807
158,158,0.0006088049807489763,0.0006080685048609188,-19.141288404816805,-19.153997828105954
159,159,0.0006143968173101084,0.0006111627996065899,-19.10569796782024,-19.131953807193533
160,160,0.0006135474763253762,0.0006065400544014809,-19.11001017177181,-19.16492806477717
161,161,0.0006150331902653747,0.0006135748883121108,-19.103281679464605,-19.1148471535903
162,162,0.00061745766895948,0.0006137010365675547,-19.084536243306374,-19.1139543553153
163,163,0.0006158123934190221,0.0006156549727740256,-19.09534204731146,-19.10014900648918
164,164,0.0006210362891541774,0.0006187504041008651,-19.070576133214033,-19.078367967822995
165,165,0.0006209258446181865,0.0006175697107162131,-19.056506953725638,-19.08666304887064
166,166,0.0006240651025868876,0.0006171200902348286,-19.040997017365683,-19.089826073340383
167,167,0.000622094179786857,0.000616618536265665,-19.050852350054114,-19.09335716377567
168,168,0.0006253259405301711,0.000622465109795724,-19.029619323676137,-19.052372788359797
169,169,0.0006269762615346801,0.0006213066486739798,-19.022039360891135,-19.060462912849836
170,170,0.0006256531575963515,0.0006210787013467206,-19.02408142649542,-19.06205656118934
171,171,0.0006239311805609422,0.000626626136516662,-19.031474868267352,-19.023437870531378
172,172,0.0006269318562903509,0.0006265335158739043,-19.012181003019542,-19.024079841952283
173,173,0.0006330999606961058,0.0006302705242935764,-18.974231235547208,-18.998252953007906
174,174,0.0006329036400576612,0.0006269045437588112,-18.97553127988826,-19.021508747728436
175,175,0.0006362714411057148,0.0006337227685818155,-18.95466667455659,-18.974529814901867
176,176,0.0006377171237770584,0.0006383765691058024,-18.938665935260307,-18.942753540136668
177,177,0.0006380638266078283,0.0006359231100711776,-18.93772516975097,-18.959476843992665
178,178,0.0006403120020980534,0.0006380917804658805,-18.9237757066541,-18.944691420334333
179,179,0.0006445496206258222,0.000639989638186403,-18.899563842140434,-18.931793498038566
180,180,0.0006453113278767728,0.0006423065941290636,-18.899658745642146,-18.916099117123792
181,181,0.0006473968663617738,0.0006449679648013491,-18.874016703625557,-18.898141483516525
182,182,0.0006489870402501108,0.0006440195199837418,-18.86474338955928,-18.904532615003447
183,183,0.000658778405925931,0.0006526132500240285,-18.805296332008027,-18.84696405324528
184,184,0.0006542719166111393,0.0006535415274189099,-18.82707160381752,-18.840791035696224
185,185,0.000656681542750448,0.0006535816968320624,-18.81868800753525,-18.840524108230547
186,186,0.0006587636349818756,0.0006542659493310279,-18.79911028852536,-18.835979739281832
187,187,0.0006566126248799264,0.0006554010385451349,-18.815346710358025,-18.828451671304997
188,188,0.0006622833238204115,0.0006531931239327317,-18.78294072311845,-18.843106880232096
189,189,0.0006605644527937948,0.000657588516141435,-18.79355370499699,-18.813980721023093
190,190,0.0006623147247531979,0.0006592940894494715,-18.773978615904486,-18.802731100332704
191,191,0.0006650082776610999,0.0006604879010027569,-18.762637675620876,-18.794874258593985
192,192,0.0006653976833121371,0.0006609235332641555,-18.757068576845736,-18.792010764466234
193,193,0.0006665933136732231,0.000661089673246208,-18.751532447267756,-18.79091919174285
194,194,0.0006694938500229385,0.0006630790211554421,-18.743257679881275,-18.77787004667225
195,195,0.0006700473154664578,0.0006629029521718621,-18.7324461809369,-18.7790233924943
196,196,0.0006746862512129868,0.0006701350212097168,-18.694687179822797,-18.731899776297364
197,197,0.0006742462162984555,0.0006683544611166182,-18.70005127050874,-18.743454411421304
198,198,0.0006769803027411174,0.0006686948778990068,-18.68024036496489,-18.741242957752107
199,199,0.0006741270190104842,0.0006679636150549509,-18.70695586249301,-18.745994858874987
200,200,0.0006699416217557394,0.0006651901486819904,-18.727311474742315,-18.764064835676987
201,201,0.0006698574252743466,0.0006685206194800374,-18.734492779334442,-18.742374854149663
202,202,0.0006731521649065322,0.0006714562952861582,-18.70132719652006,-18.723345424179108
203,203,0.0006703086618631694,0.0006667401145310386,-18.732767696812694,-18.753957070460935
204,204,0.0006662168073199075,0.0006675715527595266,-18.747096905527115,-18.748544705565056
205,205,0.0006747741573826247,0.0006688653834556279,-18.708946927676084,-18.740135723559902
206,206,0.0006713485705291795,0.000668166732219489,-18.725735956870928,-18.74467443883366
207,207,0.0006718938376936946,0.0006700698194388105,-18.720300104184084,-18.73232235004846
208,208,0.0006722297919098019,0.0006693578631568112,-18.714088626446717,-18.736939228104152
209,209,0.0006712871950513386,0.000665235611928725,-18.725880503909686,-18.763768021863267
210,210,0.0006722936415132711,0.0006675664580574161,-18.71627143453289,-18.748577849719375
211,211,0.0006723932858278072,0.0006659834517018968,-18.70717249191188,-18.75888854364852
212,212,0.0006692700913732814,0.0006618737304387124,-18.725116203319715,-18.785771479400704
213,213,0.000670581281343571,0.0006688513431551033,-18.724274189381862,-18.740226888227593
214,214,0.0006667930217575013,0.0006656761642692512,-18.741406409516006,-18.76089285822147
215,215,0.0006739638269322051,0.0006665653291795598,-18.703287753287572,-18.75509571898979
216,216,0.0006744603748846147,0.0006697052526042649,-18.707577346345023,-18.734685871683393
217,217,0.0006716422869862278,0.000672753155844188,-18.712887780434272,-18.714965486686133
218,218,0.0006693580995563456,0.000669756328294936,-18.7296250158939,-18.734354665608578
219,219,0.0006691474814361595,0.0006700703402441975,-18.72662672721428,-18.73231897453726
220,220,0.0006695005060989678,0.000669858752333216,-18.729176018025072,-18.733690561488384
221,221,0.0006717553412656963,0.0006698081514945155,-18.71414397513569,-18.734018638041967
222,222,0.0006749608791577294,0.0006672961079809619,-18.691968359666276,-18.750337005320542
223,223,0.0006741698790514438,0.0006741405905861603,-18.70150123889653,-18.706018151869838
224,224,0.0006768383006517266,0.0006673343534777431,-18.689016729699706,-18.75008810034356
225,225,0.0006761372475836848,0.0006705787259546158,-18.68600005376631,-18.72902520997407
226,226,0.0006722024817154119,0.0006695289630442858,-18.716531312847476,-18.735829235296173
227,227,0.0006722998961364639,0.0006693812473186929,-18.708181833316637,-18.7367875090367
228,228,0.0006756531080643925,0.0006678457292237956,-18.691508546614937,-18.746761392906468
229,229,0.0006709873955936853,0.0006682895932738718,-18.720379098390943,-18.743875940939013
230,230,0.0006760715437361721,0.00066795865821309,-18.693743685104955,-18.746027087233042
231,231,0.0006717340096581689,0.0006715625549029363,-18.717423651185953,-18.7226581968136
232,232,0.0006727932582695767,0.000669230305663261,-18.707318004024064,-18.73776692876717
233,233,0.0006724108063337422,0.0006707708847610966,-18.71574998034276,-18.72778088844584
234,234,0.0006747871634944045,0.0006660850485786796,-18.69511184937281,-18.758226070764557
235,235,0.000672811298443907,0.0006689418101144072,-18.712972093591354,-18.73963951339787
236,236,0.0006752342859417508,0.0006732783084245105,-18.696281574549086,-18.711576696967352
237,237,0.0006715588526051376,0.000672303002303172,-18.716004484466854,-18.717872416705184
238,238,0.0006720858827694176,0.0006713095384551899,-18.718273844835196,-18.724294743569335
239,239,0.0006744604858992257,0.0006675349462679342,-18.70620534565223,-18.74878285881075
240,240,0.0006767768855686731,0.0006689520914254612,-18.69090950012414,-18.739572764956122
241,241,0.0006767775240527062,0.0006679442931750888,-18.69360339388567,-18.746120487082635
242,242,0.0006738795320378597,0.0006680068235207153,-18.708275701928795,-18.745713936517458
243,243,0.0006739095011822035,0.0006687636088923012,-18.703381574865908,-18.74079659636677
244,244,0.0006733896161583205,0.0006695485330725971,-18.708628948839756,-18.73570229484155
245,245,0.0006739865861276222,0.0006684661677450334,-18.709795357657885,-18.742728606158007
246,246,0.0006752099359369616,0.0006672038457748529,-18.697437575291495,-18.7509375144019
247,247,0.0006729179642825704,0.0006715222966465119,-18.71421264625507,-18.722918551750986
248,248,0.0006716005430921682,0.0006706684208965223,-18.71546912463662,-18.728444347327326
249,249,0.000672298054494079,0.000668327590622204,-18.714347696808098,-18.743629018500624
250,250,0.0006718796200224573,0.0006683498596478449,-18.71205390290907,-18.743484311713626
251,251,0.0006737531626059376,0.0006667210928801643,-18.70604262077796,-18.75408097354812
252,252,0.0006727614840876657,0.0006688861390820852,-18.70929803779269,-18.74000095930977
253,253,0.0006742032032373563,0.0006679742394848482,-18.70432296895216,-18.74592578184027
254,254,0.0006702740943136136,0.0006696064343774005,-18.7279897971325,-18.735326741335076
255,255,0.0006692476940254882,0.0006658936740438405,-18.737630562033928,-18.75947403221646
256,256,0.0006718859556563122,0.0006685498213444493,-18.71204284508197,-18.742185152721973
257,257,0.0006729679166569768,0.0006666024809850281,-18.71576527290516,-18.75485366657915
258,258,0.0006729521051759726,0.0006693049278845521,-18.715786742881235,-18.737282697674026
259,259,0.0006692347407206585,0.0006690115337014982,-18.728563574830552,-18.739186873262106
260,260,0.0006717339556510608,0.0006668042532462431,-18.718966447622574,-18.753539310230618
261,261,0.0006712328404975459,0.000664123670982295,-18.71849295972805,-18.77103332532286
262,262,0.0006699628219459706,0.0006655405220379563,-18.72924063803672,-18.761777893293136
263,263,0.0006689100835914004,0.000664393224532863,-18.73395803319564,-18.769270974816205
264,264,0.0006710743128331666,0.0006676476730621959,-18.727097312381805,-18.748049526544165
265,265,0.0006729106439191118,0.0006696599670440742,-18.712129124171565,-18.734979552131705
266,266,0.0006697859024609794,0.0006636431115973545,-18.731651571285667,-18.774177014424858
267,267,0.0006719374256304552,0.0006634384595887049,-18.71246683206066,-18.775516483538155
268,268,0.0006670569160895556,0.0006625757730369898,-18.74843308629622,-18.781167404209498
269,269,0.0006714321783330944,0.0006663136239359645,-18.717044286278952,-18.756735990965026
270,270,0.0006678750937727769,0.0006656217584876638,-18.743646326901516,-18.76124782205543
271,271,0.0006695452827921848,0.0006649635248131266,-18.73219211287512,-18.765544687195327
272,272,0.0006666848869254985,0.0006631655453116094,-18.750388282436386,-18.77730337948916
273,273,0.000668072882204403,0.0006601061230819477,-18.73882048338042,-18.79738531113421
274,274,0.0006638621490151074,0.0006672168720366532,-18.76412049036224,-18.750852725046574
275,275,0.0006705103610094983,0.0006645554186482178,-18.73037014041237,-18.768210888559196
276,276,0.0006669781917283676,0.0006627375321266683,-18.752603389512426,-18.780107261221115
277,277,0.0006601145039744599,0.0006556704113455979,-18.775350913463654,-18.8266670679949
278,278,0.0006657009734292083,0.0006635887977226,-18.757837731712854,-18.774532464228983
279,279,0.000662379835122601,0.0006575793775386716,-18.775251984453984,-18.814041075975062
280,280,0.000662913974422539,0.0006600605005300359,-18.778122900653862,-18.797685479646262
281,281,0.0006636031309248323,0.0006590657224143414,-18.775065566717807,-18.804235675082406
282,282,0.000663011920513566,0.0006609634055118812,-18.771951410311814,-18.791748770846873
283,283,0.0006607368980899223,0.0006609186376935165,-18.782509094710946,-18.792042933500646
284,284,0.0006620744855344756,0.0006559681741667813,-18.779687394191853,-18.82469523285974
285,285,0.0006624092599953112,0.0006602903166295667,-18.779520385212628,-18.796173641071398
286,286,0.0006626485384875889,0.0006595274807248069,-18.78381179425239,-18.801193962233768
287,287,0.0006632689253388683,0.0006545003852806985,-18.777728214831956,-18.83442385817918
288,288,0.0006587255293666625,0.0006523693966875342,-18.802620413836582,-18.848587127083583
289,289,0.0006601961141154554,0.0006576579425630993,-18.7874244982318,-18.813522228827118
290,290,0.0006596219447470203,0.0006556487795406658,-18.803631638039587,-18.82681035230862
291,291,0.0006558989323483608,0.0006526103335138606,-18.819245456515322,-18.846983461786287
292,292,0.0006600034467578318,0.0006549793730587943,-18.793588179127664,-18.83124669172236
293,293,0.0006601579868973992,0.000652477472996045,-18.802682960278368,-18.847867702519544
294,294,0.0006511860686719187,0.000652417601821454,-18.847544607828123,-18.84826622836687
295,295,0.0006584515891124293,0.000650844647009906,-18.80264954123971,-18.85874955092537
296,296,0.0006576844439457756,0.0006506985886708686,-18.806405526578402,-18.85972427583972
297,297,0.000655540313149236,0.0006494909451392136,-18.821546525614924,-18.867791916119668
298,298,0.0006515530955776112,0.0006467369201249982,-18.847722513938944,-18.886246382320707
299,299,0.0006505510212911159,0.0006452099646833774,-18.849521459710683,-18.896512263046745
