,epoch,train_loss,test_loss,train_dbs,test_dbs
0,0,0.00041703017309701706,0.000409706596799783,-17.270489903754928,-17.352960312354348
1,1,0.00040471304169635184,0.00039759264511399364,-17.3993436180837,-17.48330645958085
2,2,0.0003903940153192998,0.0003860117499961665,-17.55371131782256,-17.611684633707473
3,3,0.000380775946751717,0.00038386893452537293,-17.670732654193827,-17.635860206793446
4,4,0.00036897887229756215,0.0003664970158991453,-17.800333918261853,-17.836985450725052
5,5,0.00035458462452035895,0.0003520702165061314,-17.974853746900937,-18.011397005991473
6,6,0.00035172562023682387,0.0003455637917412739,-18.008173486567376,-18.092407572324724
7,7,0.00033697029083640766,0.00033202474955224286,-18.19098855057408,-18.265985301606314
8,8,199092876920979.78,0.000337347538382011,159.52884179178324,-18.196914424759772
9,9,0.0003319859619314792,0.00033676631344286233,-18.261718700065895,-18.204403451893207
10,10,0.00033318536858957683,0.00033887576673326914,-18.241451462538116,-18.177284747257026
11,11,0.00033878445530492697,0.00033417537863562375,-18.167689360033485,-18.23794539141861
12,12,0.00033089536729451153,0.0003398958850946081,-18.274782092403004,-18.164230810558877
13,13,0.00033580728226878975,0.0003331259297403066,-18.20672468244507,-18.25160549471255
14,14,0.0003366293340618962,0.000336982939380074,-18.199518535115494,-18.2016107377784
15,15,0.00033669291182958816,0.00033977570925153007,-18.19204074415403,-18.165766602446748
16,16,0.0003324549110515101,0.000339523737478119,-18.244097811340218,-18.168988449787665
17,17,0.00033336923698913884,0.00034325817097468595,-18.236091917224734,-18.12148103890992
18,18,0.0003353651002716734,0.0003392265077165671,-18.214313771713112,-18.172792065461163
19,19,0.0003350984410757257,0.0003372435289508614,-18.223702148339083,-18.198253627858048
20,20,0.0003362235249519425,0.00033950204133840377,-18.202203491959267,-18.16926598015703
21,21,0.00032898222729947765,0.0003423431695218345,-18.29019293937437,-18.133073207546882
22,22,0.00033135266888156996,0.00033900042150267646,-18.257031857105247,-18.17568749749236
23,23,0.0003361084421054873,0.000336108713925473,-18.202349449397104,-18.21289215844383
24,24,0.0003293139638604846,0.0003419105242325091,-18.291051209446486,-18.13856519066747
25,25,0.0003329348692204803,0.00033896393602174754,-18.239609877519566,-18.17615493926497
26,26,0.00033395419397737027,0.0003391469531619039,-18.223633021648922,-18.173810681496473
27,27,0.00033142035779034354,0.0003415248785658102,-18.266832126765177,-18.14346642353037
28,28,0.0003301675852085704,0.0003389742740086819,-18.28610791575086,-18.176022486760786
29,29,0.0003295558409947787,0.0003382161268841867,-18.28423622612156,-18.185746760754277
30,30,0.0003325686596223566,0.0003385952778013521,-18.243196019130504,-18.1808809098771
31,31,0.0003346037821719404,0.0003371021149704527,-18.224008677930644,-18.200075106585146
32,32,0.00032982016078282877,0.00034025566664671426,-18.284386576086384,-18.159636212283125
33,33,0.0003350102384670724,0.00034390281775574153,-18.216009214420442,-18.11333253727748
34,34,5371609861211294.0,0.00033552517140235166,173.829471277115,-18.220438810483092
35,35,0.00033291211392557653,0.00033618619291749045,-18.242405005859574,-18.211891148366167
36,36,0.0003316185857798213,0.00034022800115819435,-18.25610787301364,-18.159989342551448
37,37,0.00033220575765956234,0.0003360041668393502,-18.25361171823012,-18.214243247651247
38,38,0.0003401661098493052,0.0003360230873927082,-18.156566937874413,-18.213998701262142
39,39,49376388605001.9,0.0003360948942013477,153.4669413832475,-18.21307073022944
40,40,0.00033514709637942006,0.0003415329694306772,-18.22114330336327,-18.14336353859973
41,41,0.0003332827455056927,0.00033608628406287417,-18.24850744782436,-18.213181989983465
42,42,0.0003364172430478574,0.00034079091519264405,-18.194461398551454,-18.152809791183515
43,43,0.00033520142993044837,0.00033767902794735213,-18.222223733407695,-18.19264898965574
44,44,0.0003382839375300352,0.0003409639221469038,-18.171747980564643,-18.150605598031852
45,45,0.00033989186655518784,0.00034244534234810427,-18.161791230017453,-18.131777242611445
46,46,0.0003316323014849931,0.00033964550484118884,-18.26215124505232,-18.167431168004903
47,47,0.00033603029051968423,0.00034145990809376697,-18.194708086937872,-18.144292688423274
48,48,0.00033670952621626563,0.00033983946655337746,-18.196893158673262,-18.16495174587967
49,49,0.00033268928149782277,0.00033615359815915947,-18.2474078455084,-18.212312236746804
50,50,0.000335274781784542,0.00034080965346411655,-18.219830213844123,-18.152571002418444
51,51,0.00033383133920802515,0.0003407888963058787,-18.231449702997566,-18.152835519392212
52,52,0.00033605213849517257,0.00034416735012966554,-18.204118554753876,-18.10999319889886
53,53,0.0003335341335917564,0.00033938554176864654,-18.236962849659395,-18.170756510313872
54,54,0.00033622097611648135,0.0003326113556364649,-18.202815569487264,-18.258319156189582
55,55,0.00033531586649184375,0.00033785538031033387,-18.213417074792012,-18.190381485323847
56,56,0.0003290326015294059,0.0003402445888097741,-18.295006771245294,-18.159777609539525
57,57,0.0003381114769318938,0.0003366970095636421,-18.176498396399335,-18.205297288020517
58,58,0.0003313300633063713,0.00034147732137506336,-18.261303496462563,-18.144071218816574
59,59,0.0003329797812315069,0.00034589711944327543,-18.240590350583442,-18.088220426225305
60,60,0.00033041843112327696,0.00033971535250250444,-18.276263381713015,-18.166538138809532
61,61,0.0003342869095672306,0.0003352801003003199,-18.224293344619266,-18.22361210194371
62,62,0.00032852072425945135,0.0003346557128488233,-18.29532567691207,-18.23170744773501
63,63,0.00032990788602865463,0.0003296571667306125,-18.28131772871786,-18.29706466217971
64,64,0.00033167099217721024,0.00033728675120265077,-18.258564051904255,-18.197697057277733
65,65,0.000333335435440399,0.0003357526944263985,-18.24466911293613,-18.217494813588115
66,66,0.00033150881213212826,0.00033755041658878326,-18.27104902744554,-18.194303396301184
67,67,0.00032885217248250915,0.000339149800741947,-18.296826115707198,-18.17377421697582
68,68,0.0003335264972867156,0.0003364559073050163,-18.233176905891565,-18.208408301353426
69,69,0.00033142002804694483,0.00032938188432078615,-18.270669653603832,-18.300692782192172
70,70,0.00032770229484309853,0.00033357145424049934,-18.303873500248514,-18.245801096332194
71,71,0.0003301714533176657,0.0003313255637246919,-18.28392284547997,-18.275140423812534
72,72,0.000328210562938037,0.00033580004482677107,-18.30364951939227,-18.216882381639593
73,73,0.00032820412769107166,0.0003350501371498563,-18.30597809609266,-18.226591878943935
74,74,0.00033298830745367275,0.00033475616854909614,-18.242918988783906,-18.2304039944249
75,75,0.00033188156949202576,0.0003377263722206025,-18.264168828874908,-18.19204012995012
76,76,0.00032904007671324096,0.00033118963198687295,-18.290498802294305,-18.276922553637203
77,77,0.0003296053019045017,0.0003348240371499407,-18.28752185283028,-18.22952359328128
78,78,0.00032675966708056785,0.0003367990108304902,-18.329838341574508,-18.203981806225926
79,79,0.0003312134112533873,0.0003367079158411606,-18.265400572079482,-18.205156613785267
80,80,0.0003282333071314797,0.00032870437165624216,-18.304848663140895,-18.309635078522316
81,81,0.00032697569611290296,0.000327751064967168,-18.323347355617543,-18.322248764160896
82,82,0.00032762541902520376,0.00032947596168684726,-18.307251174191588,-18.299452536470653
83,83,0.00032840232597664,0.00033303079850922684,-18.315506730990336,-18.252845892572193
84,84,450448791488.65985,0.0003358073345704102,133.06519965663972,-18.216788103478446
85,85,0.00033052997110344314,0.00033317096255670647,-18.26650225906747,-18.251018443987178
86,86,0.00032965724114040584,0.0003281842969284442,-18.291718089786674,-18.3165119099385
87,87,0.0003284035639395726,0.00033309164236446743,-18.308008021890426,-18.25205252039192
88,88,0.00032876031299256095,0.00033251545238798777,-18.29087133830553,-18.25957155652577
89,89,0.00033058994089627696,0.0003285664164363162,-18.273145252902847,-18.311458168570706
90,90,0.00033427271259871803,0.0003354997775443879,-18.235816766238578,-18.22076751398094
91,91,0.0003291880759919427,0.0003281039672928225,-18.288553052314555,-18.317575062201307
92,92,0.000330348087765142,0.00033372141861994013,-18.276803236274652,-18.243849068782716
93,93,0.00033479626050468575,0.00033498927797681014,-18.22440104014956,-18.227380811729176
94,94,0.00032963530495330767,0.0003406706857372467,-18.280740575218413,-18.154342232322144
95,95,0.00033118850347518765,0.0003308916409303875,-18.260599364847817,-18.280831919013348
96,96,0.00032533739319013565,0.000331975853585295,-18.343704305978044,-18.266624916949155
97,97,0.0003294685982124515,0.00033747353652296096,-18.290599428723887,-18.19529265270743
98,98,0.00033028705373223987,0.0003313468202433892,-18.273060110778378,-18.27486180683675
99,99,0.00033170231419961095,0.0003296492550840699,-18.26113988073284,-18.297168892453303
100,100,0.00033163549780567206,0.00033751664695477014,-18.26399036459867,-18.194737900264183
101,101,0.0003279577556651892,0.00033832651464954803,-18.320032027845155,-18.1843295315998
102,102,0.0003282243770561613,0.00033432238667860235,-18.31032677768284,-18.23603529429629
103,103,0.0003250360317269014,0.00033288078664458896,-18.350166854248858,-18.254802588553666
104,104,0.00032698599886888465,0.000339828287618921,-18.32336155182485,-18.165094608315577
105,105,0.0003304374305238544,0.000333839551067764,-18.282867699817352,-18.242312002564386
106,106,0.0003270047750400821,0.000329572234094437,-18.326807121937605,-18.298183719533114
107,107,0.00032687669058243946,0.00033180570952888385,-18.31381314358375,-18.26885133089472
108,108,0.00032395644223835973,0.0003293732297606766,-18.360297533625843,-18.300806895240214
109,109,0.00032891656575753284,0.00032834485510217125,-18.289970290217518,-18.31438772306733
110,110,0.0003236028928064847,0.00033294263994321227,-18.36306194479042,-18.25399569155112
111,111,0.00033250110033064236,0.0003297700022812933,-18.25120314171619,-18.295578406841614
112,112,0.00033012324747312623,0.0003301937984743793,-18.2826886294465,-18.290000756273614
113,113,0.00032527870756631584,0.00033512049795765623,-18.347740771243586,-18.225679952664827
114,114,0.0003257519487512404,0.000332580937538296,-18.33074705326172,-18.25871634696673
115,115,0.00032533395623778635,0.0003330323609253882,-18.347566195540637,-18.252825517666068
116,116,0.00032919778646997263,0.00032774237517610585,-18.29048539464857,-18.322363911867228
117,117,0.0003262417689181826,0.0003330323884974381,-18.341312857209886,-18.25282515810976
118,118,0.00032816013860151403,0.00032832894909293637,-18.308003929343094,-18.314598113431526
119,119,0.0003220789886401371,0.0003279866773243013,-18.395443687207425,-18.319127847234043
120,120,0.00032334750069343705,0.00032857081264649565,-18.365868979673238,-18.311400060469754
121,121,0.0003259206057487766,0.0003307019590130566,-18.34294783618281,-18.283322203450133
122,122,0.00032231132901926554,0.0003260052548476348,-18.37595347074656,-18.34544387465304
123,123,0.00032317698435118595,0.0003308986120636722,-18.36458354715254,-18.280740424020653
124,124,0.0003216272419841826,0.00032789689047556177,-18.38538846371127,-18.32031689770315
125,125,0.0003212540936728306,0.00032684505506614715,-18.40069409239559,-18.334270691568552
126,126,0.00032485576590148674,0.00032612691192250505,-18.34686806637457,-18.343823497692483
127,127,0.00032082573209466777,0.0003232927778490672,-18.405239210593834,-18.381729850781
128,128,0.00031887752918488126,0.00032264942082723503,-18.434590462157907,-18.390380980787356
129,129,0.0003254535798818718,0.0003267652906575485,-18.34325234891004,-18.335330688335898
130,130,0.000322645701727225,0.0003290558877204986,-18.382798947182415,-18.304993220052946
131,131,0.00031844935483135977,0.00032368009622012704,-18.43635259082745,-18.37652993411901
132,132,0.00031767993746565406,0.0003229227241765904,-18.44295800873412,-18.38670380405288
133,133,0.0003195587415416178,0.00032838198086737017,-18.41796748625344,-18.31389669653708
134,134,0.0003241069774508246,0.00032325446035860007,-18.370285201745567,-18.382244618262984
135,135,0.00031766603903643324,0.0003244546686274637,-18.452947784339578,-18.3661496027209
136,136,0.000322801589644178,0.0003203553588766801,-18.37585715741376,-18.421369947119295
137,137,0.00032384974099503657,0.0003232157461369704,-18.370017859677592,-18.382764777511657
138,138,0.00031968174153007567,0.00032094818858527824,-18.422821640185173,-18.413340590490634
139,139,0.0003154315990539863,0.00031678822492004226,-18.48221018069517,-18.469999575339568
140,140,0.00031515881605206306,0.00031628179988872846,-18.477118065456136,-18.476947863361197
141,141,0.0003158187937140273,0.00031767443502566924,-18.472778479908307,-18.457867217258354
142,142,0.00031260891485066373,0.00032057547727354656,-18.518102894389305,-18.418386904223212
143,143,0.0003147056544098773,0.0003184977624761431,-18.4881427089965,-18.44662602282775
144,144,0.0003124250707543004,0.00030949360562341387,-18.521267842976826,-18.57117307351141
145,145,0.00030948478997368175,0.0003197726741506669,-18.55594475267503,-18.429276391393966
146,146,0.00030557156604061806,0.0003129712116022251,-18.61080120883085,-18.52264596775734
147,147,0.0003056426768997665,0.0003158669416351538,-18.61825668648329,-18.482648125477702
148,148,0.00030984831811889005,0.0003089621221940768,-18.562682024008254,-18.578637484204815
149,149,0.00030412595372853477,0.000316588511371887,-18.642263972282112,-18.472738371693456
150,150,0.0003048291792324984,0.0003119441144486987,-18.62518291672115,-18.53692191872918
151,151,0.00030570363322244095,0.0003143011662790454,-18.61403811346005,-18.504229953815646
152,152,0.0003020600442769793,0.0003117475104150607,-18.661372835830463,-18.53965994009593
153,153,0.0003046790268704218,0.00030460113377653455,-18.634119807590377,-18.64037472421056
154,154,0.0003043103344455246,0.00031115140269608483,-18.644152529190553,-18.547972247809234
155,155,0.00030210924265214925,0.000307674221020486,-18.669752937087917,-18.59677878230984
156,156,0.0003043058266522382,0.00029962065883936653,-18.63617025335992,-18.711972332840197
157,157,0.00029689674931770364,0.0003001002891994032,-18.73828110410764,-18.70502573996867
158,158,0.00030234367310635977,0.0003032198682807288,-18.663713968936232,-18.66011333190825
159,159,0.0002989059255023957,0.0003061851204716061,-18.711672888425074,-18.61784906262293
160,160,0.0002977263931600262,0.0003031179474323596,-18.733356591404313,-18.66157336495608
161,161,0.0002952711761703465,0.0003019588858526396,-18.766552372464844,-18.678211736688677
162,162,0.00029929454249963546,0.00030073671491424506,-18.697778199753863,-18.695825365238935
163,163,0.00029695639641806674,0.0003019885074249224,-18.73813932686258,-18.67778572324641
164,164,0.00029701114507372844,0.0003030662743472739,-18.73368851185369,-18.662313778017445
165,165,0.0002975547704221585,0.0002990650276555435,-18.72633920877389,-18.72003357872711
166,166,0.0002912190782095872,0.000303158342017253,-18.823506711524423,-18.660994647112442
167,167,0.00029137981506472587,0.00030315046560166304,-18.813579678347548,-18.661107483468605
168,168,0.0002970208876559837,0.0002985986234546688,-18.73872117520202,-18.726811866532252
169,169,0.00029732174595299455,0.00030217805454556485,-18.728856399529672,-18.675060671036036
170,170,0.00030086096856243833,0.00029775347732203573,-18.67953350947212,-18.73912145836747
171,171,0.0002968286073493013,0.0003078425974021421,-18.75361777117522,-18.59440273236055
172,172,0.0003010378580434805,0.0003049565773261221,-18.687891615930315,-18.635309832506344
173,173,0.0002977161502619226,0.0003028833858766838,-18.735185660597217,-18.664935363974386
174,174,0.0003009847932094324,0.0003025313689201874,-18.683655195072973,-18.669985754231973
175,175,0.000294808242842075,0.00030086409012590974,-18.776110235169256,-18.693986326729664
176,176,0.0002946494301401808,0.0003034017848365597,-18.773902832876324,-18.657508566373533
177,177,0.00029112432198839013,0.0003009126230608672,-18.828917996169626,-18.69328581488112
178,178,0.00029729747980924265,0.0003021600316156094,-18.736259327651045,-18.675319706804554
179,179,0.0002979083456574296,0.00030494776958795756,-18.72429675090113,-18.635435266997916
180,180,0.00029835412767835766,0.00030301450935535525,-18.722855225190393,-18.663055634581955
181,181,0.0002979276976044069,0.00030347550024376497,-18.71880122087297,-18.656453519644153
182,182,0.0002961004661160915,0.00029973521075015396,-18.752539115892525,-18.710312241869993
183,183,0.0002920615338881202,0.0003042404254971954,-18.810961037234087,-18.64552068152034
184,184,0.00029895931887968455,0.0003061073274645758,-18.714395900252157,-18.61895262266126
185,185,0.0002921944287288742,0.00030467902175395896,-18.818238044575978,-18.639264354254166
186,186,0.0002942618106242231,0.00029806672338102206,-18.784999597363633,-18.734554944937102
187,187,0.00029810365876326933,0.00030099910585895966,-18.723842104380967,-18.692037824504958
188,188,0.00030347428641032387,0.0003029214628776045,-18.650731788244716,-18.66438942475178
189,189,0.0002978319039966757,0.0002996521292707736,-18.725562420645538,-18.71151619883956
190,190,0.0002976564974608092,0.00029997136995294377,-18.73162206233898,-18.706891814373485
191,191,0.0003009864567783805,0.0003034513532551692,-18.688748177729664,-18.656799093541462
192,192,0.00029755582506096315,0.0003106727871406627,-18.73573966451672,-18.554657743134694
193,193,0.00029615429710097536,0.0003085036817202835,-18.748947080606175,-18.5850863661792
194,194,0.0002988448664161962,0.00030117240078796287,-18.705257991568686,-18.68953817008243
195,195,0.0002979651633854091,0.00030845514572176496,-18.727681075130857,-18.58576968297235
196,196,0.0002967158615104278,0.00030086395532922134,-18.746191961350675,-18.69398827250761
197,197,0.0002979046491709221,0.00029775083193702524,-18.72887124541321,-18.73916004334812
198,198,0.000302391565409633,0.00030249510401565775,-18.668024538925913,-18.670506380969723
199,199,0.00030115557433653276,0.0002992037778695751,-18.68149937227735,-18.718019151337927
200,200,0.0002989321281010112,0.000302641067384301,-18.70959056301942,-18.668411279411192
201,201,0.0002964070014602783,0.00030744073937009827,-18.744152991316835,-18.600075720403964
202,202,0.00029948858493823824,0.0002979520190580699,-18.699769590697443,-18.736226551937907
203,203,0.00029229702873241885,0.0003001127088761055,-18.800849675546218,-18.704846010536723
204,204,0.0002993078081455735,0.00029997961093230466,-18.705273816425933,-18.706772504230614
205,205,0.00029643588836218433,0.00030114441975264957,-18.750046049788143,-18.689941678961105
206,206,0.00029799660647374375,0.000304739346335593,-18.724359135806093,-18.638404562873266
207,207,0.0002948047332801693,0.00030122302153981045,-18.776709734802985,-18.688808273657784
208,208,0.00029840063844980267,0.00029738581935433964,-18.722963854971496,-18.74448732305838
209,209,0.0002980053016181421,0.00030323677837211445,-18.724557403840635,-18.659871139513466
210,210,0.0003007314178118117,0.0003021547684176384,-18.688223811107573,-18.67539535538493
211,211,0.00029844935886206626,0.000304264794593971,-18.712813531384306,-18.64517283358363
212,212,0.0002963537714544914,0.0003065006733921013,-18.752663636191652,-18.613375549262273
213,213,0.00029604507042527123,0.0003029545922273476,-18.751768578819576,-18.663914479631384
214,214,0.0002981012356443542,0.0003018832404019409,-18.72183755877263,-18.679299848980385
215,215,0.00029275196510818353,0.0003023390339589433,-18.79743764764224,-18.672747668677218
216,216,0.5887609772683006,0.0003029322680576067,14.232898765645066,-18.6642345150826
217,217,0.00029907090161547794,0.0003032876426770695,-18.706134079776184,-18.659142724094302
218,218,0.00029876255298263787,0.00030644978304687694,-18.713723543762885,-18.61409669714402
219,219,0.00029975383394858655,0.00030815803697087656,-18.704410029576795,-18.58995489031607
220,220,0.0002965382141296358,0.00030404763483123754,-18.746067652502635,-18.64827358530564
221,221,0.00029809350662711123,0.0003072209748145389,-18.730890589880282,-18.603181250996215
222,222,0.00030282396821967644,0.00030122284385326664,-18.661543397580168,-18.688810835490802
223,223,0.0002984822580420422,0.00030210025541141237,-18.727336483593767,-18.676178954922424
224,224,0.0003007761621007638,0.0003070000124065892,-18.67561443501416,-18.606305949129844
225,225,0.0002966088254230347,0.00030167275230939453,-18.749151747875057,-18.682329023469883
226,226,0.0002977640932718695,0.00030119476172043696,-18.733112825843712,-18.689215734525092
227,227,0.0003004367037234617,0.0003060397269253276,-18.693385650213372,-18.61991182163406
228,228,0.00030010763871406697,0.00030038574416386455,-18.690449692269663,-18.700896700545673
229,229,0.0003001435372387971,0.0003017198499659763,-18.690113197546992,-18.681651048555096
230,230,0.00029993936696723485,0.00030258089904428313,-18.695033145895998,-18.66927478997725
231,231,0.0002990850534280474,0.00030224784093565846,-18.703434175586068,-18.67405780717825
232,232,0.00029978463165197984,0.0003015672003752307,-18.69592096253174,-18.683848837362362
233,233,0.000300991352222687,0.0003026065180739878,-18.678963195399987,-18.668907095510235
234,234,0.00029915409641503594,0.00030687172731727754,-18.704551236434547,-18.608121100524
235,235,0.0003015791340827097,0.00030379931175909743,-18.673868857255563,-18.65182202283796
236,236,0.0003039610989814259,0.000310956096080573,-18.639331598363572,-18.550699126631606
237,237,0.00029692961249294084,0.00030578773523876935,-18.74333651609829,-18.623489255205243
238,238,0.0002978998365375146,0.0003028108468769412,-18.728291386115416,-18.66597560130068
239,239,0.0002960043304633426,0.0003009381869464721,-18.74318378366606,-18.692916877786537
240,240,0.000300407680303588,0.0003046104990828194,-18.684382389750986,-18.64024119751403
241,241,0.00030417480780839075,0.00030025795383967067,-18.64512320056945,-18.70274467243516
242,242,0.00030093223904259503,0.00030373493025667573,-18.688031273220915,-18.652742482275777
243,243,0.00030168330479298053,0.00030485694112844373,-18.670942335258577,-18.636729002463227
244,244,0.00030377797527987626,0.0003052108590246031,-18.640256737421034,-18.631690067231656
245,245,0.0002998665917890396,0.00030733224794905826,-18.69682657161475,-18.60160855372464
246,246,0.0002937362476530456,0.0003100352616073858,-18.786037279145326,-18.56357897169273
247,247,0.00029534720077621033,0.00030875291467007056,-18.755465915503677,-18.581579218541858
248,248,0.00030327661544415793,0.00030514759955143457,-18.64964082418875,-18.63259030019599
249,249,0.0002973639159031289,0.00030603490641193564,-18.73097892147222,-18.61998022905538
250,250,0.0002968707745990802,0.0003027872283526353,-18.741718917720245,-18.66631435385626
251,251,0.0003049632308755032,0.0003073600849969999,-18.622099565623508,-18.60121520324103
252,252,0.0002981832388370807,0.0003055031671752467,-18.717696110403097,-18.627532709742294
253,253,0.0003039740294832544,0.00030533891894217387,-18.639818736165424,-18.62986824308638
254,254,0.00029719558564859645,0.0003052086869597827,-18.73903520188116,-18.631720974360107
255,255,0.00029752984884214234,0.0003075656361608325,-18.72976220028091,-18.598311771608405
256,256,0.0003029892797769076,0.0003033703006191277,-18.65321880178709,-18.657959260208592
257,257,0.00030060673850233256,0.0003045605278059252,-18.687729296024774,-18.640953714981197
258,258,0.0002970340002817822,0.0003038247400821236,-18.736151701755826,-18.651458528985227
259,259,0.00030114731424939385,0.0003059652318418222,-18.67401925939546,-18.62096909423918
260,260,0.00029764707367051127,0.00030446087629044136,-18.728563117025196,-18.642374949222983
261,261,0.00030107345502852393,0.00030608451006149774,-18.687883934849935,-18.619276360145015
262,262,0.00029876980103657957,0.0003032355452887714,-18.71566750476974,-18.65988879971891
263,263,0.00030288126796109544,0.00030997850301087295,-18.65420850291568,-18.564374113566725
264,264,0.00029954761560747076,0.00030480487284397607,-18.709700815357426,-18.63747082253997
265,265,0.00030006456264467505,0.0003032803299567221,-18.694432337955472,-18.65924744027577
266,266,0.0003009086730409913,0.0003039447520246827,-18.68692442719991,-18.6497433877756
267,267,0.0002976534165053139,0.000308575686128614,-18.733597326726358,-18.584072846072004
268,268,0.0003028003626128601,0.00030111441983057087,-18.663859005698683,-18.69037434344922
269,269,0.000298647209701906,0.00030939668527265126,-18.718943345046874,-18.572533313750547
270,270,0.000303129868080225,0.0003085913623707663,-18.66042514311685,-18.583852221672768
271,271,0.0002999969457453789,0.0003072624079466454,-18.68838465424973,-18.602595582411062
272,272,0.0002947889067971906,0.0003066824130272787,-18.776984993629323,-18.61080116243524
273,273,0.00029919054401203145,0.00030514547803537235,-18.713267861703372,-18.63262049430282
274,274,0.0002995738762637274,0.00030367216401684443,-18.702518425328414,-18.653640036221475
275,275,0.0002993720090952846,0.0003099433991960005,-18.706152413587027,-18.56486596239655
276,276,0.00029770564287900925,0.000308187162246261,-18.7270283715441,-18.589544440249814
277,277,0.00030137335769976154,0.00030111665929373547,-18.684721992021682,-18.690342044003756
278,278,0.00029915101170904703,0.00030782526377343426,-18.70805519073212,-18.594647276530413
279,279,0.0003034798158380712,0.00030501137677531103,-18.64621524052036,-18.634529493201693
280,280,0.0002949970390902083,0.00030335316305833037,-18.76903447716756,-18.658204602560918
281,281,0.000303700164538933,0.0003020527855321569,-18.64125399229805,-18.676861427913952
282,282,0.0003010300297131666,0.0003042009821480238,-18.678668417591627,-18.646083760518636
283,283,0.00030168636219537597,0.0003084187138531553,-18.673279939518196,-18.586282661736988
284,284,0.00029653067563746853,0.0002984055103489051,-18.747267591647645,-18.729621493949978
285,285,0.0003036736047433056,0.0003024814864865651,-18.644484252239618,-18.670701893253533
286,286,0.00030315421838505367,0.000306889140598574,-18.65743489540659,-18.607874669303754
287,287,0.0002952340066783399,0.0003072781944769974,-18.768779790065516,-18.60237245629068
288,288,0.0002996181014843631,0.0003041179259430225,-18.700896754282756,-18.647269679656258
289,289,0.00029746608444988803,0.0003068836506970815,-18.736779901361167,-18.607952360395906
290,290,0.0002992115890818466,0.0003078852927214221,-18.703755424302965,-18.593800442229032
291,291,0.00030334571288831376,0.0003067054525385366,-18.649631094900514,-18.610474911031474
292,292,0.00029892704078145134,0.0003052154084128377,-18.71657723596077,-18.63162533298571
293,293,0.0002988321153379823,0.0003079422305362593,-18.716411819584838,-18.59299736740915
294,294,0.0003019265924129136,0.00030431636045441816,-18.67171622673576,-18.6444368670321
295,295,0.00029953785202245124,0.0003028342601426534,-18.708694972003656,-18.665639818777574
296,296,0.00030281740605600716,0.00030496590586967374,-18.651813106916926,-18.635176984969135
297,297,0.0002992870133086924,0.00030151273791776285,-18.714317494630727,-18.684633235692058
298,298,0.0002995973237497329,0.00030450455041749303,-18.70642620954474,-18.641752009674
299,299,0.0003059381334358327,0.00030797861491967186,-18.61259819763675,-18.592484264562298
300,300,0.0002984907559104763,0.0003034889331933013,-18.718972169257174,-18.656261289077126
301,301,0.0003049414375072019,0.00030654993239103963,-18.62901362851033,-18.61267763260524
302,302,0.0003014263089688629,0.0003039160280758025,-18.677372967295707,-18.65015383217059
303,303,0.0002990783007393025,0.0003031244513725764,-18.712593222289676,-18.661480180271127
304,304,0.00029874862784990254,0.00030615840621880795,-18.71504017143293,-18.61822799543042
305,305,0.0003036788821378819,0.0003026514926827268,-18.635392833914814,-18.66826167738805
306,306,0.0002979992831260273,0.00030761524746929735,-18.722072071768284,-18.597611297386063
307,307,0.0003039873230328649,0.00030408136157539527,-18.635635750991554,-18.64779186715104
308,308,0.00029863604973310356,0.00030656669313382164,-18.715358014739333,-18.612440186814286
309,309,0.0002987860364733821,0.0003075435815844685,-18.721891286272236,-18.59862320185667
310,310,0.0002989356426135685,0.0002955762626554229,-18.71930480812543,-18.770994344418696
311,311,0.0002993659014914415,0.00030734446696250846,-18.7015911193804,-18.601435888972983
312,312,0.00029825419577597114,0.00030188076504457156,-18.72365932370428,-18.679335460048172
313,313,0.0002979189817572838,0.00030654066971405163,-18.72954297320536,-18.612808860501737
314,314,0.00029997967577241743,0.00030592260392088637,-18.70701443110932,-18.62157420745717
315,315,0.00030273836095260514,0.00029998629102728476,-18.656203425485387,-18.706675794454974
316,316,0.0002957400832848489,0.000303433537115588,-18.749658383360384,-18.657054082625354
317,317,0.0002970572362399478,0.000304942825000341,-18.736849705119617,-18.635505686418586
318,318,0.0002997904929234022,0.00030196758636616563,-18.694776012402748,-18.678086602746447
319,319,0.0003034652375193678,0.00030603955230234484,-18.646391985621054,-18.619914299672455
320,320,0.000297466448697828,0.0003017771661306094,-18.73655163850514,-18.680826120065475
321,321,0.00029966910249678436,0.00030503611503119926,-18.698777182886815,-18.634177268557732
322,322,0.00030026570521775136,0.0003039692666406106,-18.692554626522153,-18.64939312237285
323,323,0.00030050016477579233,0.0003038520440704336,-18.686777039190524,-18.651068256663685
324,324,0.00030144489851549806,0.00030556735797098984,-18.6822150405846,-18.626620287776724
325,325,0.00029908074786137674,0.00030270192196200555,-18.710011257230445,-18.667538094857978
326,326,0.00029843955207136026,0.00030367599423411056,-18.713495502034114,-18.653585259000184
327,327,0.0002966455817606646,0.00030117987894060974,-18.751201855133804,-18.689430335496628
328,328,0.0003021364859377332,0.0003035780452927084,-18.66760334458365,-18.65498627677394
329,329,0.00029747034891114865,0.000303110812398556,-18.732625308083794,-18.661675593883984
330,330,0.00029961423307522825,0.00030320261047515825,-18.690847303098387,-18.660360518316853
331,331,0.0003002534792086436,0.0003030485945361617,-18.696990465345426,-18.662567137398757
332,332,0.000300479948115007,0.0003080569608994809,-18.695596724586146,-18.59137961320029
333,333,0.0003011739547556439,0.000304705671671974,-18.677797628994554,-18.63888449855811
334,334,0.0003017715893124144,0.00030483224423063035,-18.67394682692472,-18.637080844900453
335,335,0.0003029890712494626,0.0003068557523779179,-18.656936130502515,-18.608347188755133
336,336,0.00029653433431900037,0.0003028824759990369,-18.751410636403328,-18.664948410429
337,337,0.0003011957412230369,0.00030875918424786314,-18.67681056615134,-18.581491031021514
338,338,0.00030154840403822124,0.00030492176148599307,-18.67250615903464,-18.635805679835393
339,339,0.00029835764129079647,0.00029975697199054256,-18.730776184308517,-18.709996948797077
340,340,0.00029632435828332124,0.00030033313669264317,-18.752199710945177,-18.70165736032331
341,341,0.0003024048337559264,0.00030174386828500584,-18.658734387484795,-18.681305343482556
342,342,0.0002986346359470302,0.0003067661554699666,-18.712077171188206,-18.609615443440887
343,343,0.00030082544178663533,0.0003040932795939673,-18.680981991574637,-18.647621655197064
344,344,0.00030431158591023426,0.00029877551040906266,-18.631621653007624,-18.724239909492123
345,345,0.00029873850091706157,0.0003002478701283077,-18.716872939461943,-18.70289052614807
346,346,0.0003008658955108912,0.00030318213669632216,-18.680229323187675,-18.66065378589052
347,347,0.000298022991346349,0.00030117717534793834,-18.729790784799334,-18.689469320858223
348,348,0.00029939099409396656,0.00030306872366437396,-18.702789490278697,-18.66227867940395
349,349,0.00029579703558053937,0.00030510913041469296,-18.760545736780344,-18.633137838076763
350,350,0.0002950120758692513,0.00030566643813232844,-18.76908233620399,-18.62521231694832
351,351,0.0003002241677508603,0.0002999651585828121,-18.693025017793225,-18.706981742679062
352,352,0.0003023454481399781,0.0003032023577313674,-18.665593225530017,-18.66036413851258
353,353,0.0002971826611475577,0.00030844732598205536,-18.734373012865184,-18.585879783675843
354,354,0.00029673284884619035,0.00030560642297036553,-18.744610360404184,-18.62606510317239
355,355,0.00030404863520237357,0.0003034250663691445,-18.642747375579752,-18.657175323336684
356,356,0.00029810671586562526,0.00030210630900814737,-18.725289092880796,-18.67609193025859
357,357,0.00029572406837707096,0.00030912971889943277,-18.759456703107332,-18.576282289676563
358,358,0.0002997327390722162,0.00030155098800988575,-18.708823685826662,-18.68408232197434
359,359,0.00030035081021871765,0.0003016354840886044,-18.694373892151354,-18.682865577810887
360,360,0.00029585544876850297,0.00030308931845387344,-18.7468404063167,-18.661983568135355
361,361,0.00029513221588129773,0.00030611259066254685,-18.7638220300297,-18.61887795087198
362,362,0.00030048931729811793,0.00030391253714792823,-18.690949309415927,-18.65020371764157
363,363,0.000298128593545023,0.00030668644773724834,-18.724994768045484,-18.610744027083644
364,364,0.00030250190373164475,0.0003035802380365663,-18.661008037625884,-18.654954907802
365,365,0.0002985676644326754,0.0003047362720520285,-18.712453069440173,-18.638448375762497
366,366,0.0002997002943020468,0.00030394142806088845,-18.701664420904056,-18.649790882822572
367,367,0.0002926823745491271,0.000303395086360213,-18.800568771172628,-18.65760445056321
368,368,0.00029946184901943066,0.0003002706155376999,-18.714146526880118,-18.702561536915326
369,369,0.00029601261785407504,0.0003049613105280227,-18.75951636623914,-18.635242426597838
370,370,0.0003006485394038951,0.0003018643443570717,-18.68843542271841,-18.679571699277638
371,371,0.00030281513205671816,0.00030844429458834623,-18.66512048732173,-18.585922465972587
372,372,0.0003977159953906595,0.0003012412436012375,-17.47998890433194,-18.68854556128837
373,373,0.0002980595007514792,0.00030291550731482476,-18.728733372519933,-18.66447480970447
374,374,0.0002993927190209902,0.00030185762749935846,-18.710320750173363,-18.679668336285292
375,375,0.00030062081425489146,0.00030222532529334883,-18.68760167449515,-18.67438134244044
376,376,0.0002998167291264405,0.000304822710428485,-18.713941826375027,-18.637216675098568
377,377,0.0002976769384011127,0.00030498362703886077,-18.738096416457523,-18.634924629468305
378,378,0.00030117668181456163,0.00030593538050245687,-18.681544687895286,-18.62139283207217
379,379,0.0002952094223427097,0.00030305111431516707,-18.758008799054025,-18.662531026966708
380,380,0.00030167574739832547,0.0003064085804477432,-18.66815694675461,-18.614680651366942
381,381,0.0002998653508257121,0.00030339069780893624,-18.697784480843936,-18.657667270874853
382,382,0.0002967270441322117,0.00030669439308296303,-18.74927030072276,-18.610631515587645
383,383,0.00029574997468669083,0.0003023246137768422,-18.76018395904321,-18.672954812120988
384,384,0.0003012689249049968,0.0003036141003433027,-18.680569475731453,-18.65447050891862
385,385,0.00029535272435318754,0.0003058685948704614,-18.76062278275278,-18.622340999548314
386,386,0.0002991284301370075,0.0003013472412835415,-18.710891567144227,-18.68701767915492
387,387,0.00029807060701321313,0.00030489525249178867,-18.723742590214957,-18.636183258999214
388,388,0.00030374406391668336,0.000306707018018259,-18.645086006219664,-18.610452743917577
389,389,0.0002995080202961936,0.0003089470969586584,-18.704945476189533,-18.578848692473944
390,390,0.0002967207776574591,0.0003032576978990906,-18.741533057996985,-18.659571541232232
391,391,0.00029463954083861534,0.0003060996134177242,-18.774396406045604,-18.619062068267226
392,392,0.0002974763485007756,0.00030119343366669983,-18.7323967073786,-18.68923488385153
393,393,0.00029647098428128073,0.00030545884663680275,-18.75039166580286,-18.628162803426672
394,394,0.00030108780831761045,0.0003052609084223054,-18.685233163250036,-18.630977956419905
395,395,0.0002967972991287171,0.0003033044539686096,-18.742623368255142,-18.65890200051113
396,396,0.0003033052372611752,0.00030735271253721103,-18.656523692107182,-18.601319376071572
397,397,0.00029363504733371826,0.0003038490402487744,-18.783981246618342,-18.65111119037583
398,398,0.0002957766106923485,0.0003007911436725408,-18.75370887696407,-18.69503942958818
399,399,0.00030027898106503196,0.0003076798212101781,-18.702531313741154,-18.59669973410949
400,400,0.00029783006775500155,0.000305955976823737,-18.734821142130297,-18.62110046420079
401,401,0.00030194263432424556,0.000304507773283771,-18.672974677024854,-18.641706044330245
402,402,0.000298744890257985,0.0003000460978670928,-18.711481718391028,-18.70581004850274
403,403,0.00029996681728006636,0.0003014637148130293,-18.689722752946388,-18.68533941464223
404,404,0.00029793273166695743,0.00030125658438344925,-18.733482925188532,-18.68832440141842
405,405,0.00029985319052525247,0.0003019177069961044,-18.706589780974742,-18.67880403486363
406,406,0.0002987454123266963,0.00030443267774228985,-18.712813808020474,-18.642777202581968
407,407,0.0002960475868564675,0.0003058440159197505,-18.756199037805935,-18.622690003393657
408,408,0.0003037936826471777,0.0003047618298105111,-18.643053118625332,-18.638084154989656
409,409,0.0002987710116959187,0.0003064323161532612,-18.718589801843056,-18.614344241509414
410,410,0.0002964489613827702,0.0003033283420862924,-18.74474894183927,-18.658559965666804
411,411,0.00030503899294681384,0.0003002280320384,-18.61921447798239,-18.703177484307435
412,412,0.00029993820401417456,0.0003076125990207258,-18.69364139661457,-18.59764868862597
413,413,0.0002990588917848222,0.00030267196110033085,-18.70666579763859,-18.667967972567375
414,414,0.0002968900110308542,0.0003066023744299616,-18.734618312983887,-18.6119347408987
415,415,0.00030579209326497597,0.0003069991301009922,-18.611787282296678,-18.606318430595227
416,416,0.00030379794290788547,0.00030941960836858735,-18.649678633364573,-18.572211558354642
417,417,0.00029899560430533606,0.0003047414847012413,-18.713679563216814,-18.63837408839879
418,418,0.0003040620154633964,0.0003009560566983725,-18.64936739525339,-18.692659000768188
419,419,0.00030076285744969224,0.0003099493593541219,-18.684581414791833,-18.564782449119523
420,420,0.0002984267886915273,0.00031080331935204173,-18.722153462696166,-18.552833395606157
421,421,0.0003009835034896879,0.0003072937198387655,-18.687268133662393,-18.602153032695497
422,422,0.00029783115269779465,0.00030747420724334295,-18.727031117988048,-18.59960297493679
423,423,0.00029717364106039256,0.0003094012453833497,-18.73184415750002,-18.57246930478041
424,424,0.0002997401047416377,0.0003027340265505604,-18.69765652733516,-18.667077506229223
425,425,0.0003032397299395279,0.0003028357444380067,-18.6567320597002,-18.665618532556476
426,426,0.00030282206686943307,0.0003045008710806111,-18.651324856169236,-18.641804485913077
427,427,0.00030044643130374245,0.00030846808620385433,-18.691202624878766,-18.585587489153916
428,428,0.0002970340005818217,0.00030401978016781966,-18.746376668763926,-18.64867147298479
429,429,0.000305211043090934,0.00030780205576631586,-18.62831812761716,-18.594974718445755
430,430,0.0003052836745502139,0.00030174634823771686,-18.621753454738883,-18.68126965011924
431,431,0.0003003523449207051,0.0003055695867116906,-18.68608394221406,-18.62658861141363
432,432,0.00029895516558305465,0.00030311821396217535,-18.703784520478905,-18.6615695462321
433,433,0.00030266659390709374,0.00030971606458096127,-18.652042985939353,-18.568052556939456
434,434,0.00030201344214350986,0.00030518515268340707,-18.665398755670466,-18.632055866546324
435,435,0.00030327975130687977,0.00030793921292857513,-18.649786474725573,-18.593039925287123
436,436,0.0003007849664595362,0.0003059505864879803,-18.686690552353152,-18.621176978924286
437,437,0.0002985998526690816,0.00030797062821588233,-18.717121481448864,-18.592596890121087
438,438,0.0003008981836604473,0.0003075263367990326,-18.68485122518742,-18.59886672913494
439,439,0.0003002242706644051,0.00030657824888629347,-18.697425709926932,-18.612276486547373
440,440,0.00029921396209416697,0.0003067631547118684,-18.714447527934862,-18.609657925932332
441,441,0.0003055995597249646,0.00030538215804354926,-18.613217705856933,-18.62925328140031
442,442,0.00030699743020357853,0.0003038529141217862,-18.604787484686458,-18.651055821073143
443,443,0.00030193391877716193,0.0003022848127569121,-18.665042506760354,-18.673526598222765
444,444,0.00030573316160877495,0.00030683893189569443,-18.61252512006199,-18.60858525640674
445,445,0.0003015485576584398,0.0003023031213639402,-18.679306417617006,-18.67326356528554
446,446,0.00030288125055880506,0.0003104072039652812,-18.658577962220427,-18.558371960827632
447,447,0.00030105846565572024,0.00030498166942331746,-18.681139793242384,-18.6349525058617
448,448,0.00030377335737209727,0.0003049403848739243,-18.646598475597255,-18.6355404384308
449,449,0.0002996121646029894,0.000305936691706608,-18.71271101468474,-18.621374218745842
450,450,0.00030187515394291696,0.0003048979040039213,-18.67423066459523,-18.63614549087815
451,451,0.0003043439427688334,0.00030719139613211155,-18.641739953534856,-18.603599402035403
452,452,0.0003041865849584226,0.00031049493056918055,-18.6322866752251,-18.557144740687
453,453,0.0003038519764194246,0.0003087108642304022,-18.638058791999907,-18.5821707438932
454,454,0.00030418531069071177,0.0003034992076113428,-18.649848542107932,-18.656114264028012
455,455,0.00030541669165705973,0.0003041254071592304,-18.62311700717112,-18.647162845738304
456,456,0.0003034799382541828,0.00031397230065378706,-18.6526530020985,-18.508776526188942
457,457,0.0002980960851664818,0.0003042602743095669,-18.720956766076938,-18.645237354658395
458,458,0.00029531124884445105,0.0003049002767319938,-18.767481229529285,-18.636111694033833
459,459,0.00030162861629523644,0.00031122828429368764,-18.670832479173193,-18.546899293326092
460,460,0.0002991493722932778,0.000309980846635115,-18.70684980585046,-18.564341278411433
461,461,0.0003009785292850154,0.0003122832475989861,-18.675298864738313,-18.53220300766422
462,462,0.0003033531505672127,0.00030922626549574107,-18.651699274143468,-18.57492612412073
463,463,0.0003036289813702676,0.00030825379010485977,-18.652092204470872,-18.588605628143547
464,464,0.00029649315959985183,0.00031212020794076746,-18.73985555706944,-18.534471003617053
465,465,0.0003021267913617962,0.0003056485913571362,-18.67553926783581,-18.625465893438808
466,466,0.0003036896712578756,0.0003085442601188429,-18.642834735667034,-18.58451516341166
467,467,0.0003023790336602857,0.00031450413639265066,-18.669084417249,-18.501426262338587
468,468,0.0003065849896208335,0.00030891498777476186,-18.603189125524725,-18.57930008257351
469,469,0.00030283157752116315,0.00030543376832563237,-18.649918496836342,-18.628519375822414
470,470,0.0003020981846967731,0.0003058482267844834,-18.66569168855846,-18.622630210079638
471,471,0.0003039974127608092,0.00030924467520028546,-18.63797245242513,-18.57466757573718
472,472,0.0003034861349697542,0.00030791708635852526,-18.640189157255712,-18.593351993127992
473,473,0.00030410190151293866,0.0003077516494637453,-18.634618857017337,-18.59568598633099
474,474,0.00030377790867110963,0.0003119002274041505,-18.65043803322571,-18.53753296542872
475,475,0.00030047912150621414,0.0003097666010848786,-18.691360319052794,-18.567343974567386
476,476,0.000301023517656092,0.00030648856313507026,-18.681482803821876,-18.613547148288497
477,477,0.00030204534504236173,0.00030519913630805125,-18.6657466982378,-18.631856876790835
478,478,0.0003047530157083511,0.00030880799290331965,-18.620268446592686,-18.58080455251157
479,479,0.0002992128120428047,0.00030689656820246264,-18.709204210151263,-18.60776955876317
480,480,0.0003023821648723955,0.0003072775649151912,-18.664505435288458,-18.602381354269887
481,481,0.0003036501842608541,0.00030260984816490427,-18.65401441097366,-18.668859303011885
482,482,0.00030564400037395357,0.0003070798886351679,-18.62625089202405,-18.605176135063505
483,483,0.00030359891651332685,0.00030545798577613344,-18.656367180394092,-18.628175042966284
484,484,0.000304059879182233,0.0003100767023983951,-18.641661573263665,-18.56299851177799
485,485,0.0002986253923304456,0.0003053944367964409,-18.71638160095475,-18.629078664538063
486,486,0.00030075712789560564,0.0003062077693788237,-18.690532788928774,-18.61752782128936
487,487,0.00030466861009943426,0.0003028924050005643,-18.63317488016668,-18.66480604366175
488,488,0.00030122056108966626,0.0003049824199957871,-18.67714412448185,-18.634941817708498
489,489,0.0003026302057179171,0.00030843217667241235,-18.665812885453605,-18.58609309151167
490,490,0.0002955900287356458,0.00030693621527844747,-18.768137408760175,-18.607208542577293
491,491,0.00030123699185217626,0.00030827493786713794,-18.680036469964477,-18.588307690479045
492,492,0.00030088254590230734,0.000307227382252581,-18.685555422675797,-18.603090674955027
493,493,0.000300132911040246,0.00030855419677927305,-18.69421888195347,-18.58437530123098
494,494,0.0003030326975912777,0.00030347205067396556,-18.65039941673856,-18.656502885660263
495,495,0.0002967986481062607,0.0003106218676916079,-18.737832302968698,-18.555369612635698
496,496,0.00030237766007950396,0.00030602990821199984,-18.660118074067874,-18.62005115914643
497,497,0.00030442889114918627,0.0003084305407307846,-18.629979996273192,-18.586116126796565
498,498,0.0002967490809825585,0.00030303160555807774,-18.73522245204555,-18.66281061076865
499,499,0.0003010416175382807,0.0003036953628332795,-18.682066840871215,-18.65330827274964
500,500,0.0003023385913375304,0.0003071294815622662,-18.66192212995216,-18.604474812821547
501,501,0.00030304874070276766,0.00030815203851824134,-18.65390050743804,-18.590039428764587
502,502,0.0003028996269273831,0.0003034603708472691,-18.657234455522158,-18.65667003719492
503,503,0.000298890917377124,0.00030857810940544466,-18.709229232462683,-18.58403874061034
504,504,0.00030045233128025896,0.00031095425794391254,-18.69433082983691,-18.550724798904255
505,505,0.00030377316324654776,0.0003054281788584041,-18.64672126342663,-18.628598852855983
506,506,0.00029771381625473575,0.0003019329129816278,-18.72730878649132,-18.678585309391217
507,507,0.00029975227254308454,0.000306729406522783,-18.702235823341805,-18.610135736202086
508,508,0.0003036014674490644,0.0003051105457799215,-18.646059393464675,-18.63311769171529
509,509,0.00030482916153016853,0.0003053782458760236,-18.632252217487224,-18.629308918038106
510,510,0.00030421162355383956,0.0003051857240375523,-18.64283134937318,-18.632047735884722
511,511,0.00030415757143985214,0.0003118548621913712,-18.63230881902972,-18.538164683291832
512,512,0.00029771884881708887,0.00030544785611135393,-18.732852130211842,-18.62831906704384
513,513,0.00030212802152370207,0.0003016709509354673,-18.674603421667083,-18.682354956507794
514,514,0.000300435202025818,0.0003082133143355972,-18.68744023250951,-18.589175923075434
515,515,0.0002981885132312621,0.00029722876129917016,-18.722466405111525,-18.7467815637482
516,516,0.00029900041348828946,0.000301983552114842,-18.703002601840872,-18.677856986934525
517,517,0.0003027015827120925,0.0003098714361457448,-18.65983850877151,-18.565874429893142
518,518,0.00030085272767782674,0.00030682162124369487,-18.680939287424565,-18.608830275272794
519,519,0.0002984564926009625,0.00030279421174016436,-18.717703421134992,-18.666214190724826
520,520,0.0003051337706208344,0.0003053333049664568,-18.62277912780512,-18.629948093408046
521,521,0.000301007492847011,0.0003072246924459346,-18.681254205889235,-18.603128698040376
522,522,0.00029883321183229577,0.00030708698843801886,-18.71083811230799,-18.605075725701948
523,523,0.0003024986687058717,0.00030920556807694465,-18.662908519990914,-18.575216819854305
524,524,0.00030775514332884824,0.00030270251629285907,-18.586895695257226,-18.667529567843843
525,525,0.0003054993744392294,0.0003052873392957018,-18.61904534752324,-18.630601940846425
526,526,0.00030274361584421976,0.00030633319003850614,-18.656174815991964,-18.61574934426377
527,527,0.000306098344771806,0.00030310906923228974,-18.609472665634378,-18.661700569887362
528,528,0.0002999372321862689,0.00030559898004867136,-18.697847606026198,-18.626170875137273
529,529,0.0002980269521676465,0.00030434449773134763,-18.723031774128206,-18.644035334258945
530,530,0.0002991043048617958,0.000307178708393813,-18.71903137353533,-18.603778779732693
531,531,0.00030167918165031936,0.0003088867800359271,-18.673766949190615,-18.579696664971607
532,532,0.00030272332447360166,0.0003033336451105577,-18.665041369920875,-18.658484039558875
533,533,0.00030044692306846536,0.00030351350678278034,-18.696895021120486,-18.655909653775048
534,534,0.00030435090728545775,0.00030313950264826417,-18.628037159288123,-18.661264541985695
535,535,0.00030011730268597603,0.0003067825072273416,-18.71120889245267,-18.609383954777286
536,536,0.00030993173119717653,0.0003050942552937685,-18.55879624797469,-18.633349576755627
537,537,0.00030022969807872607,0.00030933594404670755,-18.69280642802136,-18.573386010960494
538,538,0.0003009981473670197,0.0003108509684496216,-18.682631848698293,-18.55216763199467
539,539,0.000302251620090941,0.00030762615374681587,-18.66940348695785,-18.597457324128232
540,540,0.0003039767724442651,0.0003048855838929548,-18.643601296849475,-18.636320981238782
541,541,0.00030742877627454085,0.0003050113706481888,-18.585938321118462,-18.634529580443534
542,542,0.0003033966145876641,0.00030643879098964756,-18.649022837441272,-18.614252477166758
543,543,0.00030269707761916147,0.00030469386317571133,-18.66306564812048,-18.639052807343194
544,544,0.0003028834087428512,0.00030136156343168726,-18.659148737705756,-18.686811276664656
545,545,0.0002990121975392295,0.0003095815114456376,-18.71718320130855,-18.56993971708267
546,546,0.000297528394550738,0.0002958362533000151,-18.72567924434906,-18.76717594333585
547,547,0.00029475061455741525,0.0003073854359651082,-18.776264100649243,-18.600857013219592
548,548,0.000304030769651026,0.00030582418702052613,-18.635657936261012,-18.622971580283775
549,549,0.0002990262180845224,0.000304766374603404,-18.702294380495378,-18.638019390850424
550,550,0.00030480043664958675,0.0003056219812654155,-18.632616580396665,-18.625844011297648
551,551,0.00029923064308961107,0.0003104785481761945,-18.698173056002663,-18.55737389001847
552,552,0.00029662076729474607,0.0003026606205630263,-18.74420953790404,-18.668130697420555
553,553,0.0002953551956284407,0.0003091274625866821,-18.761449811873575,-18.576313988594308
554,554,0.000299354938348544,0.00030594890306115543,-18.703642517198325,-18.621200875103092
555,555,0.00030251958475870647,0.0003027273250106526,-18.659927972076687,-18.667173645868683
556,556,0.00029960404253401556,0.000303753342258891,-18.69674537817292,-18.652479226791606
557,557,0.0002983084132117171,0.0003081815804379355,-18.721403200476303,-18.589623099285774
558,558,0.0003005476898307307,0.0003041123625160636,-18.685333470212043,-18.647349128696355
559,559,0.00029726173505475074,0.0003095962272613849,-18.736396106805966,-18.569733282090667
560,560,0.00030017438999943667,0.0003059177359222974,-18.692721957748194,-18.621643315189612
561,561,0.00029995140575170135,0.0002992703306709269,-18.701586165542935,-18.71705324440598
562,562,0.00030343481111484244,0.0003040456550048762,-18.65413556610797,-18.648301864771245
563,563,0.0002991037227851867,0.0003046564708806966,-18.707110013736695,-18.63958581000204
564,564,0.0002956594632741678,0.00030550799994288305,-18.758241551740994,-18.62746400905629
565,565,0.00029958312318074644,0.00030179245023694083,-18.71088145251752,-18.68060616853505
566,566,0.00029755713443329425,0.00030370521371399884,-18.729773709365695,-18.653167404159657
567,567,0.0002949975653594725,0.0002982961795121235,-18.77210623987404,-18.731212968566332
568,568,0.0002989466881173058,0.00030037017820991183,-18.717412741355368,-18.701121757266947
569,569,0.00030219421563574026,0.00029908555428080847,-18.670090719718548,-18.719735506624286
570,570,0.0003002922926170118,0.0003009254639772208,-18.690172407701844,-18.693100491312013
571,571,0.0003023440781596702,0.0003062744079598863,-18.660751124339154,-18.61658278911627
572,572,0.0003232321514119154,0.00030271341337969427,-18.366225497758645,-18.667373227567683
573,573,0.0002966635952314804,0.0003058326164088947,-18.74352545741582,-18.62285187796594
574,574,0.0002999601870074331,0.0003047693830204049,-18.69326969679161,-18.63797652088303
575,575,0.0002988541940438379,0.00029543026711938803,-18.721051281440282,-18.773140007919107
576,576,0.0003014050415697863,0.0003038391817091523,-18.681475757202357,-18.65125210175779
577,577,0.0003020605807475861,0.0003015099822445528,-18.666733364905966,-18.68467292818221
578,578,0.0002963953683292013,0.0002990011493430326,-18.7390591245621,-18.720961302106534
579,579,0.006338351880819488,0.0002991535875480622,-5.447565813761419,-18.718747725296865
580,580,0.0003007623938886814,0.0003037081455419722,-18.688579429729998,-18.653125479605603
581,581,0.0002994095113310848,0.00030301058799714635,-18.70586260767862,-18.663111837674506
582,582,0.00029772397949235496,0.00030534302870939046,-18.72125735053707,-18.629809788788496
583,583,0.0003000056189868945,0.0003033439417394172,-18.696301751810545,-18.658336621253227
584,584,0.0002969312997650086,0.000302052863652965,-18.736527252776995,-18.676860304685395
585,585,0.0002982113717397502,0.00030669331164589445,-18.71874088496391,-18.610646829300254
586,586,0.00029997842910833963,0.00030817767592931266,-18.699834244539527,-18.589678122603164
587,587,0.00030157383868576403,0.0003051285196928994,-18.672040744879506,-18.632861858496202
588,588,0.0002986537898679446,0.00030483977905915757,-18.71296496588015,-18.636973497529187
589,589,0.00030072849092659413,0.00030497254307479844,-18.683952916402664,-18.63508246718407
590,590,0.0003029756795869391,0.0003089342054935466,-18.65370684866242,-18.579029914729425
591,591,0.0002987075419424428,0.00030260138967270523,-18.719588787406327,-18.66898069786571
592,592,0.00030110253620599923,0.00030680457405795,-18.68035302060044,-18.609071578488322
593,593,0.0002989511377029313,0.0003010245609881454,-18.712733057090038,-18.69167056246006
594,594,0.00030143578211565687,0.00029740612157375405,-18.674119528011794,-18.74419084486966
595,595,0.0002982647634668218,0.00030276604229584336,-18.715915494733835,-18.66661824083063
596,596,0.00030107576563263063,0.00030053315353334735,-18.679622892285636,-18.69876599447946
597,597,0.0003059658221300384,0.00030350530256615266,-18.610581218417227,-18.65602704868786
598,598,0.00030468348335695557,0.00030739664247161463,-18.642096157186963,-18.600698683167096
599,599,0.0003003536392910617,0.00030114577078309496,-18.69424156467823,-18.68992219516155
600,600,0.00029976035860731966,0.00030630516458155687,-18.6944802593597,-18.616146684757474
601,601,0.00031394195939731044,0.00030831526658546765,-18.492132706459593,-18.587739580907034
602,602,0.0002997274568770081,0.0003052558979681252,-18.70526380290889,-18.631049240701664
603,603,0.00030074432010992824,0.0003049936571379045,-18.68919561780944,-18.63478180393099
604,604,0.00030632936977781355,0.00030926336522067065,-18.608681422853746,-18.574405106304546
605,605,0.00030172463193218964,0.00030507334036213393,-18.677216438695947,-18.633647306083322
606,606,0.0003026855314995364,0.0003072428287276508,-18.662998934289195,-18.602872330151023
607,607,0.000300959884681134,0.00030540075232765,-18.67801284891356,-18.62898885373394
608,608,0.0002964162279746121,0.00030563927200426787,-18.74359950704607,-18.625598313654177
609,609,0.0003033075097602667,0.00030506662350442067,-18.646397934939735,-18.633742926577423
610,610,0.00029680749027000873,0.0003038211618427579,-18.733223267950784,-18.651509677511253
611,611,0.00029776107097409434,0.00030544985814853325,-18.730015161444573,-18.62829060160096
612,612,0.00029968990693492913,0.00030139965728219405,-18.700919306337866,-18.686262337929943
613,613,0.00030067018125225437,0.0003057742279978763,-18.690763991039482,-18.62368109578851
614,614,0.00030441469088023933,0.0003020437288796529,-18.633114447931693,-18.676991647311464
615,615,0.00029531031752187643,0.0003022319594349124,-18.764413689721323,-18.674286011599172
616,616,0.00029919279250796387,0.0002997496248051328,-18.709966909512417,-18.710103397736862
617,617,0.0002982585874539752,0.00030575571183458363,-18.720320971735887,-18.623944090844766
618,618,0.0002984198430773908,0.0003029303349505522,-18.728623254023727,-18.66426222888182
619,619,0.0003041947937388088,0.00029991460522930876,-18.645620285808178,-18.707713724114164
