,epoch,train_loss,test_loss,train_dbs,test_dbs
0,0,0.0002463332645309436,0.0001905901751199149,-8.991699004898472,-10.114775772300806
1,1,0.00011248123903606404,4.866925749076089e-05,-12.39735206031144,-16.043233657290035
2,2,3.242853872694637e-05,2.6510893325106927e-05,-17.79916023939847,-18.68153724131249
3,3,2.5081715404629687e-05,2.60495184384605e-05,-18.91301178931106,-18.757783871549808
4,4,2.4150146553850945e-05,2.3718894609421687e-05,-19.079261489918096,-19.16483640936426
5,5,2.3077053351558207e-05,2.2597152469403992e-05,-19.275209759027227,-19.375243703990233
6,6,2.1574525011057686e-05,2.177382305633632e-05,-19.568186276633952,-19.536433969973103
7,7,2.2003942746975093e-05,2.1937249249803197e-05,-19.481795595531967,-19.503959166227666
8,8,2.0812249625958e-05,2.0662778057923885e-05,-19.724846174105632,-19.763893754308985
9,9,2.0413911161742044e-05,2.1324540619772098e-05,-19.80899889718198,-19.626984021012873
10,10,2.0152687631201206e-05,2.005323059213544e-05,-19.86247031391485,-19.893937385329
11,11,1.9717182047165853e-05,2.0014320350463477e-05,-19.956119695710036,-19.902372394787903
12,12,1.9555893335020356e-05,1.999208425810426e-05,-19.991957246215094,-19.907200128396873
13,13,1.9529790930841816e-05,2.0719580214446116e-05,-19.998823700185586,-19.751971341154974
14,14,1.9356424269700283e-05,1.9311025425849948e-05,-20.03852134381014,-20.05772750665285
15,15,1.8946678782291183e-05,1.9240473432690026e-05,-20.132900206078908,-20.073623322084366
16,16,1.911311648148784e-05,1.9027604043673674e-05,-20.094148891723837,-20.121939809689387
17,17,1.8639123632009116e-05,1.9209870611360346e-05,-20.201937570377652,-20.080536466593713
18,18,1.8592148277543717e-05,1.902223462629512e-05,-20.21318326340817,-20.12316552229976
19,19,1.8678449076518163e-05,1.8845113692422227e-05,-20.192618652179988,-20.1637932443915
20,20,1.859302288327863e-05,1.9005542143483916e-05,-20.213345666749355,-20.126978237244245
21,21,1.860642004965147e-05,1.891581182702028e-05,-20.21010762238869,-20.147531012896742
22,22,1.8360585460127884e-05,1.8628804785916336e-05,-20.270253685616822,-20.21393094637879
23,23,1.817306733333755e-05,1.899042504910061e-05,-20.311776887906397,-20.130434009793063
24,24,1.8268966001771106e-05,1.922508569183073e-05,-20.291744166637542,-20.077098020725295
25,25,1.8197077168355763e-05,1.8679705422791333e-05,-20.30672114476918,-20.20208063163173
26,26,1.83234770167811e-05,1.839042943174718e-05,-20.279205144139276,-20.269862158358034
27,27,1.8215236936551255e-05,1.8591702523975217e-05,-20.303705532587628,-20.22258924478941
28,28,1.8113760449626535e-05,1.9043169088131674e-05,-20.326729775393318,-20.118388627121107
29,29,1.82229682415953e-05,1.901915062549769e-05,-20.30014637735485,-20.123869684108055
30,30,1.8059687436013435e-05,1.8661091799961133e-05,-20.341666034320497,-20.20641037012377
31,31,1.80410868160459e-05,1.8753636475977193e-05,-20.34456958492091,-20.18492593020327
32,32,1.8145194368004276e-05,1.8456008116405237e-05,-20.320016258745042,-20.254403138249426
33,33,1.822018689428247e-05,1.8741623582747324e-05,-20.300082530186057,-20.187708753105028
34,34,1.7767029752689005e-05,1.825567730855638e-05,-20.411070168229788,-20.30180135872471
35,35,1.8180607681999165e-05,1.8607227646402624e-05,-20.30900688941945,-20.21896415376572
36,36,1.7995213478495796e-05,1.8410576175435716e-05,-20.35754176184379,-20.265107059772014
37,37,1.7917245310583012e-05,1.8172561747058736e-05,-20.37587688490815,-20.321619331425072
38,38,1.790224133898293e-05,1.8409582528539958e-05,-20.376960829808844,-20.26534146145798
39,39,1.7953401044165337e-05,1.843966823032947e-05,-20.36813178668249,-20.258249834406925
40,40,1.7821886169408525e-05,1.84235796041321e-05,-20.39676572769349,-20.26204071146363
41,41,1.7965326404328623e-05,1.8329998199892305e-05,-20.36225593673507,-20.28415664015773
42,42,1.78417719428946e-05,1.8234918427065406e-05,-20.393594676983305,-20.30674261466906
43,43,1.793457706355053e-05,1.794579197609748e-05,-20.37333171545285,-20.37615457135376
44,44,1.7667292932227864e-05,1.815420345289902e-05,-20.434656514284747,-20.326008880830628
45,45,1.7594305963658117e-05,1.7837601310594964e-05,-20.453575640588205,-20.402416335754495
46,46,1.7691009141100912e-05,1.82398409474684e-05,-20.429432604997313,-20.30557039393466
47,47,1.7423902464383665e-05,1.7772517726131665e-05,-20.493692503086443,-20.418291302663903
48,48,1.7569367112618866e-05,1.7873014688743033e-05,-20.459830047041265,-20.39380274042633
49,49,1.742516710270213e-05,1.7654686177449646e-05,-20.494377448244343,-20.44718084202929
50,50,1.7281857328702452e-05,1.7443282750288124e-05,-20.530563433424923,-20.49949865698413
51,51,1.753493080221083e-05,1.7670597643652735e-05,-20.468768085111584,-20.443268481424735
52,52,1.7310954080102484e-05,1.768520441577206e-05,-20.520493136310478,-20.43968002322481
53,53,1.7371700103223665e-05,1.7732358030212037e-05,-20.509339295913964,-20.42811594865931
54,54,1.723119724552704e-05,1.7361035086076682e-05,-20.544131144950406,-20.520024715490052
55,55,1.7325232453079e-05,1.7442719964540293e-05,-20.52051637526073,-20.49963877893894
56,56,1.7153163237698837e-05,1.7264924999357102e-05,-20.562114376981576,-20.544133902590154
57,57,1.714350528533201e-05,1.7186227523779962e-05,-20.564028569235017,-20.563975293271177
58,58,1.724454865587777e-05,1.7012100933674158e-05,-20.540845431706845,-20.608201355866214
59,59,1.7002467025919295e-05,1.7218521909518658e-05,-20.601558522263026,-20.555822187741892
60,60,1.6993902323688934e-05,1.698623887741154e-05,-20.604364791094525,-20.614808590545515
61,61,1.7035123905255195e-05,1.6870983592142646e-05,-20.595536455111265,-20.644376832771098
62,62,1.6895306731553836e-05,1.7184118979984258e-05,-20.629795549788067,-20.564508153151642
63,63,1.705396791350591e-05,1.70115693100869e-05,-20.58973648022021,-20.608337073846528
64,64,1.686627904549373e-05,1.675353924886287e-05,-20.635269375559005,-20.67471518902268
65,65,1.676517475755542e-05,1.714490525429076e-05,-20.663340598759767,-20.57442996856623
66,66,1.689225494552262e-05,1.68293995796519e-05,-20.63156140240039,-20.65509464344638
67,67,1.6968868763309655e-05,1.6970300892257672e-05,-20.608996497064545,-20.618885436749647
68,68,1.662186272388334e-05,1.709249035660545e-05,-20.700772432614688,-20.587727427798722
69,69,1.676967497484473e-05,1.7023356265685596e-05,-20.660542518024734,-20.60532898148669
70,70,1.687390203628216e-05,1.7051851356977988e-05,-20.635327215947687,-20.598065481330607
71,71,1.658166223295638e-05,1.690572274750785e-05,-20.710122315523215,-20.635443440243677
72,72,1.6686616946412634e-05,1.6764893667928654e-05,-20.682406727118966,-20.67177283086032
73,73,1.653191552624363e-05,1.6571352477369243e-05,-20.725030386111225,-20.72220131349178
74,74,1.6515370936252384e-05,1.6700899131568515e-05,-20.725333881765447,-20.688382333020066
75,75,1.683894857968571e-05,1.6713175060239766e-05,-20.64573718670788,-20.68519124157074
76,76,1.6328804159672574e-05,1.6491633543505724e-05,-20.77722958865283,-20.743144104411734
77,77,1.6468357729930167e-05,1.682965868990562e-05,-20.74112841355759,-20.655027778739413
78,78,1.6718005343174116e-05,1.6358505011962016e-05,-20.675807251777893,-20.778344749340203
79,79,1.6395154432888676e-05,1.7144864279161037e-05,-20.760030382110635,-20.57444034791434
80,80,1.6430673304526374e-05,1.6605026949515666e-05,-20.74898163559908,-20.71338501544528
81,81,1.6591101025228782e-05,1.6559232550973417e-05,-20.709544276714503,-20.72537881089189
82,82,1.6321590028945646e-05,1.6678724262563167e-05,-20.781395624592417,-20.694152574672557
83,83,1.6422244398293598e-05,1.6603124956753546e-05,-20.751285285476012,-20.713882498692435
84,84,1.6325529116132663e-05,1.6606367592574218e-05,-20.77875501183057,-20.71303439247935
85,85,1.6220685060990534e-05,1.6555845257627017e-05,-20.80432980429816,-20.726267277965746
86,86,1.609530579688786e-05,1.666457836491693e-05,-20.84080631933631,-20.69783756396504
87,87,1.6283854109264512e-05,1.6397210377985366e-05,-20.792877116037225,-20.768081175788286
88,88,1.6153745088287024e-05,1.6418365416221175e-05,-20.824983974264775,-20.7624816899218
89,89,1.6182408367011205e-05,1.6379830412915908e-05,-20.814906337572253,-20.77268685308594
90,90,1.5923718585570933e-05,1.6327560364228894e-05,-20.88549189321747,-20.786567882724626
91,91,1.6044961777185665e-05,1.644865374385661e-05,-20.854140997476627,-20.754477278437005
92,92,1.6036931314018373e-05,1.6544119286041486e-05,-20.85617352742826,-20.729344335622937
93,93,1.6325727531309276e-05,1.6420926361828797e-05,-20.779217778814875,-20.761804327842484
94,94,1.590346413856245e-05,1.617726904537688e-05,-20.891797703313966,-20.82672877990275
95,95,1.5932013317894614e-05,1.6228006068941842e-05,-20.887032415240764,-20.81312924878301
96,96,1.592194292374488e-05,1.624909705960339e-05,-20.885966172198316,-20.807488535007785
97,97,1.5836809259631128e-05,1.5988648316890346e-05,-20.91176135177344,-20.877663363607905
98,98,1.5942812676735932e-05,1.6154408369498253e-05,-20.877955051762875,-20.832870290541866
99,99,1.586218629021572e-05,1.604346054687324e-05,-20.903335069776627,-20.862800357018052
100,100,1.5894275522966672e-05,1.6198110068599864e-05,-20.89276703122404,-20.821137405913692
101,101,1.5709935855129423e-05,1.6462788440357574e-05,-20.945723834092753,-20.750746891274503
102,102,1.5628567639724518e-05,1.6423230303380958e-05,-20.967567271239087,-20.76119503279218
103,103,1.57304015205621e-05,1.6047579073959862e-05,-20.936153032033097,-20.86168561993366
104,104,1.5730725572586717e-05,1.6118988433414704e-05,-20.94025696215592,-20.84240302678313
105,105,1.5657683087335227e-05,1.6263523751771764e-05,-20.959387283604624,-20.80363438049443
106,106,1.5842802576557494e-05,1.606453617186114e-05,-20.906456354986332,-20.85709895556991
107,107,1.5755970590484158e-05,1.5935604527552833e-05,-20.93038031379532,-20.89209542961132
108,108,1.581609847131197e-05,1.5951133766640468e-05,-20.917588530550617,-20.887865292734418
109,109,1.574509280413322e-05,1.5868717941645483e-05,-20.93757428934559,-20.91036245481029
110,110,1.5281466684681027e-05,1.5938189646572266e-05,-21.064337279615934,-20.891390961908773
111,111,1.5588371874419517e-05,1.5950184062699247e-05,-20.98005213418415,-20.88812387213445
112,112,1.55674197699649e-05,1.612874214180537e-05,-20.985411442544457,-20.83977587641579
113,113,1.5643080249779795e-05,1.5944098442177118e-05,-20.963141835095538,-20.88978119202769
114,114,1.537753947915692e-05,1.5709485906929905e-05,-21.03867687528529,-20.954161133462385
115,115,1.5495673005247716e-05,1.5582337638127347e-05,-21.004996410365187,-20.989454759191403
116,116,1.5224288618651136e-05,1.5903471888266625e-05,-21.082762647687197,-20.900861407924623
117,117,1.550971270618677e-05,1.586691034485978e-05,-21.00152136553362,-20.91085718540349
118,118,1.5556130962330517e-05,1.5787404519965332e-05,-20.987922376984205,-20.93267349309371
119,119,1.5651586809982882e-05,1.5753349591824717e-05,-20.96247901781082,-20.942051755305133
120,120,1.5404735546026224e-05,1.582648019393673e-05,-21.03117214644541,-20.921937477334644
121,121,1.5242783151218637e-05,1.5760517080228676e-05,-21.0772205969252,-20.94007624354137
122,122,1.5391187337899254e-05,1.593898377905134e-05,-21.034582301178702,-20.891174576755027
123,123,1.5353352048889776e-05,1.587446853304037e-05,-21.044735015459246,-20.908788920193793
124,124,1.555455545966061e-05,1.5709538657622607e-05,-20.99080447274117,-20.954146550364992
125,125,1.5270010867565943e-05,1.5625522792106494e-05,-21.06893298818403,-20.977435296283048
126,126,1.533760772984998e-05,1.5876444242741472e-05,-21.051576117313637,-20.908248438206268
127,127,1.5382152712883215e-05,1.5736243288924207e-05,-21.035695409828467,-20.946770249897547
128,128,1.5097353734182838e-05,1.558812848662982e-05,-21.118034674890996,-20.987841094789317
129,129,1.5204692378584068e-05,1.5810396833235007e-05,-21.085977991315573,-20.92635315679565
130,130,1.5338185624658735e-05,1.577518708616385e-05,-21.050081437934814,-20.936035678565815
131,131,1.5278197698188303e-05,1.5728677154632015e-05,-21.06605420862965,-20.948858880912304
132,132,1.5039171210952828e-05,1.5615189687722658e-05,-21.136317336778934,-20.980308220760282
133,133,1.5288826222045435e-05,1.5669946869342023e-05,-21.064319935549463,-20.965105623794162
134,134,1.5080794057831019e-05,1.5956550860688655e-05,-21.121898389641917,-20.886390654819973
135,135,1.5180557975608534e-05,1.542782913594764e-05,-21.09455003955273,-21.03273265942386
136,136,1.5161970707398273e-05,1.5781506207483625e-05,-21.100660820662128,-20.934296358459747
137,137,1.5288798777808403e-05,1.5666900109959226e-05,-21.064502774376788,-20.96595011896158
138,138,1.505242591482568e-05,1.5666765504743364e-05,-21.130008646704447,-20.96598743237598
139,139,1.5075911787133328e-05,1.5437949227098695e-05,-21.125156308133146,-21.029884780553573
140,140,1.517731873053018e-05,1.5582294317458657e-05,-21.095324809465133,-20.989466833088116
141,141,1.5152732125851302e-05,1.521482810954024e-05,-21.102701278670317,-21.093110360746763
142,142,1.5088694027261076e-05,1.5430949899478275e-05,-21.119038464870652,-21.03185425112148
143,143,1.5251583839195406e-05,1.530461725595064e-05,-21.07441574465968,-21.067556132705008
144,144,1.533449466075309e-05,1.5491932955276417e-05,-21.05168022559081,-21.01472477513976
145,145,1.506248072567444e-05,1.5498124747337944e-05,-21.127922976011114,-21.01298934038388
146,146,1.4929770221681689e-05,1.566841355701112e-05,-21.166133419204503,-20.965530603962762
147,147,1.5218895061911304e-05,1.556629707154475e-05,-21.08586108799112,-20.993927719392815
148,148,1.501356921638494e-05,1.529293896103474e-05,-21.142970971463413,-21.070871312028693
149,149,1.4980024838992322e-05,1.548223218905102e-05,-21.152522604637344,-21.017445099874934
150,150,1.5000607051014103e-05,1.5283354657999314e-05,-21.14686848920001,-21.073593950756177
151,151,1.5073227333823056e-05,1.5238895541283695e-05,-21.124177231184802,-21.086245942394726
152,152,1.5170050583318952e-05,1.532129269770322e-05,-21.097298318221092,-21.062826769193475
153,153,1.494685750809911e-05,1.520889490118287e-05,-21.161187215083057,-21.094804275512786
154,154,1.5184098104037195e-05,1.5376973399390026e-05,-21.092379195124515,-21.04707223248239
155,155,1.5264030705495934e-05,1.530940019285098e-05,-21.069450446921852,-21.066199105243008
156,156,1.490825562288273e-05,1.5207264081446306e-05,-21.173893573234835,-21.09526998587
157,157,1.508999800356945e-05,1.5564390770649832e-05,-21.119324823873026,-20.99445960353539
158,158,1.4923451099374942e-05,1.5435368847025338e-05,-21.16709040293875,-21.03061074387698
159,159,1.4983911456773658e-05,1.5536224006944777e-05,-21.150755368193217,-21.002326119025323
