,epoch,train_loss,test_loss,train_dbs,test_dbs
0,0,0.0011412718107674232,0.001088568086025158,-13.40597791834732,-13.598106322206176
1,1,0.0010451124320958846,0.0010017838182025834,-13.780555655502768,-13.958922177491367
2,2,0.0009666873002904899,0.0009166998482358299,-14.11926748944201,-14.344390705572163
3,3,0.0008998165920031132,0.0008410626477071721,-14.43641323508367,-14.718378839836387
4,4,0.0008316893585400714,0.00079225903180869,-14.770350195318622,-14.97799031129518
5,5,0.0008011118043214083,0.0007606259896419942,-14.935941972300661,-15.154950693775032
6,6,0.000765829676517391,0.0007306455211762927,-15.14955255437364,-15.329595035774666
7,7,0.0007438105831076344,0.000709665412279336,-15.267483046829675,-15.456125909367488
8,8,0.0007141919304933591,0.0006808970080639579,-15.444797929570925,-15.635848041627114
9,9,0.000692841535093282,0.0006780304645776356,-15.56800367325865,-15.654170224227732
10,10,0.0006822891738601797,0.0006509407264131465,-15.644017680337383,-15.831247857769746
11,11,0.0006665406537424657,0.0006300112214184514,-15.74147973790837,-15.973179450672943
12,12,0.000649360714830727,0.0006202491441447483,-15.855434239109275,-16.041000563274295
13,13,0.0006338461715075158,0.0006104591670201012,-15.967048816172067,-16.11009610262322
14,14,0.0006141519550829358,0.0006058412928771423,-16.09814320444229,-16.143073593972737
15,15,0.0006071833207166379,0.0005903193837423858,-16.14888479685039,-16.255791860476727
16,16,0.000598645435415746,0.0005726225974381362,-16.210533285775483,-16.387977473961158
17,17,0.0005777003471595571,0.000571011243951752,-16.36122192129816,-16.400215698562278
18,18,0.000575038267793998,0.0005530056537521121,-16.382396495720243,-16.539366585930885
19,19,0.0005626318965481652,0.0005507679245630769,-16.47957238706419,-16.55697589982171
20,20,0.0005562623222262512,0.0005341430246756461,-16.517704115017267,-16.690086686522225
21,21,0.0005501431305580725,0.0005371691643775098,-16.570863919658983,-16.66555155506677
22,22,0.0005407754206410657,0.0005227752952027673,-16.64399862755187,-16.78351174072863
23,23,0.0005398972410607853,0.0005240362753331857,-16.658874788286315,-16.77304878841275
24,24,0.0005311241422026159,0.0005073992115764046,-16.730516132695044,-16.913164419511023
25,25,0.0005256338930117523,0.0005117742801207657,-16.774742110223528,-16.875877739397556
26,26,0.0005113473483097269,0.0005021124655429862,-16.890621051008544,-16.95865226619169
27,27,0.0005063921187346629,0.0004989366923262807,-16.927327689370568,-16.9862078642358
28,28,0.0005013500535308585,0.0004927061381749809,-16.97567022693297,-17.040782572215093
29,29,0.00048496410791934994,0.0004824581571339973,-17.12062835127114,-17.132065763979796
30,30,0.0004946633773740649,0.0004763409149171294,-17.0362068887067,-17.18748343521149
31,31,0.0004963251016794022,0.000478751032221082,-17.033497796358915,-17.165565066604145
32,32,0.0004772693014790102,0.0004637438013512445,-17.191351103652398,-17.30388112359153
33,33,0.00047476417577066985,0.000463980925575781,-17.214793603486108,-17.301661030896028
34,34,0.00046870714628387283,0.00045715106841127734,-17.268796949533805,-17.366064909096448
35,35,0.0004632321012940872,0.00045058515694874684,-17.322357648875805,-17.42889348792628
36,36,0.00046196625929220204,0.0004476237426340384,-17.332023450583318,-17.457531159103866
37,37,0.00045254640101176716,0.0004379731345627653,-17.422330531629136,-17.552187584738988
38,38,0.0004532046423452071,0.0004398041714203397,-17.419807349305486,-17.53406885800947
39,39,0.0004462707126465117,0.00043415072784563035,-17.477983749808438,-17.590256965617794
40,40,0.00044409011024981737,0.00043046258628907566,-17.50759481302756,-17.62730819338382
41,41,0.00044282930531087765,0.0004260501897844829,-17.51773479604472,-17.672054669084766
42,42,0.00043747871700127025,0.0004212879713649224,-17.574021737213673,-17.72087170701464
43,43,0.00043735305446238477,0.0004340936613612269,-17.574099237378974,-17.59082785693876
44,44,0.00043131355658298376,0.0004237311276435656,-17.62567808751242,-17.695758611984203
45,45,0.00042498994140991386,0.00041675237681422576,-17.699872366023524,-17.767881446405873
46,46,0.0004266174723149383,0.00041531044438383296,-17.683742481821554,-17.78293376958931
47,47,0.00042415638640282924,0.0004131823692372755,-17.704317122164788,-17.805244483951896
48,48,0.0004213242527558324,0.0004196922895253489,-17.722833702496203,-17.737352394651676
49,49,0.000425603961123192,0.00040876803503028656,-17.691643067798957,-17.851893026480134
50,50,0.00043041284943777183,0.0004080877774149964,-17.643145503491148,-17.859126425383284
51,51,0.0004217129680160049,0.00041799464624522154,-17.732097778721034,-17.75495510723229
52,52,0.0004222920493309184,0.00041268716143493195,-17.71731317531446,-17.810452716820187
53,53,0.00042543628465470656,0.000415044072341468,-17.694097565163993,-17.78572014359633
54,54,0.0004230878170646881,0.0004093951689643099,-17.71324852375772,-17.84523516509081
55,55,0.000419472696466045,0.0004054079365328346,-17.75516845960032,-17.88773983532631
56,56,0.0004155846314442334,0.00041140844788108215,-17.79851960676205,-17.823930247334353
57,57,0.00041815390229493993,0.0004090143775101751,-17.761801132834666,-17.8492765558574
58,58,0.0004193830770709235,0.00040031992830336094,-17.744824027320227,-17.94259019775812
59,59,0.00042321037239462293,0.00041048492513302907,-17.71236207254708,-17.83369017521214
60,60,0.00041637831900422415,0.0004033888567631182,-17.786341989678128,-17.909423329409137
61,61,0.0004253246945679457,0.0004138124794209082,-17.698022496106802,-17.798626463799973
62,62,0.00041297936275572585,0.00040924745017515595,-17.81104251139084,-17.846802477962125
63,63,0.00041511885764211723,0.000400588524491085,-17.80180935823065,-17.939677259427775
64,64,0.0004126619980862537,0.00040721154073253274,-17.8124602635705,-17.868461522177395
65,65,0.0004177821257641328,0.00040418140921055486,-17.774099140116878,-17.900898962439488
66,66,0.000417321835483722,0.0004130475311907695,-17.778531178986405,-17.806661993050458
67,67,0.00041580170731434656,0.00040619825717600947,-17.78572514419608,-17.87928174307877
68,68,0.0004139042332811646,0.0004060799363191779,-17.81075389742962,-17.88054697698486
69,69,0.00041600233531969877,0.0004067750338244399,-17.788733098686155,-17.873119401449486
70,70,0.0004150112964856179,0.0004066640593871278,-17.795492506541425,-17.874304384725015
71,71,0.0004123296794486376,0.0004131528043408731,-17.832499746229747,-17.805555250618536
72,72,0.00041436101249947224,0.0004128506545001935,-17.802280305566377,-17.808732525797314
73,73,0.00041805180845801366,0.00040756508793779895,-17.773343471164083,-17.864692547845703
74,74,0.00041987245077910573,0.0004071146188499896,-17.7459036516149,-17.86949532511907
75,75,0.00041440098796078224,0.0004052860022056848,-17.80144796245619,-17.889046256980762
76,76,0.0004224317633191642,0.00039746944553610916,-17.72648709217843,-17.973624810280278
77,77,0.0004230990844476277,0.00040871689653661296,-17.716674412541792,-17.852436379997407
78,78,0.00041621215653500144,0.00041130727990285347,-17.78403781184685,-17.824998336673783
79,79,0.00042089829689429437,0.00041083982336874073,-17.726635927714756,-17.829936961753504
80,80,0.0004156718136185838,0.00041347554590749115,-17.79177183164659,-17.80216400741854
81,81,0.00041679335642874854,0.00041338585709270676,-17.78452841934063,-17.803106157030577
82,82,0.00041652710138599284,0.000408989155211633,-17.78704388111942,-17.849544376340884
83,83,0.00041828010190451113,0.0004102111377410199,-17.76956448077637,-17.836587821816146
84,84,0.0004146978512319938,0.0004090840444213858,-17.803351114991415,-17.84853689044864
85,85,0.0004191276270502545,0.00040596457333058904,-17.751602562858523,-17.881780936678
86,86,0.00041688777345530307,0.00039982112847562686,-17.76505832460547,-17.948004894054108
87,87,0.00041662978660075243,0.00040687031363823305,-17.79059626339546,-17.87210226301969
88,88,0.00041702596084262753,0.00041166407601466695,-17.771416497451185,-17.821232601909884
89,89,0.000421132000052783,0.00040762148350232134,-17.731965571206466,-17.86409164779722
90,90,0.00041838459785758836,0.00041247493477146094,-17.76558665610669,-17.812686674761647
91,91,0.0004168286842783702,0.000403823064468605,-17.782143313293574,-17.90475109839469
92,92,0.00041536773379757694,0.00041157705862516244,-17.79678812805837,-17.82215070890532
93,93,0.00041703616968624907,0.0004072979775772087,-17.779009762508057,-17.867539763892857
94,94,0.0004151730048686228,0.0004074535421463416,-17.79462750957029,-17.865881323665636
95,95,0.0004173420998507861,0.00040771959404657155,-17.777150386951128,-17.86304646880739
96,96,0.0004208089379334496,0.00040746200676566283,-17.737795249843998,-17.86579110235454
97,97,0.00041305385145944416,0.00040245056305521806,-17.820592794340588,-17.91953690672686
98,98,0.00041640606785634746,0.0004015227880843572,-17.789644936695698,-17.929560316795857
99,99,0.0004159321218786627,0.000412104482836041,-17.79398344629104,-17.816588912405514
100,100,0.0004077045161147439,0.0004000475654672635,-17.87465184698283,-17.94554598200171
101,101,0.0004108689332947365,0.0004015054023751107,-17.84899623069117,-17.929748367917362
102,102,0.00040961265385141307,0.00039719615137743717,-17.862376110812278,-17.976611982499335
103,103,0.00040276401127765395,0.0004055087154388036,-17.930971462227006,-17.886660372403124
104,104,0.0004140294142566698,0.0003966321559059189,-17.81626226121888,-17.98278309431444
105,105,0.00040232541505247355,0.0004034576337098291,-17.918676887334975,-17.908682929621477
106,106,0.00041875447933898145,0.0004003947573150263,-17.762905727349423,-17.941778477240664
107,107,0.00040030696839766253,0.0003903396381677962,-17.95821928300596,-18.052235747975388
108,108,0.00040351651991794326,0.0003976423958144886,-17.92249142086735,-17.97173548229339
109,109,0.0004015411604339852,0.0003922951919345283,-17.942122858019246,-18.03053244664569
110,110,0.0004074964042244114,0.00039058181420458774,-17.882528191367243,-18.04954211676626
111,111,0.00040594865231937966,0.00039590376668217545,-17.89809190661431,-17.99076596299207
112,112,0.0003958218520958476,0.0003923935184598361,-18.007754458668618,-18.029444048991337
113,113,0.0004025343445504142,0.000397221592720598,-17.93728078164239,-17.976333815627235
114,114,0.0004058369671201007,0.0003934072064064247,-17.903076828364178,-18.018239189747835
115,115,0.0004010825176704099,0.00039461576441106826,-17.944449997081726,-18.004917992183003
116,116,0.00040514289897136853,0.00039193217526189983,-17.91820572711242,-18.034553121149454
117,117,0.0004077530015960873,0.00039314891757002393,-17.879659619046407,-18.0210914571703
118,118,0.0003983277600071364,0.0003867834196793602,-17.97443876756255,-18.091983811843914
119,119,0.00040096957740594737,0.000384834284073134,-17.94731447690829,-18.113924745407804
120,120,0.0004057743095735222,0.00039556041347647185,-17.904225080093582,-17.99453407823149
121,121,0.0003964600969974873,0.00039518041701644267,-17.99337142333352,-17.99870814821936
122,122,0.0003974079286449195,0.0003902882729706011,-17.991688121546872,-18.05280727818633
123,123,0.0004093210400711054,0.0003941870297574879,-17.851831116258936,-18.009638997584165
124,124,0.00040432408040379816,0.00039556144283300166,-17.921631014431686,-17.99452277671435
125,125,0.0004009323065005934,0.0003899115453302664,-17.95234167201819,-18.05700135114701
126,126,0.0004029844343883091,0.0003950342606434501,-17.92443720450438,-18.000314671327676
127,127,0.0004026496797300798,0.00039373824409650346,-17.940272721162664,-18.014586298138354
128,128,0.00040183879930727646,0.00039248983528906187,-17.947319212137348,-18.028378161494622
129,129,0.00040105700351240247,0.0003930058109721071,-17.94862418293252,-18.022672581196638
130,130,0.0004035996488588334,0.00039381371645599996,-17.919411552489894,-18.013753915489144
131,131,0.00039803918052618345,0.00039748413990692874,-17.971930789498213,-17.97346425539306
132,132,0.0003975207599950474,0.00039239162977441753,-17.98925779684262,-18.02946495269109
133,133,0.00040139808000267015,0.0003885595759033765,-17.945074453174524,-18.07208613556853
134,134,0.0003958880279054769,0.00038870135751111726,-18.0073981751491,-18.07050172632028
135,135,0.00040068309940157707,0.0003897609958106554,-17.953323824647384,-18.058678537991046
136,136,0.00039294104544282654,0.00038962617001839375,-18.029547082645536,-18.060181105668544
137,137,0.0004007771974861545,0.0003913630529208795,-17.949020992215136,-18.040864068205785
138,138,0.00038948011843814063,0.00038967675247572755,-18.070157094201537,-18.059617327925693
139,139,0.00040413551908658493,0.00039175195208946735,-17.92212663427182,-18.036550607839477
140,140,0.0003981327931468673,0.00042288724216632545,-17.97870913431781,-17.70441646635095
141,141,0.00039773865317272925,0.00039123257279003923,-17.985886872285107,-18.042312243980994
142,142,0.0003982812145811304,0.00039264446547205905,-17.982365050414057,-18.026667497828175
143,143,0.00039872759833125415,0.0003911390912866122,-17.973876643874018,-18.043350075568096
144,144,0.0003945030852283361,0.0003950799980789031,-18.016764659827288,-17.999811870229316
145,145,0.0005009757806715008,0.0003849657261621599,-16.976036791895904,-18.112441643985367
146,146,0.00039507858287159007,0.00038363198492381915,-18.01403263475001,-18.12751421141956
147,147,0.00039657387737251974,0.00039433116418015405,-17.99068897015357,-18.00805129077931
148,148,0.0004019716357903497,0.0003862896364329285,-17.932518489985704,-18.097531731711225
149,149,0.00040037715273486815,0.00038493334278954486,-17.952707596002593,-18.11280698849889
150,150,0.0003911816891878075,0.00039040427471167947,-18.04971132791873,-18.05151665701768
151,151,0.000396720691495239,0.0003913616896361897,-17.999154549179362,-18.04087919656409
152,152,0.0003961792666364231,0.0003921789114093898,-17.998916997946466,-18.031819933143332
153,153,0.00039686864366774094,0.0003855730909364004,-17.993942281092835,-18.105595130383957
154,154,0.00039822234833353806,0.0003910083461577367,-17.98385611762471,-18.044802024032464
155,155,0.00039903279849971384,0.00039004279288316245,-17.974271832813766,-18.055539724850924
156,156,0.0003997363301939763,0.00038617730024270713,-17.96531434904785,-18.09879487931169
157,157,0.00039322530075466046,0.0003882368236142946,-18.02690554105228,-18.075695048954916
158,158,0.0003977435333150218,0.0003900875178116717,-17.982214069339907,-18.05504176215392
159,159,0.0003903860183667929,0.00040016564583454867,-18.06613417081755,-17.94426428228516
160,160,0.0003932149877973362,0.0003893227733083461,-18.035931316218413,-18.063564216327933
161,161,0.0003985864477539339,0.00038458522115098804,-17.977919783845508,-18.116736388621376
162,162,0.0003974334482036377,0.0003888590742319234,-17.989410882357245,-18.068739921071632
163,163,0.0003949828408706511,0.0003858319174277743,-18.00798409657611,-18.102680787853807
164,164,0.00039226175573913705,0.00038789498074421366,-18.038437045887324,-18.079520700240444
165,165,0.0003956949386923315,0.0003889409157349483,-18.003077883354667,-18.067825976259492
166,166,0.0003930743736906227,0.0003874417850870247,-18.033902172490905,-18.084597730099684
167,167,0.0003995287520738952,0.0003867651378784917,-17.969812754149018,-18.092189091400325
168,168,0.0003971003419623624,0.00038582217530347407,-17.986543515583683,-18.10279044711346
169,169,0.00039561373690508075,0.000388016351376121,-18.010018852914065,-18.07816202447556
170,170,0.0003911324656093205,0.0003883764086487262,-18.049327368579632,-18.074133885473678
171,171,0.0003975668268580681,0.0003881644944684874,-17.983818997631754,-18.076504221949964
172,172,0.00039488766264391236,0.0003872924502693901,-18.010516542352633,-18.086271989093238
173,173,0.0003962192060929944,0.00039023215465835835,-17.990280800151833,-18.05343178133884
174,174,0.0003960732569841226,0.0003845490450897303,-18.000540434203412,-18.11714492753278
175,175,0.0003929095283947578,0.0003885090516537036,-18.0387240936014,-18.072650883702426
176,176,38.927618241374745,0.00038949881778343727,31.920454269964583,-18.06160086178619
177,177,0.00039585334484071766,0.0003849065289710109,-18.008394924191883,-18.113109521372543
178,178,0.00039759222280051675,0.0003859599574321979,-17.99178211112632,-18.10123980176143
179,179,0.00039545106209488105,0.00038978689056085915,-18.019010174216813,-18.058390013133895
180,180,0.00039576774747494955,0.00038912686776663915,-18.00281660548603,-18.065750117458705
181,181,0.00040163828411677216,0.0003908099621950992,-17.94123983599958,-18.047006041543952
182,182,0.00039819311518606145,0.0003912713344968659,-17.979027258278446,-18.041881984266226
183,183,0.000392361726196598,0.00038400720529209236,-18.044396452292045,-18.123268567098794
184,184,0.00040272015840602443,0.00038465780763592765,-17.929906413531466,-18.11591678002477
185,185,0.00039784829900359984,0.00039478995849525457,-17.97772163533422,-18.003001321741554
186,186,0.00039452187160087616,0.0003843301475219625,-18.01400433999194,-18.11961777396342
187,187,0.00039570190800958764,0.00039260273976986736,-18.011241142100573,-18.02712904018354
188,188,0.00040542559857845075,0.00039387244798586165,-17.902646140614713,-18.01310627736799
189,189,0.0003965373052591362,0.0003880360240337292,-17.996779090146102,-18.077941840196353
190,190,0.0003986867446543591,0.0003855876673601176,-17.974533481010738,-18.10543095033929
191,191,0.00040086942272424004,0.000382228507844143,-17.954908900919044,-18.14343154987075
192,192,0.00040116618938273606,0.00038877683446595545,-17.952727436193992,-18.06965850716794
193,193,0.00040217881155747573,0.000390813744161278,-17.944103420694685,-18.046964013979313
194,194,0.00039532186689104925,0.00039383717567512865,-18.013095809455134,-18.013495216882383
195,195,0.0003953365304209676,0.00038572922379611745,-18.008990044787808,-18.103836866755028
196,196,0.0003921232413087693,0.0003885082107061814,-18.04027329935716,-18.07266028423665
197,197,0.0003990669453939058,0.0003848327844599752,-17.963687937074322,-18.113941668925683
198,198,0.0003895571952824932,0.0003905828006712622,-18.072357789299893,-18.049531148091408
199,199,0.0003930532398091187,0.00038529635639861226,-18.03304886591907,-18.108713279333607
200,200,0.0003986434753595362,0.0003885483755239923,-17.98501288866737,-18.072211324429436
201,201,0.00039577854949664134,0.0003959747968780759,-17.997570619051544,-17.989986853072185
202,202,0.000395022791728723,0.00038656520988105943,-18.01222430898704,-18.094434642173
203,203,0.00039257675849774986,0.00038935763510189166,-18.04729327073856,-18.063175346018298
204,204,0.00039316731842340346,0.00038761296922242954,-18.02926515839018,-18.082679302370774
205,205,0.0003964943594068826,0.00038928915378882696,-18.000034346051685,-18.0639392625175
206,206,0.00039349889176292825,0.0003872516482308703,-18.04543885147158,-18.086729551166986
207,207,0.0003971539395165236,0.00039300659677552944,-17.99653929951122,-18.022663897616408
208,208,0.00039697314382137095,0.0003856023617309371,-17.990432714998335,-18.105265448091544
209,209,0.0003975289621745649,0.0003876496752797577,-17.979635778934206,-18.082268054949658
210,210,0.0003950647264478978,0.0003876734316643131,-18.008147195916102,-18.082001913862587
211,211,0.0003990024879104314,0.0003883673221265015,-17.972392444893856,-18.074235494957108
212,212,0.0004040513268057449,0.00038884618889393384,-17.92111047405685,-18.06888383243374
213,213,0.0003951765112602872,0.000391769616582774,-18.00929255062438,-18.03635478446264
214,214,0.00039586905910892736,0.00038819303613548214,-18.001746218951347,-18.07618489772119
215,215,0.0003961816846546669,0.00038520597215545803,-17.996552511002278,-18.109732182892447
216,216,0.0003986331726035545,0.00039518104504646833,-17.967362529045094,-17.99870124631466
217,217,0.0003930011079478625,0.0003890648459721553,-18.034412677913743,-18.06644238191446
218,218,0.00039511146569941384,0.0003791437530277395,-18.011732745206118,-18.178623252909187
219,219,0.00039683869282580605,0.00038877911222363383,-17.994280795209754,-18.069633062887178
220,220,0.0003911175047402683,0.0003938959163956736,-18.05589543893751,-18.012847516002484
221,221,0.00039274571673493335,0.00038692523958161473,-18.036615892350124,-18.09039169830283
222,222,0.0003929869685869318,0.0003852275901743652,-18.041875622916642,-18.10948846073956
223,223,0.00039540383317891855,0.00038269336647844235,-18.00565724821482,-18.138152956817734
224,224,0.00039901487204035,0.0003829704517939765,-17.96022946579893,-18.13500962874255
225,225,0.0003959572677183704,0.0003872342487355988,-18.007854352996574,-18.086924687187288
226,226,0.00039357474924679655,0.00038993196396500265,-18.0373681580395,-18.056773928586196
227,227,0.00040209471078867995,0.00038671790389344096,-17.93998165719148,-18.09271950921128
228,228,0.00039622245162014954,0.00039329098255716657,-17.991567979965,-18.019522410618904
229,229,0.000389226820000649,0.00038695398957076435,-18.08117254924391,-18.090069013284864
230,230,0.00039183067430300424,0.0003878949884031164,-18.04961574158931,-18.079520614489933
231,231,0.00039748159284012143,0.0003822441611095871,-17.98499682194628,-18.143253698468516
232,232,0.00039382185096871686,0.00037912828051240037,-18.026183098933004,-18.178800488195115
233,233,0.0003973370509164542,0.00038569066581610397,-17.992007162871182,-18.104271014699428
234,234,0.0003862581512837949,0.00038580398694121917,-18.110120855515348,-18.102995186292873
235,235,0.00039135464035051383,0.00038327603129130835,-18.054192403531275,-18.131545691238394
236,236,0.0003929701510735202,0.00038742142619172995,-18.031781178339777,-18.084825944725377
237,237,0.0003939414869144213,0.00038165737580704063,-18.02712834714153,-18.149925701515095
238,238,0.0003919342299323222,0.00038620231728265554,-18.051277274704926,-18.098513547123208
239,239,0.00038904519829678245,0.00038477822550033266,-18.076407365586594,-18.11455742558312
240,240,0.0003947076854564864,0.00038756211870349944,-18.025478506647296,-18.083249085898366
241,241,0.0003902097607689151,0.00038417160363965914,-18.061024399049074,-18.12140969529858
242,242,0.0003905761374890343,0.0003788336164832703,-18.04989524199265,-18.18217720063464
243,243,0.0003888828304269802,0.0003862908174357328,-18.07666060104147,-18.097518454051958
244,244,0.00039555936284872136,0.00038466400368825386,-18.010234359611196,-18.115846824609616
245,245,0.00039085683223224945,0.0003791738540473345,-18.0639928140899,-18.17827847107649
246,246,0.0003914257137047261,0.00037997484201026196,-18.061213457274484,-18.169113869114703
247,247,0.0003927286156842043,0.00038425240659547085,-18.037029499423202,-18.120496338154805
248,248,0.0003960881686466986,0.000390634296069804,-17.996652595978926,-18.04895860129089
249,249,0.0003923370350469096,0.0004383030218856507,-18.04334687979263,-17.54891765094716
250,250,0.00039334227324981896,0.00040306348666107575,-18.03956603704726,-17.912927726134193
251,251,0.0003902738792077667,0.00038095363752769406,-18.0746971360503,-18.157941052272804
252,252,0.00038815686027951463,0.0003833466616924852,-18.097054207440042,-18.13074544376716
253,253,0.0003919737847382683,0.0003801223662632861,-18.041596306082887,-18.167428059217173
254,254,0.00038790827636251747,0.00037381544519264837,-18.091770114119264,-18.240089885471352
255,255,0.00039292953712817704,0.00038162209277384376,-18.036686783298258,-18.150327211768253
256,256,0.0003938684450011201,0.0003830557520574841,-18.033010025660978,-18.13404241812461
257,257,0.00039361271924416043,0.00038258655542066614,-18.030846944720636,-18.139365257100863
258,258,0.0003934525590649201,0.0003831162068404649,-18.030545505462303,-18.13335705817629
259,259,0.00038812335246943475,0.00037455790994786903,-18.095783186240652,-18.2314725703364
260,260,0.0003915987224750144,0.000382986314913356,-18.042878394956436,-18.134829742213373
261,261,0.0003897842075603716,0.00037749034297456473,-18.07275309152672,-18.19760384099475
262,262,0.000383569466516606,0.0003799247129599711,-18.144884766843916,-18.169686859842585
263,263,0.00039080046081301016,0.000413058103540128,-18.063143584147298,-17.806550832617837
264,264,0.000394467603158417,0.0003826088397641127,-18.016416494425012,-18.139112302954633
265,265,0.00038715233707070813,0.0003764552284816378,-18.099160193629977,-18.20952896694257
266,266,0.0003907213626026186,0.0003844252787530422,-18.062783129396117,-18.11854292057017
267,267,0.00038810756859206357,0.0003785822941848126,-18.092772510991434,-18.185059313087464
268,268,0.00038976733633989144,0.0003814166963198467,-18.07050846176655,-18.15266529863888
269,269,0.00038973246245001703,0.00038198298793041,-18.075124334941965,-18.14622208489907
270,270,0.0003860842069903792,0.0003804305712324812,-18.11167398259223,-18.163908206274805
271,271,0.00038808062354573193,0.0003794144033331816,-18.091425337121464,-18.17552416450888
272,272,0.0003891975505483942,0.00037908384968575676,-18.07712068495767,-18.179309476698236
273,273,0.0003901498725868224,0.00037551672491980225,-18.07163116192753,-18.220369454488242
274,274,0.0003871140262284844,0.00037830672992736494,-18.093829175983423,-18.188221627188856
275,275,0.0003848789240588847,0.00038326703208057503,-18.122602857527195,-18.13164766352801
276,276,0.0003913280283480153,0.00037852317511447166,-18.05432466990858,-18.185737556400124
277,277,0.0003896924119788347,0.0003794291773565898,-18.076287692246943,-18.175355057804794
278,278,0.00038915205646075846,0.00037970749116012534,-18.072353779733575,-18.172170646893264
279,279,0.0003863368564424556,0.0003782643501548783,-18.116373431314855,-18.18870817238835
280,280,0.00039025218185210196,0.0003852714864095967,-18.06998250132299,-18.10899361542858
281,281,0.00038273290841427354,0.0003800108572345619,-18.14933085766861,-18.168702250495954
282,282,0.0003896637777101786,0.000385309033414447,-18.071537945103636,-18.10857039016887
283,283,0.00038538036265496893,0.00039032684780020073,-18.11642392662919,-18.05237805678891
284,284,0.00038641500892837717,0.00037578964072867836,-18.109736499346486,-18.21721426133531
285,285,0.00038385743451707985,0.0003759780390139081,-18.13803664833457,-18.215037516056338
286,286,0.00038630888046043896,0.0003769668447172367,-18.10452048114193,-18.203630755301873
287,287,0.0003798921906374894,0.0003770101098588815,-18.1844199492036,-18.20313233655892
288,288,0.00038556107013851173,0.00037559910101423924,-18.117194174579538,-18.219416858838866
289,289,0.00038261863927491316,0.0003778974427596519,-18.146733245509505,-18.192922769611194
290,290,0.00038713653219057265,0.0003792116691137811,-18.10260910878808,-18.17784537012183
291,291,0.00038383120326469317,0.0003751506431542925,-18.14320626792447,-18.224605346710334
292,292,0.0003913887431389009,0.0003751354754632829,-18.055972107190016,-18.224780939576736
293,293,0.0003893348522191464,0.000372994793762796,-18.07531383114181,-18.249634600110124
294,294,0.0003845592478851874,0.00037655255322246566,-18.124406745465553,-18.20840633317552
295,295,0.00038588571316591395,0.00037435305114884515,-18.111533855057374,-18.233848528302733
296,296,0.00038839891233683095,0.0003773371312203572,-18.078041460315447,-18.19936686692063
297,297,0.00038392856907934795,0.00037241855170577765,-18.134631263833676,-18.2563492315821
298,298,0.00038165297148000333,0.0003719191330387012,-18.157691378664435,-18.262177091927306
299,299,0.0003806573921483317,0.0003755126810191493,-18.172308208884104,-18.22041622346227
300,300,0.0003803255133686069,0.0003774804032505735,-18.168679937921375,-18.19771819687682
301,301,0.00038616578142667554,0.0003710834808819192,-18.115724769572815,-18.271946082418197
302,302,0.00037967871674144467,0.0003718589202770473,-18.183875382011255,-18.26288026056927
303,303,0.00038644559765426616,0.00037754238215520193,-18.11255559005686,-18.19700518273062
304,304,0.0003850779096480728,0.00037437489740305434,-18.121571517229725,-18.233595092921448
305,305,0.00037997075537766914,0.00037302974746317456,-18.185173683501084,-18.24922763764793
306,306,0.00038734368095414464,0.00037055090988839145,-18.088971671956234,-18.27818345992783
307,307,0.00038167245724459283,0.0003729071927649018,-18.160018587487734,-18.25065469741129
308,308,0.0003874867292812344,0.0003755010410187472,-18.09759891939738,-18.220550846513646
309,309,0.0003849292997890104,0.0003815549578958828,-18.131271262737755,-18.15109128891369
310,310,0.0003789347667275861,0.00037011584132223537,-18.19280594285438,-18.28328556283589
311,311,0.00038528897182670295,0.0003719801224130941,-18.118964025079897,-18.261464969993625
312,312,0.00038285921723821883,0.00037295862536044106,-18.155060454572023,-18.250055745376613
313,313,0.0003854710822948975,0.0005190517480705717,-18.124676203862737,-16.814555720028693
314,314,0.00038598895795432104,0.0003684229021401782,-18.118520077750166,-18.303196107523064
315,315,0.00038429504451245914,0.00037930304288717086,-18.128471776481838,-18.176799032453278
316,316,0.0003883003397633504,0.0003765839394059424,-18.09201966824111,-18.20804435771866
317,317,0.00037705974824985813,0.00037487895736519833,-18.21138173115144,-18.22775166637809
318,318,0.00037336982780654637,0.00037309315551905647,-18.247336810213476,-18.248489481273587
319,319,0.0003854466884843429,0.00037256281632979055,-18.126124490758567,-18.25466722090065
320,320,0.00037697002954166574,0.00038521433874082406,-18.218268130888326,-18.10963785615143
321,321,0.0003818770088663459,0.0003671312220639696,-18.161187581562956,-18.318449100814938
322,322,0.000382895086359079,0.00037920310492872407,-18.147607684692098,-18.17794345308223
323,323,0.0003819310900841638,0.00037262987155516286,-18.164990627379524,-18.253885632060232
324,324,0.0003821879082849038,0.0003747980655661147,-18.15857985430313,-18.228688892971277
325,325,0.00037869064169743856,0.0003710622932933467,-18.195048135439993,-18.27219405668753
326,326,0.00038147945504289925,0.0003761468948428764,-18.169212950280023,-18.213087490131414
327,327,0.0003763669411670993,0.0003742676176204297,-18.216833189031505,-18.234839772912167
328,328,0.00038078239760073573,0.0003782099045469965,-18.16993138880304,-18.189333320619394
329,329,0.0004334145200981269,0.00036848006665853684,-17.609819044834218,-18.302522308231033
330,330,0.0003834088385758019,0.00037090930364731893,-18.149357635717294,-18.273985029826495
331,331,0.000382793919944214,0.0003690742014441639,-18.148793048367903,-18.29552541252109
332,332,0.0003797480174623545,0.00036746448083584636,-18.188252073177633,-18.31450863519474
333,333,0.0003823371869319877,0.00036544035231743594,-18.162886793313785,-18.338497290787593
334,334,0.000375240864760252,0.00037133730457801565,-18.234473138596538,-18.26897649328371
335,335,0.0003762442811233827,0.00036806476112504144,-18.21907742404295,-18.307419903429917
336,336,0.00038373135162287,0.00037036089557468106,-18.14210665769658,-18.280411044078274
337,337,0.0003798932932826124,0.00037338923797697614,-18.17664470505771,-18.24504433680598
338,338,0.0003736137425090119,0.00036860165173972125,-18.246440954463804,-18.301089530046443
339,339,0.00037895409557152273,0.00036508448905997763,-18.194160062153117,-18.34272848054316
340,340,0.00037972504523889995,0.00037020116609423175,-18.191318538504962,-18.28228447607331
341,341,0.00037737631001365707,0.0003633923938890037,-18.21408564455297,-18.36290397092403
342,342,0.0003817681134342379,0.0003757765286871673,-18.157749713181204,-18.21736579788677
343,343,0.0003814572482201818,0.00037069319085659166,-18.167080251392015,-18.276516213198555
344,344,0.00037493436152029054,0.0003746744937655565,-18.241409022496487,-18.23012100815467
345,345,0.00037221406039196194,0.00036794941345425815,-18.270225787301754,-18.308781150510796
346,346,0.00037810173948996307,0.0003658995020056241,-18.201624840662987,-18.33304411601616
347,347,0.00037741493349702855,0.00037278048847311815,-18.213787226229925,-18.252130569325743
348,348,0.00038086606481246957,0.0003658461255805665,-18.169576366577513,-18.33367769921867
349,349,0.0003780398344424236,0.00036654009263178234,-18.19695264177735,-18.325447447374227
350,350,0.00037719301438948006,0.0003762627740415107,-18.21745179600604,-18.211749769498272
351,351,0.0003808533359371779,0.0003699528843801665,-18.172245309650055,-18.28519812309994
352,352,0.00037750898777584054,0.00036671335232983296,-18.20461554025738,-18.323395067457927
353,353,0.000381248394032153,0.00036918478221387456,-18.168007913897952,-18.294224388909804
354,354,0.0003803154197401492,0.0003673935394832178,-18.180524339339975,-18.315347149226817
355,355,0.0003816141847751497,0.000370573347409893,-18.16901994961598,-18.277920494799304
356,356,0.000370604870900915,0.0003658616808120553,-18.291825372098607,-18.333493047609316
357,357,0.00037677287629363845,0.00036698841263147955,-18.214317159337284,-18.320138780435133
358,358,0.0003800170556714125,0.00037287085739846687,-18.186979051278655,-18.251077886298376
359,359,0.0003786077368860469,0.00036868592111491844,-18.195369725477665,-18.300096763420544
360,360,0.0003798227942039825,0.00036613301888696457,-18.174445081572863,-18.330273334840655
361,361,0.0003745390669941979,0.00036890741811428026,-18.24264640061389,-18.297488417537895
362,362,0.0003731234029737138,0.00036947164028931995,-18.252105407379414,-18.290851213459817
363,363,0.0003751601709398566,0.0003685447522193978,-18.24400269992799,-18.30175998431756
364,364,0.00038364894337683303,0.0003723385973563908,-18.150210113902467,-18.257281716296614
365,365,0.0003776337414951131,0.0003684942340968471,-18.20571953036788,-18.302355332523057
366,366,0.0003830211701534074,0.00036575547021225487,-18.142685403105485,-18.334753998850616
367,367,0.00037733515479707535,0.0003694223613772345,-18.214102933166462,-18.29143049978712
368,368,0.00037722084095183106,0.0003784437921192301,-18.214698073287416,-18.186648444151082
369,369,0.00037631662694506885,0.0003694225804218532,-18.223607240593672,-18.291427924690133
370,370,0.00037501970565272975,0.0003680652558901592,-18.232446685536853,-18.30741406550032
371,371,0.000374372045211878,0.00036897517949048623,-18.25027111481698,-18.296690773252728
372,372,0.00038013615784686556,0.0003653633267324614,-18.182693482041252,-18.339412770213947
373,373,0.0003766378486221752,0.0003651415601397227,-18.21533102355672,-18.34204963171033
374,374,0.0003767381155186515,0.0003678085953364835,-18.214169697589032,-18.310443559387565
375,375,0.000373793870016222,0.00036655019012917027,-18.2450982934064,-18.325327808974976
376,376,0.0003724958745825114,0.0003667237653740142,-18.2582749115909,-18.323271748702467
377,377,0.0003765873033697381,0.00036667892249840265,-18.2275323646811,-18.32380283520589
378,378,0.00037771604472732883,0.0003643973246461859,-18.212332200705834,-18.35091050223948
379,379,0.00037511479206738473,0.00036461570294034714,-18.242067611998717,-18.348308614828156
380,380,0.0003730507787153816,0.00036594386696570406,-18.258790453564288,-18.332517570085898
381,381,0.0003733817474753356,0.0003700087361625935,-18.249330208797616,-18.284542518260842
382,382,75745116.37150142,0.0003710723923225152,94.82069510131141,-18.2720758583948
383,383,0.0003751393151949592,0.0003665603443024386,-18.230581542893503,-18.325207502385126
384,384,0.00037719904218281897,0.0003626132506485048,-18.209623737959564,-18.372225599272642
385,385,0.00037470678936872516,0.00036456003956692785,-18.24402922654454,-18.348971672978827
386,386,0.000376068814729638,0.0003673674854278368,-18.227886895009448,-18.315655144128677
387,387,0.0003819042026454141,0.00036643272247410526,-18.163215188582924,-18.32671980745015
388,388,0.00037479827230911436,0.0003697976797794629,-18.235585007092634,-18.287020480686568
389,389,0.0003792650114922525,0.00036505873676536505,-18.193702107763162,-18.343034833572418
390,390,0.0003758856460221649,0.00037095859787720993,-18.220880459607947,-18.27340788632106
391,391,0.0003745326581507076,0.0003674479115656332,-18.238241197677855,-18.314704466499215
392,392,0.0003783292459328803,0.0003709500336921529,-18.201153290510142,-18.273508151452212
393,393,0.0003789993244242499,0.00036978275104621917,-18.19097380430357,-18.287195808918636
394,394,0.00037382940639328865,0.00037122734111586685,-18.252994129486012,-18.27026275234407
395,395,0.0003776807168777072,0.0003646354521869829,-18.210214132114512,-18.34807338753294
396,396,0.0003783286656565081,0.0003728970569730001,-18.20263835530924,-18.250772742286856
397,397,0.00037221953641268014,0.00036891709590379735,-18.27431419758692,-18.29737448772112
398,398,0.00037614942453897645,0.0003684138585078089,-18.224494985782428,-18.303302714572126
399,399,0.0003745289745658982,0.00036803578749593154,-18.24564320585482,-18.307761788442043
400,400,0.00037157107066583924,0.0003704775176868823,-18.273246949384784,-18.279043719185054
401,401,0.0003791298266000969,0.00036286197811071023,-18.192698080794013,-18.369247662486273
402,402,0.0003779877376857876,0.00036718178154459516,-18.215720551460745,-18.3178510532965
403,403,0.0003759647043273045,0.00037124922260102863,-18.22828751217258,-18.270006770977687
404,404,0.0003750919581621348,0.0003653247028858842,-18.24294730761325,-18.339871902504996
405,405,0.00037605608915478066,0.00037003967812971065,-18.22679420231264,-18.284179354842706
406,406,0.00037493936557889216,0.0003672640779864435,-18.23511905137083,-18.31687777826851
407,407,0.00037061633480972003,0.00036467813065667684,-18.299492440747283,-18.34756510071801
408,408,0.0003737347907405923,0.0003648797037864202,-18.246866687163312,-18.345165233399968
409,409,0.00037838108825602945,0.000364709481609201,-18.196999839742894,-18.34719175887718
410,410,0.0003728213952254197,0.00036993943994227603,-18.267947900422236,-18.28535595269208
411,411,0.00037818776501208237,0.0003663947327846759,-18.2146689041696,-18.32717008295183
412,412,0.00037856149600012245,0.00036780120755888914,-18.197592823296223,-18.310530792348032
413,413,0.0003754918900985732,0.00036736959928499634,-18.238562432549024,-18.315630154604698
414,414,0.00037138881287825554,0.0003690344088490268,-18.282503926960224,-18.295993682482028
415,415,0.00037751649116338757,0.0003613216517566654,-18.212922006581213,-18.387722430959414
416,416,0.00037189254257587965,0.00036520183723615974,-18.277013039648704,-18.341332763165447
417,417,0.0003689784285391575,0.00036584863770066907,-18.31547131061164,-18.33364787804314
418,418,0.0003758223127866567,0.00036721581464486296,-18.233784842328046,-18.31744853597521
419,419,0.0003800818723021555,0.00035754859441352124,-18.1917245375784,-18.4333115491555
420,420,0.0003730632324544617,0.000372153421937439,-18.26645636335037,-18.259442133392007
421,421,0.00037554443001353477,0.00036341694833122586,-18.227832317391627,-18.36261052783936
422,422,0.0003779198012444354,0.00036716713465897267,-18.204715071485147,-18.318024296872228
423,423,0.00037989291193242156,0.000370356177690586,-18.18630468510516,-18.280466367523694
424,424,0.00037981936325242303,0.000365912546648791,-18.184307160415806,-18.332889288924786
425,425,0.0003741833260738934,0.00036680419610715225,-18.244418210074034,-18.322319348097405
426,426,0.0003729937646115564,0.00036775739403980737,-18.26705255384465,-18.311048167022225
427,427,0.00037729379285328553,0.0003667878060552635,-18.215483494227808,-18.32251340989398
428,428,0.0003739830461143487,0.000365922555302907,-18.246155403315164,-18.3327704997811
429,429,0.0003704880052198147,0.0003622179026838,-18.28977064714292,-18.37696318417749
430,430,0.000385355435074163,0.00036882946733385324,-18.13218918994602,-18.298406186314086
431,431,0.00037089633616167554,0.0003657150863498253,-18.28730949810375,-18.335233539372695
432,432,0.00037464165859663686,0.0003621147678993446,-18.235062322007256,-18.378199932702113
433,433,0.0003708517097882427,0.00036653731245008344,-18.287611412750692,-18.32548038844054
434,434,0.0003734157629522313,0.00036807631534573277,-18.262978093705485,-18.30728357265176
435,435,0.00037563911917590605,0.0003663283408202819,-18.231899576110614,-18.32795711054511
436,436,0.000374650261628912,0.00036624943880413314,-18.236089457079142,-18.32889262104816
437,437,0.00037372810916120626,0.00036803785999501616,-18.25398166019515,-18.307737332331726
438,438,0.0003785360979573974,0.0003655170608238366,-18.201321779063537,-18.337585771714984
439,439,0.00037712156478574824,0.000363239087164402,-18.208373952536075,-18.364736544030404
440,440,0.0003811419493225931,0.00036429961083309824,-18.179746984558133,-18.352075227052165
441,441,0.00037488969014093436,0.0003680762647969746,-18.237751893732714,-18.307284169078297
442,442,0.00036701419121902627,0.00037399121088367934,-18.324975366737355,-18.238048339825614
443,443,0.0003782386433083526,0.00036536380311621254,-18.203535787866315,-18.33940710761225
444,444,0.0003781588358046084,0.0003613033025574527,-18.20938774990018,-18.387942986751725
445,445,0.00037495735894706216,0.000369716461711122,-18.241857393886832,-18.28797441941672
446,446,0.00037285275145232215,0.0003638090244126751,-18.26253450645269,-18.357927623170394
447,447,0.00037075982299470105,0.0003683490258960151,-18.289266875759992,-18.304067043129333
448,448,0.00037312056940077735,0.00036768439244233857,-18.257149465569665,-18.31191034786747
449,449,0.0003733803021851159,0.00036625989320638935,-18.253120694744773,-18.328768655686535
450,450,0.00037633419665748005,0.00036083564382830734,-18.22908285372789,-18.393567988280616
451,451,0.000375518995966071,0.0003674877822815784,-18.23812302775788,-18.31423325161371
452,452,0.0003711855205222388,0.0003682214224490484,-18.280183479397813,-18.305571786458867
453,453,0.00037760845956767036,0.00036987354274299974,-18.209354303357426,-18.28612962903364
454,454,0.00037898746746371396,0.0003628943247205921,-18.19970783160903,-18.36886053655614
455,455,0.0003719130184707837,0.00036893321483052875,-18.27057770865818,-18.29718473755546
456,456,0.00037163755101555016,0.00036664244620815704,-18.276650466460516,-18.32423488184364
457,457,0.0003690689372513251,0.00037303204053865845,-18.310770824080947,-18.249200940930706
458,458,0.00037758009383435714,0.0003693249952783318,-18.215830834802404,-18.292575290610174
459,459,0.00037733493486812974,0.0003683985958464052,-18.212327990288987,-18.303482637959373
