,epoch,train_loss,test_loss,train_dbs,test_dbs
0,0,0.0007298437862887441,0.0007075944878651123,-14.368194999664043,-14.520257951097843
1,1,0.0006982041066800503,0.0006803704278641625,-14.563717775527765,-14.690648073764006
2,2,0.0006666311906583453,0.00063967050089942,-14.777118903252136,-14.958539130055279
3,3,0.0006211418880524172,0.0006104149996597124,-15.077858692875425,-15.161850392748805
4,4,0.0005961558175484467,0.0005846006342356926,-15.25059436906946,-15.349509540331095
5,5,0.0005789782768523455,1.7817140577673471,-15.387280612540904,19.490277703815536
6,6,0.000554280901644571,0.0005453380872495472,-15.575796355599413,-15.651444056830083
7,7,0.0005430484379008028,0.0005467022389271541,-15.661089316043032,-15.640593837474238
8,8,162293965.15517977,0.0005484908730355336,99.0869483874988,-15.62640830972465
9,9,0.0005575118906863188,0.0005586042320110688,-15.548200763418443,-15.547060146104991
10,10,0.03181533875170682,0.0005579079764797107,2.0156410992771456,-15.55247665605732
11,11,0.000556414003589565,0.0005618123319245091,-15.556510898896075,-15.522189683774549
12,12,0.000564172993277286,0.0005625207406027537,-15.498709602605283,-15.516716963490431
13,13,0.0005609669999253081,0.0005551886891848163,-15.524364605051066,-15.573696265328472
14,14,0.0005599996297063364,0.0005517020288511718,-15.532631773428472,-15.601056551700713
15,15,0.0005602157676530061,0.0005552340972874509,-15.531557201621421,-15.573341076500231
16,16,0.0005525669806694478,0.000559963037774555,-15.581838437036396,-15.536508753242412
17,17,0.0005587187539258031,0.000552617538855166,-15.531656389913174,-15.593855718797316
18,18,0.0005545270444402836,0.0005546443893476144,-15.569340422882691,-15.577956120964826
19,19,0.0005624778013671605,0.0005592951646050144,-15.517709301253976,-15.541691715778704
20,20,0.0005574431282362526,0.0005586561471174814,-15.548738410724086,-15.54665654378131
21,21,0.0005542870971599844,0.0005509306915643576,-15.571124771928005,-15.607132692482503
22,22,0.0005506236047949642,0.0005525365765941771,-15.601315271660216,-15.594492036624148
23,23,13520447.34076096,0.0005639713214661338,88.29788034229763,-15.505532160082819
24,24,0.0005630022097863833,0.000563326573587562,-15.506290158326879,-15.510499976977417
25,25,0.0005610095239220399,0.000557527859009018,-15.517391700473983,-15.555436627776626
26,26,0.0005634988003444003,0.0005582952075392792,-15.497608786815265,-15.549463363826185
27,27,0.0005624083302238208,0.0005584166348470669,-15.514268325028338,-15.54851889081299
28,28,0.0005670451164874488,0.0005513287400581726,-15.473982994280998,-15.603996039405217
29,29,0.000563941156064381,0.0005558266727204778,-15.505321768008688,-15.568708525841915
30,30,0.000563736154983473,0.0005523141283590935,-15.50575043675321,-15.596240834753672
31,31,0.0005598808788771252,0.0005601279400779228,-15.535643399029105,-15.535229997099576
32,32,0.000570175179746002,0.0005539459464336304,-15.457726656818817,-15.583428475067354
33,33,0.0005583121383097023,0.0005505840741343012,-15.537549721132386,-15.609865911261975
34,34,0.0005538356028372402,0.0005550081228935405,-15.583301643603972,-15.575108968801533
35,35,0.0005590776044553742,0.0005503500563607208,-15.539893261591711,-15.611712209354636
36,36,0.0005551924165122249,0.000558583859329749,-15.571527495966711,-15.547218539183978
37,37,0.0005578394575985437,0.0005539449569033949,-15.543665411861278,-15.58343623300669
38,38,0.0005588924962926426,0.0005461788203224147,-15.533779931623057,-15.644753811283294
39,39,0.0005461737644359393,0.0005485967543025158,-15.642603399820025,-15.625570023903459
40,40,0.0005528812738346684,0.0005463135649303073,-15.583688108854052,-15.643682520704784
41,41,0.0005494891500854193,0.0005500666539821969,-15.60687411923746,-15.61394918178
42,42,0.0005534697859908079,0.0005461032300158159,-15.579765386804356,-15.645354909746525
43,43,0.0005546217309022994,0.0005448116510371236,-15.570733126181027,-15.655638496398737
44,44,0.0005517145267750146,0.0005498040516517664,-15.589649460188364,-15.616023002723203
45,45,0.0005493444374392827,0.0005504731333961612,-15.620948966160352,-15.610741087414965
46,46,0.0005421928353919695,0.000545867905633426,-15.67149996898266,-15.647226755603523
47,47,0.0005550541676168051,0.0005464180905715024,-15.571760078201686,-15.64285166879163
48,48,0.0005462701794254526,0.0005458158189675918,-15.636718104069951,-15.647641178774997
49,49,0.0005519290931148397,0.0005398369256382514,-15.596616531015632,-15.695476486060203
50,50,0.0005425102759714325,0.0005413196371304558,-15.66524663246178,-15.683564542033011
51,51,0.0005417177039582628,0.0005426822049469736,-15.67107374200849,-15.6726465532876
52,52,0.0005352318973386104,0.0005374563272772847,-15.720416857740014,-15.714670561802981
53,53,0.0005385303238560398,0.0005372368032112718,-15.697517382951766,-15.716444800218316
54,54,0.000545426918140891,0.0005355082531949799,-15.648792101889626,-15.730440677039034
55,55,0.0005393802379161964,0.0005354085082408825,-15.688709692798861,-15.731249678911961
56,56,0.0005357581969067339,0.0005333385917382609,-15.717071276634655,-15.748072263770865
57,57,0.0005357714232474988,0.0005296901156390576,-15.719028889671698,-15.777883674280595
58,58,0.0005334149530042231,0.0005288778507077184,-15.74249337789897,-15.784548569837098
59,59,0.0005372243707749954,0.0005334536085444453,-15.71399386365787,-15.747135789649056
60,60,0.0005302525502893613,0.0005273322519650193,-15.766502291767491,-15.797259023611819
61,61,0.0005295669381535545,0.0005237345421368158,-15.772673587545171,-15.826990181266305
62,62,0.0005319116345472326,0.0005296691700718121,-15.753280248781923,-15.778055410997286
63,63,0.0005218821518319976,0.0005200713517536458,-15.834492924047916,-15.85747304997337
64,64,0.0005237960284239776,0.000522631580487972,-15.81789063141774,-15.836145873999394
65,65,0.0005258503048944758,0.0005225427678516624,-15.81152127788837,-15.836883948714425
66,66,0.0005266984937275693,0.0005219025540435197,-15.79636446349287,-15.842208140476483
67,67,0.0005243618137889647,0.0005153757351524147,-15.813687945718847,-15.89686268917945
68,68,0.0005217403324666558,0.0005155730392097643,-15.844182991168005,-15.895200374493383
69,69,0.0005184020832080164,0.0005190539691523698,-15.857828452142744,-15.865977198260616
70,70,0.0005087378544651318,0.0005149411108026183,-15.941255680536123,-15.900526707073643
71,71,0.0005142208679036727,0.0005134364994438855,-15.894857962050628,-15.913234974353275
72,72,0.0005081625308447815,0.0005125480483433133,-15.950897844927319,-15.9207565205149
73,73,5738.858755881735,0.0005202221723984143,54.58262212284509,-15.856213778955755
74,74,0.0005181939791187106,0.0005222822043211444,-15.859019108565775,-15.839050078139909
75,75,0.0005168227863512433,0.0005151874410282625,-15.877908100588705,-15.898449687471143
76,76,0.0005241879715089753,0.0005122556758578867,-15.820251248307608,-15.923234570848397
77,77,0.0005208810565743557,0.0005153420543616736,-15.843710960343834,-15.897146518210421
78,78,0.000523270313332779,0.0005072907278142674,-15.829180685452894,-15.965533118037744
79,79,0.0005260488065199677,0.000510426864677452,-15.807651673441683,-15.938767122138664
80,80,0.0005183644531553937,0.0005103453479119038,-15.868865380263973,-15.93946075938895
81,81,0.0005216208879461454,0.0005079378453573506,-15.837753129967751,-15.959996638399721
82,82,0.0005212689635281442,0.0005133449296025853,-15.843342682491397,-15.914009594457726
83,83,0.0005211502985102268,0.0005037439205855327,-15.845893222476235,-15.996004183084455
84,84,0.0005182004020640569,0.0005079727393182877,-15.864393544908317,-15.959698300043545
85,85,0.0005155156916199424,0.0005093758977876094,-15.885818740924098,-15.947718446832123
86,86,0.0005143424373038459,0.0005063329467942056,-15.911027433912867,-15.97374048623762
87,87,0.0005091386397138776,0.0005130094773209605,-15.932757458629418,-15.91684847894161
88,88,0.0005000647098622908,0.0005059311668829698,-16.013681800928737,-15.977188021425217
89,89,0.0005104067731173421,0.0005030400107467645,-15.935751148478285,-16.00207706921292
90,90,0.0005094391997716361,0.0005078132059057488,-15.945193861075929,-15.961062455191392
91,91,0.0005042692778401615,0.0005040197529045767,-15.988588895082964,-15.993626791236862
92,92,0.0005099005593927865,0.0004979152872692794,-15.937378745419233,-16.046547757942538
93,93,0.0005057165108155459,0.0005041763161946284,-15.971241803270644,-15.992277954922802
94,94,0.0005021722496429592,0.0005001522781400892,-15.997779226027482,-16.02707984912069
95,95,0.0004982386992346572,0.0005036098576199851,-16.039138150972295,-15.99716013857434
96,96,0.0004993303245072704,0.000501044658257773,-16.026741907748065,-16.019337998353656
97,97,0.0005059323622245034,0.0004948496628601692,-15.970739656922241,-16.073369575053093
98,98,0.0005028758764497398,0.0004998690182171566,-15.997564143990942,-16.029540161220282
99,99,0.0004988508869068141,0.0004946362123040384,-16.032682211823797,-16.075243283459677
100,100,0.0004912075156360365,0.0004967282660991737,-16.084537667599985,-16.056913621916074
101,101,0.0006999042036357461,0.0004953610860914188,-14.557752474904085,-16.068883493534926
102,102,0.0005030227955862803,0.0004967171668173059,-15.998344123957311,-16.0570106651297
103,103,0.0005046654268787195,0.0004939195335426025,-15.985101275893514,-16.081540342320075
104,104,0.0005013633557816141,0.000494310522059861,-16.007870656426043,-16.078103811252628
105,105,0.0004966311908648685,0.0004982080166595743,-16.046225556344396,-16.04399524738377
106,106,0.0004941856734017774,0.0004902650130373475,-16.06240673010293,-16.113793345877284
107,107,0.0004961834629378329,0.0004976564378011972,-16.057318567505913,-16.048806096449628
108,108,0.0004967501730245259,0.0004909887609660233,-16.04992118714663,-16.107386852530944
109,109,0.000501714207258402,0.0004971034772767636,-16.006407123525978,-16.053634351500254
110,110,0.0004942624598079044,0.0004960310041879941,-16.069572449207595,-16.063014135088245
111,111,0.0005004365277985475,0.0004974620272773073,-16.016965138642597,-16.05050300836085
112,112,0.0004971793708127452,0.0004968419900825737,-16.045512794214897,-16.055919435579295
113,113,0.0005010176406808428,0.0004960388132052398,-16.01478230312569,-16.062945764636094
114,114,0.0004943325070270635,0.000495051510178631,-16.068821652110618,-16.071598465366645
115,115,0.0004957406754610272,0.0004956678037016996,-16.057315981356563,-16.066195261712977
116,116,0.0004914404479930773,0.000495091678060003,-16.101950668465083,-16.071246098366668
117,117,0.0005027742263712181,0.000491461113070775,-16.00088650724309,-16.103210763066496
118,118,0.0004930827285393535,0.0004981988183173694,-16.08512191699334,-16.044075431283
119,119,0.0005024788422946885,0.0004928997261327152,-15.992855331345798,-16.09051659372667
120,120,0.0004990113807299664,0.0004960925664483128,-16.026851758641545,-16.062475166944044
121,121,0.0005005898638796445,0.0004990576279325117,-16.01923615393925,-16.036595381984423
122,122,0.0004943677976717884,0.0005027433554029191,-16.071616980976632,-16.004638968463418
123,123,0.0004957596487581692,0.0004946837710265658,-16.05675262263801,-16.074825734211228
124,124,0.0004896188170418681,0.0004966822560067827,-16.1116938047418,-16.057315911378627
125,125,0.000498159533215341,0.0004923640456246702,-16.040592842972362,-16.095239047110198
126,126,0.0004982303722387122,0.00048678060288933153,-16.029313855655477,-16.144769719768426
127,127,0.0004992105655453753,0.0004955648205635187,-16.02739718495246,-16.067097673673743
128,128,0.0005056078152097378,0.000491621211710337,-15.984700976120216,-16.10179623338604
129,129,0.0004945967461044909,0.00048262529890052974,-16.070034568068902,-16.18200152622323
130,130,0.0004959570813429609,0.0004928020490823608,-16.059819947864064,-16.091377312560354
131,131,0.0005007228395810409,0.0004946973211573143,-16.02045857279021,-16.074706776065373
132,132,0.0004946696244962705,0.0004926956102472582,-16.070716899476064,-16.09231543348814
133,133,0.0004978932349668988,0.0004923015780820462,-16.04585101734536,-16.09579008308511
134,134,0.0005023909766303817,0.0004926242185511479,-16.003952753739703,-16.09294477268994
135,135,0.0004954678657555895,0.0004861719146566956,-16.05621852066319,-16.150203694610028
136,136,0.0004895345470508004,0.0004929658944571489,-16.109235586629772,-16.08993362303327
137,137,0.0005006094567583317,0.0004968314483688262,-16.022462601423825,-16.056011582716035
138,138,0.0004922462736506053,0.0004930491712385495,-16.094222105385267,-16.08920003086055
139,139,0.0004959712087023119,0.0004853765330105824,-16.054920604696267,-16.157314609931145
140,140,0.0004911884220230594,0.000485329992922121,-16.092103812521998,-16.157731051009506
141,141,0.0004965232204545059,0.0004979877741884833,-16.056265684280508,-16.045915554462212
142,142,0.0004914702524157413,0.0004908401491488085,-16.09216853279676,-16.10870156820065
143,143,0.000491698332534162,0.0004898587955578574,-16.093272979112506,-16.117393258834188
144,144,0.00048805654712607026,0.0004821847557506867,-16.11423828675303,-16.185967601646915
145,145,0.000487037163261401,0.0004894967959875143,-16.129777613463588,-16.120603827587118
146,146,0.0004886051867344446,0.0004896133997183489,-16.12161936726363,-16.119569411699462
147,147,0.000497338531560447,0.00048352869098859007,-16.04182543688174,-16.173879874451654
148,148,0.0004935370222305322,0.00047966052692285493,-16.082769462220522,-16.208762560201876
149,149,0.0004916467581462768,0.00048540117476429597,-16.099070858268632,-16.157094131492492
150,150,0.0004861074287958021,0.0004894679203923596,-16.135183161386614,-16.120860027048266
151,151,0.00048669785250352753,0.0004829437867125594,-16.141448042838128,-16.179136531757376
152,152,0.0004915322588766282,0.0004879605809324666,-16.106544310469772,-16.13425496545759
153,153,0.0004919912397847079,0.0004757862633069683,-16.09289014320567,-16.24398337100901
154,154,0.00048523575887228027,0.0004826603782069134,-16.144625266649424,-16.181685873571183
155,155,0.0004887794571707851,0.0004876421743048061,-16.119452196595596,-16.137089771849062
156,156,0.00048146566697732383,0.0004748767992408064,-16.178722452677437,-16.252292841766383
157,157,0.0004896235195607831,0.0004783715703524649,-16.116336696246947,-16.220448746192787
158,158,0.0004805976998411388,0.0004812693422488672,-16.189989505908194,-16.19422039029474
159,159,0.0004885952650286142,0.0004773355750857215,-16.1197409944999,-16.229864333509575
160,160,0.0004729611493680703,0.00047872930697753633,-16.25569345222054,-16.217202211722743
161,161,0.000480140130018777,0.0004786129866261035,-16.18630748404357,-16.21825757692172
162,162,0.0004898214511112453,0.00047872037669692774,-16.114129399663856,-16.217283226352677
163,163,0.0004680467539673345,0.00047746196536249235,-16.305227894847132,-16.22871454839256
164,164,0.0004717084124909964,0.0004755585687234998,-16.26964615363707,-16.246062249239458
165,165,0.00047417991847452737,0.0004687564842721545,-16.255010680478225,-16.308629478834263
166,166,0.00047307092661623716,0.0004694151299956598,-16.254037921768578,-16.30253152733173
167,167,0.00047620124850883004,0.0004701588354931262,-16.229869558853288,-16.295656341917326
168,168,0.00047421375962847977,0.00047070502095218554,-16.248463389248315,-16.29061405325917
169,169,0.00047472284233063153,0.0004659855284875161,-16.250059427290616,-16.33437806647732
170,170,189.59140778522513,0.0004804871798689036,39.764914437799476,-16.201284317029806
171,171,0.00047674070060800414,0.0004734258354322887,-16.22610835255964,-16.26558281996922
172,172,0.00048040329075428015,0.00047498530597965186,-16.195380594654175,-16.2513006160975
173,173,0.00048236826557147594,0.0004750263347216931,-16.183435800453537,-16.25092549319341
174,174,9.371706955268087,0.00048276306877500916,26.703352360394614,-16.180761969197924
175,175,0.0004868197120418868,0.0004860372772734416,-16.131359277086382,-16.15140656891865
176,176,0.034065340381576534,0.0004826190921257397,2.310015047899288,-16.18205737877346
177,177,1.3864821182343672,0.0004836314504868106,18.404658837744364,-16.17295701005114
178,178,0.0004993713513069507,0.0004924450967289312,-16.029774174013035,-16.094524186821065
179,179,0.0005498420349298257,0.0004929418853288027,-15.608618575381016,-16.09014514447923
180,180,0.0004953516349580485,0.000491249952526567,-16.055207727147994,-16.105077148085797
181,181,88587126.76338312,0.0004988540114075141,96.46481637222905,-16.03836767385821
182,182,0.0005021515472182408,0.0004973020741568977,-15.997393185456968,-16.051899656230542
183,183,0.0004997041923133176,0.0005006110081204066,-16.019701213299303,-16.02309840983682
184,184,0.0004966437727208106,0.0004882807154085879,-16.04780844366828,-16.13140664011116
185,185,0.0004990255317924372,0.0004940826099635543,-16.030297676772246,-16.080106677608782
186,186,0.07825788640664391,0.0004941357811300182,5.92276816732484,-16.079639332648966
187,187,0.0004918645340085183,0.0004954063670562679,-16.09286741799212,-16.068486523022415
188,188,0.0004972685431490277,0.0004949169233441353,-16.0416017752162,-16.072779317562315
189,189,0.0004981101911212557,0.00050155276212057,-16.038514629486947,-16.01493609748591
190,190,0.0004915983416740159,0.0004888988685132446,-16.090342031812078,-16.12591204070383
191,191,0.0004966725120032878,0.0004946890709872701,-16.06419062601866,-16.074779204862725
192,192,0.0005040048767414098,0.0004946963561355675,-15.97520694574718,-16.07471524799377
193,193,0.000500783177522328,0.0004928907391762263,-16.01733268468101,-16.090595778619395
194,194,0.0004959126148905759,0.0004951643028394564,-16.047360074004207,-16.07060908043129
195,195,0.0004964912464462951,0.0004924289486983693,-16.05293316926854,-16.094666600982546
196,196,0.0005047483484923225,0.0004951164530786244,-15.979552757218054,-16.07102877730981
197,197,0.000499256144844226,0.0004958561882009043,-16.02368193084679,-16.06454498698169
198,198,0.0004994195823548074,0.000496017146169355,-16.02758078825431,-16.06313546913888
199,199,0.0004957082348914107,0.0004993211723079807,-16.057953909368695,-16.034302547428364
200,200,0.000496590925565412,0.0004929443760039775,-16.050149964222754,-16.09012320104565
201,201,0.0005013593424534061,0.0004980411766538102,-16.00236725591945,-16.045449857234956
202,202,0.000502375973155722,0.0004893901227899876,-16.012864767971873,-16.121550363501484
203,203,0.0004996240802694918,0.0004989955326125614,-16.019777749657166,-16.037135787163372
204,204,0.0004937214949096256,0.0004930415904566058,-16.07077353401339,-16.08926680547998
205,205,0.0019576536355295324,0.0004951044975314289,-10.09817589843288,-16.07113364740314
206,206,0.0004956993432211469,0.0004973429880153976,-16.054899001651147,-16.051542369723716
207,207,0.0005056015914906124,0.000503716837173622,-15.966690285025674,-15.996237684513792
208,208,0.0005032288381042555,0.000496575746709775,-15.991960532514396,-16.05824731892858
209,209,0.0004993362748904212,0.0004982141575678007,-16.034075877482405,-16.043941716608852
210,210,0.0004923732638642308,0.000493281580642552,-16.083440928937357,-16.087153372102804
211,211,0.0004949209264710008,0.0004989354500522543,-16.057891235192386,-16.03765873964976
212,212,0.0004998344841614826,0.0004917442136885304,-16.025331655818267,-16.1007097790672
213,213,0.0005004945335328847,0.0004905899082874193,-16.010018711485017,-16.110916259441858
214,214,0.0004993663883537592,0.0004970178093859239,-16.020752940342213,-16.05438285357659
215,215,0.0004971422241237399,0.0004927928737168642,-16.048371801471518,-16.091458173581703
216,216,0.0004987509131489187,0.0004932792722492626,-16.026401497101197,-16.08717369568375
217,217,0.0004975907498557773,0.0004901533324492016,-16.03726023169919,-16.114782765620408
218,218,0.0005006204313027298,0.0004945694190131402,-16.01991003540301,-16.07582977340254
219,219,0.0004922093543915328,0.0004966749049919216,-16.08657283255323,-16.057380188464773
220,220,0.0005039467521914348,0.0004943768864522051,-15.984868495069527,-16.07752078189097
221,221,0.0004938707099483377,0.0004930623859093574,-16.078179655406327,-16.089083633104725
222,222,0.0004964359302659394,0.0004958469929222606,-16.053601350481678,-16.064625524361233
223,223,0.0004954132354655064,0.0004898370534647256,-16.057848453930443,-16.11758602215115
224,224,0.0004977969543950766,0.0004984392756963835,-16.049009650147607,-16.04197979966923
225,225,0.0004938804528306325,0.0004968455484087922,-16.07796311420683,-16.055888332010383
226,226,0.0004965602051221871,0.0004967594608100818,-16.05404077749221,-16.056640892008108
227,227,0.0004978191285134898,0.0004952375587124966,-16.034969413492664,-16.06996662159268
228,228,0.000494606064130869,0.0004954646987914059,-16.068295921518988,-16.067975192101716
229,229,0.0005045571150234181,0.0004922833744019858,-15.993352352545323,-16.09595067375393
230,230,0.0004984875087813503,0.0004993552728065927,-16.0262483852283,-16.03400596171323
231,231,0.0004995952410738647,0.0004981573560814324,-16.02810598297826,-16.044436884762145
232,232,0.0004911299704300412,0.0004929037730969293,-16.104121991495532,-16.090480936027582
233,233,0.0004990892844831513,0.0004923099125000207,-16.029442636627852,-16.09571655983719
234,234,0.0004920566708963249,0.0004941050107223227,-16.08585853741349,-16.07990978127611
235,235,0.0004937937978256648,0.0004919973588058431,-16.07392054882615,-16.09847464876326
236,236,0.0004992854536016539,0.000489020092094219,-16.037221834933128,-16.12483533118731
237,237,0.0004958614587577386,0.0004892009938454354,-16.05088131476548,-16.123229055584694
238,238,0.0004984428380020731,0.0004915497556794435,-16.02856854677396,-16.10242751646904
239,239,0.0005033520853252525,0.0004917977417598626,-15.995863932941898,-16.100237060117067
240,240,0.0004985547305286391,0.0004910907806142381,-16.032321553664673,-16.106484551473873
241,241,0.0004978788594748901,0.0004934732109847429,-16.040897976157922,-16.08546654976495
242,242,0.0004948561767490639,0.0004877251508572188,-16.066168166806627,-16.13635084492384
243,243,0.0004952899063337287,0.0004925228468461061,-16.067363406864462,-16.093838551371775
244,244,0.0004958754664013335,0.0004913499349066498,-16.060043100157753,-16.10419333369374
245,245,0.0004918787156750169,0.0004965830655572446,-16.08928315609198,-16.058183310332357
246,246,0.0004912074910327984,0.0004908883573462893,-16.092962887696498,-16.108275043881008
247,247,0.0004939672830586619,0.00048764372446672306,-16.070717736329886,-16.137075966117482
248,248,0.0004912543512002286,0.0004893188658905657,-16.09171505810435,-16.12218275737196
249,249,0.0004993983266572708,0.0004899730633233526,-16.03992696635069,-16.11638031238242
250,250,0.0004883615513687435,0.0004926798313758091,-16.126892948638268,-16.092454521119354
251,251,0.0004912047141673255,0.0004893034423922041,-16.096838823730735,-16.122319650638627
252,252,0.0004891696474250867,0.00048782990473371585,-16.115737497116935,-16.135418165001067
253,253,0.0004851217624688156,0.0004851985967865116,-16.146860372990506,-16.15890700023125
254,254,0.0004913465368331017,0.0004830027970264813,-16.099999673260264,-16.178605905029666
255,255,0.0004877533107160677,0.0004831526250774531,-16.127042549885836,-16.177258927207994
256,256,0.0004902321916702443,0.0004927957304875905,-16.103819546737874,-16.09143299715906
257,257,0.0004958125613221764,0.0004881335786960431,-16.056284231583305,-16.132715524325842
258,258,0.000491618714655375,0.0004860487043563473,-16.103082095418614,-16.151304464389952
259,259,0.0004916023856062518,0.0004844466303965371,-16.088712638805045,-16.165642967367596
260,260,0.000491755440250308,0.00048594053460922286,-16.094410506322625,-16.152271090821515
261,261,0.0004862448582833767,0.00048212423050580054,-16.14256129000484,-16.186512775035922
262,262,0.00048311260743690753,0.0004872261871289658,-16.16357577577199,-16.1407961378185
263,263,0.0004888573906278794,0.00047621151469157716,-16.124871743806274,-16.240103438800986
264,264,0.0004784316538602651,0.00048764101474692946,-16.216282534337463,-16.137100098892386
265,265,0.0004906239337287843,0.0004934140291113995,-16.101670864242546,-16.085987427125772
266,266,0.00048587405598079115,0.00047873991302606697,-16.149328023047374,-16.217105996653775
267,267,0.0004776614233875436,0.00048057049341303736,-16.218169345602224,-16.200531342185908
268,268,0.0004807809864641311,0.000477943760894337,-16.191061936299565,-16.224334395482188
269,269,0.00048614195704018483,0.0004758531913945549,-16.144768151435247,-16.243372498918166
270,270,0.0004799209190676584,0.00048504259412814125,-16.191897591605084,-16.1603035827493
271,271,0.0004781454269889473,0.000479524932176757,-16.21205661576153,-16.209990436413698
272,272,0.0004815315094430806,0.00047809793767029127,-16.182395591294995,-16.222933659013986
273,273,0.0004794946757682897,0.0004771292917307858,-16.202865824970832,-16.231741568120643
274,274,0.000479666037321782,0.0004749921346573453,-16.205023314821695,-16.251238179729768
275,275,0.00048092371674936224,0.0004824310706585254,-16.193948015641503,-16.18374965736939
276,276,0.0004819772919140679,0.0004727925498675751,-16.180859099606522,-16.271396117862448
277,277,0.00048265312576292025,0.00047459322070751925,-16.175148207314393,-16.25488705945135
278,278,0.00047335542826049186,0.00046906712936776643,-16.25943069107422,-16.305752360923677
279,279,0.00047654465870624506,0.0004743061512463579,-16.232259611473175,-16.257514791967434
280,280,0.0004714366262202564,0.00046997764270360535,-16.276887872276667,-16.297330376091065
281,281,0.00047949327278363796,0.00047172675687378565,-16.212459845623403,-16.281197256054202
282,282,0.00046747507522669956,0.0004633556665411513,-16.312901697046765,-16.358957576914946
283,283,0.0004746353928210963,0.0004646589054333928,-16.254071381840184,-16.346759711737697
284,284,0.0004681271789523475,0.0004591771131871562,-16.299968778854993,-16.398300028785833
285,285,0.00047198985013198686,0.0004611794383412129,-16.276427695336203,-16.37940300162947
286,286,0.000465126553629573,0.00047172286308762664,-16.326831152933355,-16.28123310428196
287,287,0.00046574801042167105,0.0004621751018260655,-16.336007349064143,-16.370036906460392
288,288,0.0004719579646354253,0.0004614518333447019,-16.274286508403545,-16.376838604475786
289,289,0.0004607523133205346,0.0004616093509340365,-16.373017794507845,-16.3753563837589
290,290,0.0004678116301218643,0.00046277654014135664,-16.311048024260124,-16.364389013824766
291,291,0.00046014099876329147,0.00046365051897928904,-16.38097551794742,-16.356194859833284
292,292,0.0004598871539538899,0.00046605439887284055,-16.37549639336479,-16.33373624787086
293,293,0.0004703126608912555,0.0004624517965375593,-16.291925102409877,-16.367437652855003
294,294,0.00046259043234179624,0.00045775059812800273,-16.35676344847741,-16.411813157699427
295,295,0.0004714897437112348,0.0004563096491007232,-16.280095283611523,-16.42550583783824
296,296,0.0004615897286356878,0.00046254086651300127,-16.366257452699756,-16.36660126570292
297,297,0.00046328503246054285,0.00045753048279469733,-16.349154651354482,-16.413902021513447
298,298,0.00046203999879731577,0.0004568719519547334,-16.35399633734012,-16.420157393295835
299,299,0.00047135959648210364,0.000461527995005446,-16.275155223057222,-16.376121869655524
300,300,0.000467179886175838,0.00046122365012323777,-16.316223626701035,-16.378986677503423
301,301,0.0004640220809660698,0.00045415300165156,-16.350550056937454,-16.446080472889573
302,302,0.0004710383060959542,0.00045629063970409334,-16.274334695897128,-16.425686764278066
303,303,0.00046417593401520675,0.0004600228368010568,-16.336366836545714,-16.390308444313327
304,304,0.0004624941472693817,0.00045952363411503797,-16.36366102291982,-16.39502383391124
305,305,0.0004702320963878799,0.00045909717721913596,-16.281525956073434,-16.399056137287772
306,306,0.00046236469913226043,0.00044903442061408177,-16.35547372670992,-16.49530603215362
307,307,0.00045969824579102705,0.00045379641386190136,-16.381293208023735,-16.449491766837873
308,308,0.00046131377751679767,0.0004591545408689662,-16.372448417729107,-16.39851352536286
309,309,0.00046385996002876726,0.00045485790408412486,-16.345278902165415,-16.439344903576263
310,310,0.00046161760740490995,0.0004515909363123539,-16.364103020437334,-16.470650194202364
311,311,0.0004618804867033722,0.00045476365056330045,-16.364830525038446,-16.440244921477806
312,312,0.000466768310306901,0.00045522703256114925,-16.324933832652754,-16.435821925378935
313,313,0.0004627040746986636,0.00045114716416911076,-16.360394338270314,-16.474920044083625
314,314,0.0004551546172882171,0.0004571487355094991,-16.434738282085473,-16.417527133919013
315,315,0.00045633941442350446,0.0004554221048142369,-16.421681231274835,-16.43396130088796
316,316,0.00046330437120578263,0.000455934548211333,-16.354955802051524,-16.42907734327681
317,317,0.000455427283574779,0.0004509542210909881,-16.430829764733627,-16.476777797919212
318,318,0.0004505111896504946,0.0004491769543260728,-16.473216836891712,-16.49392770168822
319,319,0.0004518362072406855,0.00045149235551147476,-16.46251356454695,-16.471598348119084
320,320,0.000452146713907552,0.0004473135371594445,-16.452583092320445,-16.51198194690581
321,321,0.00045246583230783874,0.00044616351768031324,-16.455976106529114,-16.52316180624241
322,322,0.0004500652076532469,0.00045185227339204987,-16.481907807752567,-16.468137645464928
323,323,0.00044912487519280887,0.00044688178796174104,-16.48325032820981,-16.516175802620154
324,324,0.0004422555914023872,0.00044322707598391727,-16.55135806560812,-16.551839533849208
325,325,0.000640823794156793,0.00044356672534425005,-14.940492323355844,-16.548512766116584
326,326,0.0004842037334438106,0.00045158217605938643,-16.16095632445371,-16.47073444227113
327,327,0.00045254949801937515,0.0004485002734183677,-16.460191062289866,-16.500475240843873
328,328,0.0004528804922826857,0.0004533038514445683,-16.454763373587955,-16.454208272147092
329,329,0.0004466577143811611,0.0004557006744251243,-16.49499760830929,-16.431305648952552
330,330,0.00045866962311040494,0.00044642784020030186,-16.401677019699505,-16.52058965910664
331,331,0.000454365530233715,0.0004456274557589112,-16.44121385518138,-16.52838295714879
332,332,0.00044575483194965216,0.00045025031891112263,-16.525456609618896,-16.48356207121372
333,333,0.0004510032247089464,0.00044382494218696495,-16.470823715632157,-16.54598531049143
334,334,0.0004477837484824404,0.0004474533596198614,-16.496856299168062,-16.51062462973822
335,335,0.00044611007060385165,0.0004480164712540021,-16.507153137992834,-16.505162551637824
336,336,0.0004446863565238711,0.0004502521616431247,-16.528495138710294,-16.483544296951962
337,337,0.00045035581570118666,0.00044293206883594394,-16.477585949595053,-16.55473111335767
338,338,0.00045067364543186715,0.00044307527040425495,-16.467331144965215,-16.553327250235895
339,339,0.00045254645981950703,0.0004376780339761784,-16.460463409791718,-16.606554852740086
340,340,0.0004500230893099047,0.00044886017291757624,-16.478216086002515,-16.496991637893355
341,341,29.630920897447385,0.0004502166059529899,31.70897473983971,-16.48388726587192
342,342,0.0004538468891735544,0.00045027422541017205,-16.438343489977274,-16.48333148425889
343,343,0.0004538212408978953,0.00044734877577100535,-16.443348411808316,-16.51163983045947
344,344,0.00045596901387379493,0.00045935721841248637,-16.42106208531658,-16.396596908851514
345,345,0.0004559767500919856,0.00044777629112726763,-16.419178727326674,-16.507491414084217
346,346,0.00046043828989081467,0.000447479677141497,-16.37364161896864,-16.5103692015898
347,347,0.00046201704997694137,0.00045546388872408946,-16.36036539054956,-16.433562864165413
348,348,0.00046041186091240455,0.0004491387808229774,-16.38179270149478,-16.49429680446825
349,349,0.00046306855006853946,0.0004533514469298289,-16.357154641564797,-16.45375230047477
350,350,0.0004591699548608134,0.00045772844704946404,-16.396968557014354,-16.41202332288519
351,351,0.00045397978806484144,0.00045740597967156455,-16.446223373343187,-16.415083983800628
352,352,0.004499324560213412,0.0004532915083568935,-6.477341571684871,-16.454326528540296
353,353,0.0004602135981183461,0.00045614034292827313,-16.37743456385534,-16.42711751492594
354,354,0.00046188025957347883,0.0004516573818890672,-16.369278045140383,-16.470011234864515
355,355,0.0004562431683562235,0.00045497624179054245,-16.417218374670345,-16.438215172109906
356,356,0.00046264248139215344,0.0004505751207225809,-16.35543792456435,-16.480430284868998
357,357,0.0004605280242010605,0.0004587885556056311,-16.38789000885462,-16.401976602526503
358,358,0.0004566524291204615,0.0004593100870567325,-16.40916758040305,-16.397042530190696
359,359,0.00045859961039578716,0.00045383415540288155,-16.396187127330645,-16.44913058590037
360,360,0.00046295353653120623,0.0004573625307162537,-16.355336756918483,-16.415496539356177
361,361,0.0004550438862145139,0.0004528490566084848,-16.42699621054976,-16.458567688809303
362,362,0.0004577680605526092,0.00045395597331470956,-16.40295559038996,-16.44796501148955
363,363,0.00046235131677096114,0.00045627829661641856,-16.354397919281197,-16.42580424657784
364,364,0.0004585861788280116,0.000449686024742397,-16.396714673272943,-16.489008453671648
365,365,0.00045308289412149835,0.0004517278437943835,-16.445884343861273,-16.469333756069084
366,366,0.00045971662290970384,0.00044716225851229146,-16.382696028345958,-16.513450952163026
367,367,0.0020537626003659304,0.0004558684089907298,-9.889764081159985,-16.4297073894588
368,368,0.00045911662794227145,0.00045618757078620166,-16.39064944756825,-16.426667878390642
369,369,0.0004687741820066783,0.0004608890096853046,-16.294656151370347,-16.382138841188638
370,370,0.00046206022145889086,0.0004654377453813427,-16.36943059098507,-16.33948636072749
371,371,36892.02887174994,0.0004639810527135667,62.65888784255832,-16.353099903013458
372,372,0.00046480130872295533,0.0004599899923624961,-16.33344874008166,-16.39061853039
373,373,0.00047074432620423435,0.0004662475441459958,-16.281227405446195,-16.331936789483684
374,374,0.00047132586004193294,0.0004649895080977953,-16.28599322839271,-16.343670825298148
375,375,0.0004716419804476432,0.00046746979167341794,-16.27869952180391,-16.32056684615067
376,376,0.0004657786981605915,0.0004681520421352041,-16.3199227980934,-16.314233140530742
377,377,0.0004680204993118676,0.0004644640185257518,-16.30719997707959,-16.348581608660965
378,378,0.0004699302743640296,0.00046236506559101765,-16.29266851001082,-16.368252230814083
379,379,0.00047434066613108764,0.00045955509382398114,-16.25724286917036,-16.39472651927243
380,380,0.00047315609162510135,0.0004672161793630374,-16.269807815522036,-16.32292362549811
381,381,0.0004732363878931735,0.00046569269646792427,-16.25923091061605,-16.337108093454763
382,382,0.0004613601378184388,0.0004655638859778839,-16.364099677721946,-16.338309517132124
383,383,0.00046964946980636145,0.00046572068516214033,-16.297480745432765,-16.336847085062633
384,384,0.0004597028865018072,0.0004636969150803787,-16.38116814528045,-16.355760296260627
385,385,0.00047323265180145344,0.0004631851288171387,-16.26235404881062,-16.360556288891846
386,386,0.0004750153034224569,0.00046734779301148494,-16.242162316239494,-16.321700400907147
387,387,0.0004654745739337403,0.0004619336595121575,-16.333787718683656,-16.372306272825067
388,388,0.00046496372369895736,0.00046351710702047537,-16.33959583670473,-16.35744468945002
389,389,0.00046398928244934255,0.00046517001311784903,-16.333125687594087,-16.341985257750622
390,390,0.00046773675586740226,0.0004694518268623046,-16.314940495224995,-16.302192027755595
391,391,0.0004680878821803622,0.000464494428965018,-16.301064975071725,-16.348297266858467
392,392,0.0004709671259276838,0.0004724266335343648,-16.281939460592696,-16.274758627957052
393,393,0.0004733216693173595,0.00046225627087742875,-16.255801726923963,-16.369274247982112
394,394,0.04621273073152946,0.0004643456333341371,3.6337286158028843,-16.34968870386896
395,395,0.00047582660630086113,0.00047005123556836655,-16.236909682069186,-16.296650376234094
396,396,0.00046840282913163,0.0004688901459111979,-16.299136195457958,-16.307391304221284
397,397,0.00046806853923456957,0.0004688454929763745,-16.309116595920695,-16.307804907424682
398,398,0.0004693895674997115,0.0004688941607080204,-16.295609613293923,-16.30735411861061
399,399,0.00047278523051477587,0.0004614901722800967,-16.271059585924274,-16.37647779333073
400,400,0.0004726029550248623,0.00046948917473568335,-16.265128076091855,-16.301846532664847
401,401,0.00047014276653086553,0.00046662722505923167,-16.28132865977559,-16.32840162399202
402,402,0.00046679388807328013,0.0004677516025319499,-16.322080198287484,-16.31794952141316
403,403,0.00046816570882339835,0.0004664002519444023,-16.29404669110827,-16.330514598704653
404,404,0.0004752544862021375,0.00046631101806844145,-16.24127580451646,-16.3313455907017
405,405,0.00046831462772313465,0.0004678361231191574,-16.297433403512677,-16.317164841928278
406,406,0.00047761066720734553,0.000469088061148987,-16.22288746590401,-16.30555856447776
407,407,0.0004740235723972743,0.0004637510099105145,-16.249739844058674,-16.355253678355275
408,408,0.00047616722763122355,0.00046329752321502094,-16.237690858334823,-16.3595025774828
409,409,0.0004706436722568169,0.000466683573138557,-16.282907305622714,-16.327877218617218
410,410,0.00046908641300048945,0.0004619748062013011,-16.29260126690111,-16.371919442728395
411,411,0.000470341811827912,0.0004710954794733736,-16.286929776769792,-16.28701299356971
412,412,0.0004637382058042687,0.00046349469860280424,-16.346450855831623,-16.357654651223655
413,413,0.0004674288976491074,0.0004700698451702728,-16.310703010385122,-16.29647843992536
414,414,0.0004760538457086329,0.00046240609586483945,-16.23954124931354,-16.367866855009424
415,415,0.0004698993732970323,0.00046342176134011855,-16.284499742306224,-16.35833812707383
416,416,0.00046949324224470663,0.00046720425598323345,-16.30975621816325,-16.32303445907706
417,417,0.00046483713403805014,0.0004667063859462934,-16.33648379999746,-16.327664928428703
418,418,0.00046703227754855124,0.0004687891663419769,-16.312974616359654,-16.308326695869454
419,419,0.00046729354983550907,0.0004659356889437492,-16.314891741540198,-16.33484259155636
