,epoch,train_loss,test_loss,train_dbs,test_dbs
0,0,0.00011437772845215711,0.00010937073009125398,-26.406841728746837,-26.600197185877114
1,1,0.00010877342997586893,0.00010619938218855838,-26.626169201011173,-26.72798839534078
2,2,0.00010786622577555689,0.00010381936245769459,-26.66120076432221,-26.826424721924212
3,3,9.990551271331832e-05,0.00010172847970879,-26.99265394742578,-26.91478275602991
4,4,0.00010079295736300692,9.703545066785362e-05,-26.957686258291393,-27.119904025708337
5,5,9.698355721955467e-05,9.478889382750679e-05,-27.1183297392152,-27.221633746487917
6,6,9.597042640287083e-05,9.097430761597168e-05,-27.172037729493056,-27.40002070835058
7,7,9.554211410619414e-05,8.80977661979973e-05,-27.17940356228067,-27.539559331876873
8,8,8.845635317446012e-05,8.71595310807032e-05,-27.51829925421129,-27.586059447217856
9,9,8.816997860870372e-05,8.38478127230988e-05,-27.533376643536723,-27.75429091827278
10,10,8.514680254294719e-05,8.183920573700514e-05,-27.685437848436184,-27.85959423967943
11,11,8.213256049052736e-05,7.99379022761346e-05,-27.84572805968388,-27.961680824393973
12,12,7.954572274027988e-05,7.802828354454648e-05,-27.986209678370244,-28.066687763225865
13,13,7.793056325100064e-05,7.560090441409939e-05,-28.075763076569732,-28.203938387929686
14,14,7.770417156730077e-05,7.488301803517204e-05,-28.08263513648233,-28.245374901952193
15,15,7.186956956746181e-05,7.170939945928312e-05,-28.413591254013806,-28.43344744337777
16,16,6.893259192158027e-05,7.030103580817875e-05,-28.60187931338689,-28.519591058760255
17,17,7.223501789039145e-05,6.834367013652809e-05,-28.406006364921442,-28.642225325727107
18,18,6.843210936382355e-05,6.657363892851496e-05,-28.634733525254305,-28.756185335685537
19,19,6.723992743159731e-05,6.441743148331482e-05,-28.71580146240857,-28.899174255908406
20,20,6.523179264646744e-05,6.338079976175275e-05,-28.846593859598624,-28.969631148198907
21,21,6.576396383737578e-05,6.218484754514832e-05,-28.8099529464043,-29.052362558610525
22,22,6.310623624456864e-05,6.085934958383931e-05,-28.99442410214215,-29.145935231387877
23,23,5.9886526774864684e-05,5.893407796975225e-05,-29.213599811301997,-29.285543364580484
24,24,5.9936996679885084e-05,5.7519806049592594e-05,-29.217907740194462,-29.391034168084328
25,25,5.9583694930608415e-05,5.6699153279432245e-05,-29.2444608121893,-29.453442564170263
26,26,5.7006097759045755e-05,5.489147205432681e-05,-29.423564627674295,-29.594159521448418
27,27,5.358452805931219e-05,5.305087592875536e-05,-29.695373997572155,-29.742282708131334
28,28,5.191200308246087e-05,5.290928253854968e-05,-29.838204215932418,-29.753889573491293
29,29,5.290476474328898e-05,5.083876557795233e-05,-29.75519958018879,-29.927258329383086
30,30,5.2728629186473424e-05,5.0225064401992746e-05,-29.762817273872688,-29.980003274903364
31,31,5.195861421711503e-05,5.0099988201461533e-05,-29.831265378960946,-29.990832062019127
32,32,5.127626096022066e-05,4.834985712046833e-05,-29.886148580589964,-30.14525634763407
33,33,4.96651679436441e-05,4.796943310219305e-05,-30.03054798514667,-30.179562437440126
34,34,4.871061121109998e-05,4.6922742369229365e-05,-30.10606758843447,-30.27537443548477
35,35,4.811744157947389e-05,4.6262624796087804e-05,-30.175516024653252,-30.33690560153836
36,36,4.6126627417721725e-05,4.4742517370889944e-05,-30.347102305897344,-30.482004144147183
37,37,4.384671461293786e-05,4.3694805514716885e-05,-30.571258591129208,-30.584910191470396
38,38,4.36659495405656e-05,4.288374456289028e-05,-30.58708732522557,-30.666281293209288
39,39,4.441107420902459e-05,4.2046596047983163e-05,-30.50968163043653,-30.751899872669505
40,40,4.2203509701252676e-05,4.15700468645235e-05,-30.731464532004864,-30.801403156789714
41,41,4.0639373052267586e-05,4.0809583687836205e-05,-30.89790642350752,-30.88158665379774
42,42,4.199340676762207e-05,4.039068842662106e-05,-30.761088414908393,-30.92639574361586
43,43,4.035425011999305e-05,3.920159150239717e-05,-30.921781825537337,-31.056171309694133
44,44,3.8640637416692605e-05,3.838585354586892e-05,-31.110414893381872,-31.147496277928568
45,45,3.8449795236787036e-05,3.7826617507993144e-05,-31.144510645929007,-31.21123321788317
46,46,3.718603460883875e-05,3.749592513869222e-05,-31.286144551017976,-31.249367563568388
47,47,3.863163000619586e-05,3.615814650976589e-05,-31.119164747361722,-31.407146696381318
48,48,3.697450408731832e-05,3.5944967461737655e-05,-31.300512010825756,-31.432827349791346
49,49,3.560191111056465e-05,3.527927123956799e-05,-31.478886400761702,-31.514012244188038
50,50,3.573741751378546e-05,3.527670263505761e-05,-31.458970817314654,-31.514328455758587
51,51,3.491458042357333e-05,3.410182360216583e-05,-31.558511758000392,-31.661432261909617
52,52,3.468797151128325e-05,3.331737408236797e-05,-31.587207568164036,-31.762500647435495
53,53,3.363668579790026e-05,3.319830638678181e-05,-31.720417086119607,-31.778049010779043
54,54,3.213056906011825e-05,3.215952165191993e-05,-31.914435886973816,-31.91611249463889
55,55,3.3566539096898046e-05,3.179305339903007e-05,-31.73462092867873,-31.965885903125425
56,56,3.311250428354113e-05,3.11220350053382e-05,-31.7909309123694,-32.05852842931101
57,57,3.392818044377827e-05,3.0792776957050115e-05,-31.67996808775103,-32.10471973538573
58,58,2.9742862080666717e-05,3.047850718997468e-05,-32.25199934552849,-32.14927137959759
59,59,3.089218961642623e-05,2.962775885718752e-05,-32.09480587279412,-32.27222028558141
60,60,3.080502818230559e-05,2.977203046994921e-05,-32.1035650065665,-32.251123749975804
61,61,3.0003184836403436e-05,2.881102935996176e-05,-32.22179541196692,-32.39362054769505
62,62,2.9683173724873825e-05,2.8325635005450367e-05,-32.26081013369468,-32.467411751137064
63,63,2.8421018420707808e-05,2.801155374311891e-05,-32.454943610366094,-32.51583630881926
64,64,2.9286706944496717e-05,2.7511785064186705e-05,-32.32769408890517,-32.59402059891207
65,65,2.9159708236003315e-05,2.6893191572621856e-05,-32.33920145244739,-32.69278484240187
66,66,2.733642718011811e-05,2.670651117927934e-05,-32.6220243098459,-32.723036723799446
67,67,2.7016591797966856e-05,2.6098000537450916e-05,-32.67515052317052,-32.82313594056719
68,68,2.7924240806821697e-05,2.5349496354465373e-05,-32.52908096771025,-32.9495149463042
69,69,2.6924412109626255e-05,2.544847359929822e-05,-32.6893808434883,-32.93259091343386
70,70,2.5923295361655956e-05,2.4990682408985632e-05,-32.84911845972485,-33.011427144263315
71,71,2.5212658000941936e-05,2.5086880333746147e-05,-32.9789835714191,-32.99474171590163
72,72,2.4732831971238e-05,2.403601559451904e-05,-33.05500111732327,-33.18058352682208
73,73,2.578400394152586e-05,2.3973451166775223e-05,-32.872823946264845,-33.191902711535775
74,74,2.4573212828830402e-05,2.3732571877955804e-05,-33.08691338048325,-33.23576024913923
75,75,2.5170844263314947e-05,2.313682680802518e-05,-32.98077391357574,-33.346170341340724
76,76,2.4916278393387065e-05,2.2842719964070345e-05,-33.029935271362,-33.401730141483675
77,77,2.4332930948243228e-05,2.2209985696750473e-05,-33.12777976230037,-33.523725509303446
78,78,2.395554000350344e-05,2.290604300613172e-05,-33.196584474802215,-33.389707580206924
79,79,2.3804482394159104e-05,2.205960165730702e-05,-33.23192919083394,-33.55323163918798
80,80,2.245046815324272e-05,2.183863714315904e-05,-33.48112430722426,-33.596952973936055
81,81,2.3590795104403876e-05,2.1289552837276316e-05,-33.26240166851552,-33.70754290117977
82,82,2.2794814473864162e-05,2.0914287425081345e-05,-33.407110663172354,-33.78477757559346
83,83,2.2776265423183842e-05,2.0619564709608983e-05,-33.41009932559162,-33.84641336944828
84,84,2.2678880021576144e-05,2.0633874938587388e-05,-33.43534561273436,-33.84340035827521
85,85,2.1859325100841798e-05,2.0152351776471877e-05,-33.59829308359251,-33.94595094256432
86,86,2.0644168526092642e-05,2.032070431979312e-05,-33.84623932857088,-33.90982073184035
87,87,2.1008703594450652e-05,1.982211736168737e-05,-33.76800782325858,-34.01770786637458
88,88,2.176381483352707e-05,1.99007710379144e-05,-33.61621332835807,-34.00050926698536
89,89,2.0746112868343433e-05,1.8896680031550778e-05,-33.82033960325094,-34.22535320361946
90,90,1.953280509004583e-05,1.8998016792848877e-05,-34.089407805272494,-34.202125625703864
91,91,2.0035211229096792e-05,1.8314530088422255e-05,-33.96653801508742,-34.36125049714707
92,92,2.0033819786589184e-05,1.8627015905574234e-05,-33.97112672851942,-34.28777544383841
93,93,2.0447789679987107e-05,1.818765897616303e-05,-33.9004601056763,-34.39144027329931
94,94,1.8772786658241646e-05,1.7980606715259217e-05,-34.24767193735089,-34.44116487854884
95,95,1.919907080986208e-05,1.8253198025999345e-05,-34.15930398221168,-34.37581864377467
96,96,1.9138984958003347e-05,1.7291161240887288e-05,-34.16236837582335,-34.61096669163592
97,97,1.8395804723583105e-05,1.7580518033355474e-05,-34.33589097569773,-34.53889161801841
98,98,1.869702310548596e-05,1.730239512797102e-05,-34.27477263944043,-34.60814604186504
99,99,1.7776831780268076e-05,1.6881297405665175e-05,-34.48175467168046,-34.715150086840346
100,100,1.8873908235955523e-05,1.6702851385879942e-05,-34.23750561281083,-34.76130212810148
101,101,1.764635174170967e-05,1.681860397327814e-05,-34.518850471262084,-34.73130885409694
102,102,1.82691608024095e-05,1.661894743608029e-05,-34.36400595098459,-34.783173155901615
103,103,1.801201379589422e-05,1.6337803141428403e-05,-34.428992724353456,-34.85727170968445
104,104,1.794339120173503e-05,1.630768105985082e-05,-34.44499551475589,-34.86528620715336
105,105,1.6778162098114653e-05,1.6210844765545946e-05,-34.743508769047374,-34.89115182775612
106,106,1.727322623335886e-05,1.6175673600197404e-05,-34.61297783878547,-34.900584548411814
107,107,1.739323081508082e-05,1.577776019027959e-05,-34.58901533498944,-35.00875478957749
108,108,1.684990533736784e-05,1.5852102718015788e-05,-34.7215798752443,-34.9883395199228
109,109,1.804905377398005e-05,1.5614642124044048e-05,-34.42406152270362,-35.0538879481835
110,110,1.68663330807305e-05,1.5487622237598868e-05,-34.71925232862711,-35.08936082682857
111,111,1.7203604188908524e-05,1.54677195735674e-05,-34.63552572154412,-35.09494539986142
112,112,1.6711644365358617e-05,1.5339235113443512e-05,-34.7686898722123,-35.13117125609712
113,113,1.7120639257104203e-05,1.4973154544637318e-05,-34.6565937630644,-35.236075226360285
114,114,1.6131443293694977e-05,1.5193502229904928e-05,-34.92227223755898,-35.17262935863812
115,115,1.5709315823524896e-05,1.4840917940187195e-05,-35.033940187316034,-35.27460066044704
116,116,1.6637541887472797e-05,1.5072580313962566e-05,-34.78634247968118,-35.207332231193085
117,117,1.607787813442236e-05,1.482639699564683e-05,-34.924152756483615,-35.278852050640694
118,118,1.586629596860484e-05,1.4866897177661917e-05,-34.98812857237224,-35.267004920194424
119,119,1.622973494582747e-05,1.4778058740423722e-05,-34.888072776550665,-35.29303441315501
120,120,1.6314685426456807e-05,1.4546706312869087e-05,-34.87208524049463,-35.36156158950277
121,121,1.567744938884718e-05,1.4420581704287447e-05,-35.0300534720061,-35.39938050278647
122,122,1.5615050091882857e-05,1.4474708653946628e-05,-35.05532518109102,-35.383109987583055
123,123,1.5547440412286886e-05,1.4436272546223144e-05,-35.06978515593928,-35.394657571671715
124,124,1.6152036128989923e-05,1.4347633479797208e-05,-34.90596864865217,-35.42140555999638
125,125,1.61596260216722e-05,1.4265904562642773e-05,-34.90212335164583,-35.44621515481584
126,126,1.5044726170185405e-05,1.4343289254420119e-05,-35.21012170335015,-35.42272073075008
127,127,1.5768313066483015e-05,1.4332231043418256e-05,-35.00982463303949,-35.42607029177357
128,128,1.479503949555045e-05,1.421575210483034e-05,-35.28509487083427,-35.461509881838154
129,129,1.5099009042668767e-05,1.4201638901125224e-05,-35.201172434031434,-35.4658236395605
130,130,1.5513871328517573e-05,1.4169940617361326e-05,-35.08651682502513,-35.47552799559997
131,131,1.5129721066035382e-05,1.3918292384723349e-05,-35.185077577111656,-35.55334874215436
132,132,1.4674566327156163e-05,1.4188736426340734e-05,-35.32676222217113,-35.469771085779826
133,133,1.5579093959570753e-05,1.3971158966198441e-05,-35.0638416479294,-35.53688395636671
134,134,1.4473472407358319e-05,1.4182004346558211e-05,-35.38796915487424,-35.47183215650023
135,135,1.4635488743393936e-05,1.4161526451061945e-05,-35.336549424036605,-35.47810761923347
136,136,1.4741884584021971e-05,1.4065687393763495e-05,-35.306735212919726,-35.50759868689926
137,137,1.5284017657923522e-05,1.3955685206287613e-05,-35.15550634189204,-35.54169665141365
138,138,1.4763107070937566e-05,1.3948558884485943e-05,-35.292360331320275,-35.543914896274146
139,139,1.4296505272345853e-05,1.4112754271129807e-05,-35.43347261612497,-35.49309050055352
140,140,1.5286768251188705e-05,1.4169313353225957e-05,-35.13380431822596,-35.475720250027706
141,141,1.5529983449090013e-05,1.4034623889433293e-05,-35.07733420395253,-35.51720051221609
142,142,1.4748082012187128e-05,1.417212464921728e-05,-35.30327280771157,-35.47485866330093
143,143,1.5144717817935257e-05,1.4126440730347225e-05,-35.17844091884395,-35.48888078127504
144,144,1.5269754183782895e-05,1.396051136812036e-05,-35.15133311911927,-35.54019503175853
145,145,1.5266275844736548e-05,1.4169254954092475e-05,-35.155143074277056,-35.47573814960622
146,146,1.5575778391947323e-05,1.4050231249328996e-05,-35.069056510482596,-35.51237357546029
147,147,1.5837351177829876e-05,1.398907347481183e-05,-34.995889834627214,-35.53131878567805
148,148,1.4378959190018821e-05,1.4081816277068451e-05,-35.40854623693004,-35.50262155935917
149,149,1.5355468143021315e-05,1.410103385224877e-05,-35.121772966070274,-35.49669874593778
150,150,1.4884253115391421e-05,1.3933290909718429e-05,-35.265796965613696,-35.54867125060722
151,151,1.5027161539693065e-05,1.403802836744274e-05,-35.21629951162815,-35.51614714112242
152,152,1.543275311164085e-05,1.404031967180536e-05,-35.10551875715727,-35.51543833813881
153,153,1.448710309821613e-05,1.3755076906818431e-05,-35.382566925428385,-35.60457806851018
154,154,1.5318064760856604e-05,1.3897428049715113e-05,-35.13407896524151,-35.55986395522132
155,155,1.4525101271163331e-05,1.389395200883308e-05,-35.36395007594379,-35.56095035350641
156,156,1.51748131288842e-05,1.396808578360115e-05,-35.18737824043798,-35.53783936247107
157,157,1.5141731881195698e-05,1.4288687452790327e-05,-35.1898706032288,-35.43928493107659
158,158,1.5243735865671211e-05,1.4123557201329325e-05,-35.163506986798374,-35.48976736593835
159,159,1.4852293359056312e-05,1.4139563207113257e-05,-35.273276991893354,-35.48484836150291
160,160,1.5164640599417083e-05,1.4243540566607599e-05,-35.181426986711124,-35.45302872976937
161,161,1.5352018326478913e-05,1.4069730049844733e-05,-35.12999476269811,-35.506350649087906
162,162,1.5390649545243486e-05,1.394480678802785e-05,-35.11456198927766,-35.54508328507045
163,163,1.5144009893512853e-05,1.399564893003308e-05,-35.18625743082311,-35.5292778978466
164,164,1.406750270126798e-05,1.400670752398008e-05,-35.504969636069404,-35.525847696116
165,165,1.4263394620787404e-05,1.4125923084257489e-05,-35.44841513082034,-35.489039926075705
166,166,1.4042565331673705e-05,1.4030939430660127e-05,-35.52092533388593,-35.518340799410716
167,167,1.5156414322978121e-05,1.4174706513203042e-05,-35.1839358144095,-35.474067541867484
168,168,1.4745525910144615e-05,1.4051981500080346e-05,-35.29485472804903,-35.511832604362375
169,169,1.4515030033152535e-05,1.4039171267205874e-05,-35.37396030123863,-35.51579357661653
170,170,1.5009532260067026e-05,1.406966858715015e-05,-35.21754818752396,-35.50636962099945
171,171,1.5066555505720466e-05,1.4133536368669746e-05,-35.21002446720121,-35.48669989017028
172,172,1.5191821636183226e-05,1.4021216453616753e-05,-35.17612334859936,-35.521351359785555
173,173,1.457532940998904e-05,1.4081271202533236e-05,-35.350891837388104,-35.50278966796094
174,174,1.4596826676819378e-05,1.393112262648126e-05,-35.34742009551556,-35.549347147443
175,175,1.5104916754578356e-05,1.3860552251954735e-05,-35.198677236560684,-35.571402953902336
176,176,1.5304884701182936e-05,1.3802360148187481e-05,-35.144050964096664,-35.58967474428332
177,177,1.4382089333237897e-05,1.3837872469785476e-05,-35.41555697175764,-35.57851505976907
178,178,1.5567913484944454e-05,1.4064252641937377e-05,-35.06751398336387,-35.50804170583264
179,179,1.4922566732980393e-05,1.3931419935512454e-05,-35.25473119288022,-35.54925446410559
180,180,1.4253850758436361e-05,1.3879208908244772e-05,-35.44011235308748,-35.565561170296185
181,181,1.422016074937665e-05,1.3723312373545732e-05,-35.45710691962207,-35.614618808179905
182,182,1.4980017741183155e-05,1.3736307042372095e-05,-35.24620611303331,-35.61050839914528
183,183,1.4620855161167091e-05,1.3799080366688462e-05,-35.3436412226278,-35.5907068578158
184,184,1.53590480266823e-05,1.3853437562111618e-05,-35.134824944992495,-35.573632781240754
185,185,1.4419451066171006e-05,1.3776617522939647e-05,-35.40960402140021,-35.597782284363326
186,186,1.4578908252888046e-05,1.387153631520433e-05,-35.34876905276247,-35.56796266609561
187,187,1.4459144227826588e-05,1.3639012889287091e-05,-35.40039247597382,-35.6413788998919
188,188,1.474547297192723e-05,1.3861000489238282e-05,-35.308937528805146,-35.571262509403674
189,189,1.5069060779198256e-05,1.3824051261747771e-05,-35.21277432115725,-35.58285494223116
190,190,1.522846051772934e-05,1.3818503152594386e-05,-35.166517627078626,-35.58459827838349
191,191,1.553386491931886e-05,1.3813002767978775e-05,-35.08485422176274,-35.586327309530276
192,192,1.4943412520317241e-05,1.3840562515772609e-05,-35.241689147148364,-35.57767088477682
193,193,1.4742578003410317e-05,1.3641188209141164e-05,-35.30840343406838,-35.64068628812735
194,194,1.421599907039355e-05,1.3646580651096118e-05,-35.46644822587731,-35.638969835728844
195,195,1.490982987851351e-05,1.3896085300458302e-05,-35.2558962932583,-35.560283584496624
196,196,1.4944209490834313e-05,1.3758543230467599e-05,-35.249720590340125,-35.60348377031622
197,197,1.536688883676369e-05,1.3545862298327082e-05,-35.11653676556742,-35.671141733594546
198,198,1.4147862615216806e-05,1.3936448771059268e-05,-35.479599687175096,-35.54768707079318
199,199,1.5122727323689537e-05,1.365385244418193e-05,-35.197293084796584,-35.636656246289164
200,200,1.3949101389933031e-05,1.355865831436332e-05,-35.54335689216686,-35.6670411338111
201,201,1.4014260478248129e-05,1.3654244627870962e-05,-35.5262834779582,-35.63653150437719
202,202,1.4587988010406634e-05,1.3583537829139172e-05,-35.35446035511948,-35.65907933223198
203,203,1.4692713184277382e-05,1.3410665815172251e-05,-35.318891712322994,-35.71470489474703
204,204,1.5036654357826001e-05,1.3422336068240264e-05,-35.22575714485055,-35.71092721318054
205,205,1.402844822992266e-05,1.336974659544036e-05,-35.520869082754835,-35.72797653888045
206,206,1.5116612106344432e-05,1.347478361199855e-05,-35.20001921028908,-35.693990300988354
207,207,1.4129601349287845e-05,1.3486700960416592e-05,-35.48672865379461,-35.690151017598716
208,208,1.4341402206388085e-05,1.339579787446909e-05,-35.419917644550935,-35.71952243826304
209,209,1.4910241485811583e-05,1.347607145649626e-05,-35.259804525235786,-35.69357524643226
210,210,1.3395733928059458e-05,1.3325817139718166e-05,-35.72021493380041,-35.742269803201985
211,211,1.4881039561194334e-05,1.3330736165746776e-05,-35.2604195847389,-35.74066696591066
212,212,1.4095030799337073e-05,1.331149384273694e-05,-35.49592541168345,-35.74694034178994
213,213,1.3708124458492786e-05,1.3413551354652123e-05,-35.62569843530373,-35.71377053467208
214,214,1.5735104977100435e-05,1.3169286926552703e-05,-35.0159260471828,-35.793585698081344
215,215,1.41676777669081e-05,1.3311108695664811e-05,-35.475579875794466,-35.747065999864056
216,216,1.3888013040507093e-05,1.312356949998311e-05,-35.55643184593796,-35.808688542575126
217,217,1.4288221294562615e-05,1.3277915154743058e-05,-35.43791075505936,-35.75790940594559
218,218,1.428545507111529e-05,1.3238318771120822e-05,-35.43759025373546,-35.77087995352845
219,219,1.3547846813792407e-05,1.3172268680998394e-05,-35.67687607966938,-35.792602491525905
220,220,1.3939360579786002e-05,1.300284623683087e-05,-35.54105425282684,-35.84882402897414
221,221,1.471637165430122e-05,1.3201125272500672e-05,-35.30424483188695,-35.78309877465186
222,222,1.3567539493114682e-05,1.2903434014189866e-05,-35.662796884387674,-35.882155245366796
223,223,1.4030883275407496e-05,1.2963257703583958e-05,-35.52216169170184,-35.862066751022006
224,224,1.459231863975088e-05,1.2923559025741843e-05,-35.35070097785495,-35.87538699075757
225,225,1.4693869245805677e-05,1.299217077949403e-05,-35.32400800654401,-35.852391091439166
226,226,1.4871964341773023e-05,1.2865761738411444e-05,-35.26815575520304,-35.89485325372048
227,227,1.3547726132284092e-05,1.2778363031286158e-05,-35.67329521413342,-35.924456075835074
228,228,1.3910834981682446e-05,1.2779852352794382e-05,-35.55755491287709,-35.923949933990805
229,229,1.3375660536130267e-05,1.28582410309862e-05,-35.72348532088573,-35.89739267331014
230,230,1.2836304346454143e-05,1.2675262376816184e-05,-35.90390452762148,-35.95963871836905
231,231,1.3922967490984352e-05,1.2763401173288003e-05,-35.55602678270579,-35.92954409799266
232,232,1.3810452626260194e-05,1.2589099385781752e-05,-35.58640560736486,-35.98926167657679
233,233,1.3125933403045433e-05,1.2760162606259415e-05,-35.81338594944977,-35.93064621038533
234,234,1.3840747322825974e-05,1.276501227134998e-05,-35.576541445794646,-35.92899593153447
235,235,1.3056368422355459e-05,1.2567220676972188e-05,-35.829693175346776,-35.99681588552242
236,236,1.3097826144375991e-05,1.2399362755164284e-05,-35.8113468042695,-36.05521463907052
237,237,1.279526534829332e-05,1.2510530866979694e-05,-35.91789266202338,-36.016450910260744
238,238,1.3629725930813853e-05,1.2447747442485324e-05,-35.64993890590154,-36.03830061638903
239,239,1.3202541548210874e-05,1.2373647845570782e-05,-35.78147172582158,-36.06423077968432
240,240,1.325664689107894e-05,1.2391736307012921e-05,-35.77468322979064,-36.0578866661919
241,241,1.3403785150208914e-05,1.2284272567117832e-05,-35.715721037343215,-36.095713856589576
242,242,1.257238634878508e-05,1.2216907251920356e-05,-35.99477031110353,-36.11959552971758
243,243,1.271965804110166e-05,1.223565270361417e-05,-35.936895770938484,-36.11293688306382
244,244,1.2396257130303733e-05,1.2194335460279896e-05,-36.05642571044047,-36.12762691711183
245,245,1.2959831926225175e-05,1.223481271345487e-05,-35.86332974473874,-36.11323504093288
246,246,1.3755886511810871e-05,1.2290334875854713e-05,-35.6079397227485,-36.09357113484597
247,247,1.2846937661566867e-05,1.2052087521097795e-05,-35.90281038130231,-36.17858552975462
248,248,1.3002142444860247e-05,1.19839384608081e-05,-35.85001812493824,-36.203212595943874
249,249,1.2849662029505443e-05,1.1977230745909956e-05,-35.899167252481035,-36.20564413308416
250,250,1.2347475528736844e-05,1.1817994977479285e-05,-36.07379424262036,-36.263770287196905
251,251,1.261441044222273e-05,1.1883699411746898e-05,-35.98226665289563,-36.23969171638603
252,252,1.2849928417690722e-05,1.1812539301708488e-05,-35.88473497118491,-36.26577563324319
253,253,1.275327190576474e-05,1.1751824307506659e-05,-35.92722744055587,-36.288155397651835
254,254,1.2973478533240268e-05,1.1735770816525665e-05,-35.86046680118413,-36.29409210049192
255,255,1.2664687956296888e-05,1.1720782056631593e-05,-35.96409314297257,-36.2996423930978
256,256,1.2348207029699739e-05,1.1625069802041827e-05,-36.08072003010458,-36.33525260527628
257,257,1.2828288482083248e-05,1.1684872285848924e-05,-35.904688917825084,-36.312968598215335
258,258,1.3163021635919745e-05,1.1588123398771705e-05,-35.792940847988184,-36.34907718552828
259,259,1.222237130239535e-05,1.1564525266294368e-05,-36.10967712289277,-36.35793020482235
260,260,1.3267779687555152e-05,1.1518439590106841e-05,-35.76442268223008,-36.37527180853855
261,261,1.2035537936041232e-05,1.1548924655806714e-05,-36.189455650190276,-36.36379281737116
262,262,1.2499378068035363e-05,1.140680055150848e-05,-36.01495237880931,-36.417569818404885
263,263,1.1894415693700231e-05,1.1464231503946634e-05,-36.23443582702883,-36.39575882352019
264,264,1.228223914274833e-05,1.1495194915991497e-05,-36.10113422979272,-36.38404490096963
265,265,1.2116057841359583e-05,1.1458500634226335e-05,-36.15835065341866,-36.39793036671398
266,266,1.1804846920866336e-05,1.1440637296656955e-05,-36.26373105280149,-36.40470612441441
267,267,1.2778515296885576e-05,1.1252896671832882e-05,-35.92169352526285,-36.47656498753207
268,268,1.2585044967955141e-05,1.1376944425328953e-05,-35.989761788664985,-36.428951931649074
269,269,1.2823757773280845e-05,1.124456479086994e-05,-35.91300777284908,-36.47978178610067
270,270,1.2418122287740938e-05,1.1220581080507194e-05,-36.0515319872066,-36.48905481471397
271,271,1.245233750186222e-05,1.1212462882931026e-05,-36.04253837039284,-36.492198114009405
272,272,1.2476237288021516e-05,1.1118309215051245e-05,-36.029637184928525,-36.52882081611936
273,273,1.1568846430330353e-05,1.1089670902277393e-05,-36.359105871293806,-36.540021716009626
274,274,1.2518301164820195e-05,1.1138080050219096e-05,-36.0208854456194,-36.52110494920831
275,275,1.1991236195959554e-05,1.1148814528975268e-05,-36.205509605497184,-36.516921391706525
276,276,1.2566213673877784e-05,1.1136135837755559e-05,-36.002669015773165,-36.521863100023545
277,277,1.1355372388953987e-05,1.1009230116829521e-05,-36.440918625161075,-36.5716388027648
278,278,1.2294849502441794e-05,1.0976140880589619e-05,-36.08732633720936,-36.58471157152702
279,279,1.1515579533750628e-05,1.1002570700886855e-05,-36.37975266500157,-36.57426661837043
280,280,1.1651314281087102e-05,1.0971341141971367e-05,-36.32448779398049,-36.58661110608645
281,281,1.230458635581806e-05,1.0975545544505094e-05,-36.09157396450958,-36.58494713536612
282,282,1.1527745656851563e-05,1.0793338620523604e-05,-36.37394227653617,-36.65765027353048
283,283,1.1816976626674265e-05,1.0969333647823843e-05,-36.25666627687512,-36.5874058342719
284,284,1.1591159176363757e-05,1.0862321448114112e-05,-36.35154337890466,-36.62998179092085
285,285,1.1891190813012426e-05,1.0926032748676861e-05,-36.24237256064182,-36.60458331898394
286,286,1.1476065542551295e-05,1.0838737604277221e-05,-36.38589485566277,-36.63942127242075
287,287,1.114875170425932e-05,1.0768595625689303e-05,-36.51998923824193,-36.667617608294016
288,288,1.1875679652784475e-05,1.0765041128922204e-05,-36.24810876875017,-36.669051363644776
289,289,1.1868159627110143e-05,1.0874013050373546e-05,-36.251448920781385,-36.62530979911293
290,290,1.1813398444799756e-05,1.0827317390449983e-05,-36.26844546006932,-36.64399961980135
291,291,1.1430618317333319e-05,1.074589267533922e-05,-36.40151964289338,-36.6767833105703
292,292,1.1445045880257745e-05,1.0725397307971052e-05,-36.40245825548836,-36.685074407810305
293,293,1.1795269786948806e-05,1.0695305862004476e-05,-36.26838475109554,-36.6972762084969
294,294,1.14965867199776e-05,1.0621965836770342e-05,-36.382782425850365,-36.72715929520734
295,295,1.0927575006922011e-05,1.06594277320638e-05,-36.61232573820606,-36.711869402503886
296,296,1.1483493882721078e-05,1.0688085455369314e-05,-36.38800018955305,-36.70020912295503
297,297,1.1457268649876627e-05,1.0604619834147774e-05,-36.402092557009325,-36.73425725718364
298,298,1.0641921093825732e-05,1.0664196332455552e-05,-36.718099650714514,-36.70992697764703
299,299,1.0976962163188068e-05,1.0528955714873614e-05,-36.582245191512484,-36.765355307591754
300,300,1.0881214203652338e-05,1.0623678080216786e-05,-36.62144234724253,-36.7264592760552
301,301,1.1255878295751526e-05,1.0543938682722479e-05,-36.47683841342606,-36.759179581340746
302,302,1.082784329650842e-05,1.050126619654628e-05,-36.64841613095174,-36.77679162244927
303,303,1.1545284305799383e-05,1.0471083274559964e-05,-36.361791141981485,-36.78929216325375
304,304,1.0791579839373224e-05,1.0400100587790612e-05,-36.66496537547803,-36.8188329006035
305,305,1.0635681463231167e-05,1.052914634974992e-05,-36.71574218164316,-36.76527667593294
306,306,1.1412340328890947e-05,1.049007653962594e-05,-36.41377671400272,-36.781421728084965
307,307,1.082136430941131e-05,1.0381601992106115e-05,-36.64500782101015,-36.826564548306294
308,308,1.1038699901207306e-05,1.0396100582224072e-05,-36.563406474051256,-36.820503571465316
309,309,1.134812314423058e-05,1.0318042266015637e-05,-36.43623144026932,-36.853235272422545
310,310,1.1509550085506394e-05,1.0425331406862059e-05,-36.37437384663564,-36.80830960306928
311,311,1.0999407512611366e-05,1.0385604151739053e-05,-36.573354797740095,-36.82489064392671
312,312,1.115702145829552e-05,1.042475232201181e-05,-36.50928933041057,-36.8085508427289
313,313,1.071661802494962e-05,1.0350709831790913e-05,-36.686715163158496,-36.839506958976266
314,314,1.1608119222597152e-05,1.0422076325324414e-05,-36.34765677171671,-36.80966580426187
315,315,1.0560320774435314e-05,1.0307709448840652e-05,-36.744184577574586,-36.85758661526721
316,316,1.1408960013683363e-05,1.0324894040087728e-05,-36.42185080578561,-36.850352264176124
317,317,1.0935893240776309e-05,1.026555046815989e-05,-36.60930228579102,-36.875385873503376
318,318,1.1016146378171902e-05,1.0273109661571461e-05,-36.57212262460906,-36.872189057241954
319,319,1.120068038252396e-05,1.0270465664737122e-05,-36.49911551089487,-36.873306947602735
320,320,1.082271157579224e-05,1.0278662198527999e-05,-36.641718370051485,-36.86984236301444
321,321,1.0703418973713906e-05,1.0292932984157233e-05,-36.69409287569372,-36.86381684638304
322,322,1.0724202099678673e-05,1.0262047956195219e-05,-36.68984948898377,-36.87686789941051
323,323,1.0856666318131923e-05,1.02334737149297e-05,-36.63227268623307,-36.88897751393564
324,324,1.0961051926998838e-05,1.0269610189233821e-05,-36.59342317032397,-36.8736687070172
325,325,1.0858242734984648e-05,1.0288968448884062e-05,-36.636133647078985,-36.86548994332148
326,326,1.1303301946718795e-05,1.0198013354200061e-05,-36.453066746032235,-36.90405253456636
327,327,1.0293766573556344e-05,1.0247341067856483e-05,-36.863939017131564,-36.883096384850774
328,328,1.0567175734453035e-05,1.019942177854797e-05,-36.75406894415893,-36.903452781784246
329,329,1.0552412661745995e-05,1.0239283112337274e-05,-36.74892450264406,-36.88651278549062
330,330,1.0793493636567254e-05,1.0213276829362209e-05,-36.65495663276412,-36.897557262377696
331,331,1.0455903469209233e-05,1.0271112506942651e-05,-36.79552753941739,-36.8730334340506
332,332,1.0526706914460351e-05,1.0253175619972784e-05,-36.76688766640445,-36.88062433607709
333,333,1.0909901729317744e-05,1.0200492229877886e-05,-36.609132922227246,-36.90299700426875
334,334,1.0579466472392465e-05,1.0165395714897099e-05,-36.75035337226623,-36.9179654042915
335,335,1.1039913701584811e-05,1.0195239299623369e-05,-36.56172879911991,-36.90523405928244
336,336,1.0714021722303665e-05,1.007594078385553e-05,-36.68664358529023,-36.95635223301115
337,337,1.096224536219601e-05,1.016130363495904e-05,-36.58773682074307,-36.91971400865665
338,338,1.0626513367523584e-05,1.0123507643967108e-05,-36.722255199906904,-36.9358981467253
339,339,1.1091079412245122e-05,1.0068294326820729e-05,-36.54197889531428,-36.95964926984335
340,340,1.0349564861113772e-05,1.0146488133805656e-05,-36.84083066967889,-36.92605077989435
341,341,1.0917637572459067e-05,1.005980704193414e-05,-36.61648352350153,-36.9633117923471
342,342,1.0363827514833921e-05,1.0097814059630955e-05,-36.83476190248485,-36.946934604248845
343,343,1.101244690064575e-05,1.00596272013239e-05,-36.571375266953495,-36.96338943248718
344,344,1.0944883056769877e-05,1.0000932290590994e-05,-36.59733206296939,-36.98880342814228
345,345,1.0185597387032066e-05,1.000511596621915e-05,-36.909689501821795,-36.98698703017848
346,346,1.0538343430357835e-05,1.011115105747625e-05,-36.766249194325425,-36.941202311301915
347,347,1.1082089849409873e-05,1.0054495521073573e-05,-36.54456282950912,-36.965605448064615
348,348,1.017359932823816e-05,9.977206326239915e-06,-36.913006600677825,-36.99911876375724
349,349,1.0964786640412508e-05,9.987573201598073e-06,-36.59357725890527,-36.99460854398647
350,350,1.0509140080553011e-05,1.0023459923870273e-05,-36.775512605041676,-36.979031714877486
351,351,1.0329771879527865e-05,9.975723275458318e-06,-36.85419043198966,-36.99976436396219
352,352,1.042483641942885e-05,9.928545511540601e-06,-36.81077557335418,-37.02035198878437
353,353,1.0127261098251934e-05,9.955090119642831e-06,-36.93236796051047,-37.008756339089814
354,354,1.0194760710236523e-05,9.947082617145497e-06,-36.90486886214298,-37.012251047312944
355,355,1.0349885926807848e-05,9.897539089969972e-06,-36.83132290630851,-37.03393604135036
356,356,1.0825575222999347e-05,9.928401213025944e-06,-36.64316140394288,-37.02041510830575
357,357,1.0913648486504039e-05,9.99959866021527e-06,-36.599354047496064,-36.98938260108059
358,358,1.0682077568021996e-05,9.93310222360091e-06,-36.69817427832326,-37.01835924884202
359,359,1.0125270964448477e-05,9.930403465611897e-06,-36.93589016563754,-37.01953935846433
360,360,1.082090807123921e-05,9.979257883012332e-06,-36.64542188942618,-36.998225840262
361,361,1.0533934382880202e-05,9.943780816301065e-06,-36.768436724938994,-37.013692868986546
362,362,1.0219908126225736e-05,9.847166510505639e-06,-36.89607743076584,-37.0560954811569
363,363,1.0467524776855104e-05,9.760797016305764e-06,-36.78805327532752,-37.09435548432433
364,364,1.033942629705446e-05,9.783675475199216e-06,-36.845652227199615,-37.08418791086383
365,365,1.062279580324197e-05,9.838053876209366e-06,-36.716100862209096,-37.06011633232892
366,366,9.894372242249034e-06,9.805693145225584e-06,-37.03651251868645,-37.074425312784555
367,367,1.0672616202466144e-05,9.849384863819547e-06,-36.70041482768468,-37.055117219948734
368,368,1.0434087068189029e-05,9.806284484320235e-06,-36.79884290489785,-37.07416341639586
369,369,9.949953244958846e-06,9.792108764821406e-06,-37.0094777356849,-37.080446010841975
370,370,1.0033449256035365e-05,9.707764284509099e-06,-36.973468722795246,-37.118016071659426
371,371,1.0737091711750518e-05,9.64398654296498e-06,-36.679868210952236,-37.146642340933
372,372,1.0126439050996925e-05,9.811144488929513e-06,-36.93584347545236,-37.07201158168817
373,373,1.0644628987721103e-05,9.640823583666994e-06,-36.727298151392574,-37.14806693964348
374,374,1.0343464861396514e-05,9.78133587188112e-06,-36.83936069748822,-37.08522657810272
375,375,1.0375266628188066e-05,9.724569137784114e-06,-36.82911981133698,-37.1105046146385
376,376,1.0797955406608885e-05,9.688495657955124e-06,-36.65394045199202,-37.12664480829618
377,377,1.0400455398057508e-05,9.66674865833882e-06,-36.828515351946834,-37.13640402988109
378,378,1.0671899797240052e-05,9.658357755956546e-06,-36.706965531736834,-37.14017541696036
379,379,1.093713351963874e-05,9.707058827763448e-06,-36.604891363981125,-37.11833168202602
380,380,1.0102330442041233e-05,9.633242227305585e-06,-36.944440828426615,-37.15148349060393
381,381,1.1357487057897948e-05,9.592925787154327e-06,-36.431644884988174,-37.16969745101305
382,382,1.0526276006184508e-05,9.642757456611817e-06,-36.77009864495494,-37.14719586663095
383,383,1.0550629555190117e-05,9.667763941634852e-06,-36.76033690825605,-37.13594792121928
384,384,1.013247994762292e-05,9.660990072964188e-06,-36.938711761453405,-37.13899193937277
385,385,1.0600939914212112e-05,9.552666429762643e-06,-36.73877135267681,-37.18796216942222
386,386,1.0388443279600661e-05,9.528233835896427e-06,-36.81756191336453,-37.1990842300653
387,387,9.814109831757978e-06,9.54771121541853e-06,-37.0766091631183,-37.190215551354825
388,388,9.919989421627947e-06,9.456811552043196e-06,-37.02226200439685,-37.23176094951723
389,389,1.0472781079592959e-05,9.452606455421406e-06,-36.79282537065271,-37.233692526986296
390,390,9.949559982262669e-06,9.436594202844917e-06,-37.004373635186184,-37.24105550091866
391,391,1.0318891622539257e-05,9.433633845458788e-06,-36.86026995087457,-37.24241814145964
392,392,9.868229093645477e-06,9.3848029073821e-06,-37.04780880070681,-37.26495673467943
393,393,9.68634590067596e-06,9.440941611453462e-06,-37.120402157347776,-37.23905518093916
394,394,1.0381346890932674e-05,9.266873540151496e-06,-36.82893404941817,-37.31987593305626
395,395,1.0546691818180802e-05,9.373789500961338e-06,-36.76341372276541,-37.27005633072688
396,396,1.0494350740326312e-05,9.300243403375039e-06,-36.776246083499224,-37.304265148562344
397,397,9.905285386378533e-06,9.228420463171604e-06,-37.03678606930576,-37.33793456267712
398,398,9.953680124528978e-06,9.217787512745035e-06,-37.01026578650416,-37.34294137189677
399,399,9.824719771919244e-06,9.237468882355116e-06,-37.068523319972535,-37.33367841366385
400,400,9.83609661301502e-06,9.126036275119986e-06,-37.064178721343296,-37.38638639073859
401,401,1.0095537998063968e-05,9.102505205909869e-06,-36.94235787923902,-37.397598938049
402,402,9.593812128233113e-06,9.103580204713293e-06,-37.17362361901418,-37.39708606991904
403,403,9.787170608067698e-06,9.146572402211237e-06,-37.08027157317535,-37.37662453288025
404,404,9.307487392472523e-06,9.009203638829364e-06,-37.299527551198764,-37.44234426221974
405,405,1.0065028998292995e-05,8.898032894266131e-06,-36.96227415644396,-37.49626822877177
406,406,9.742633908937238e-06,8.878894588729294e-06,-37.10486843528677,-37.50561929768593
407,407,9.636059844852593e-06,8.90650644099591e-06,-37.15765343327496,-37.49213443480447
408,408,1.0585639123859174e-05,8.815459104401893e-06,-36.74247445023907,-37.536758947439075
409,409,1.0070085591933938e-05,8.70636260611048e-06,-36.96254360969497,-37.590840789226434
410,410,9.522150945092117e-06,8.73557107632606e-06,-37.20203102934895,-37.5762952812247
411,411,9.254635633342988e-06,8.790489573584637e-06,-37.33301278406601,-37.54907766643421
412,412,1.0215892041404791e-05,8.779024674846656e-06,-36.89745905473403,-37.5547456011236
413,413,9.726662741291106e-06,8.642164965222995e-06,-37.11344108462964,-37.62298277745679
414,414,9.257468263967894e-06,8.743881440559084e-06,-37.326754153321346,-37.57216569467448
415,415,8.939760771250598e-06,8.747796839184288e-06,-37.476995177255034,-37.570221414636194
416,416,9.456345257613347e-06,8.786004591935412e-06,-37.234615270076176,-37.55129403882978
417,417,9.167990440604176e-06,8.736330432599826e-06,-37.367180863578476,-37.5759177788223
418,418,9.10362486297579e-06,8.764597671535357e-06,-37.39662991576885,-37.56188844678816
419,419,9.794876226918596e-06,8.684126872762327e-06,-37.06875796185938,-37.601946700383714
420,420,1.0474728049903019e-05,8.768508833829975e-06,-36.79290792739417,-37.5599508594815
421,421,8.895455407254463e-06,8.81357750346835e-06,-37.4979666168379,-37.5376860189789
422,422,9.331048518434568e-06,8.68493031559506e-06,-37.29810225138828,-37.60154491600907
423,423,9.590951429851612e-06,8.688635644878223e-06,-37.17229095420139,-37.599692441866026
424,424,9.652401697223336e-06,8.880738158423859e-06,-37.1383801456892,-37.504717643738886
425,425,9.442344533679192e-06,8.856443783818241e-06,-37.23244428203838,-37.516614594973696
426,426,9.02166281316427e-06,8.723357256569311e-06,-37.43825349253726,-37.5823717084687
427,427,9.476505970410144e-06,8.909613203094954e-06,-37.223803433098226,-37.490619795616105
428,428,9.823412167008296e-06,8.714650998866235e-06,-37.06732006897504,-37.586708304640986
429,429,9.306849583528261e-06,8.71899843140885e-06,-37.29326602406755,-37.584542302610956
430,430,9.317239425971698e-06,8.762219797637571e-06,-37.294382059389896,-37.5630668666817
431,431,9.320473176576906e-06,8.750347541009481e-06,-37.292969590137204,-37.56895527382555
432,432,9.933600792755522e-06,8.725573144673896e-06,-37.023870601832606,-37.58126866322824
433,433,9.380685832624782e-06,8.720497135072947e-06,-37.27066395898255,-37.58379586045562
434,434,9.342509839399034e-06,8.734077207344326e-06,-37.28713654323876,-37.57703803121772
435,435,9.773901342903383e-06,8.783792964095483e-06,-37.08745143174123,-37.55238738981339
436,436,9.561739510168878e-06,8.719087920900692e-06,-37.18925302262696,-37.584497728003726
437,437,9.607150182138453e-06,8.68100390729715e-06,-37.16230072329983,-37.603508780969804
438,438,9.884229697978373e-06,8.640482639365424e-06,-37.04299983570097,-37.62382827851164
439,439,9.766203009386333e-06,8.738151217058706e-06,-37.08303493198387,-37.575012737217136
440,440,9.293267742849793e-06,8.745351973821494e-06,-37.310738213187385,-37.57143536594286
441,441,8.905655563795176e-06,8.819483403050598e-06,-37.48547994382781,-37.534776825040595
442,442,9.44500876245264e-06,8.718191374531384e-06,-37.23575278640282,-37.58494431733077
443,443,9.041575276100535e-06,8.74963820694431e-06,-37.42127926358675,-37.56930734253571
444,444,1.0012868187914137e-05,8.741992204656862e-06,-36.97633444916277,-37.57310414904878
445,445,9.21896856095007e-06,8.706246789140431e-06,-37.339774729123704,-37.590898561924206
446,446,9.524993369193476e-06,8.618525690077436e-06,-37.19873341914495,-37.63487849284347
447,447,9.831698610741086e-06,8.667141125777944e-06,-37.060135508003626,-37.61044961618603
448,448,9.466424198200406e-06,8.772374329916937e-06,-37.22489109180771,-37.55803674417512
449,449,9.272669764690476e-06,8.73263508382431e-06,-37.31330279448872,-37.5777551739495
450,450,9.380051685099912e-06,8.626870830515767e-06,-37.2752677553355,-37.630675343647525
451,451,9.248256967261977e-06,8.666138383935168e-06,-37.330569691647405,-37.610952100726635
452,452,9.488797725670966e-06,8.608775093116014e-06,-37.219256043558296,-37.63979467903084
453,453,1.041378717457416e-05,8.67244517920833e-06,-36.81526135644756,-37.60779266559002
454,454,9.220320806111276e-06,8.765204208765154e-06,-37.3414055604395,-37.561587911991616
455,455,9.191270785861692e-06,8.702706293804926e-06,-37.355393644485545,-37.592665029558745
456,456,9.088102137163155e-06,8.650772877827925e-06,-37.407761120601315,-37.61865919833136
457,457,9.785694395028145e-06,8.596060500789654e-06,-37.08305399894801,-37.64621366311481
458,458,9.270465707419303e-06,8.80830533022067e-06,-37.31374002898121,-37.540284692275094
459,459,1.1202339446191621e-05,8.657597271322678e-06,-36.500680684423735,-37.61523450084089
460,460,1.0388975005833008e-05,8.727671444687171e-06,-36.820499075395865,-37.580224410262126
461,461,9.320966469625926e-06,8.780251607133419e-06,-37.29408123467889,-37.554138685537644
462,462,9.697004953551121e-06,8.733314763575387e-06,-37.120460375162686,-37.57741716637696
463,463,9.016664089639816e-06,8.64718578285599e-06,-37.44081754488592,-37.62046039997053
464,464,9.157081248557325e-06,8.700462905452647e-06,-37.36120612544515,-37.59378470055246
465,465,9.338570372474538e-06,8.641823832907616e-06,-37.29071571546813,-37.62315420997034
466,466,9.287290599927146e-06,8.631853090360222e-06,-37.308794953543035,-37.62816789520825
467,467,9.124600675238175e-06,8.726660134446942e-06,-37.383640657163255,-37.58072767382777
468,468,9.779337622453614e-06,8.702218613172208e-06,-37.08883405827493,-37.59290840550999
469,469,9.94504038898572e-06,8.68809210212356e-06,-37.01062860514821,-37.59996413584955
470,470,9.15280310268311e-06,8.669934160073018e-06,-37.3726603442364,-37.60905030358848
471,471,9.816244908075327e-06,8.64224519222932e-06,-37.07082811449336,-37.62294246118817
472,472,8.927464416946978e-06,8.671532860286166e-06,-37.48113390482264,-37.60824955624463
473,473,9.708791512633811e-06,8.57702049248282e-06,-37.123925903367144,-37.65584382084187
474,474,9.064407526445215e-06,8.716998763702577e-06,-37.413488069841634,-37.58553845401493
475,475,9.750225344010013e-06,8.67637730774923e-06,-37.10721020127284,-37.605823999695865
476,476,8.93950070264706e-06,8.786865285066214e-06,-37.47023118178344,-37.55086861682389
477,477,9.593099229718551e-06,8.597773605862657e-06,-37.178561390358354,-37.64534824580536
478,478,9.778462397887255e-06,8.768437821441024e-06,-37.08661222901839,-37.559986031269695
479,479,9.36390938711822e-06,8.670440437478982e-06,-37.27897708193062,-37.608796706432834
480,480,9.420166683524904e-06,8.654848634729492e-06,-37.25481614023569,-37.61661352922508
481,481,9.438186848971791e-06,8.630911811212028e-06,-37.24217643145465,-37.628641506872114
482,482,9.80573690633053e-06,8.673236774675866e-06,-37.07270721925748,-37.60739627236131
483,483,9.078653265439158e-06,8.62777312106214e-06,-37.40850165570294,-37.63022113571739
484,484,9.95175089405372e-06,8.650142861274377e-06,-37.00887670854795,-37.61897549686371
485,485,9.136537690060369e-06,8.632615821338013e-06,-37.38580337816817,-37.62778415927436
486,486,9.49590465791413e-06,8.666479013635054e-06,-37.21917188764672,-37.61078140106177
487,487,9.465064972432956e-06,8.746242560607099e-06,-37.22448002356272,-37.570993122754324
488,488,9.796739106473679e-06,8.697544336954658e-06,-37.083794238162135,-37.595241784904665
489,489,9.030053337783007e-06,8.620153948868392e-06,-37.43114601456922,-37.63405807756233
490,490,9.755216247755278e-06,8.639931581312435e-06,-37.10409050889671,-37.624105264316086
491,491,9.60495562768048e-06,8.682225933099338e-06,-37.16697513953089,-37.60289746721264
492,492,9.574907015065168e-06,8.662246512501856e-06,-37.18044508309108,-37.612902909559985
493,493,9.146257366175877e-06,8.595960312768033e-06,-37.36592067572813,-37.64626428090479
494,494,9.215970177259824e-06,8.641253388257036e-06,-37.35485918579082,-37.62344089614422
495,495,8.961965503067873e-06,8.641865143114333e-06,-37.4727641437654,-37.62313344959349
496,496,9.181477290655597e-06,8.662066815496042e-06,-37.36444722929617,-37.61299300423394
497,497,9.560353346481037e-06,8.598880748123569e-06,-37.182327331248224,-37.644789037292625
498,498,9.893396612280468e-06,8.577716303797819e-06,-37.037656314055205,-37.65549151346659
499,499,9.55063753806207e-06,8.589047841891634e-06,-37.18733407997236,-37.649758079793706
500,500,8.909910292524878e-06,8.611006634103097e-06,-37.48979608289923,-37.63866905971974
501,501,9.422680058068903e-06,8.605260422643224e-06,-37.23801703129743,-37.64156811793406
502,502,9.224396181548165e-06,8.60511660280999e-06,-37.34490081554335,-37.641640702235804
503,503,9.40618354002957e-06,8.613170896416322e-06,-37.27013828807124,-37.637577655287444
504,504,9.474115096363863e-06,8.571495001026625e-06,-37.2186461075085,-37.658642536023
505,505,9.127224665903246e-06,8.651713295349558e-06,-37.397948719233185,-37.61818710647514
506,506,9.641669298757406e-06,8.571671419064697e-06,-37.14780390858805,-37.65855315069176
507,507,9.378959878903488e-06,8.625624942444693e-06,-37.265434450063694,-37.63130259471009
508,508,9.498688827473406e-06,8.630937181327394e-06,-37.21607530036284,-37.628628741030965
509,509,9.395311266904247e-06,8.548056628473874e-06,-37.26733120717816,-37.67053439212391
510,510,9.977982934044084e-06,8.57765275883905e-06,-37.003935391264875,-37.655523686746974
511,511,1.0427155677799541e-05,8.57918183483937e-06,-36.81569858215574,-37.65474957044076
512,512,9.446646790539236e-06,8.617751877624725e-06,-37.235727941518654,-37.635268440704486
513,513,9.66824048650919e-06,8.67753710496656e-06,-37.13768771775407,-37.60524350411385
514,514,9.605990445126417e-06,8.669503921210938e-06,-37.17422487467542,-37.6092658242563
515,515,8.991397492339734e-06,8.559089110349305e-06,-37.455702691777404,-37.664932818679006
516,516,9.111557710170505e-06,8.586698688879168e-06,-37.39911067047161,-37.650946062155924
517,517,9.068121569950948e-06,8.62215215659633e-06,-37.40902082549254,-37.633051471382714
518,518,8.932449657446886e-06,8.531241052735009e-06,-37.47894043549,-37.679086165445554
519,519,8.857636175045777e-06,8.490460459142923e-06,-37.51625102323716,-37.699895860221766
520,520,8.810711485061005e-06,8.509534741039571e-06,-37.5331736849947,-37.69015014117576
521,521,9.895117221548362e-06,8.54265829873743e-06,-37.029713899326616,-37.67327794604075
522,522,9.336354477707892e-06,8.55658235147865e-06,-37.2889990778763,-37.66620495288093
523,523,9.754241095974648e-06,8.565429748399e-06,-37.0963900298313,-37.66171672336528
524,524,9.303466183539677e-06,8.570703094416163e-06,-37.30549953542094,-37.65904379223231
525,525,9.416546332037806e-06,8.451535474083166e-06,-37.25313963679648,-37.71985211098668
526,526,9.61079812788233e-06,8.652670610325386e-06,-37.160524286952324,-37.61770658475979
527,527,8.98079077291486e-06,8.544857050047109e-06,-37.4543604786395,-37.672160281422286
528,528,8.87443528759813e-06,8.463109583987572e-06,-37.51358103048365,-37.713908654494766
529,529,9.149188250357275e-06,8.520908331296309e-06,-37.37646494251874,-37.68434936640871
530,530,9.084726486632003e-06,8.435679463122811e-06,-37.412785278433134,-37.7280076062703
531,531,9.103975280970527e-06,8.57058675089655e-06,-37.393687025683505,-37.65910274619556
532,532,9.408320679118407e-06,8.523963706944701e-06,-37.247286191044786,-37.68279237871708
533,533,9.489073597916976e-06,8.628651118526345e-06,-37.21340840858658,-37.629779202384206
534,534,9.204686629692736e-06,8.569872414610521e-06,-37.355644609346804,-37.65946473452321
535,535,9.156607570589913e-06,8.499416732152704e-06,-37.383352333047625,-37.69531706278484
536,536,9.244114200142932e-06,8.459828151037646e-06,-37.331509641315584,-37.71559288717713
537,537,9.099698714991749e-06,8.521798559070847e-06,-37.40377478501319,-37.683895657953876
538,538,8.89970909053407e-06,8.530870313973681e-06,-37.48992570468126,-37.67927489917825
539,539,1.0212672702071303e-05,8.454193065469889e-06,-36.89460911877249,-37.71848668354448
540,540,9.959823142408008e-06,8.51075568980856e-06,-36.998747134035,-37.689527059782264
541,541,9.615836592574757e-06,8.404064398124128e-06,-37.155280331291834,-37.74431458162408
542,542,8.895100723073239e-06,8.536922067785207e-06,-37.49480321322209,-37.67619512958939
543,543,9.492228405319692e-06,8.49040445341655e-06,-37.214523828665506,-37.69992450773536
544,544,8.946569909612568e-06,8.397008011678209e-06,-37.47727894916156,-37.74796262241705
545,545,9.989075811203874e-06,8.609122376487663e-06,-36.99524479121931,-37.63961948545421
546,546,9.454301304226506e-06,8.485626901682209e-06,-37.23251831295437,-37.70236897118693
547,547,9.037714035096627e-06,8.504265487748566e-06,-37.4290324806487,-37.69284020179764
548,548,9.547122767658366e-06,8.516640599210453e-06,-37.19735742922329,-37.686525093142
549,549,9.030781392979894e-06,8.509324695631604e-06,-37.43249256036275,-37.690257341734025
550,550,8.596195083058418e-06,8.435569270659471e-06,-37.63961693087154,-37.72806433707848
551,551,9.042426375616714e-06,8.429792375720449e-06,-37.42550587061828,-37.73103951631895
552,552,9.331075296958983e-06,8.404782803202243e-06,-37.29751855816293,-37.74394334931094
553,553,8.911814300930572e-06,8.472579745437925e-06,-37.49041940496952,-37.70905164606801
554,554,9.466313038257758e-06,8.382998155292099e-06,-37.23051534658963,-37.7552145920218
555,555,9.20909601940291e-06,8.525840975811374e-06,-37.34148221396137,-37.68183601877242
556,556,8.974979064265595e-06,8.457263854660069e-06,-37.45730488451855,-37.71690949617223
557,557,9.148595362950295e-06,8.455861174489224e-06,-37.37577023244846,-37.71762985537068
558,558,9.347368247581097e-06,8.4251213306025e-06,-37.278136827404026,-37.733446659074744
559,559,9.107575154762485e-06,8.478419323709155e-06,-37.394176238107875,-37.706059377931105
560,560,8.981604705039308e-06,8.348313593543074e-06,-37.453509825092134,-37.77322075385662
561,561,8.902765208385409e-06,8.416652068071448e-06,-37.50504713204062,-37.737814553364736
562,562,8.608627261488324e-06,8.358091212070767e-06,-37.64479115902917,-37.768137234922435
563,563,8.667619450656294e-06,8.417797863857183e-06,-37.60315427262929,-37.737223369465156
564,564,9.20113582642162e-06,8.44372301033122e-06,-37.35903750652676,-37.723868516112994
565,565,8.894397599282662e-06,8.416150792886343e-06,-37.48940322860858,-37.73807321622519
566,566,9.20837592931684e-06,8.357023273818317e-06,-37.35150324205717,-37.76869218139448
567,567,8.907676493839335e-06,8.34839951685832e-06,-37.49628212297671,-37.77317605521272
568,568,8.815632109244033e-06,8.3849315495555e-06,-37.5346910581043,-37.754213082022126
569,569,8.921249478664754e-06,8.423833462170718e-06,-37.47671366741766,-37.734110574624765
570,570,9.486705559688698e-06,8.467490787504511e-06,-37.208601469839934,-37.71166096981469
571,571,9.021428130714393e-06,8.390879908179877e-06,-37.439263351189105,-37.75113324359915
572,572,9.487754961866681e-06,8.444159160908863e-06,-37.22194754433212,-37.7236441922016
573,573,8.627460290168979e-06,8.457244252655838e-06,-37.632890031004614,-37.71691956213716
574,574,8.867230945659535e-06,8.336632905220062e-06,-37.51272459768881,-37.77930151571298
575,575,9.606483724111086e-06,8.308995132354444e-06,-37.16791389233127,-37.79372325246027
576,576,9.169616284274638e-06,8.39187496718583e-06,-37.36991411828425,-37.75061825230103
577,577,9.372484037532896e-06,8.365865764254091e-06,-37.26235056578347,-37.76409938029211
578,578,9.032140117118821e-06,8.429384299808207e-06,-37.43131751462077,-37.73124975804111
579,579,8.631573686234896e-06,8.449405533227897e-06,-37.62817837937749,-37.72094675011325
