,epoch,train_loss,test_loss,train_dbs,test_dbs
0,0,0.00020597988833222038,0.00018734503062564487,-9.77016186032111,-10.179379242410587
1,1,0.00016470236515328673,0.00014722936382321152,-10.744646145428312,-11.225856665443102
2,2,0.0001300321090798441,0.00012070465546505722,-11.767065156498909,-12.088560813024412
3,3,0.000109524508327913,0.00010438122454185137,-12.511888693613923,-12.719577146045387
4,4,9.612483557520107e-05,9.3111614420961e-05,-13.079013635381472,-13.215762452997193
5,5,8.615023705846697e-05,8.415564929907162e-05,-13.555901977793665,-13.654968269331265
6,6,7.86830591771166e-05,7.817523835815097e-05,-13.94868533255201,-13.97510887961463
7,7,7.296355431311352e-05,7.25867039842629e-05,-14.27342776697377,-14.29723025637536
8,8,6.851595217366847e-05,6.895969866156137e-05,-14.547827085063874,-14.519847470014177
9,9,6.488179069398855e-05,6.53982658006594e-05,-14.78565554094272,-14.750138699850606
10,10,6.19986613977763e-05,6.233191992291005e-05,-14.985257216680239,-14.958695979893527
11,11,5.9327983763068914e-05,6.129316879148399e-05,-15.175515696026833,-15.031680275583561
12,12,5.728605868068005e-05,5.7994998841374914e-05,-15.325831105926703,-15.271895579593313
13,13,5.58724648951668e-05,5.720308208286664e-05,-15.438606463410856,-15.331606729882257
14,14,5.390176318673484e-05,5.558792422801305e-05,-15.59253485090262,-15.455996451961118
15,15,5.275746928221911e-05,5.400973187581832e-05,-15.686056003438795,-15.58108080763661
16,16,5.1938634700041036e-05,5.437350735423694e-05,-15.753373343871584,-15.551927540525005
17,17,5.119401372287461e-05,5.244130941144632e-05,-15.812885695159542,-15.709065749638826
18,18,4.976203426755917e-05,5.173250821443569e-05,-15.936618409742767,-15.768165666692028
19,19,4.9513214069464214e-05,5.049584682350733e-05,-15.960705690556974,-15.873244422667403
20,20,4.855270451594855e-05,5.050072879959388e-05,-16.044557454910393,-15.872824563822935
21,21,4.734356877737266e-05,4.967169259448143e-05,-16.154264474518158,-15.944711429448548
22,22,4.711477842797602e-05,4.925699000810518e-05,-16.176897192487758,-15.981122325684066
23,23,4.674634161797117e-05,4.856337392610792e-05,-16.209266987175234,-16.04271250455952
24,24,4.668394797487597e-05,4.815666551095139e-05,-16.216195254213293,-16.079236944076793
25,25,4.577210178861596e-05,4.7489648415265896e-05,-16.301305892776924,-16.13981147713269
26,26,4.509021366793979e-05,4.721992349674876e-05,-16.365918265721124,-16.16454822930536
27,27,4.481774919543934e-05,4.800459933712294e-05,-16.388384644731254,-16.09297252780329
28,28,4.4936264981215665e-05,4.7128102826383455e-05,-16.38133975333567,-16.17300144758839
29,29,4.4226836048297046e-05,4.655638488322055e-05,-16.453359530811454,-16.226008521939224
30,30,4.388627993901855e-05,4.575498065892852e-05,-16.485039589613855,-16.30141725946222
31,31,4.3573173692512336e-05,4.522797079468881e-05,-16.51585421036383,-16.351729989946918
32,32,4.3427933839488216e-05,4.525326183188314e-05,-16.52802896730021,-16.349302136598258
33,33,4.29052784384862e-05,4.5674561988562346e-05,-16.583303439775943,-16.309057108197607
34,34,4.275988792813354e-05,4.447463403553947e-05,-16.596183302213106,-16.42467718922264
35,35,4.267231380844791e-05,4.444679468992705e-05,-16.60468518142308,-16.42739655051667
36,36,4.21831441646233e-05,4.354201231954472e-05,-16.65554666602481,-16.516716057104336
37,37,4.1805946595334334e-05,4.3725027927920514e-05,-16.695644138290035,-16.498500065105112
38,38,4.162932339933888e-05,4.320335210650228e-05,-16.71352264080663,-16.550626574395842
39,39,4.147424894569864e-05,4.289431633783112e-05,-16.730014408282283,-16.581803517477105
40,40,4.0956707661533395e-05,4.218904972444043e-05,-16.78550378186783,-16.65380358706265
41,41,4.0896380296638286e-05,4.3000344847218674e-05,-16.791355556763357,-16.57108163574325
42,42,4.0684956926720445e-05,4.211897555107594e-05,-16.812632099813435,-16.661023026427944
43,43,4.0736808269806734e-05,4.2880844519363325e-05,-16.80558518461619,-16.58316772044948
44,44,4.0673064880316704e-05,4.2824473271857165e-05,-16.81208293978637,-16.588880720737265
45,45,4.080461918213765e-05,4.224243170220258e-05,-16.800671442358013,-16.64831191474503
46,46,4.02965821926158e-05,4.1952424860363336e-05,-16.85472152819864,-16.678230338356823
47,47,4.0415105966943525e-05,4.250424095325319e-05,-16.841601835783827,-16.621478371621276
48,48,4.019151640829112e-05,4.14663355561635e-05,-16.867167364687617,-16.728844442640522
49,49,4.0124823293077386e-05,4.176897805576262e-05,-16.87522174518287,-16.697262523601996
50,50,4.0054515489621915e-05,4.190702020423487e-05,-16.881768266952687,-16.682933205999465
51,51,3.988426935168334e-05,4.180716266426699e-05,-16.898133841862585,-16.693294078594104
52,52,3.973929139562839e-05,4.12004925525061e-05,-16.914347587534692,-16.756776939913895
53,53,3.961365751051416e-05,4.1792158873776266e-05,-16.928203325125427,-16.69485295810839
54,54,3.927089616724712e-05,4.1211769137972674e-05,-16.968089573646857,-16.755588437433087
55,55,3.950111890516542e-05,4.091396840522066e-05,-16.941771631062363,-16.787084965971456
56,56,3.933039917364553e-05,4.057552436470838e-05,-16.961456776780153,-16.82315961053337
57,57,3.9041555020358104e-05,4.0939345605070945e-05,-16.992296925189876,-16.78439205650346
58,58,3.9070398379033236e-05,4.078903504322577e-05,-16.991213490967485,-16.800366708311028
59,59,3.8856735289338065e-05,4.075431685410685e-05,-17.01468789741202,-16.804064843969243
60,60,3.8736510384868656e-05,4.003095799769079e-05,-17.026177077843336,-16.881841185392428
61,61,3.876140332986606e-05,4.0179848981910925e-05,-17.024221664864243,-16.865718019561
62,62,3.882865845654808e-05,4.039260219494616e-05,-17.01613054730365,-16.84278269617879
63,63,3.8624175543838046e-05,4.085900448109513e-05,-17.038052984435023,-16.792923210981694
64,64,3.872216313407689e-05,4.001871600753235e-05,-17.027356168566442,-16.88316951780123
65,65,3.848250629200322e-05,3.919248487555275e-05,-17.05510719768768,-16.973773026334563
66,66,3.851905063298152e-05,3.946750956330154e-05,-17.05027454047675,-16.94340379179746
67,67,3.848889235124477e-05,4.048574077100248e-05,-17.05359457070563,-16.83278012045059
68,68,3.847314069061372e-05,4.0085424093137445e-05,-17.054235720490528,-16.875936193746487
69,69,3.8335517377529014e-05,4.004822068581186e-05,-17.07049595947303,-16.879968766011217
70,70,3.844818104308737e-05,3.938272857340053e-05,-17.060044764925316,-16.952742997649825
71,71,3.817115565155844e-05,3.932560617900699e-05,-17.08929695159825,-16.95904676334676
72,72,3.820094370331793e-05,3.9791201695487344e-05,-17.08858800556588,-16.90793047001753
73,73,3.799930767779666e-05,3.9681002913551455e-05,-17.108522448947923,-16.919974618991667
74,74,3.796987487279244e-05,3.947070179396848e-05,-17.113578311726855,-16.943052537787384
75,75,3.7835041345631196e-05,3.977458484434081e-05,-17.12923370855123,-16.909744467510247
76,76,3.767697337925429e-05,3.880731501818733e-05,-17.14552154014847,-17.01666506030524
77,77,3.782970051145536e-05,3.986889149880306e-05,-17.131586322213607,-16.899459411994748
78,78,3.795644949333137e-05,3.9303576206868074e-05,-17.116377791123842,-16.961480337064923
79,79,3.787075669625318e-05,3.926134702755677e-05,-17.12256827978685,-16.966149062129848
80,80,3.788807797596728e-05,3.863936973701991e-05,-17.12195376734867,-17.035500682109767
81,81,3.7717894114975185e-05,3.93577590186492e-05,-17.140258371441938,-16.95549739771495
82,82,3.769376199511264e-05,3.9550544993529146e-05,-17.147164405955884,-16.934276297422524
83,83,3.765494673025012e-05,4.016113617629009e-05,-17.14956821534888,-16.867741113590288
84,84,3.748254668382813e-05,3.9152070951929906e-05,-17.1699238728078,-16.97825363009647
85,85,3.7500553234983185e-05,3.901062997388899e-05,-17.16615025812359,-16.993971383602762
86,86,3.7539881773649466e-05,3.942782629900122e-05,-17.16055657278748,-16.94777267469138
87,87,3.768770761077398e-05,3.855877462468159e-05,-17.144631474548643,-17.04456878227281
88,88,3.765264685255519e-05,3.8574200420713934e-05,-17.149571917694214,-17.04283169429424
89,89,3.748927113135614e-05,3.892006881008121e-05,-17.167851916954476,-17.004065026296644
90,90,3.763167169194107e-05,3.9308716862395064e-05,-17.150460400236003,-16.960912344898624
91,91,3.765191736279449e-05,3.951916445849316e-05,-17.1491256753924,-16.93772348194243
92,92,3.730206299223937e-05,3.8513944386259503e-05,-17.188005968340264,-17.049621031010023
93,93,3.746869481698557e-05,3.921270418734486e-05,-17.172190499897884,-16.97153308894297
94,94,3.708632263539781e-05,3.893742101162819e-05,-17.215738219574575,-17.002129190573513
95,95,3.722182678832245e-05,3.917172810026003e-05,-17.198080597024745,-16.976073707433812
96,96,3.7168803697268324e-05,3.900153138889245e-05,-17.204483837518232,-16.994984421879362
97,97,3.748344800245382e-05,3.905472907430713e-05,-17.16907554824318,-16.98906472635063
98,98,3.7202492037358374e-05,3.901259840763247e-05,-17.200982342079747,-16.993752248883347
99,99,3.707152609422337e-05,3.9230265476936965e-05,-17.215313494586475,-16.969588549789233
100,100,3.682720671349671e-05,3.90009175278369e-05,-17.24775844637286,-16.99505277780223
101,101,3.679241387178934e-05,3.877526835008451e-05,-17.246899893091967,-17.020252899561875
102,102,3.724233863170777e-05,3.9305758036789484e-05,-17.199545735781825,-16.961239257120745
103,103,3.727553110028444e-05,3.9069899924614125e-05,-17.193844911702275,-16.987378032476663
104,104,3.7360647652771075e-05,3.914946366996063e-05,-17.18151783905232,-16.978542852569035
105,105,3.6884477857401904e-05,3.911347180531409e-05,-17.240573921867707,-16.98253735372502
106,106,3.7166973193849376e-05,3.7975774830556475e-05,-17.20510609727422,-17.110734583932963
107,107,3.7228571150971566e-05,3.9015317988263344e-05,-17.19743906662641,-16.993449511371924
108,108,3.7093130381389034e-05,3.910043443810489e-05,-17.214557879425072,-16.983985192597135
109,109,3.700830272942561e-05,3.891516644216608e-05,-17.224334316049116,-17.004612097640287
110,110,3.721345838692793e-05,3.847767603522363e-05,-17.199916033726478,-17.05371268301097
111,111,3.71280938142985e-05,3.8019667523545455e-05,-17.21194498988814,-17.10571787348556
112,112,3.709146062412645e-05,3.8235142902091245e-05,-17.212996512690953,-17.08117384368931
113,113,3.684178420709153e-05,3.79906380801817e-05,-17.24416392951945,-17.109035141474006
114,114,3.666131735521911e-05,3.846862531836929e-05,-17.2625139059711,-17.054734350416968
115,115,3.696731754147193e-05,3.8685504190844334e-05,-17.230016129327254,-17.030318406321605
116,116,3.671900334122312e-05,3.8658595114707407e-05,-17.26098341757643,-17.033340346936555
117,117,3.68182029222263e-05,3.864739195897097e-05,-17.246947443251486,-17.034599102935793
118,118,3.683035977223177e-05,3.8683746089717665e-05,-17.24539625118111,-17.03051578024349
119,119,3.6639740090359954e-05,3.88788723380697e-05,-17.268150762441763,-17.008664421063887
120,120,3.703083563881048e-05,3.883590570215969e-05,-17.22347607856722,-17.013466641504717
121,121,3.644270702690059e-05,3.845181182489461e-05,-17.29032769480466,-17.056632937535046
122,122,3.677617082148478e-05,3.8157184079816366e-05,-17.251233848357906,-17.090037848601995
123,123,3.652158138908076e-05,3.829944877284824e-05,-17.281090394892463,-17.073875786488095
124,124,3.62957302077683e-05,3.906453888416045e-05,-17.30715863302709,-16.98797399766831
125,125,3.6542077349125616e-05,3.8475044819183257e-05,-17.28087419075779,-17.054009676436234
126,126,3.654472652904344e-05,3.864650946190139e-05,-17.279121282526102,-17.03469827340088
127,127,3.6548715535300474e-05,3.859618769447001e-05,-17.277310821187008,-17.040356923295683
128,128,3.674214611837482e-05,3.8774632278210974e-05,-17.255733090645048,-17.02032414207864
129,129,3.668394957767492e-05,3.805974196630383e-05,-17.262973715309396,-17.101142624786426
130,130,3.6584689332437506e-05,3.840772268105004e-05,-17.27277696975426,-17.061615448581158
131,131,3.6335600392722535e-05,3.8740006666079064e-05,-17.30344961698262,-17.024204109394855
132,132,3.611864900149252e-05,3.859060368420998e-05,-17.331982083708223,-17.040985296312293
133,133,3.629609721232105e-05,3.7779825920312616e-05,-17.308132706900036,-17.13320149579063
134,134,3.645773889279694e-05,3.811859948511579e-05,-17.291024036929926,-17.094431662001497
135,135,3.649959903340619e-05,3.766717322593506e-05,-17.281904326537873,-17.14617072729134
136,136,3.599671951642731e-05,3.802498079159321e-05,-17.344104321854672,-17.105110987123695
137,137,3.6600997078756936e-05,3.806920511507135e-05,-17.27307482852836,-17.10006293211501
138,138,3.6264032854719003e-05,3.8136564494619196e-05,-17.314638685322745,-17.092385346910998
139,139,3.6678628621115255e-05,3.7738726524893486e-05,-17.263105970619687,-17.137928610340467
140,140,3.6322530410036485e-05,3.745201195813838e-05,-17.304619804182565,-17.17104948672745
141,141,3.617522947324593e-05,3.808501136709789e-05,-17.32054099509225,-17.098260125008487
142,142,3.650998746941452e-05,3.8070611289616575e-05,-17.282669759145687,-17.099902518319837
143,143,3.581984768145761e-05,3.8034192632614194e-05,-17.365241240334445,-17.104059003105718
144,144,3.636492220186821e-05,3.7982768940549394e-05,-17.29878692926026,-17.10993480467614
145,145,3.620940800285154e-05,3.8009584961017885e-05,-17.318066556273017,-17.106869746258667
146,146,3.6226512485282186e-05,3.805183644688345e-05,-17.31771215176059,-17.102044806437306
147,147,3.6556543884366825e-05,3.836299449750712e-05,-17.277224874996794,-17.066676025376605
148,148,3.6270031994286706e-05,3.801759540740597e-05,-17.311218629901703,-17.10595457548423
149,149,3.611022342382282e-05,3.752175067156235e-05,-17.3319990256944,-17.16297008772497
150,150,3.625674273899142e-05,3.7632095738540795e-05,-17.31098241665997,-17.15021697117281
151,151,3.606581489781167e-05,3.821172963637908e-05,-17.333364318776816,-17.08383405779158
152,152,3.590060906699551e-05,3.8052224466044114e-05,-17.356484943944135,-17.102000521131547
153,153,3.594444378623595e-05,3.801918348089155e-05,-17.35059798621817,-17.105773165497688
154,154,3.623643075941087e-05,3.7896661715900625e-05,-17.31414960124004,-17.119791470242976
155,155,3.604151434328085e-05,3.8078372055774946e-05,-17.339268139275426,-17.099017291024207
156,156,3.615925447072008e-05,3.7804836737402516e-05,-17.325547239312503,-17.130327351787194
157,157,3.6075155858458114e-05,3.72223002111576e-05,-17.335232573369876,-17.197768945113218
158,158,3.605645796006243e-05,3.759886538701769e-05,-17.33770701576369,-17.154053625396244
159,159,3.599878465072684e-05,3.775805271288846e-05,-17.34347672727543,-17.135705136155075
