,epoch,train_loss,test_loss,train_dbs,test_dbs
0,0,0.00019046355197302153,0.00017750206767998047,-10.110291251286945,-10.413766856374
1,1,0.00016294424161050929,0.00015447893345385397,-10.79125433032874,-11.017108397063334
2,2,0.00014489479260951203,0.00014137140686599245,-11.297043447820824,-11.402185221251218
3,3,0.00013413898697538186,0.0001325588313384766,-11.631451593998872,-11.681714354395112
4,4,0.0001265295834002114,0.0001259853413916732,-11.88544895349176,-11.90260084895758
5,5,0.00012057651834653633,0.00012076007566831417,-12.095839351736181,-12.086567255723509
6,6,0.00011548955950912415,0.00011621335656137059,-12.28207045189617,-12.253240570658662
7,7,0.0001115682820661099,0.00011205137592409493,-12.429080127128639,-12.41162908271453
8,8,0.00010762233575133934,0.00010846158999667846,-12.586719926471407,-12.553041353505254
9,9,0.00010453965615411529,0.00010554243712440918,-12.71407314392347,-12.671529836207988
10,10,0.00010183785051004193,0.00010228348133080687,-12.829988103961888,-12.807746007562928
11,11,9.970615912569668e-05,0.00010018980155061734,-12.92089172159308,-12.897565856681473
12,12,9.74723099960139e-05,9.859899843209668e-05,-13.017507955876395,-12.967075986491475
13,13,9.594049716377919e-05,9.694095818926336e-05,-13.090565130072335,-13.040727939667365
14,14,9.417388580389052e-05,9.54710037484275e-05,-13.169259661127699,-13.107086134448398
15,15,9.283383983576229e-05,9.366772505209635e-05,-13.23183240777258,-13.18990129589373
16,16,9.158188636179475e-05,9.264914995966185e-05,-13.2901827894,-13.237386629580925
17,17,9.034463617297792e-05,9.088306327803845e-05,-13.346053767584369,-13.320971452357462
18,18,8.902647598531366e-05,8.95716810574461e-05,-13.410407842907778,-13.38409377038522
19,19,8.795762093456884e-05,8.8982739773775e-05,-13.465182137083628,-13.412743285309556
20,20,8.678251162432999e-05,8.749227823787613e-05,-13.522369566268468,-13.486103766492764
21,21,8.591094656460966e-05,8.636249511159564e-05,-13.566389354652372,-13.54254920943162
22,22,8.495416781461808e-05,8.587264969001378e-05,-13.61662182275142,-13.567252383387194
23,23,8.411001046212179e-05,8.411799085718628e-05,-13.65826640250149,-13.656912109586425
24,24,8.315653072132431e-05,8.304624689595872e-05,-13.708907394932588,-13.712600918661
25,25,8.23873092814051e-05,8.276952499536013e-05,-13.748711250364476,-13.727096392119254
26,26,8.162055379103811e-05,8.195876006012488e-05,-13.788745827528588,-13.769847226396841
27,27,8.038920627909319e-05,8.119260861636384e-05,-13.850907657094085,-13.810636070877253
28,28,8.013904963010326e-05,8.061805075206059e-05,-13.86886759342994,-13.841478088291945
29,29,7.936084688312287e-05,7.977618262980526e-05,-13.914155308337417,-13.887068510072778
30,30,7.87324065969028e-05,7.919314865782661e-05,-13.946792013614202,-13.918924915339097
31,31,7.788623399167206e-05,7.831562719442637e-05,-13.99343909321415,-13.967316717042566
32,32,7.749598639232308e-05,7.806410078621029e-05,-14.012928537880322,-13.981287405795177
33,33,7.688899097853752e-05,7.75028835816652e-05,-14.049769070419359,-14.012622408326397
34,34,7.643907490101182e-05,7.698451372561976e-05,-14.07339466098243,-14.041767311648915
35,35,7.591323086784279e-05,7.64633246274714e-05,-14.10297234866868,-14.071269248229651
36,36,7.539132207760482e-05,7.571027297097699e-05,-14.133722545486743,-14.114252900306148
37,37,7.490994933495759e-05,7.565933590644578e-05,-14.162629719278513,-14.117175770629895
38,38,7.465938699507328e-05,7.442698934985521e-05,-14.176671966957548,-14.188496503748437
39,39,7.429644718979841e-05,7.443772368500696e-05,-14.198119244238384,-14.187870181709272
40,40,7.37234128707511e-05,7.388882123019644e-05,-14.23269984675848,-14.220013638644486
41,41,7.34066081874807e-05,7.380933369093232e-05,-14.250852687520922,-14.22468817273514
42,42,7.297310655781778e-05,7.339082558725127e-05,-14.27534235410576,-14.249383288648833
43,43,7.256532075020398e-05,7.252005621251699e-05,-14.298163982202132,-14.301219699940436
44,44,7.197557344400208e-05,7.267531902088147e-05,-14.333300597898402,-14.291931551952153
45,45,7.192130200114803e-05,7.190793525966767e-05,-14.339189324116148,-14.338032833063302
46,46,7.142328704316074e-05,7.151646633773405e-05,-14.369005318465744,-14.361740544293971
47,47,7.125061082914136e-05,7.170628668973222e-05,-14.37915313530036,-14.350228689096092
48,48,7.101309225599271e-05,7.078776692842918e-05,-14.395127043522873,-14.406218897655306
49,49,7.066090822882336e-05,7.098248744640794e-05,-14.417560920625958,-14.394288877493883
50,50,7.038289302577188e-05,7.021082523064443e-05,-14.433611953029688,-14.441760244600433
51,51,6.993191345827654e-05,7.026548796841923e-05,-14.459396132623974,-14.438380354277445
52,52,6.98359631174172e-05,6.953940886121832e-05,-14.46575750609689,-14.483491075288029
53,53,6.960092092019305e-05,6.986117583246117e-05,-14.480502889863356,-14.463442110851833
54,54,6.940974689661237e-05,6.929272479426704e-05,-14.49459308662191,-14.498924626437478
55,55,6.915239050003853e-05,6.982386089236427e-05,-14.50979363044664,-14.465762427092155
56,56,6.888775300767426e-05,6.948470859482001e-05,-14.527320127762462,-14.486908615426533
57,57,6.858469118314949e-05,6.826902034318712e-05,-14.545296122783284,-14.563564312589381
58,58,6.862605627735396e-05,6.871430224763524e-05,-14.544801465264703,-14.535329611974104
59,59,6.842175845150385e-05,6.808869205231436e-05,-14.55740867036906,-14.575051103609415
60,60,6.81331306641931e-05,6.824056215823236e-05,-14.573798572104389,-14.565375062083065
61,61,6.811251517591671e-05,6.871630294450657e-05,-14.575947408060372,-14.535203163922736
62,62,6.792784300806798e-05,6.802848197127644e-05,-14.587176163614274,-14.578893220938514
63,63,6.77945907827774e-05,6.810958783669201e-05,-14.594694770817975,-14.573718498832196
64,64,6.75742081774533e-05,6.772928176551911e-05,-14.609142617243883,-14.598036318932452
65,65,6.745789164362821e-05,6.743389492744187e-05,-14.617413053752992,-14.61701857152124
66,66,6.72465036221127e-05,6.781710410570285e-05,-14.63033319919576,-14.592408612546691
67,67,6.709015518204866e-05,6.7540286851765e-05,-14.640360736280185,-14.610172012481135
68,68,6.679860992325931e-05,6.766483363064349e-05,-14.65813787791468,-14.602170837094853
69,69,6.673766342687814e-05,6.700975982790911e-05,-14.662799274675793,-14.644420406843732
70,70,6.67507539622692e-05,6.639171088432991e-05,-14.664240994419018,-14.6846624168931
71,71,6.657441505368981e-05,6.717321574749229e-05,-14.673576445357952,-14.633839625083871
72,72,6.64200594384084e-05,6.637376779843563e-05,-14.686336323594634,-14.685836303857842
73,73,6.611154338353332e-05,6.633534901897962e-05,-14.70350633079288,-14.688350835607498
74,74,6.618355619889137e-05,6.631199568418149e-05,-14.700468980064308,-14.689880036898993
75,75,6.580007047699669e-05,6.659170168476474e-05,-14.725912249728204,-14.671599890543266
76,76,6.583769606653189e-05,6.624574540948838e-05,-14.721535376126116,-14.694221108326735
77,77,6.576980725644858e-05,6.609380618197305e-05,-14.729649661965954,-14.704193394962752
78,78,6.573873332920052e-05,6.595868590490059e-05,-14.731020284422375,-14.713081074442103
79,79,6.529020699708406e-05,6.552544551883137e-05,-14.757127653312583,-14.741701195806662
80,80,6.509494508548217e-05,6.556222835665961e-05,-14.771506862843358,-14.739263959193254
81,81,6.526936505400317e-05,6.541353650391102e-05,-14.75863886269172,-14.749124726788505
82,82,6.518015446268579e-05,6.566392690537644e-05,-14.76870539301058,-14.732532507329953
83,83,6.505110429044208e-05,6.52993667723709e-05,-14.775241856552771,-14.756711322415168
84,84,6.495793441552957e-05,6.501255560770484e-05,-14.781892714432988,-14.775828638010097
85,85,6.453506757304811e-05,6.460859310065739e-05,-14.80856931480096,-14.80289817989272
86,86,6.450470728972523e-05,6.479311598109474e-05,-14.809571489926297,-14.79051235846203
87,87,6.428204104634358e-05,6.446492778578479e-05,-14.825732115709606,-14.812566015530493
88,88,6.426588710776731e-05,6.470516075894825e-05,-14.827721960044327,-14.796411815113995
89,89,6.402820373792921e-05,6.419744443663053e-05,-14.843208704228807,-14.830623619768934
90,90,6.397335903212602e-05,6.397273548492721e-05,-14.846003965061755,-14.845851804329095
91,91,6.395583518825174e-05,6.487770358370127e-05,-14.848194896952137,-14.78484632899087
92,92,6.368366017884854e-05,6.407017338604324e-05,-14.86505431729616,-14.83924202775897
93,93,6.383383118087838e-05,6.375301305333299e-05,-14.858367044386323,-14.860793871189419
94,94,6.364746547763755e-05,6.396768214089159e-05,-14.870064799486663,-14.846194876435892
95,95,6.350988837063418e-05,6.418014795360107e-05,-14.877643941120276,-14.831793881189423
96,96,6.323655775913815e-05,6.344005726676092e-05,-14.896587456488668,-14.8821653570921
97,97,6.330298548942365e-05,6.377401146700752e-05,-14.89322895813493,-14.85936366526965
98,98,6.32965282270608e-05,6.297472512079893e-05,-14.892903767080856,-14.914138215359758
99,99,6.285071421442218e-05,6.331971848052682e-05,-14.922615968872478,-14.890411267312903
100,100,6.293059740312753e-05,6.361308853803693e-05,-14.920827696335586,-14.870336201301503
101,101,6.248211483927156e-05,6.322818291281644e-05,-14.946925504766707,-14.896694010598221
102,102,6.26431180544668e-05,6.30485477526427e-05,-14.941181517056885,-14.909050144785889
103,103,6.277536477241905e-05,6.296695631279267e-05,-14.930190861776538,-14.91467401104137
104,104,6.218924186823736e-05,6.240910289833616e-05,-14.968509176100085,-14.95332162206897
105,105,6.231361570001158e-05,6.23506503440072e-05,-14.963180804903107,-14.957391143368259
106,106,6.206254655592499e-05,6.258477783136953e-05,-14.9783821254012,-14.941113871766994
107,107,6.197695522845156e-05,6.251144594371956e-05,-14.98390038152154,-14.946205574272607
108,108,6.184871261249315e-05,6.217863789826974e-05,-14.994186098340306,-14.969388980113102
109,109,6.171391619646624e-05,6.169520833952304e-05,-15.003494931627673,-15.003286669093763
110,110,6.208272886218878e-05,6.176937504757294e-05,-14.97720837698128,-14.99806894672549
111,111,6.166079758033972e-05,6.15907401400986e-05,-15.008880137538206,-15.010646789847648
112,112,6.16541266523556e-05,6.149738003028018e-05,-15.006114367788532,-15.017234881085562
113,113,6.11469176968142e-05,6.197229997365197e-05,-15.043824774488535,-14.983824876629686
114,114,6.124361284820065e-05,6.149627465914052e-05,-15.033986546221655,-15.017312943094145
115,115,6.137765680269348e-05,6.169760423577635e-05,-15.02809246473981,-15.003118016722453
116,116,6.109084001623487e-05,6.174166705214272e-05,-15.050131296080295,-15.000017506063546
117,117,6.109794003819356e-05,6.119895739462471e-05,-15.047307633847122,-15.038360786262928
118,118,6.095701460300503e-05,6.135572843241359e-05,-15.057218972525082,-15.027249855120473
119,119,6.080291960952496e-05,6.142938620637563e-05,-15.068430269693145,-15.022039261195888
120,120,6.070671629787125e-05,6.131674710655046e-05,-15.076743783402833,-15.030009948648393
121,121,6.060688655893078e-05,6.090735252272632e-05,-15.08121424712525,-15.059103797430954
122,122,6.0447316257326295e-05,6.075914030876256e-05,-15.09312869036565,-15.06968481723635
123,123,6.01096274004169e-05,6.0687430385242856e-05,-15.117145778345474,-15.074813529809079
124,124,6.011203472975392e-05,6.039930552728229e-05,-15.116099727559584,-15.095481569315199
125,125,6.013512243090687e-05,6.068027524681958e-05,-15.11752452127231,-15.075325599658616
126,126,5.995584298531314e-05,6.0570575059452827e-05,-15.12905330994969,-15.083184051606121
127,127,5.988557257427901e-05,6.044626742981276e-05,-15.13280994614313,-15.092106138067487
128,128,5.981332396538736e-05,6.038919443534197e-05,-15.139398911933998,-15.096208656984524
129,129,5.978948309010653e-05,5.959142378598795e-05,-15.141486606204623,-15.15396340138285
130,130,5.9700353321926574e-05,6.000599655396256e-05,-15.146001670433948,-15.12385449332852
131,131,5.9311130769987654e-05,6.006920471248266e-05,-15.175410984082108,-15.119282199182422
132,132,5.9298665741921796e-05,5.981283692036461e-05,-15.178847841968452,-15.137857005827906
133,133,5.9292282814342414e-05,5.902419644898098e-05,-15.176750286716844,-15.195500187143558
134,134,5.9243417708035175e-05,5.9223759308224544e-05,-15.182520292317838,-15.180841306947046
135,135,5.8903217745630413e-05,5.953696305177322e-05,-15.20339506260046,-15.15793424303116
136,136,5.901526873055174e-05,5.9168382377768134e-05,-15.197089672051096,-15.184904059209716
137,137,5.878260018323193e-05,5.9848881248495e-05,-15.21551606695144,-15.13524065474689
138,138,5.883770892378567e-05,5.917661512380858e-05,-15.212842146166919,-15.184299819696847
139,139,5.89345689843764e-05,5.871269317331577e-05,-15.20353574824009,-15.218480999668172
140,140,5.8451338022162405e-05,5.8920626830321886e-05,-15.238436193175911,-15.20312743591753
141,141,5.8518839668789784e-05,5.852258925044321e-05,-15.231696880024206,-15.232565694198426
142,142,5.8371648358927616e-05,5.8814769305938265e-05,-15.24476702270494,-15.210937041627425
143,143,5.822441170559764e-05,5.8096748130322484e-05,-15.255427496229494,-15.264282778994612
144,144,5.8070219986887225e-05,5.8519331536157746e-05,-15.266078844463113,-15.232807454984416
145,145,5.841188181669346e-05,5.8120259812935014e-05,-15.24126882266332,-15.262525550110666
146,146,5.8093837632788056e-05,5.8270546823654224e-05,-15.266676752602052,-15.251310084281915
147,147,5.788385360855753e-05,5.821402795079752e-05,-15.28130181092302,-15.255524519811907
148,148,5.78510682185579e-05,5.821232748291406e-05,-15.283584190690418,-15.255651381778126
149,149,5.782050690877722e-05,5.8600890808616225e-05,-15.287481833192905,-15.226758841518148
150,150,5.758703196782513e-05,5.79655427013916e-05,-15.301623311027118,-15.274101957583252
151,151,5.7480763043901046e-05,5.7745672644446846e-05,-15.309096566269924,-15.290606575066636
152,152,5.7283541949444265e-05,5.790406736961909e-05,-15.327204476233609,-15.278710309997784
153,153,5.736525942956712e-05,5.796507110445466e-05,-15.320426042489554,-15.274137291122976
154,154,5.7214004122328074e-05,5.7575379622377164e-05,-15.330580308718119,-15.303432918929268
155,155,5.7245842850234205e-05,5.7949232685036566e-05,-15.329858901916538,-15.275324122768989
156,156,5.714380032006056e-05,5.708054136209141e-05,-15.338050720240162,-15.340920186637042
157,157,5.6663606770111e-05,5.702193371498173e-05,-15.374272585084775,-15.34538161132713
158,158,5.699426585180714e-05,5.71044398192929e-05,-15.349225988881026,-15.339102264852098
159,159,5.66661737204563e-05,5.705086962399563e-05,-15.373116229026035,-15.343178333154722
160,160,5.661210251645636e-05,5.693338703407024e-05,-15.376464160248881,-15.352130807836325
161,161,5.6573996788728505e-05,5.6828119436671076e-05,-15.380663291645543,-15.36016817498104
162,162,5.6364686503171073e-05,5.6659045711919466e-05,-15.397416052463221,-15.373108464735065
163,163,5.635025659150002e-05,5.696221935642442e-05,-15.398851422423368,-15.349932001549904
164,164,5.6402179175212535e-05,5.706472859999753e-05,-15.395109378924918,-15.342123459513303
165,165,5.581060537861986e-05,5.675935014886292e-05,-15.43773828353232,-15.365426875782733
166,166,5.615967432080202e-05,5.633061875031624e-05,-15.413205120708993,-15.398355803863579
167,167,5.58494008971335e-05,5.598714338511376e-05,-15.438166651545961,-15.424917928668005
168,168,5.610409354312182e-05,5.6036104835680146e-05,-15.417526985858172,-15.421121629328598
169,169,5.580987782036338e-05,5.5929884279306096e-05,-15.44353829788436,-15.429361812923986
170,170,5.556331999502721e-05,5.600599194478587e-05,-15.458545818444176,-15.423456084509326
171,171,5.580620151151154e-05,5.6064070936133104e-05,-15.44085275870666,-15.418954724009241
172,172,5.546816985948568e-05,5.5709643339995586e-05,-15.465807395749431,-15.446497239910698
173,173,5.557497862946079e-05,5.564788022495218e-05,-15.461427638715513,-15.451314764931066
174,174,5.544202531851137e-05,5.560052714396366e-05,-15.46820460308159,-15.455011929412393
175,175,5.54669457358745e-05,5.566502812526826e-05,-15.468519108316872,-15.449976692167935
176,176,5.5243592214537784e-05,5.554330997064857e-05,-15.481724984980978,-15.45948345126752
177,177,5.503586156188136e-05,5.514877461552571e-05,-15.501059579034271,-15.490442350248548
178,178,5.516431653078828e-05,5.514678023724915e-05,-15.493416234711514,-15.490599409611745
179,179,5.5117771592346434e-05,5.507939223255227e-05,-15.494291399375486,-15.495909626155925
180,180,5.507141841664315e-05,5.464176099753546e-05,-15.49836608506273,-15.530554146882704
181,181,5.482685499129692e-05,5.553665649035553e-05,-15.514300753600027,-15.460003719660145
182,182,5.488428029924218e-05,5.499752105127922e-05,-15.513646465699104,-15.502369874313224
183,183,5.438329671304337e-05,5.459041762821327e-05,-15.55075193409227,-15.534636852895096
184,184,5.4591736208993135e-05,5.5014603085031633e-05,-15.535238826248614,-15.501021180591287
185,185,5.451734550567296e-05,5.486405126774978e-05,-15.541727251194464,-15.512922284547706
186,186,5.453899125454554e-05,5.4314904302468914e-05,-15.539000599350285,-15.55661083363491
187,187,5.431441012163858e-05,5.4430908149745514e-05,-15.55966247288859,-15.5473452171067
188,188,5.427384842067151e-05,5.479629908222705e-05,-15.559610493683492,-15.518288746347157
189,189,5.4298673162942503e-05,5.421185185121814e-05,-15.558809889509838,-15.564858592245283
190,190,5.395559053363989e-05,5.4662593021547713e-05,-15.584219077805079,-15.528898726425552
191,191,5.3884656847809855e-05,5.437266774702278e-05,-15.594582690837404,-15.551994602521393
192,192,5.40176783427332e-05,5.380625435990576e-05,-15.581946161334253,-15.597473416999058
193,193,5.363152448217548e-05,5.389641592046246e-05,-15.613711517062557,-15.590202162298588
194,194,5.3971960950707633e-05,5.424131277801567e-05,-15.586327409008195,-15.562499100330339
195,195,5.375237495022749e-05,5.398208821517121e-05,-15.602231516685968,-15.58330421484111
196,196,5.35265083356338e-05,5.400112499237845e-05,-15.622098914955187,-15.581772945834679
197,197,5.3617794112573596e-05,5.3507147592761995e-05,-15.614748282440988,-15.621683022228455
198,198,5.354516366592695e-05,5.3415092559972486e-05,-15.622848666968444,-15.62916116757835
199,199,5.349970382029796e-05,5.37622246682938e-05,-15.625527730389061,-15.601028706308274
200,200,5.318915511039806e-05,5.349448206528139e-05,-15.649086749371047,-15.622711150255753
201,201,5.316817991227901e-05,5.299421900417656e-05,-15.649734042885813,-15.663516058767424
202,202,5.315289023745152e-05,5.3478108288560944e-05,-15.652383655881748,-15.624040657358389
203,203,5.30749002979233e-05,5.289250015936743e-05,-15.658144416529717,-15.671860060157599
204,204,5.294001814561234e-05,5.303798829309495e-05,-15.668649625985186,-15.659930589367455
205,205,5.2925549003778066e-05,5.309794945979344e-05,-15.671358126736214,-15.655023522609973
206,206,5.293172820454425e-05,5.253507984697966e-05,-15.667987880515737,-15.701307053833665
207,207,5.273225670140333e-05,5.285315752476699e-05,-15.686040512210827,-15.675091642479382
208,208,5.2744209674575854e-05,5.261847227781178e-05,-15.686599750325165,-15.694418674049292
209,209,5.2579394457669754e-05,5.272986776330263e-05,-15.699764270624627,-15.685234198495266
210,210,5.262132745161749e-05,5.324756421032362e-05,-15.695664196483204,-15.642803561241852
211,211,5.238048005285049e-05,5.3192738337920197e-05,-15.716164283898351,-15.64727753874587
212,212,5.24127636643093e-05,5.263696106052712e-05,-15.710202531666797,-15.692892942571437
213,213,5.2350868143023654e-05,5.2640810233577595e-05,-15.719861996587827,-15.692575368482263
214,214,5.227042733092754e-05,5.205058244571678e-05,-15.72669253046946,-15.741545084261128
215,215,5.2175127438175946e-05,5.218181621258784e-05,-15.735161498820984,-15.73060911202199
216,216,5.200422599524039e-05,5.1973981738372365e-05,-15.748664197413177,-15.747941125577613
217,217,5.203071393141014e-05,5.2141399416876466e-05,-15.746008810845547,-15.733974190854333
218,218,5.1994837234552815e-05,5.215801042810965e-05,-15.744761768131081,-15.732590852139548
219,219,5.1903352568936585e-05,5.185176556360124e-05,-15.756847581002198,-15.758165532566657
220,220,5.173691035039512e-05,5.192545110108576e-05,-15.76769131793274,-15.751998239063917
221,221,5.1701839334576286e-05,5.242358939109468e-05,-15.771106913105202,-15.710533487121827
222,222,5.136626830640172e-05,5.1923868580304676e-05,-15.800777166903794,-15.752130600074059
223,223,5.1313293371685616e-05,5.147331409572967e-05,-15.80534804864377,-15.789979709667481
224,224,5.167535959323508e-05,5.177826900954211e-05,-15.773034317333572,-15.764325745356311
225,225,5.1547401583484693e-05,5.204319466812242e-05,-15.786070024694043,-15.742161542062373
226,226,5.162695600391971e-05,5.113967046398964e-05,-15.778573669381373,-15.81822176878749
227,227,5.135284874020577e-05,5.097333096752041e-05,-15.800702391011956,-15.832370875820775
228,228,5.127421780381371e-05,5.1656163888860885e-05,-15.811301408448795,-15.774579507719967
229,229,5.097427954039171e-05,5.164299459705178e-05,-15.832531470210743,-15.775686845064836
230,230,5.1085371449085665e-05,5.13874725392701e-05,-15.82253471713279,-15.797228443448887
231,231,5.088908025201592e-05,5.1195625641603805e-05,-15.842707624955645,-15.813472473438122
232,232,5.0957556764448795e-05,5.1442223737371694e-05,-15.835297089755397,-15.792603681085266
233,233,5.108015012438889e-05,5.122195714073697e-05,-15.825638493767277,-15.811239336370235
234,234,5.059030606680233e-05,5.0855167692612956e-05,-15.866680219438472,-15.842450113355518
235,235,5.069126440428159e-05,5.13304382222582e-05,-15.857907372380275,-15.802051300829705
236,236,5.0566979459206066e-05,5.092892273463995e-05,-15.869329300979665,-15.836156121192943
237,237,5.037911442113253e-05,5.0356371311385085e-05,-15.8838085986498,-15.885256748229148
238,238,5.069773423079805e-05,5.1273531425977126e-05,-15.859464795261662,-15.806868718757396
239,239,5.043773834933239e-05,5.057478024115737e-05,-15.881975018519576,-15.866460977132697
240,240,5.046900388929926e-05,5.102095306746809e-05,-15.878455534539048,-15.828315351156325
241,241,5.01839427089021e-05,5.054722044549539e-05,-15.90082382596226,-15.868828230033836
242,242,5.030829013720126e-05,5.060637321500843e-05,-15.88999756464901,-15.863748880227757
243,243,5.038758157302395e-05,5.00424430356361e-05,-15.886087669161872,-15.912415985732476
244,244,5.0189961651076095e-05,5.0263208992730236e-05,-15.900501307949916,-15.893298899141023
245,245,5.003564065285075e-05,5.061463295868108e-05,-15.915587755343989,-15.863040102229489
246,246,4.987613909779424e-05,5.004507654934729e-05,-15.928556905535698,-15.91218744165869
247,247,5.006348165460219e-05,5.041037710677636e-05,-15.913424762791603,-15.880601557594717
248,248,4.98318804227555e-05,5.0057569560043414e-05,-15.931806223640217,-15.911103425232206
249,249,4.9674762381401545e-05,5.00923800389405e-05,-15.94719907945884,-15.908084352418538
