,epoch,train_loss,test_loss,train_dbs,test_dbs
0,0,0.0006676797998694645,0.0006389332059035567,-15.744963855628601,-15.925800866236617
1,1,0.0006082368829796455,0.0005857060804325892,-16.140590502931246,-16.30355813373044
2,2,0.0005450827740468853,0.0005343102889846227,-16.609041126195173,-16.70242008710449
3,3,0.0004991368092380502,0.0004878485495665748,-16.987934059149186,-17.097505278796362
4,4,0.000460758899487363,0.0004483377882647083,-17.344874851320288,-17.464302009673492
5,5,0.0004216110524025352,0.00041133407227645974,-17.727848372063658,-17.838408608281675
6,6,0.00039574403535411456,0.00038371149505684644,-18.005982933381787,-18.140307362044197
7,7,0.00036275826758205815,0.00035575262613986666,-18.3831814988513,-18.468874312986397
8,8,0.000371725207552333,0.00036085679005880495,-18.2682846323653,-18.40700664387694
9,9,0.004102923554793173,0.00036034920393783406,-7.852459810577201,-18.413119790180797
10,10,0.0003549835234208359,0.00036213557254277955,-18.480144879126843,-18.391643583788998
11,11,0.0003493045916968054,0.00035887569385139565,-18.546261123444626,-18.430915008252043
12,12,0.00035554116271369003,0.0003589603109407778,-18.471724031054592,-18.429891132745155
13,13,0.00035169238066204737,0.0003564350588835384,-18.509467104700207,-18.46055131409751
14,14,0.00034976937716884405,0.000352251614554246,-18.540545838263554,-18.511825536111225
15,15,0.00034453886736318776,0.0003512784667117031,-18.603695811511407,-18.523840175396558
16,16,0.00034444817232649733,0.00034662560516919355,-18.616070674054253,-18.581749051811563
17,17,0.000340294970809146,0.00034465055336783593,-18.659260877703154,-18.606565658668078
18,18,0.00033993451146783365,0.00034259333532597676,-18.66644923207831,-18.632566358767605
19,19,0.00033516562201764394,0.00034001082071642344,-18.731301478150446,-18.665428074762463
20,20,0.0003329076049321321,0.0003363786427622759,-18.751905245735074,-18.712071320723865
21,21,0.0003327678486383184,0.0003320026781262928,-18.761693107652583,-18.76893959007379
22,22,0.0003407669098226872,0.00033602133350397806,-18.64318809324359,-18.716686950090175
23,23,0.0003233221197529629,0.0003367084519643533,-18.87632217185616,-18.70781527929539
24,24,0.0003269058886252958,0.0003350296250765065,-18.83569516268706,-18.729523346663314
25,25,0.00033299099970800976,0.0003302018709578796,-18.756792173016017,-18.79256016305794
26,26,0.00032397581248774587,0.0003272657356175937,-18.86857230094019,-18.8313500848963
27,27,0.00031899752757828874,0.00032628875372833326,-18.936354367442924,-18.844334408817097
28,28,0.00032046659052679217,0.00032465775668817133,-18.92406717653765,-18.8660976254716
29,29,0.00032035090850147696,0.0003220993507727,-18.920512123941577,-18.900456965454694
30,30,0.00031365529986904917,0.0003175390179661152,-19.004574970408882,-18.962384486641756
31,31,0.0003058339958799254,0.00031359565266604096,-19.123653357026733,-19.016655125082075
32,32,0.0003080833809793514,0.00031035776727979903,-19.100228694080087,-19.06172927113101
33,33,0.0003048451368327339,0.00030480251083836744,-19.134559634058913,-19.14017005774358
34,34,0.00030013944950079563,0.00030434248803526556,-19.20244860519447,-19.14672959293755
35,35,0.0003003483036888245,0.0003002049917612519,-19.206684961020663,-19.206176366494617
36,36,0.0002988265193014684,0.0002980937210132221,-19.220166151631005,-19.23682717760405
37,37,0.0002923739162518537,0.0002957019253364323,-19.325360867706284,-19.271813937390704
38,38,0.00028802745659912445,0.0002900355933601723,-19.386158249963593,-19.35584247920808
39,39,0.0002811523838467973,0.00028694829655394544,-19.47870962768722,-19.402318950613928
40,40,0.0002807148347594343,0.0002847227212776871,-19.508726746030767,-19.436134201503222
41,41,0.0002734829888009399,0.00028064138314221054,-19.616612804668545,-19.49883833883536
42,42,0.0002738263031357381,0.00027749425192412575,-19.60321498468206,-19.54781554514737
43,43,0.00027374288540683953,0.00027350796306946953,-19.603692527898122,-19.610655708419426
44,44,0.00026903918553647805,0.0002703979331080949,-19.67999110021584,-19.660321784136137
45,45,0.0002691341207312305,0.0002705066397443022,-19.682489778433766,-19.658576164104208
46,46,0.0002625506040016093,0.00026638365479333227,-19.792199439805156,-19.72527972836627
47,47,0.0002581788109646649,0.00026155144855453586,-19.85772896087338,-19.804784163667637
48,48,0.0002549550201703036,0.0002582953694448071,-19.92125978358677,-19.859189255091948
49,49,0.0002559922589349186,0.0002573668515603793,-19.898657677764916,-19.874829362625373
50,50,0.0002494913148729745,0.00025430671781865195,-20.011937758284972,-19.926777132571456
51,51,0.00024899122600453264,0.000252114526167708,-20.021398961641523,-19.964376767078683
52,52,0.0002476463792545567,0.0002502158826437632,-20.03578895924091,-19.997206725914538
53,53,0.0002472810517725314,0.0002491396429066203,-20.044199490671367,-20.0159270836097
54,54,0.00023873969021411708,0.00024743628685093045,-20.20111195357256,-20.04572156186752
55,55,0.00023780592936859226,0.00024429712625293945,-20.213579376468296,-20.101171877415574
56,56,0.0002398001938907084,0.0002421789571312011,-20.18224945353559,-20.138991412890594
57,57,0.0002398185947125048,0.0002405277888388618,-20.179861512873863,-20.16870287149027
58,58,0.0004516129744102333,0.00024799884091695085,-17.427424335471432,-20.03585894947086
59,59,0.0002411120581997501,0.00024619430845823924,-20.157841229191334,-20.067575373437258
60,60,0.00024345013272190064,0.00024675067336494595,-20.119061378118772,-20.05777199495014
61,61,0.0002510702585832686,0.00024748463137688016,-19.987042205128333,-20.044873112745908
62,62,0.00024023533441107145,0.00024631259714767923,-20.17186261746503,-20.065489224979302
63,63,0.0002409669329993158,0.00024596349899902155,-20.16898584115362,-20.07164883444262
64,64,0.00023723214675105877,0.00024781934227671867,-20.221712270035887,-20.039003459898673
65,65,0.00024453717489131564,0.00024584983475506306,-20.103430147235382,-20.073656252763023
66,66,1141.6001973697134,0.0002505239428596963,46.60097665485865,-19.9918630778986
67,67,0.0002481932750334195,0.0002525654815958421,-20.037808040137048,-19.95661551229809
68,68,0.00024909178018881986,0.00025264732233297666,-20.02007834880797,-19.955208462414674
69,69,0.00024264512332180304,0.0002515154513898061,-20.125432812743025,-19.97470875701554
70,70,0.00023880696266807963,0.000250481102021264,-20.204959157073127,-19.99260580653843
71,71,0.00024536364401580245,0.00025288258391236395,-20.08351465943302,-19.95116625593607
72,72,0.000245705526562158,0.0002544444164653358,-20.06444613895315,-19.924426208520355
73,73,0.00024083009353939675,0.000251588122122676,-20.15624898823831,-19.97345412476237
74,74,0.0002507528783117431,0.0002487765894712586,-19.988395447420384,-20.02226036303716
75,75,0.00025237061862819394,0.0002503162058450184,-19.952482042744954,-19.99546578605084
76,76,0.00024544292254992714,0.0002509803835939812,-20.07542243049425,-19.98395767264107
77,77,0.0002439374756127999,0.00025076079519318516,-20.10831178663559,-19.987759076268134
78,78,0.0002448063223147477,0.0002481662178117978,-20.099685465066763,-20.032928841301864
79,79,0.00024015450587294536,0.0002486951247862491,-20.167139961629093,-20.02368274193718
80,80,0.00024230810066507458,0.0002472212087779649,-20.13107727542973,-20.049498204371844
81,81,0.00024207780985569715,0.0002483669653118245,-20.133523920257627,-20.029417151077283
82,82,0.0002424368941160303,0.0002481279217662584,-20.136647690126217,-20.033599079370916
83,83,0.00023976384590682334,0.00024721095427307054,-20.178286414092614,-20.049678349403806
84,84,0.0002469118107254281,0.00024730219095210105,-20.05391469067607,-20.048075820246297
85,85,0.0002396397090687407,0.00024539919793728347,-20.18731137816314,-20.08162407051637
86,86,0.00023930031099937587,0.0002452635580036593,-20.191630059396225,-20.084025217760015
87,87,0.00024128678394601556,0.0002444251417488742,-20.159602409241124,-20.09889670280643
88,88,0.00023906994458004717,0.0002451969041047912,-20.19056343184863,-20.085205635872796
89,89,0.00024678977476384913,0.00024288989171557325,-20.059028436493534,-20.12626104734355
90,90,0.00024066163306772593,0.00024601877942730327,-20.174351223782722,-20.070672864936654
91,91,0.00023194566592886162,0.00024327257874813912,-20.321362742564553,-20.119423872079594
92,92,0.00024139280094928348,0.00024445041383028423,-20.152612894086722,-20.09844769178974
93,93,0.00024327502997601694,0.00024369471985234044,-20.12514707161822,-20.111894265940133
94,94,0.00023818598143857204,0.00024136750404355362,-20.20779817796043,-20.153567465344445
95,95,0.00023847085513179335,0.00024215656862667712,-20.214232223654342,-20.139392919840326
96,96,0.00023731516347717994,0.00023961630129059287,-20.223615414682385,-20.18519185870053
97,97,0.00023519308438294174,0.00024119899286520913,-20.26542416470896,-20.156600559367238
98,98,0.00023468170922907243,0.00024201526187090692,-20.27105604305322,-20.14192791845708
99,99,0.00023506582053330218,0.000238440359489208,-20.270219544450004,-20.206557780665086
100,100,0.00023829939141485493,0.00023885091497121672,-20.21300406128702,-20.199086367133432
101,101,0.00023498697180574586,0.00024148939548084805,-20.27653355454767,-20.15137481655824
102,102,0.00023438081627750058,0.00023549276719629568,-20.27697867199873,-20.260579730244444
103,103,0.0002289262545335865,0.00023788837470898501,-20.379944610802156,-20.216623268394134
104,104,0.00022844590781347768,0.00023850309968876995,-20.391643876457653,-20.205415183063792
105,105,0.00022654756996660618,0.00023447791126703747,-20.42743704258313,-20.279336092514377
106,106,0.0002320095405856282,0.0002352204495477245,-20.327173175706438,-20.265604703458983
107,107,0.00022921062776093976,0.00023414690497846,-20.381049377223007,-20.285471244709818
108,108,0.0002225581822093557,0.00023221191766328717,-20.495073990178856,-20.321510410052632
109,109,0.00022678927562833217,0.0002313846359213226,-20.42845098306205,-20.337010278380127
110,110,0.00022748380013712748,0.00023112520207896044,-20.415450459482862,-20.34188242114192
111,111,0.000228386820886841,0.00022955446069030777,-20.391913594382363,-20.371498096251386
112,112,0.00022941190730204288,0.00023069584782014747,-20.375832745114565,-20.349957680558887
113,113,0.013342793042124632,0.00023594966133762347,-2.720828721169686,-20.25216187667396
114,114,0.0002338015324359318,0.00023631911378623429,-20.292872679503027,-20.245366966616807
115,115,0.00023467660120678776,0.00023422772861330916,-20.27190325244132,-20.28397239073894
116,116,0.00022588550718021148,0.00023483642220717708,-20.43356556858599,-20.272700908281326
117,117,0.00023147308993148473,0.0002362305485324836,-20.334437465429424,-20.24699487599903
118,118,0.0002314729765165578,0.0002353964090089951,-20.33035793707684,-20.262357126359266
119,119,0.00023279464056537747,0.00023402459076973364,-20.303215610824587,-20.287740515163026
120,120,0.0002272176618097331,0.00023309394217856032,-20.413997404343988,-20.305045591027028
121,121,0.00022782307399014375,0.00023280643233049072,-20.404384040566732,-20.31040570504245
122,122,0.00022812054964195283,0.00023182231540742673,-20.39094311123523,-20.328803068117782
123,123,0.00022447614278884356,0.0002368188480001041,-20.460916671592987,-20.236192818282213
124,124,0.00023025689336360846,0.0002327626754872893,-20.350543212409917,-20.311222054550377
125,125,0.00022718069154394733,0.00023331588033072062,-20.416769378730603,-20.300912465289525
126,126,0.00022829176312595722,0.00023421215117100234,-20.391653701620815,-20.284261230247722
127,127,0.0002246018489834747,0.00023193647977773493,-20.461056892282254,-20.326664846370996
128,128,0.00022487325405404356,0.00023419736489334978,-20.450611536108354,-20.284535417623268
129,129,0.00022669007372202294,0.00023157768928764485,-20.423923626585662,-20.33338829827501
130,130,0.00022077099144093924,0.0002310308420993878,-20.5325480593029,-20.343655848949545
131,131,0.00022669125587761055,0.0002301207752775793,-20.425015111914743,-20.36079717501563
132,132,0.0002283324045249136,0.00023282075754219763,-20.393718825515357,-20.310138480080774
133,133,0.00022982377915993602,0.00022802779092575962,-20.37208023772473,-20.400477660570058
134,134,0.00022405158061073306,0.0002322856032007717,-20.471676028234587,-20.320132524438318
135,135,0.0002290736934885421,0.00022896794498113819,-20.378106529463793,-20.38260859692994
136,136,0.00022409307292168095,0.0002288149867366117,-20.477436225389592,-20.385510798800258
137,137,0.0002267412249042086,0.0002304148534006488,-20.42305757258671,-20.35525074101559
138,138,0.0002228444110309302,0.00022587234286076732,-20.509418940640117,-20.44172489393903
139,139,0.0002225101592388849,0.00022624085785968132,-20.51282441826238,-20.434645071199267
140,140,0.00022223371335487697,0.000228143968055711,-20.519553330868007,-20.398265551356424
141,141,0.0002226906296912312,0.00022668011584564259,-20.499165478664708,-20.426221200797123
142,142,0.00022437317988753666,0.00022667897543502286,-20.46972383654813,-20.426243049880938
143,143,0.00021930266373920416,0.000226321872201209,-20.564400009854978,-20.433090189211896
144,144,0.00021495566551559174,0.00022401358613646343,-20.648818393493407,-20.47761187461093
145,145,0.00021689735801852088,0.00022577173321654923,-20.614224797868637,-20.443659789860273
146,146,0.00022126103678751815,0.0002245561910584863,-20.527489258598873,-20.46710512848562
147,147,0.00021731117683265971,0.00022214091165407903,-20.609444680105,-20.514069961410204
148,148,0.00021767644625704389,0.00022459945390246024,-20.605080950826796,-20.466268500262053
149,149,0.00021614535989542252,0.00022068018427633338,-20.6344756979994,-20.542722080586593
150,150,0.00021780417126737842,0.00022090922606079593,-20.59225654899699,-20.538216918564636
151,151,0.00021450535514867222,0.00022049355979298095,-20.66420052568433,-20.546396369423228
152,152,0.00022209189008902183,0.00022156125449232365,-20.51536052931583,-20.52541730515429
153,153,0.00022042553182379294,0.0002228585439489076,-20.542793983834528,-20.50006257277483
154,154,0.0002190212277484309,0.00022106667318822523,-20.568349849434252,-20.535122703624744
155,155,0.00021350720132816314,0.0002205526627796261,-20.69165075498793,-20.54523240520343
156,156,0.0002178586783912513,0.0002237249611521532,-20.602146470593,-20.48321104654495
157,157,0.00021868709327182588,0.0002214678809794254,-20.583378903030614,-20.52724795685465
158,158,0.00021537842175601646,0.00022001149773132056,-20.65239484669108,-20.555901684892905
159,159,0.0002165773803051369,0.00022217771651125267,-20.626076572126145,-20.51335047114349
160,160,0.00021768413731929146,0.00022156449650585848,-20.597601694440023,-20.525353757116953
161,161,0.0002172573170439849,0.00022137663128026026,-20.6086368315945,-20.52903771557522
162,162,0.00021544639375204816,0.0002231129443603813,-20.646694625408504,-20.49510778486676
163,163,0.00021851449720585508,0.00022154712688030772,-20.577269039267662,-20.52569423712854
164,164,0.00022342399521202772,0.0002240731088309794,-20.496486665314176,-20.476458063162447
165,165,0.000222506696783179,0.00022390927724221625,-20.510330652957407,-20.47963457904098
166,166,0.00022019400072617688,0.0002229817603763781,-20.546688138546706,-20.497662062306237
167,167,0.00022051905143223512,0.00022271344756805584,-20.5485993720484,-20.502891052166493
168,168,0.00021537888891750122,0.00022471534382355842,-20.6423165333386,-20.464028184358284
169,169,0.000220505748281361,0.00022469423205812315,-20.545382105259165,-20.464436218531592
170,170,0.00021830112292292077,0.00022433883293017156,-20.578950767132042,-20.471310897676936
171,171,0.00022031546983815076,0.00022450259175935857,-20.554885386077434,-20.468141869368832
172,172,0.00022476846526242486,0.00022255215107610352,-20.46086423401406,-20.506037496880957
173,173,0.00021297180651298235,0.00021916919305160838,-20.687151914683636,-20.572560373705095
174,174,0.00021827932145355327,0.0002220085474331618,-20.589786569347865,-20.51665850683209
175,175,0.00021376565519417876,0.00022119279310572892,-20.68083580678234,-20.53264573298243
176,176,0.10623955076257938,0.00022154502757506348,6.2866024202985855,-20.52573538959194
177,177,0.00021821236899170602,0.00022325403666687444,-20.59112045909157,-20.492362258661004
178,178,0.00021971597218617184,0.00022376759902966258,-20.561593660054022,-20.48238343971409
179,179,0.00021321291524614448,0.00022214352487169795,-20.682078219369068,-20.51401887224756
180,180,0.0002212381206714481,0.00022255842524923777,-20.533544391113793,-20.50591506264031
181,181,0.00022227743120873636,0.00022587096349238172,-20.50341366924623,-20.44175141573005
182,182,0.00021913062574668336,0.0002256169873841205,-20.57366273101458,-20.44663750111831
183,183,0.00022078884559078622,0.00022328790280306223,-20.53483161042308,-20.49170351309657
184,184,0.0002221886550745994,0.00022683090738658058,-20.50561570434097,-20.423333159130852
185,185,0.00022506783866400342,0.00022458813710775423,-20.452099454566167,-20.466487331841247
186,186,0.00022111011782454654,0.00022408833932499155,-20.537477284282694,-20.47616287849023
187,187,0.00021875731226359254,0.00022366610861162802,-20.580942043617778,-20.484353641266708
188,188,0.00021780740764332915,0.00022480735328587654,-20.600996745418488,-20.46225033409254
189,189,0.00022402135358244834,0.0002257503365399316,-20.47780852411374,-20.44407139581336
190,190,0.00021788800395089057,0.00022388283334868518,-20.59496434809962,-20.480147515146033
191,191,0.0002204928507838763,0.00022665105490504126,-20.54753353525749,-20.426778012548606
192,192,0.00021890443632710418,0.00022172283589545834,-20.57935027473263,-20.52225121296243
193,193,0.0002169349373644698,0.00022322298517744792,-20.60893296481732,-20.49296634307632
194,194,0.0002195332557882288,0.0002235300696491705,-20.561270276488482,-20.48699592558905
195,195,0.0002204594443871438,0.00022300938603860376,-20.541993889854943,-20.497124039398145
196,196,0.00022257966833722,0.00022494690768469714,-20.50335845176828,-20.459555186429128
197,197,0.00021856352980920718,0.0002235096747570328,-20.58499153698105,-20.487392194119153
198,198,0.00021291377047465672,0.00022221313434113798,-20.69218807821877,-20.512658208101474
199,199,0.00021166844967363845,0.00022139425901083372,-20.720294867788706,-20.52869191027101
200,200,0.0002183068592278959,0.00022495668197638894,-20.594093512886076,-20.459366482847095
201,201,0.00022508041436913585,0.00022448605389064667,-20.463703287996285,-20.46846180196387
202,202,0.00022371742918189693,0.0002232175833533371,-20.491671124330175,-20.49307144026367
203,203,0.00021816359742270956,0.00022369180116679912,-20.5903597298664,-20.48385479527761
204,204,0.00022188624152289608,0.0002238028460660165,-20.521955253636946,-20.481699409140074
205,205,0.000220235531667209,0.00022556307406997994,-20.551629566110705,-20.447675412894306
206,206,0.00022022154502637838,0.00022148465933768372,-20.54480740701903,-20.526918948767
207,207,0.00021560196707759666,0.00022433844156024096,-20.65163807700582,-20.47131847416056
208,208,0.00022368932673323553,0.00022578820598458774,-20.48768953234301,-20.44334293127107
209,209,0.0002177614998012378,0.0002239092726468746,-20.5980225208741,-20.47963466817224
210,210,0.0002206072124854191,0.00022296179514868478,-20.546887839105885,-20.498050936104974
211,211,0.0002219447217696855,0.0002252998146056933,-20.527623747127073,-20.452747116443817
212,212,0.00022047838092944825,0.000220132726673527,-20.542399289966575,-20.55350932988474
213,213,0.00021803544335590542,0.00022271888002777765,-20.593589676150216,-20.5027851196989
214,214,0.0002176189253865213,0.00022304092846369664,-20.601032483630238,-20.49650981715724
215,215,0.0002199987270005201,0.00022268236084767667,-20.55684369842264,-20.503497290073902
216,216,0.00021664222723986838,0.00022482163177827666,-20.628487682036543,-20.461974503544806
217,217,0.00021744370892567118,0.0002218942383095916,-20.60401296543237,-20.518895204788915
218,218,0.00021288706230950186,0.00022190927656514473,-20.691987997876275,-20.518600883938014
219,219,0.00021986010335577825,0.00022069833970530644,-20.56299948817513,-20.54236479983116
220,220,0.00021327028204638933,0.00022126149652697342,-20.68498870930398,-20.53129700532069
221,221,0.0002183929584097098,0.00022049322892838207,-20.586761561924636,-20.546402886292814
222,222,0.00021550796755599147,0.0002181113522965461,-20.64195248412469,-20.593572755972897
223,223,0.0002153232254414368,0.00022041788294078097,-20.651117638791476,-20.547887192135256
224,224,0.00021497069374350926,0.0002213467385828201,-20.660408588553803,-20.529624187148706
225,225,0.0002122484260063484,0.00022244232317653338,-20.70848589252411,-20.508181238184306
226,226,0.0002415645848083569,0.00022072944174349112,-20.14965483867578,-20.541752811000844
227,227,0.00021526111426676826,0.0002184496299473961,-20.659914389506312,-20.586842326434123
228,228,0.0002163483808657212,0.0002179615855167963,-20.631107499405545,-20.596555875673065
229,229,0.0002150275399752403,0.00021772263617573403,-20.663292907469458,-20.601319619022757
230,230,0.0002125997056394873,0.00022031992940403717,-20.700786986582244,-20.549817622427355
231,231,0.00021213159678004604,0.00021752745516622732,-20.715919261001048,-20.605214668915647
232,232,0.00021800449698294522,0.0002197872504199806,-20.595873076214545,-20.560330500515775
233,233,0.0002114921082147234,0.00021593640006980613,-20.731349171301762,-20.637096891328458
234,234,0.0002138965946775813,0.0002162324021092469,-20.67149918377282,-20.631147731101475
235,235,0.00021153237726467364,0.0002185176295154777,-20.725693505550954,-20.58549065365826
236,236,0.00020902929482525504,0.00021696395675749764,-20.777200779868686,-20.616479535376268
237,237,0.00021236143227949854,0.0002174659174143974,-20.71226555783854,-20.606443446543597
238,238,0.00020732450840236217,0.00021489453578588406,-20.815911060828757,-20.658101733542612
239,239,0.00021372218742323368,0.00021487314676816918,-20.67837348311148,-20.658534019763827
240,240,0.0002114582783122518,0.00021512622142357655,-20.716606004224857,-20.653421968576144
241,241,0.00020729445689717866,0.0002152121267404015,-20.810689610589364,-20.651688067532096
242,242,0.00021023036310204412,0.00021580061308524914,-20.75101762126163,-20.639828718262674
243,243,0.0002154588987978809,0.00021593303704560784,-20.643425177024387,-20.637164529495287
244,244,0.0002116597429777198,0.00021689531843692653,-20.719109593673792,-20.617853678828958
245,245,0.0002129246481062998,0.00021310763335541676,-20.694054175819044,-20.69436539901828
246,246,0.00020852032013731942,0.00021424837254208366,-20.78835364865194,-20.671180143453107
247,247,0.0002007839855313128,0.00021140755837366574,-20.95773461060496,-20.729150355832257
248,248,0.00020954155794599276,0.00021479631801699534,-20.772050616220312,-20.660087134694095
249,249,0.00020514144583187575,0.00021128352627305217,-20.857358875488686,-20.731699094633615
250,250,1.9534837096455788,0.0002176860258546903,18.92403480009787,-20.602049951780646
251,251,0.0002103879525429406,0.00021376000413989745,-20.751660205926928,-20.68109096790448
252,252,0.00021373483543788303,0.00021408008040835788,-20.67953626648628,-20.674592867883735
253,253,0.00021053645543792505,0.00021320567956488383,-20.751762049080845,-20.692367763607734
254,254,0.00021383941075140515,0.00021488342807922316,-20.68114776894275,-20.65832622228406
255,255,0.0002086714185239056,0.00021180028622773918,-20.782328985306897,-20.72109003317764
256,256,0.00020717772758402622,0.0002151623936553829,-20.811053587949388,-20.6526917888708
257,257,0.0002112800583060946,0.00021488125218495138,-20.73678956737278,-20.658370198856304
258,258,0.0002136235218375115,0.0002109054269232346,-20.68866913470992,-20.739477910440808
259,259,0.00020775616381403788,0.0002156885763581254,-20.805981286637973,-20.642084020812277
260,260,0.00021246994786161316,0.00021556228871065142,-20.71370078645943,-20.644627599709885
261,261,0.00020693491822703904,0.00021597742957773765,-20.81446518033193,-20.636271778182255
262,262,0.00020817863771730322,0.00021313481250361197,-20.79043015365088,-20.69381154736814
263,263,0.00021259163847773998,0.00021451138002846979,-20.70334029312904,-20.665852091382995
264,264,0.00021169686926403994,0.00021485978428053816,-20.731737507129488,-20.658804106332727
265,265,0.00021108782540565145,0.00021478529685593553,-20.738789336795165,-20.660309976141107
266,266,0.00020593775303664704,0.00021377795967150872,-20.841537561766387,-20.680726182132783
267,267,0.00020786978531816072,0.00021303485156845694,-20.80730423517661,-20.6958488807121
268,268,0.00021043380142727233,0.00021642209015370004,-20.746297673124214,-20.627339589605636
269,269,0.0002067598001791414,0.0002141738552477603,-20.830007520819443,-20.672690917075865
270,270,0.00021292993000146846,0.00021127298992053655,-20.703126221556598,-20.73191567535513
271,271,0.00020961610755772743,0.00020941053624387438,-20.769211097492075,-20.770370170902765
272,272,0.00020951873154173,0.0002137667478037704,-20.763272287280195,-20.680953959588877
273,273,0.0002071003214463342,0.00021094987383357396,-20.81588366172287,-20.73856276024903
274,274,0.00020925681957058108,0.000211148768645025,-20.769059891034868,-20.73446992901043
275,275,0.00021366068322845188,0.00021282688938203807,-20.68190380284344,-20.700090484429957
276,276,0.00020082172569842798,0.00021269084199478753,-20.951217280187677,-20.702867554677177
277,277,0.0002057906384243793,0.00021198814685799574,-20.849051043136996,-20.71723967606254
278,278,0.0002068737281736025,0.00021096252710681016,-20.811437569185184,-20.73830226794144
279,279,0.00020906976310142614,0.0002098019743387244,-20.77805553618927,-20.762259751976085
280,280,0.00020277196722652416,0.00021196720665198212,-20.90782946774915,-20.71766869368686
281,281,0.00020516709620781127,0.00020892036799954154,-20.854916498816593,-20.78054763849988
282,282,0.00020524169682625912,0.00020835349048291775,-20.8583765802516,-20.792347655387438
283,283,0.0002097725901529481,0.00020825984814253293,-20.76327601083387,-20.794299986175538
284,284,0.00020279372894065935,0.00021031298015977402,-20.90516635265843,-20.751694685659203
285,285,0.00019937879318904285,0.00020963927167222689,-20.973597793384897,-20.76562903787569
286,286,0.00020657157550623507,0.00020804505421485948,-20.827644312895313,-20.79878150081946
287,287,0.00020408459003539467,0.00020677944427772768,-20.881257871023237,-20.825281821768446
288,288,0.00020258740273534714,0.00020668604931990174,-20.920602142823974,-20.827243819378367
289,289,0.00020460698608976317,0.00020730866067185017,-20.87147628275622,-20.814181001334937
290,290,0.00019917214429125997,0.0002070025726233756,-20.982411575058535,-20.82059803104262
291,291,0.00020505249132426244,0.00020566318524192626,-20.861624753839397,-20.848789882701126
292,292,0.0002029234339115834,0.00020565460267550262,-20.90080237766673,-20.84897112267413
293,293,0.0002057299063812231,0.00020421256608403238,-20.85210400652899,-20.87953083402504
294,294,0.0001996224177533223,0.00020715941393159722,-20.97555547619409,-20.817308722986233
295,295,0.00020046299908516602,0.0001995427408378179,-20.956408180223583,-20.97999612781503
296,296,0.00019748763258679356,0.00020021416314289366,-21.02066397560857,-20.965407497904593
297,297,0.00019632254234519932,0.00019984870940740955,-21.05444579951189,-20.97334197999473
298,298,0.0001994409013633165,0.000200304620145624,-20.97447464699043,-20.96344579326339
299,299,0.00019036539480421386,0.00019993273905895062,-21.186489312258374,-20.971516301756882
300,300,0.0001948833520783438,0.0001972793864919559,-21.085072054851697,-21.029538373310697
301,301,0.00019222642739120986,0.00019480484785928734,-21.14729013696992,-21.084357855880775
302,302,0.00019215570680842706,0.00019517494135805848,-21.138883351705676,-21.076114884475565
303,303,0.00018646943799373645,0.00019358021994489,-21.267731353366276,-21.11174567030997
304,304,0.0001902130694061364,0.00018983704227905132,-21.192899185633287,-21.19654587179805
305,305,0.00018762491617025327,0.00019217995654080848,-21.24124559292543,-21.143274551599063
306,306,0.0001882967744958731,0.00019081311735422596,-21.2382272881201,-21.17427319241287
307,307,0.00018705607790346306,0.00019168309364958028,-21.254138681045855,-21.15451735979981
308,308,0.00017787332320405824,0.00018655622797699548,-21.477857521897207,-21.27225793928577
309,309,0.00018477039042615439,0.00018826186332214427,-21.318735463544268,-21.23273193193169
310,310,0.0001866158839680024,0.0001865457766383004,-21.271540850001823,-21.272501248550732
311,311,0.00018122018922177942,0.0001867090920170181,-21.393219590743907,-21.268700790565077
312,312,0.00018472599808352317,0.0001877348863911864,-21.313427152154112,-21.24490561817948
313,313,0.000180399077902452,0.0001847257984704093,-21.417119023775598,-21.315079935402533
314,314,0.00018175304315254552,0.00018441140127833933,-21.376892949653662,-21.322477780905547
315,315,0.0001815479063037687,0.0001828688500130451,-21.388831965147517,-21.35895812196734
316,316,0.00017982413653241106,0.00018467337404696368,-21.433892658292436,-21.31631262024138
317,317,0.00017737006861896532,0.0001822671727399881,-21.493393779687963,-21.373270889801788
318,318,0.000178688918222366,0.00018190778715315421,-21.45775309644275,-21.381842551508036
319,319,0.00017918791382191894,0.00018014131025043562,-21.44306217273183,-21.424222287545586
320,320,0.00018348714785912008,0.0001821761558714666,-21.3497534583825,-21.375440122792355
321,321,0.00017647684415857568,0.00018004319511084375,-21.51458596423931,-21.426588345170813
322,322,0.0001728216355088042,0.0001782720202371772,-21.601533989220805,-21.469523599170746
323,323,0.00017349301992205079,0.00017820946844662294,-21.585564345300455,-21.47104771184487
324,324,0.0001726322469077092,0.00017852543801142784,-21.60953500514853,-21.463354387090575
325,325,0.000176133497794562,0.00017817849967334616,-21.52180984995266,-21.471802482969732
326,326,0.00017362737708026543,0.00017808739702511383,-21.58688664226872,-21.474023598077476
327,327,0.0001718061822364539,0.00017734598000778963,-21.634810282113403,-21.492141974529396
328,328,0.00017496132152035025,0.00017547171477130368,-21.548985829855525,-21.53828425814772
329,329,0.0001743349343293452,0.0001759000963494672,-21.570083753281995,-21.527694686540997
330,330,0.0001689636753241954,0.00017369834638788904,-21.704794403744245,-21.582398620232198
331,331,0.00017764429173542704,0.00017299609546745685,-21.483909599648157,-21.59999244810725
332,332,0.00017515921211542235,0.0001757460804104707,-21.551891584931354,-21.531498980807736
333,333,0.00017293783270192246,0.00017203383322339505,-21.605834530610576,-21.62421679686638
334,334,0.00016810451524713817,0.00017097127305245712,-21.7204861186869,-21.651124005337422
335,335,0.0001695862762418758,0.00016897567164912624,-21.683174686925376,-21.70211364632337
336,336,0.0001672639808714745,0.00017140865767080533,-21.744001815549566,-21.640027920987542
337,337,0.00016427667617687438,0.0001718550185231786,-21.826766892911202,-21.62873327038344
338,338,0.0001672804087085995,0.00016997656922811935,-21.74583617316751,-21.676464867142585
339,339,0.00017391723345427476,0.00016981765695259367,-21.57713121658587,-21.680527015589
