,epoch,train_loss,test_loss,train_dbs,test_dbs
0,0,9.46246633322948e-05,7.367804631174199e-05,-13.146886155413819,-14.24239984981617
1,1,5.209989681181056e-05,3.5300015186198596e-05,-15.739784345562057,-17.438031941048862
2,2,2.503595089702807e-05,1.8289671492024545e-05,-18.922793120661872,-20.293721813152082
3,3,1.7085293902053627e-05,1.7967671450797323e-05,-20.580359606961665,-20.370862886621637
4,4,1.7328012572105172e-05,1.7272105795104597e-05,-20.52097165201934,-20.54232796852923
5,5,1.682301411999584e-05,1.685643799550905e-05,-20.64797520561653,-20.64812278929445
6,6,1.658928764281319e-05,1.7032544411976185e-05,-20.709321331692678,-20.60298556301862
7,7,1.6336605617699704e-05,1.674262847173898e-05,-20.775182409603143,-20.67754446221315
8,8,1.6082113810644495e-05,1.6719111427894523e-05,-20.844605124477088,-20.68364894099072
9,9,1.582696138226761e-05,1.7044227637310733e-05,-20.914285674894053,-20.60000760461041
10,10,1.6185644077249327e-05,1.7411458238233247e-05,-20.814500187112536,-20.507429408109246
11,11,1.611845102123664e-05,1.614443561648889e-05,-20.83133511942014,-20.835552189461136
12,12,1.555420344301797e-05,1.544534174363913e-05,-20.986256093575758,-21.02780564384159
13,13,1.5257261786489872e-05,1.5858981513654152e-05,-21.071033661595475,-20.91302793459951
14,14,1.583801666541702e-05,1.8182331443408895e-05,-20.909764715258497,-20.319285161279307
15,15,1.633743364699203e-05,1.6431676445599326e-05,-20.776392761128157,-20.75896211637112
16,16,1.5381513595954303e-05,1.5272576762838168e-05,-21.037473220139603,-21.076657696727242
17,17,1.4970357421317231e-05,1.5756743203765883e-05,-21.15387076660541,-20.941116291893437
18,18,1.4793885323333316e-05,1.553899523730108e-05,-21.205656527933968,-21.00155152751203
19,19,1.5304891480200147e-05,1.529040314620177e-05,-21.05772423366581,-21.071591501723958
20,20,1.4615654740784108e-05,1.5708575837810424e-05,-21.25866295158788,-20.954412732685824
21,21,1.4698049916350823e-05,1.5002147177399724e-05,-21.234138654326973,-21.154246645681262
22,22,1.447244725212156e-05,1.5072181285129199e-05,-21.30369918540396,-21.134019772419972
23,23,1.5436953120668703e-05,1.69524764714879e-05,-21.020443392090694,-20.62344936040061
24,24,1.6095199507898796e-05,1.6089097650700224e-05,-20.84192019896085,-20.85046398742863
25,25,1.5161489476874344e-05,1.510172727361542e-05,-21.099318824457775,-21.12551463372505
26,26,1.4843543021456331e-05,1.4356266307770152e-05,-21.193908266515567,-21.345365804586365
27,27,1.4171744248987002e-05,1.4076062430639899e-05,-21.393820717860102,-21.430969019624975
28,28,1.4399635609752108e-05,1.4391034997779092e-05,-21.32330095350855,-21.334860569735937
29,29,1.4332774852161877e-05,1.4541603521042576e-05,-21.343034772682614,-21.289657869614764
30,30,1.4438114544411536e-05,1.4249174886285082e-05,-21.313663500651923,-21.377883695418028
31,31,1.4211534726575674e-05,1.420129568654566e-05,-21.380786742683977,-21.392501163218277
32,32,1.434127911987574e-05,1.4149977783075118e-05,-21.34175362093195,-21.408223283541552
33,33,1.444451082374819e-05,1.4292394313854043e-05,-21.308582418121457,-21.364730968517094
34,34,1.4303244703095862e-05,1.448045575096713e-05,-21.352872777281476,-21.3079585547396
35,35,1.4732982079519773e-05,1.4546749968614772e-05,-21.22218423651615,-21.288121121372118
36,36,1.4121567641943574e-05,1.4515443294122202e-05,-21.410282686411072,-21.29747782829036
37,37,1.4747438043057103e-05,1.436652105200521e-05,-21.221423479957625,-21.34226472740464
38,38,1.4233838246394784e-05,1.4292120603816952e-05,-21.372814643208308,-21.364814139953864
39,39,1.4296649882003435e-05,1.3960439422302634e-05,-21.357256293126945,-21.46678997863226
40,40,1.4840510470769249e-05,1.3817971098193849e-05,-21.19181398539652,-21.511338063537046
41,41,1.3509792800683386e-05,1.3919482434606547e-05,-21.60012017485764,-21.479549990399004
42,42,1.3509495700643514e-05,1.4130741587187482e-05,-21.601583140911778,-21.41413131926427
43,43,1.3796262202358963e-05,1.4023926317014756e-05,-21.512628713879863,-21.447084650588618
44,44,1.3583187115052834e-05,1.3989487007692284e-05,-21.576339779866387,-21.457762970549943
45,45,1.3930953867099196e-05,1.3912548016186951e-05,-21.467488500645192,-21.48171410107895
46,46,1.3890876734595368e-05,1.4156424808070847e-05,-21.4796620992978,-21.406244997943634
47,47,1.3815202992097426e-05,1.3754044773936345e-05,-21.501574110756575,-21.531476525482745
48,48,1.5001447456935361e-05,1.4898710967252937e-05,-21.146059570309493,-21.184293913401547
49,49,1.424912473799081e-05,1.4102033913475584e-05,-21.368265080475865,-21.42296331566357
50,50,1.3790183158524782e-05,1.3828991062550095e-05,-21.510767243864,-21.507875903798613
51,51,1.3860217143129498e-05,1.4382898323100035e-05,-21.49010830615949,-21.33731676018369
52,52,1.3959358689932095e-05,1.395580746152279e-05,-21.455048512529814,-21.468231171665057
53,53,1.3971688025138946e-05,1.415227440080152e-05,-21.455273732126376,-21.40751845736636
54,54,1.3981924008269921e-05,1.414324302267663e-05,-21.451616309153362,-21.41029082428096
55,55,1.4009973448392162e-05,1.4055572568108082e-05,-21.442933955744188,-21.43729544594645
56,56,1.398622147856249e-05,1.4096953188862627e-05,-21.44855257065597,-21.42452828725588
57,57,1.409830460990221e-05,1.414612612088125e-05,-21.413355928279817,-21.40940560578137
58,58,1.4122426453412249e-05,1.398457525762129e-05,-21.408270534680106,-21.459288059007967
59,59,1.379564177695261e-05,1.4310686837186376e-05,-21.509258847066477,-21.359176082325327
60,60,1.3880527758467991e-05,1.3884971131598209e-05,-21.483236178677227,-21.490331051872538
61,61,1.4088721784610617e-05,1.356656517409168e-05,-21.42027349241296,-21.59108180802411
62,62,1.3746755977296847e-05,1.4100107747301655e-05,-21.525454122595097,-21.423556549576034
63,63,1.3898043810691775e-05,1.3931276809767281e-05,-21.478454131903277,-21.475871647334053
64,64,1.3990317739560701e-05,1.3913919582065367e-05,-21.44718640790849,-21.481285973799807
65,65,1.3872387884025697e-05,1.3816199354646655e-05,-21.485909211288675,-21.51189495265971
66,66,1.4068972561908969e-05,1.3533191026669412e-05,-21.425813849578628,-21.60177874218394
67,67,1.3982335910919368e-05,1.3858655668292685e-05,-21.44972809180338,-21.498569818932225
68,68,1.3734113288348416e-05,1.385965405413452e-05,-21.529563090825054,-21.498256961859443
69,69,1.3860955535624412e-05,1.3479557023138592e-05,-21.487857267574363,-21.619024660549393
70,70,1.409713575450257e-05,1.4004018387487649e-05,-21.41617363027558,-21.45325413999277
71,71,1.3715740215516657e-05,1.386661183220751e-05,-21.534210451913847,-21.496077278017975
72,72,1.3577674625472336e-05,1.362778091692905e-05,-21.577835721636017,-21.571529431852916
73,73,1.3526189171166948e-05,1.3526008172591805e-05,-21.59650759117372,-21.60408440832026
74,74,1.3618223288785979e-05,1.3753405734237994e-05,-21.56301269861187,-21.531678311842178
75,75,1.3750361786244952e-05,1.3359462699506702e-05,-21.525745643735267,-21.6578909460538
76,76,1.3303214046507342e-05,1.3455872201455732e-05,-21.667207603364975,-21.626662326113998
77,77,1.3280921609396866e-05,1.3361827098522458e-05,-21.675349203567478,-21.65712238626047
78,78,1.3395096011288505e-05,1.3607296607101729e-05,-21.63819354052044,-21.578062348378143
79,79,1.3089472735579697e-05,1.3409284005511405e-05,-21.73796397196417,-21.641724971978896
80,80,1.3182939733972667e-05,1.3239035452945819e-05,-21.705412574026273,-21.69721741157899
81,81,1.3065366925429865e-05,1.3071104532221062e-05,-21.74708024591647,-21.7526579851926
82,82,1.2776237289256538e-05,1.3040137817274386e-05,-21.844990581372258,-21.76295904980617
83,83,1.293513621968702e-05,1.2980143382217074e-05,-21.787900330007716,-21.78298596501279
84,84,1.2938676324675098e-05,1.3165983546059579e-05,-21.788529183511457,-21.72124778322825
85,85,1.2745535903227438e-05,1.3200805800519638e-05,-21.851440719080564,-21.709776442100367
86,86,1.256837827595612e-05,1.337019842283457e-05,-21.91500620874305,-21.654402337926747
87,87,1.291441589104973e-05,1.2960107884091007e-05,-21.799701462328166,-21.78969469571804
88,88,1.2794417342934374e-05,1.2696050816884963e-05,-21.83751109781373,-21.879094342817172
89,89,1.2739190930643445e-05,1.2870889517408182e-05,-21.8539194354019,-21.81969523949313
90,90,1.2828875476527136e-05,1.2844045063263221e-05,-21.824050934875274,-21.828762657108616
91,91,1.2851587495422735e-05,1.2758778690400313e-05,-21.817960092796017,-21.85768981958796
92,92,1.2714530699086776e-05,1.3064996126463244e-05,-21.864382871333383,-21.75468801025012
93,93,1.2876932192064243e-05,1.3047963349029152e-05,-21.809819131625844,-21.760353582018904
94,94,1.250923777820624e-05,1.2893054669180665e-05,-21.93440656477972,-21.812222621627985
95,95,1.2358961706097747e-05,1.283788826281364e-05,-21.989919157072137,-21.830844949340047
96,96,1.2644389464429006e-05,1.3039810159841037e-05,-21.8869481573115,-21.763068175649053
97,97,1.255941558071951e-05,1.2325643063760302e-05,-21.918743901133023,-22.007684994124993
98,98,1.2530970871387008e-05,1.2723137986444941e-05,-21.923757280183622,-21.869838490622936
99,99,1.2766879601408572e-05,1.29516487696061e-05,-21.84611790262825,-21.7925302787487
100,100,1.2626247656409815e-05,1.2992138085552907e-05,-21.892431367405905,-21.77897458553684
101,101,1.247937812952363e-05,1.323996754141071e-05,-21.945538510063358,-21.696911659223282
102,102,1.2383109854632381e-05,1.2985258811233124e-05,-21.978461781107175,-21.781274762847364
103,103,1.258082696593417e-05,1.2641457176773416e-05,-21.906459221951682,-21.89780948508345
104,104,1.2399969879889167e-05,1.3002156648374358e-05,-21.973538206952256,-21.775626922667023
105,105,1.2324980330565277e-05,1.2968896283526096e-05,-21.99879992166344,-21.78675069254622
106,106,1.2461666076503497e-05,1.2840291913706e-05,-21.949015361292368,-21.83003189147158
107,107,1.2219719056449003e-05,1.2660236614848194e-05,-22.034219717220385,-21.89136263777438
108,108,1.2704377390899439e-05,1.2804566722479649e-05,-21.86904827050174,-21.842131988158606
109,109,1.2418170026836547e-05,1.235774877721652e-05,-21.968450519022173,-21.996387242061857
110,110,1.210528753946755e-05,1.2780932018741672e-05,-22.07623657130126,-21.850155614696636
111,111,1.2294128001232502e-05,1.2295351792234119e-05,-22.01108240644387,-22.018371271254008
112,112,1.2386004527797922e-05,1.2483921277874432e-05,-21.97826545990711,-21.952270649353768
113,113,1.2238647989939523e-05,1.2597632360810071e-05,-22.02903013057854,-21.912891562305994
114,114,1.2137006078117657e-05,1.2427377202440862e-05,-22.066429687692516,-21.971986058518308
115,115,1.2148667230070077e-05,1.2345087414264286e-05,-22.06181447962863,-22.000839168555174
116,116,1.198266387085092e-05,1.2376154748045864e-05,-22.122598964145517,-21.989923553034654
117,117,1.1981040994758531e-05,1.2492013554851597e-05,-22.12261335630788,-21.949456395245775
118,118,1.2263317503967891e-05,1.25749400850557e-05,-22.020858558533266,-21.920721618477423
119,119,1.230821653828655e-05,1.2519141436266517e-05,-22.006111479366695,-21.940035403829405
120,120,1.207096224835865e-05,1.234425510694181e-05,-22.090295701239548,-22.001131980303583
121,121,1.1942921062036101e-05,1.2426309312056555e-05,-22.136757691528967,-21.972359265850105
122,122,1.2093202445781177e-05,1.2541729072262042e-05,-22.081890312359494,-21.932206714618392
123,123,1.210783058979228e-05,1.2073484484924274e-05,-22.076103740842832,-22.09745457971943
124,124,1.2092196779046867e-05,1.2483252033378353e-05,-22.08432845071772,-21.952503474422215
125,125,1.2119902528622296e-05,1.2280956693039594e-05,-22.072335178232176,-22.023458864344178
126,126,1.1892331024017077e-05,1.2289108015370162e-05,-22.156482485949645,-22.020577248458935
127,127,1.198901535991757e-05,1.244285579703405e-05,-22.118031430663496,-21.96658018307875
128,128,1.1806758899070964e-05,1.2265469218906028e-05,-22.185736034858344,-22.028939194125382
129,129,1.1963910629233819e-05,1.2733791903117794e-05,-22.127022768735824,-21.866203380252685
130,130,1.1947288877524546e-05,1.244825400710014e-05,-22.13512768372986,-21.96469644796283
131,131,1.1851118804620502e-05,1.2421032519533151e-05,-22.169181944706246,-21.974203875164893
132,132,1.2062184930645222e-05,1.2234971539950684e-05,-22.09429654647252,-22.03975122861282
133,133,1.2080650842258318e-05,1.2324649823743752e-05,-22.087158054743135,-22.008034976707833
134,134,1.1893632876608441e-05,1.2670478530421142e-05,-22.152995193537265,-21.887850689821605
135,135,1.1877789849264801e-05,1.2172676681649663e-05,-22.16007101561615,-22.061919994493294
136,136,1.1841254054723828e-05,1.2105178939236794e-05,-22.17424036297057,-22.086068727443454
137,137,1.1794497822847916e-05,1.214174505405122e-05,-22.19144187649624,-22.072969767813078
138,138,1.16569897577439e-05,1.2126816751620745e-05,-22.240209481562413,-22.078312713340193
139,139,1.1700216531345486e-05,1.204675453137545e-05,-22.226053192953387,-22.107080252228016
140,140,1.1686902813455594e-05,1.2205387879236552e-05,-22.230281030234572,-22.050265007610207
141,141,1.1710102359016279e-05,1.1922950067712104e-05,-22.22200382295569,-22.151943611574005
142,142,1.1653089558487559e-05,1.1865341548400465e-05,-22.241144141826847,-22.172978422615902
143,143,1.1800222998233236e-05,1.1996986311140445e-05,-22.188663063035197,-22.125059230151912
144,144,1.1749006215226117e-05,1.2145676656042556e-05,-22.208363576500858,-22.07156371237815
145,145,1.168122061403899e-05,1.1725225680205959e-05,-22.232005755986624,-22.22456875817082
146,146,1.1517136396467266e-05,1.1881867617615316e-05,-22.293219554583818,-22.166933769725517
147,147,1.1821282132399405e-05,1.2127961733648063e-05,-22.183046487398986,-22.077902683310842
148,148,1.1505044251852897e-05,1.1999696916494654e-05,-22.298927542301385,-22.12407809376586
149,149,1.1413432242914064e-05,1.1941102528860364e-05,-22.333485290219315,-22.14533659024078
150,150,1.1607481080796582e-05,1.1757308752030918e-05,-22.26057699071234,-22.21270163218751
151,151,1.157786264042274e-05,1.1926168075373617e-05,-22.26995579529706,-22.15077160766995
152,152,1.1685763202529921e-05,1.1888913449135879e-05,-22.23059779106019,-22.16435920910774
153,153,1.140855027694398e-05,1.2010707379024671e-05,-22.334381551614708,-22.120095000939667
154,154,1.139313680769848e-05,1.1864481262148873e-05,-22.339836081917326,-22.17329331546198
155,155,1.157702131094243e-05,1.1373646765078823e-05,-22.270174429508046,-22.356783502224445
156,156,1.1045955498329276e-05,1.1463843389049688e-05,-22.476128988387366,-22.322478419232294
157,157,1.1118905154175663e-05,1.169280951791351e-05,-22.445596390515576,-22.236592114768246
158,158,1.1088808985301306e-05,1.1395155142006269e-05,-22.456934047109293,-22.348578439673613
159,159,1.1014461829900123e-05,1.181243571504877e-05,-22.48737452613546,-22.19238628296302
160,160,1.0823830212082368e-05,1.1448755685705692e-05,-22.563385138066714,-22.328197986211652
161,161,1.0756712836342727e-05,1.1382607418023613e-05,-22.591472245787706,-22.353363288776315
162,162,1.07028616128577e-05,1.1434283877813295e-05,-22.612386920547568,-22.33369116130433
163,163,1.0999077295712868e-05,1.1215836653527253e-05,-22.49308026166974,-22.41746410686405
164,164,1.0895423834768998e-05,1.1596870272593438e-05,-22.53423974285704,-22.272372873369353
165,165,1.0615839425188768e-05,1.1326415197369275e-05,-22.647482144790562,-22.37485608622257
166,166,1.1008509698081774e-05,1.1330478532487942e-05,-22.48996239309879,-22.37329834043436
167,167,1.0944303146070806e-05,1.147083041455756e-05,-22.51444865490737,-22.319832271532224
168,168,1.092100804730903e-05,1.1221197478574285e-05,-22.52535468045224,-22.415388808705682
169,169,1.0815839522899868e-05,1.1183122847126614e-05,-22.56544128762009,-22.43014990658014
170,170,1.0588059495537741e-05,1.125516576537752e-05,-22.65820015985126,-22.40226190682249
171,171,1.0964793827295898e-05,1.1317385997244855e-05,-22.503882036782258,-22.3783195789146
172,172,1.0946425742620648e-05,1.1272907110986508e-05,-22.513021772860185,-22.395421579081493
173,173,1.0687916448997507e-05,1.1157037462046565e-05,-22.618652517256663,-22.440291950137862
174,174,1.071146346841544e-05,1.1070164969408469e-05,-22.608923631516138,-22.474239934735326
175,175,1.1055037492079679e-05,1.1299453753484781e-05,-22.475768878081777,-22.385206373206742
176,176,1.0719490912435372e-05,1.098703100261015e-05,-22.60500036030784,-22.506977363416517
177,177,1.081364349637315e-05,1.1253746498895404e-05,-22.56675784675279,-22.40280958286753
178,178,1.066659663208447e-05,1.13985181422705e-05,-22.62753788799469,-22.347296915234985
179,179,1.0716115271280455e-05,1.1172838496445605e-05,-22.605582654474116,-22.43414565249967
180,180,1.0796882488835932e-05,1.1287955658190185e-05,-22.574283411116554,-22.389627915915916
181,181,1.0853455783082196e-05,1.1132663075841265e-05,-22.55209835049631,-22.44979020753275
182,182,1.0669665886039699e-05,1.1249499206506267e-05,-22.624109991996598,-22.40444896919756
183,183,1.087201987793003e-05,1.158864865589605e-05,-22.547143410479507,-22.275452901834246
184,184,1.0608853746404194e-05,1.1047772013147264e-05,-22.652492593681067,-22.483033829634515
185,185,1.0812879183279234e-05,1.1240633164944532e-05,-22.570695445418778,-22.407873113673418
186,186,1.077778327355903e-05,1.105154028903742e-05,-22.581928223460718,-22.48155275056846
187,187,1.0688592897402242e-05,1.0855191248992924e-05,-22.618327958734262,-22.559406069804776
188,188,1.0665965869380089e-05,1.1113249360948286e-05,-22.627608377997323,-22.457370270985386
189,189,1.0719534211884164e-05,1.1119116008653931e-05,-22.608342807880724,-22.45507824965287
190,190,1.073462977053834e-05,1.1277446710185981e-05,-22.60192924576897,-22.393673027440443
191,191,1.059119792265959e-05,1.1022217772973053e-05,-22.65842393813553,-22.493090989210987
192,192,1.0498994315545957e-05,1.1153255711274381e-05,-22.696396640727787,-22.441764269210736
193,193,1.068859472576788e-05,1.1251463260314745e-05,-22.616147523543795,-22.403690799199623
194,194,1.0422332749287083e-05,1.1032897562376762e-05,-22.727518279386555,-22.488885004433385
195,195,1.0630378396526044e-05,1.1158343376767957e-05,-22.64078900347873,-22.439783644622416
196,196,1.0461242240613575e-05,1.104665608708226e-05,-22.70904518003647,-22.483472528957673
197,197,1.0464208735731855e-05,1.1026747942148512e-05,-22.71214491358615,-22.491306390760343
198,198,1.0751062005117101e-05,1.0967090618482631e-05,-22.592662974266105,-22.514866543703004
199,199,1.0542469896894e-05,1.1010999873848815e-05,-22.678975590704074,-22.497513286659554
200,200,1.0553679400340884e-05,1.1274840696722477e-05,-22.672311797317555,-22.394676719218204
201,201,1.050487166720973e-05,1.1064658433736585e-05,-22.69489697398373,-22.47640074538421
202,202,1.0372535645316376e-05,1.1017421073981831e-05,-22.748857938994156,-22.49498138310591
203,203,1.0482807808620772e-05,1.1115146782302824e-05,-22.701477525833923,-22.456628841310646
204,204,1.0561061585998612e-05,1.1293153276806392e-05,-22.670788865158656,-22.387628636668456
205,205,1.0475174696187696e-05,1.0959913915461297e-05,-22.706603007390996,-22.51770943327955
206,206,1.0546296506777488e-05,1.1033578223424756e-05,-22.67655064488323,-22.48861708005782
207,207,1.0439069073888192e-05,1.107608013147623e-05,-22.718889327817777,-22.47191997277791
208,208,1.047749448431561e-05,1.072525401468738e-05,-22.70396143746118,-22.611704996090303
209,209,1.0363840993170352e-05,1.0771691497785995e-05,-22.75340888802136,-22.592941796433248
210,210,1.0271141252008785e-05,1.0920299222274671e-05,-22.788716812470525,-22.533435478856635
211,211,1.0477100373070252e-05,1.1122047381879957e-05,-22.706079258186197,-22.453933454120836
212,212,1.0358633596869245e-05,1.0767835072711981e-05,-22.75774976134349,-22.594496913387125
213,213,1.036638859565671e-05,1.0869236216661337e-05,-22.750260498905888,-22.553790591269042
214,214,1.065286672191806e-05,1.1189050239504708e-05,-22.63271567070447,-22.42784862466877
215,215,1.044625060344937e-05,1.0820981443478223e-05,-22.717168869271504,-22.573114340455795
216,216,1.0460678541423158e-05,1.0893136995467725e-05,-22.71158767344511,-22.544251208389245
217,217,1.0602511019428253e-05,1.0769904173158514e-05,-22.653382751080606,-22.593662472131303
218,218,1.0457736733929104e-05,1.0616961988393756e-05,-22.71296185301353,-22.655778238600483
219,219,1.053448820420806e-05,1.0860326543287987e-05,-22.68134058513537,-22.557352027125983
220,220,1.023192213399374e-05,1.117928824992544e-05,-22.808759220186147,-22.43163932059179
221,221,1.040458926713045e-05,1.0844857067575886e-05,-22.734002059327793,-22.563542538293895
222,222,1.0280405079065905e-05,1.0964456721826297e-05,-22.78833450720718,-22.515909686506834
223,223,1.01167414887294e-05,1.0943593990400826e-05,-22.857282327663626,-22.5241811406799
224,224,1.0200230369179932e-05,1.1020495955898169e-05,-22.820078611326878,-22.493769467972893
225,225,1.0190258852106258e-05,1.049786408800987e-05,-22.82454161375633,-22.704771405104673
226,226,1.0236417156849393e-05,1.080821819318532e-05,-22.80572096766638,-22.578239828138976
227,227,1.0168845526011151e-05,1.091298980482909e-05,-22.83737077531873,-22.53634336852658
228,228,1.0315789551764892e-05,1.0717825884249147e-05,-22.773687201930663,-22.61471388866024
229,229,1.0143272096140264e-05,1.1039862855748078e-05,-22.844089536838702,-22.486144079855663
230,230,1.0436625205367124e-05,1.051096121859461e-05,-22.720958234393215,-22.69935652617111
231,231,1.041652068902904e-05,1.0922502473189716e-05,-22.729790015098253,-22.532559346086458
