,epoch,train_loss,test_loss,train_dbs,test_dbs
0,0,2.0333772461282896e-05,1.8830977990690274e-05,-36.922769775134704,-37.24914430501357
1,1,1.939372371631067e-05,1.8818884966190364e-05,-37.13181733023387,-37.251934187142204
2,2,1.8954517520224847e-05,1.8508502714547304e-05,-37.218953257717594,-37.32416019296146
3,3,1.907478999970577e-05,1.8483804380689673e-05,-37.206189050579496,-37.3299594266631
4,4,1.8771623808319907e-05,1.8381127359278155e-05,-37.2575569085524,-37.35415162071865
5,5,1.8658045444249885e-05,1.8377942260964407e-05,-37.28638164104753,-37.35490423531948
6,6,1.8973950702893864e-05,1.829470319965989e-05,-37.21863406854222,-37.37461938083499
7,7,1.8648234949931477e-05,1.834968201077764e-05,-37.28771735892617,-37.361587636916425
8,8,1.8394254757086602e-05,1.778378239243083e-05,-37.35366529644291,-37.4976317070743
9,9,1.7908323130053685e-05,1.7314700495549723e-05,-37.463650207039635,-37.61372322620509
10,10,1.82889268695156e-05,1.700719066751557e-05,-37.38102731999141,-37.69154725665583
11,11,1.5094152791020533e-05,1.0331587059466218e-05,-38.2106760183715,-39.85620266632191
12,12,8.978961877520052e-06,8.39566770369665e-06,-40.46051883781477,-40.75732065182968
13,13,7.856425791314249e-06,6.558892796180628e-06,-41.042480966607215,-41.82956773774699
14,14,6.472426217986083e-06,6.079999318324936e-06,-41.89121349367578,-42.15883775695744
15,15,6.0752500551821755e-06,6.084913916550393e-06,-42.170334406431564,-42.15532867643216
16,16,5.89936081203482e-06,5.857853298757139e-06,-42.29009903036609,-42.320488150554596
17,17,5.879870471843103e-06,5.820778345591143e-06,-42.307652929022446,-42.34806244548568
18,18,5.827947991269163e-06,5.7937981852630495e-06,-42.34481448177604,-42.3682394287728
19,19,5.814724936874309e-06,5.741993486720419e-06,-42.352665800911055,-42.40724610746195
20,20,5.755685538367954e-06,5.7374420880238945e-06,-42.38509702283466,-42.410689913439256
21,21,5.836422414430081e-06,5.840179901976003e-06,-42.335126874103636,-42.333610808708535
22,22,5.711222025432285e-06,5.687074510780421e-06,-42.4277170407956,-42.44898387957642
23,23,5.7134194865228116e-06,5.7154355473405875e-06,-42.42893712255392,-42.42737974677384
24,24,5.660203798245291e-06,5.687596058123745e-06,-42.469132708782816,-42.44858561725833
25,25,5.655054506466522e-06,5.648006926525054e-06,-42.46374445580422,-42.4789208562825
26,26,5.702873436020286e-06,5.690607993433093e-06,-42.4378818933221,-42.44628636702635
27,27,5.657130671905404e-06,5.6444955350200056e-06,-42.480998942979355,-42.4816217244183
28,28,5.652983647976107e-06,5.6184738385031535e-06,-42.47681342148714,-42.50168943292408
29,29,5.599855716561073e-06,5.6441845117660705e-06,-42.514578626331954,-42.48186103615785
30,30,5.631775103520527e-06,5.543176748209302e-06,-42.495641522501195,-42.56028579668768
31,31,5.557760480947651e-06,5.574215265369276e-06,-42.546188137305954,-42.53603569965722
32,32,5.540865421392379e-06,5.5318870708058394e-06,-42.55621589722688,-42.569140005344565
33,33,5.552928677829673e-06,5.539505524977453e-06,-42.55693077566359,-42.563163064140525
34,34,5.557688546480104e-06,5.578453917558746e-06,-42.548837269512376,-42.53273456462841
35,35,5.509543474001532e-06,5.627378222446791e-06,-42.582104965243126,-42.494812007187626
36,36,5.52294498157073e-06,5.498536474509533e-06,-42.57286841740023,-42.59540195986708
37,37,5.548178443259718e-06,5.5167558313865145e-06,-42.56066197708425,-42.58103543530951
38,38,5.484818827717015e-06,5.493611321358721e-06,-42.61333653818145,-42.599293768854345
39,39,5.526587971974916e-06,5.4592268689272095e-06,-42.58476771293174,-42.626561636326805
40,40,5.52666613694998e-06,5.4735009095901135e-06,-42.58115975026696,-42.61522111684728
41,41,5.540859523741169e-06,5.4994457298705944e-06,-42.56402348299565,-42.59468385616494
42,42,5.531665113632755e-06,5.46163315256739e-06,-42.57357923194883,-42.62464780221177
43,43,8.374935420114216e-06,9.07290115336716e-06,-40.769444664242734,-40.42041126886082
44,44,9.165900177997418e-06,8.638371199547118e-06,-40.377536856725214,-40.63355444090838
45,45,8.599027141733046e-06,9.479648724664003e-06,-40.65494132544184,-40.22995061740731
46,46,8.51778750262552e-06,8.243483056216255e-06,-40.69889136174951,-40.83676556656857
47,47,9.590030196104822e-06,8.463920398514202e-06,-40.17996464870403,-40.72215736019214
48,48,8.397910775230915e-06,8.133884612585749e-06,-40.76643994484621,-40.89489299072458
49,49,7.924970665869492e-06,7.757579360737796e-06,-41.010106228730294,-41.10061079125697
50,50,7.084429309599596e-06,6.103721548960924e-06,-41.49757360937295,-42.141925933394404
51,51,5.845864357117122e-06,5.664506500723196e-06,-42.32456909587494,-42.46625226736941
52,52,5.676407740277673e-06,5.633446059954095e-06,-42.465102758894844,-42.49013165957635
53,53,5.708252909656592e-06,5.571142992266687e-06,-42.43356485163091,-42.538430008136686
54,54,5.6449719419650085e-06,5.569538595744617e-06,-42.48309061457718,-42.53968088413675
55,55,5.631639691948538e-06,5.7848168293467575e-06,-42.49513951091111,-42.37497694287416
56,56,5.623168048841012e-06,5.512423501242761e-06,-42.497629766249986,-42.584447306882616
57,57,5.544953187522551e-06,5.496393728926226e-06,-42.55767912778438,-42.597094708393016
58,58,5.60160088687403e-06,5.478630483642184e-06,-42.520791058580784,-42.61115296647866
59,59,5.528400618356134e-06,5.467934873817476e-06,-42.57765548101291,-42.61963973041594
60,60,5.502042693047563e-06,5.480432743130031e-06,-42.58842950222692,-42.609724538991046
61,61,5.478574424619323e-06,5.4826460463549375e-06,-42.60990477561066,-42.60797097065705
62,62,5.5181115938692e-06,5.544315938191415e-06,-42.58160445714489,-42.55939336060892
63,63,5.465733479890257e-06,5.517903637634222e-06,-42.62235426898546,-42.5801319440457
64,64,5.504545580273789e-06,5.399784832230867e-06,-42.59998287259414,-42.67410851645409
65,65,5.506794770047508e-06,5.429979098966885e-06,-42.58697282860139,-42.64989148367278
66,66,5.448885592168435e-06,5.408300790134633e-06,-42.63215739946937,-42.66726468782373
67,67,5.452049278864786e-06,5.409323804135631e-06,-42.6304150272706,-42.666443270269454
68,68,5.456603479821574e-06,5.518651577356075e-06,-42.62972567814808,-42.57954330730503
69,69,5.511870406819783e-06,5.4288422305896684e-06,-42.59266954112426,-42.65080085615382
70,70,5.445258335084966e-06,5.4238482909185176e-06,-42.64551031677564,-42.65479772788055
71,71,5.442228859802648e-06,5.461934769731383e-06,-42.62836533728346,-42.6244079709205
72,72,5.397561254380655e-06,5.422245713385851e-06,-42.679465937483705,-42.65608112185454
73,73,5.437698029109202e-06,5.5150614427571115e-06,-42.65246401410523,-42.58236951041147
74,74,5.392199853435459e-06,5.394177869196651e-06,-42.693904153349536,-42.678620433703344
75,75,5.458408132963273e-06,5.633485144292201e-06,-42.63036605497783,-42.4901015287234
76,76,5.547354281663933e-06,5.409472841596366e-06,-42.56455901633282,-42.66632361528578
77,77,5.459020555753875e-06,5.354345112688239e-06,-42.62985330259855,-42.710809462044004
78,78,5.41009529621716e-06,5.385376904374234e-06,-42.67262838383846,-42.68571202772066
79,79,5.4082761286651675e-06,5.458695891559871e-06,-42.659911992915774,-42.62698406199493
80,80,5.408603204525263e-06,5.415598719226086e-06,-42.66709491665254,-42.66140829418062
81,81,5.36958543175997e-06,5.359989484675584e-06,-42.70203641617386,-42.70623368589589
82,82,5.407392610819799e-06,5.4138505028707805e-06,-42.664122999747384,-42.66281047208885
83,83,5.423013735520558e-06,5.371294934631901e-06,-42.66389181712807,-42.69708306392732
84,84,5.367743522152316e-06,5.342024187963321e-06,-42.69419872199891,-42.7208145615991
85,85,5.396211189193862e-06,5.388925297953201e-06,-42.682432560496544,-42.682851428903696
86,86,5.3949595369595416e-06,5.399175781923604e-06,-42.67680042072087,-42.674598391725205
87,87,5.3757719741174085e-06,5.339381483568822e-06,-42.6859492283408,-42.72296355208695
88,88,5.382326247685735e-06,5.332898437796087e-06,-42.68740234035113,-42.72823993421354
89,89,5.4004431899322545e-06,5.683370976552588e-06,-42.68027493704067,-42.451813011534995
90,90,5.435499813231836e-06,5.354433668751306e-06,-42.65173737590847,-42.71073763422813
91,91,5.383451747379179e-06,5.37229535486978e-06,-42.6900974359102,-42.69627425238771
92,92,5.415525687492414e-06,5.318111059176245e-06,-42.67008245183558,-42.74029903727694
93,93,5.39444837749656e-06,5.397523253984553e-06,-42.684716791362256,-42.67592784208468
94,94,5.363350020470721e-06,5.318835543508421e-06,-42.7011255510751,-42.739707439782045
95,95,5.356670996108508e-06,5.405631686459712e-06,-42.7153120250233,-42.669408546265046
96,96,5.378110528777752e-06,5.5084119594539516e-06,-42.698872439318684,-42.58760893749758
97,97,5.323087355735851e-06,5.360038022971773e-06,-42.73958068833466,-42.70619435779868
98,98,5.329490859460832e-06,5.4850969909717896e-06,-42.7333789240653,-42.60602994826685
99,99,5.3664885507311465e-06,5.253947572208218e-06,-42.70702416018832,-42.793015715177
100,100,5.336012161502161e-06,5.308103290620861e-06,-42.72723313303522,-42.748479410459225
101,101,5.345275515059463e-06,5.300723147995182e-06,-42.71623298895939,-42.754521842680305
102,102,5.338702048340058e-06,5.312653660152328e-06,-42.72361961817737,-42.74475801751479
103,103,5.359123884566721e-06,5.312319803794564e-06,-42.7056975551266,-42.74503094426508
104,104,5.299546163647373e-06,5.36654569690367e-06,-42.76055320301663,-42.70092474484603
105,105,5.314492082294405e-06,5.286658889465463e-06,-42.751455667515195,-42.76606016904416
106,106,5.3852004103393164e-06,5.264163064566674e-06,-42.69705801585492,-42.784579726035254
107,107,5.341760393046982e-06,5.298596964789076e-06,-42.7257409066729,-42.75626419905126
108,108,5.351178548228267e-06,5.332724197758484e-06,-42.71114699042637,-42.72838183214009
109,109,5.305535603500962e-06,5.2718870440577646e-06,-42.740547890648145,-42.77821209824748
110,110,5.307453493421151e-06,5.26506413447542e-06,-42.74932110335164,-42.78383640521458
111,111,5.31955834752076e-06,5.26820088596555e-06,-42.7368015574089,-42.781249792419985
112,112,5.295266578521234e-06,5.410079450628377e-06,-42.754359956351706,-42.66583663218623
113,113,5.3629040586511295e-06,5.284099379902105e-06,-42.70906724663771,-42.76816329329152
114,114,5.2346990085744e-06,5.23014607192875e-06,-42.81590339694338,-42.81273487897339
115,115,5.3014419162789955e-06,5.227865178887059e-06,-42.75552009315205,-42.81462927218787
116,116,5.2950724014024055e-06,5.477862295696181e-06,-42.76263058062527,-42.6117619565876
117,117,5.3582877917131216e-06,5.454587440717181e-06,-42.71540789964148,-42.6302539809737
118,118,5.341490254368088e-06,5.330995224396343e-06,-42.72585603603403,-42.729790128002705
119,119,5.318859044545554e-06,5.250385488340582e-06,-42.744526231702494,-42.7959611538225
120,120,5.2933709946618246e-06,5.238902662983348e-06,-42.763313840009744,-42.80546976796198
121,121,5.221486788417978e-06,5.260450842271032e-06,-42.80859539185493,-42.78764339704442
122,122,5.272439456976574e-06,5.244644087629001e-06,-42.780770100357955,-42.80071284866648
123,123,5.324045194300329e-06,5.2479371286034095e-06,-42.741635522192816,-42.797986828173805
124,124,5.277287837276331e-06,5.263924585482241e-06,-42.77500392095611,-42.78477647620277
125,125,5.295301481552444e-06,5.390337886829481e-06,-42.76098948108695,-42.68171317010592
126,126,5.325417649934006e-06,5.250992767526584e-06,-42.740003065630276,-42.795458861659846
127,127,5.3315799031571665e-06,5.24235275933231e-06,-42.73049537095002,-42.802610648896305
128,128,5.319818594272743e-06,5.2668658195455605e-06,-42.745933786512474,-42.78235052011064
129,129,5.393369908993056e-06,5.246247933667435e-06,-42.6770996271477,-42.79938495111816
130,130,5.3253329731644e-06,5.241399154137501e-06,-42.74007247778785,-42.80340072000555
131,131,5.299603663402617e-06,5.2463025990858255e-06,-42.75611986272234,-42.79933969827047
132,132,5.2840009301849254e-06,5.305900685925735e-06,-42.77223373370517,-42.75028189532875
133,133,5.297445849717724e-06,5.228201620124501e-06,-42.765597569326516,-42.81434978932732
134,134,5.293690344505072e-06,5.248399869934043e-06,-42.76028063063427,-42.79760390219383
135,135,5.292157461506989e-06,5.3269041975574125e-06,-42.773717375026536,-42.733124200503084
136,136,5.26884256482704e-06,5.249092043270234e-06,-42.77760265459169,-42.79703118051259
137,137,5.285361501441959e-06,5.220036559637121e-06,-42.76524306220742,-42.8211376158966
138,138,5.260729918968396e-06,5.287112870926074e-06,-42.78629214554377,-42.765687243189845
139,139,5.293752846481175e-06,5.206081871284895e-06,-42.76100559819621,-42.83276312697653
140,140,5.2458243087514964e-06,5.21364221353188e-06,-42.80283606552552,-42.826460819029336
141,141,5.319657023007785e-06,5.34402373599924e-06,-42.73312616711951,-42.71918927843621
142,142,5.292285292393758e-06,5.275039520232608e-06,-42.7629276195379,-42.77561588590166
143,143,5.224535358400917e-06,5.263001879173221e-06,-42.81442697731178,-42.78553781192748
144,144,5.274910568145642e-06,5.266857083609609e-06,-42.77520787382268,-42.78235772358241
145,145,5.236982130939105e-06,5.1974037361153595e-06,-42.80737302399042,-42.84000851997983
146,146,5.323397334033177e-06,5.232757398756037e-06,-42.741189001873806,-42.81056705842863
147,147,5.304314278695641e-06,5.240631779949916e-06,-42.76554590800301,-42.80403660131121
148,148,5.265482474156276e-06,5.208315925349445e-06,-42.79300121288995,-42.8308998653913
149,149,5.26172585785989e-06,5.256259388069769e-06,-42.78894118464065,-42.79110517451527
150,150,5.282526006377554e-06,5.205246667939814e-06,-42.77330274180101,-42.83345991452569
151,151,5.278754416235408e-06,5.204098646285466e-06,-42.77389131233899,-42.834417860403285
152,152,5.3080281065479904e-06,5.364942544953297e-06,-42.75016679384811,-42.702222309610924
153,153,5.2606544449724995e-06,5.2517793129051205e-06,-42.79585713186708,-42.794808381356766
154,154,5.631051009782523e-06,5.298509581495493e-06,-42.49128584640714,-42.75633582253083
155,155,5.2717156351493556e-06,5.404388885883811e-06,-42.77984083080382,-42.670407140913376
156,156,5.278235216651738e-06,5.212807105923084e-06,-42.776064233397896,-42.827156516319874
157,157,5.241781900153488e-06,5.260595332258258e-06,-42.80909744551046,-42.78752411003987
158,158,5.379658666908617e-06,5.3486583534609775e-06,-42.69351247501277,-42.715424481356166
159,159,5.252133150017621e-06,5.2657601851311295e-06,-42.796806774358046,-42.78326229828778
160,160,5.243147300171051e-06,5.177332839498137e-06,-42.79907806338279,-42.85681220546852
161,161,5.228833808509942e-06,5.210312481626476e-06,-42.80710247797251,-42.82923535956449
162,162,5.246849684329756e-06,5.235106743241072e-06,-42.79771428513901,-42.808617649553554
163,163,5.21336535702804e-06,5.285608949634479e-06,-42.82201349903198,-42.76692277124714
164,164,5.255162536225716e-06,5.311715133422312e-06,-42.798186249258535,-42.745525304473574
165,165,5.258238409802176e-06,5.2266524395044575e-06,-42.78796694297775,-42.815636848134346
166,166,5.230213544789351e-06,5.209472060653896e-06,-42.80953772774632,-42.82993593104018
167,167,5.302671496858388e-06,5.2209116132105825e-06,-42.76090417839035,-42.82040965339181
168,168,5.2774084203341885e-06,5.244668476447451e-06,-42.775253966024664,-42.800692653006934
169,169,5.236848833707891e-06,5.186533287901272e-06,-42.80834256114214,-42.84910136672735
170,170,5.235228681411491e-06,5.256961422243253e-06,-42.81382595924295,-42.79052516278793
171,171,5.232508167105105e-06,5.2477628406976645e-06,-42.80750067916537,-42.798131063005144
172,172,5.277133059092934e-06,5.209104505124024e-06,-42.77444038962429,-42.83024235934634
173,173,5.1845105359067935e-06,5.225375915822377e-06,-42.85085313540308,-42.81669767035001
174,174,5.296464772157181e-06,5.1834479707299336e-06,-42.763159989904125,-42.85168562648358
175,175,5.242009151937889e-06,5.171841765236183e-06,-42.80015399413365,-42.8614207729467
176,176,5.211368280123276e-06,5.262399410735509e-06,-42.82778245739647,-42.786034987685625
177,177,5.209590011704161e-06,5.209330873568481e-06,-42.83897269154346,-42.8300536351037
178,178,5.230593844841969e-06,5.185086138226325e-06,-42.81825932950059,-42.85031330692025
179,179,5.209070934011534e-06,5.1923016383769115e-06,-42.83332995900507,-42.84427392114799
180,180,5.2610586872387355e-06,5.4865507225162885e-06,-42.79172358782817,-42.60487907720696
181,181,5.241055354530283e-06,5.293448147743843e-06,-42.796123451818964,-42.76048642994897
182,182,5.2354125821778125e-06,5.169877855032131e-06,-42.81004622975372,-42.86307023823129
183,183,5.27989082048904e-06,5.224444712918117e-06,-42.7746792899859,-42.817471686093036
184,184,5.208581597733278e-06,5.192149226212151e-06,-42.83592207867251,-42.84440140359842
185,185,5.240650643452345e-06,5.273113449794964e-06,-42.80705646675858,-42.7772019110086
186,186,5.2129838990105185e-06,5.3341911648443015e-06,-42.81942859751269,-42.727187305526044
187,187,5.258067926426764e-06,5.204793428435407e-06,-42.79165712108672,-42.83383808677872
188,188,5.201569201369811e-06,5.1790998680333266e-06,-42.829772567527264,-42.85533020723358
189,189,5.254330161048913e-06,5.204874541002362e-06,-42.79510645480008,-42.833770405964415
190,190,5.292457613511042e-06,5.2304047035010485e-06,-42.767395836101926,-42.81252012495685
191,191,5.241142853546333e-06,5.145319296149721e-06,-42.81477763300812,-42.88374975913972
192,192,5.194666530385184e-06,5.226656005681052e-06,-42.83938589627353,-42.81563388491782
193,193,5.1951297866684605e-06,5.231214488862622e-06,-42.84562721580827,-42.811847790572855
194,194,5.247288768681681e-06,5.164838512428105e-06,-42.80159070469247,-42.867305591734926
195,195,5.192217533064097e-06,5.459756673525063e-06,-42.84685617098006,-42.62614018461819
196,196,5.201616842014962e-06,5.30089858473634e-06,-42.83239510187994,-42.75437810767347
197,197,5.224781451727619e-06,5.19731577840407e-06,-42.818347442076956,-42.840082017968115
198,198,5.206599039926923e-06,5.420690764654673e-06,-42.828205556349126,-42.65732673582561
199,199,5.2865587340139175e-06,5.341611229500574e-06,-42.7671371101533,-42.721150300464586
200,200,5.220149493661947e-06,5.171122354927081e-06,-42.8256094278571,-42.86202492456966
201,201,5.211623435580177e-06,5.1318061674752056e-06,-42.8345595920749,-42.89517061922258
202,202,5.158840062013604e-06,5.1943470680271275e-06,-42.86520596268094,-42.842563419817274
203,203,5.214694738242542e-06,5.157485822181977e-06,-42.8259797143921,-42.873492634958126
204,204,5.184082388931876e-06,5.1953399969007525e-06,-42.84983206464282,-42.84173332064421
205,205,5.23729794594212e-06,5.2844744985984444e-06,-42.81173917861779,-42.76785499818602
206,206,5.610610055414655e-06,1.880185625754836e-05,-42.512079732856634,-37.25586578150301
207,207,1.727810450978085e-05,9.511472614433028e-06,-37.62936929637706,-40.21539544458811
208,208,9.35744585674292e-06,9.317586677513501e-06,-40.28817369276676,-40.30483864776407
209,209,9.057547798612486e-06,9.036816998942462e-06,-40.43965939075992,-40.4377181863491
210,210,9.011309856825542e-06,8.862492665541236e-06,-40.454043246521906,-40.5223141750039
211,211,8.772481714444926e-06,8.717977403935756e-06,-40.569367259397765,-40.59371567238102
212,212,8.655745566017882e-06,8.634247646305563e-06,-40.624308242332745,-40.635628054028246
213,213,8.568877898685913e-06,8.532490028301254e-06,-40.66572225448364,-40.687115168740874
214,214,8.49992214817885e-06,8.489299560958324e-06,-40.70805033836546,-40.70915447523603
215,215,8.456552799562468e-06,8.373905649549621e-06,-40.73235672088839,-40.76859242975421
216,216,8.392608036693982e-06,8.299668958275824e-06,-40.76104578037264,-40.80726535883627
217,217,8.181775580485863e-06,8.317071445306187e-06,-40.86638826158696,-40.798168741005966
218,218,8.18689137098041e-06,8.17518874004906e-06,-40.871127062087595,-40.87289518299982
219,219,8.282204381083426e-06,8.41940154235712e-06,-40.81452812013184,-40.74506083670939
220,220,8.060395556799684e-06,7.741940312131957e-06,-40.93539531419357,-41.1093748755125
221,221,7.749894318772725e-06,7.5196512386212e-06,-41.099540881955946,-41.23589607793117
222,222,7.335390134742447e-06,7.2831340778640495e-06,-41.34077685992967,-41.374690011634875
223,223,6.580873648943584e-06,6.192444719712703e-06,-41.81520959205146,-42.07925167971452
224,224,6.118852998605286e-06,5.978403829718254e-06,-42.12662706595154,-42.232020588226014
225,225,5.9669795443847555e-06,5.861359424766545e-06,-42.25042239400646,-42.31788952680725
226,226,5.8413634084815585e-06,5.758808918854859e-06,-42.32991532867896,-42.39454637689847
227,227,5.767147112490739e-06,5.779705325518367e-06,-42.39258038748747,-42.37881609510499
228,228,5.699794360459902e-06,5.6755859412461224e-06,-42.43797115029582,-42.457766020123486
229,229,5.700720263571243e-06,5.64965067066001e-06,-42.43285502361353,-42.47765710933961
230,230,5.661852519926807e-06,5.608405875758954e-06,-42.47084039808519,-42.50947870643054
231,231,5.611420040144573e-06,5.595390767235872e-06,-42.50891855166242,-42.519568843793174
232,232,5.605793099563278e-06,5.54710988198119e-06,-42.51335861131122,-42.55720537429231
233,233,5.556291042237192e-06,5.571878605941923e-06,-42.551190977348014,-42.53785660359355
234,234,5.548479256288271e-06,5.531079224104025e-06,-42.5589476924238,-42.56977427169971
235,235,2.1043463052076722e-05,1.664079684958683e-05,-36.77239936905956,-37.78613187501245
236,236,1.7059437398988987e-05,1.641080579199632e-05,-37.675815588510694,-37.84657400273544
237,237,1.742235527325244e-05,1.5173442749839619e-05,-37.59418093523045,-38.18703175877062
238,238,1.8187302767850288e-05,9.361166791533929e-06,-37.40508909090829,-40.28457322971698
239,239,9.134580734061059e-06,9.064141762026243e-06,-40.39033878741649,-40.42460617057407
240,240,8.90740998845113e-06,8.858808733317633e-06,-40.49981114721105,-40.52411981153527
241,241,8.809975324109792e-06,8.722154425892145e-06,-40.557776638904805,-40.59163534679767
242,242,8.702466252590553e-06,8.695779653958438e-06,-40.59990565968677,-40.60478779830467
243,243,8.773135087937693e-06,8.586397885473593e-06,-40.56969857908376,-40.65976296875384
244,244,8.683397983574097e-06,8.5643975437147e-06,-40.612807744192914,-40.67090488028319
245,245,8.40751267647066e-06,8.41658201304534e-06,-40.75210467912026,-40.74651546634726
246,246,8.509054515746629e-06,8.328629375778531e-06,-40.70772261038668,-40.792137698772315
247,247,1.3790891120452121e-05,8.94769034762009e-06,-38.60850303324018,-40.480763602044014
248,248,8.930167505522403e-06,8.922582406069667e-06,-40.49116580915769,-40.49296738627585
249,249,8.84710522965629e-06,8.775325879564902e-06,-40.530418421780425,-40.56524052925576
250,250,8.850476998426548e-06,8.72912536770424e-06,-40.527347045148865,-40.58816575401194
251,251,8.750507253559412e-06,8.730994618657095e-06,-40.57718625472578,-40.587235857335564
252,252,8.742744134953269e-06,8.64326131321784e-06,-40.58040617245882,-40.63109662977486
253,253,8.725457697324863e-06,8.6000580172128e-06,-40.601201465494995,-40.652859252107106
254,254,8.689688086436495e-06,8.540338584632417e-06,-40.61621005553734,-40.683122174934255
255,255,8.54593756380335e-06,8.493819606021708e-06,-40.67691320026162,-40.70684273184422
256,256,8.61076062664296e-06,8.46065014277548e-06,-40.65972071438861,-40.72383569411022
257,257,8.443397699423812e-06,8.40131154913443e-06,-40.7459776454815,-40.75440216156344
258,258,8.389994195802257e-06,8.236155783953636e-06,-40.761258513175875,-40.84062753727268
259,259,8.239811632875834e-06,8.124899020338872e-06,-40.84016326986646,-40.89969334186384
260,260,8.104079932815421e-06,7.902554395849093e-06,-40.92135616387292,-41.020198123645095
261,261,7.395390564420971e-06,6.491751623558996e-06,-41.31473548299962,-41.87425411046634
262,262,5.968398712416415e-06,5.621068650821383e-06,-42.24557152375516,-42.499684168577296
263,263,5.567538388164656e-06,5.4881562439397e-06,-42.546127547644076,-42.60360839343952
264,264,5.586941449681822e-06,5.626108950788253e-06,-42.52791246553792,-42.495791681614214
265,265,5.466216965398473e-06,5.421646140970743e-06,-42.62613140189561,-42.65656137561425
266,266,5.388197701698296e-06,5.394261997456565e-06,-42.68415311306114,-42.678552701131245
267,267,5.431857019728566e-06,5.347978530105473e-06,-42.65248531307594,-42.715976511934706
268,268,5.4624563735788545e-06,5.3982215065748035e-06,-42.6317746164267,-42.67536605176068
269,269,5.422227036667875e-06,5.352488044177574e-06,-42.6594505915071,-42.712316003899986
270,270,5.413362613740226e-06,5.3638748939097e-06,-42.668641879413315,-42.7030866638811
271,271,5.373243433514852e-06,5.4990420817615045e-06,-42.697060031836656,-42.595002631162906
272,272,5.42823485394018e-06,5.35149164486364e-06,-42.65496636581604,-42.71312454565293
273,273,5.392245037507292e-06,5.310955777148545e-06,-42.677742817078595,-42.74614621091571
274,274,5.3634698206130365e-06,5.323471668816637e-06,-42.71018094100089,-42.7359235915507
275,275,5.352236562477216e-06,5.331779448169982e-06,-42.71728489941015,-42.72915129980171
276,276,5.359936897820234e-06,5.447182047646493e-06,-42.6981154224789,-42.63615416414126
277,277,5.3561382056735986e-06,5.290311061176717e-06,-42.719033378057524,-42.76306097723101
278,278,5.329264203067293e-06,5.406821137991133e-06,-42.73669135097501,-42.66845303275288
279,279,5.4231575669507145e-06,5.303143648473595e-06,-42.65822924522653,-42.75253915081959
280,280,5.326413260657309e-06,5.2792018227352714e-06,-42.7371040046594,-42.77219040974682
281,281,5.386600783709844e-06,5.28234790851313e-06,-42.68660190817313,-42.76960304753559
282,282,5.330563870996127e-06,5.3380023784580105e-06,-42.73357397085071,-42.72408543315944
283,283,5.337047447759799e-06,5.3325720967366484e-06,-42.73159887165049,-42.72850570424388
284,284,5.3388083748340595e-06,5.333025072966273e-06,-42.72233053477702,-42.72813680773683
285,285,5.330284853023597e-06,5.317742953162738e-06,-42.7309180362993,-42.74059965518745
286,286,5.422044040708138e-06,5.289509580937815e-06,-42.664990920559696,-42.76371898166709
287,287,5.343227750233485e-06,5.3076772162871505e-06,-42.7253347740326,-42.748828026808226
288,288,5.322407550639329e-06,5.267101785552529e-06,-42.73562727220728,-42.782155951950564
289,289,5.328220773550391e-06,5.359174146609516e-06,-42.738284178495945,-42.706894365844136
290,290,5.360856303201386e-06,5.647940964225104e-06,-42.70988391226857,-42.47897157723688
291,291,5.310392759955781e-06,5.433439463032348e-06,-42.74247171385304,-42.64712473568962
292,292,5.28583283535086e-06,5.2998736560096545e-06,-42.76240878834092,-42.755217897231475
293,293,5.3573885874282064e-06,5.266520259427029e-06,-42.70207086004059,-42.7826354709357
294,294,5.3130497455884365e-06,5.2595578381442465e-06,-42.75655741189814,-42.788380709678464
295,295,5.2960728408862384e-06,5.241194661434029e-06,-42.75301444458491,-42.80357016290161
296,296,5.346609359361368e-06,5.323314134760662e-06,-42.7178971788488,-42.73605211141104
297,297,5.32868201394335e-06,5.329844857203027e-06,-42.73616630367541,-42.73072738645951
298,298,5.28629339596685e-06,5.230534186825696e-06,-42.75817876555743,-42.81241261282244
299,299,5.304721746386386e-06,5.2965051987772125e-06,-42.751554006286476,-42.75797903376293
300,300,5.272517429738841e-06,5.229339757007485e-06,-42.77442833770998,-42.81340446852569
301,301,5.279161363545165e-06,5.291803565916397e-06,-42.76852798873811,-42.76183591664568
302,302,5.314804301511667e-06,5.224047455206011e-06,-42.74641650982837,-42.81780192863821
303,303,5.333036951174343e-06,5.498178827685096e-06,-42.73344617094749,-42.595684451571394
304,304,5.321025531246932e-06,5.282733941145891e-06,-42.7454216498694,-42.769285677836606
305,305,5.252452242014433e-06,5.28763247960964e-06,-42.800058794217776,-42.76526044674847
306,306,5.27398864524565e-06,5.218634860763191e-06,-42.77586634133432,-42.82230395223459
307,307,5.24305102499994e-06,5.207349371822171e-06,-42.798784819944004,-42.83170589909648
308,308,5.2609776203192355e-06,5.260411757932927e-06,-42.78117329223369,-42.787675664574216
309,309,5.3034029415638795e-06,5.2663020285667455e-06,-42.751339211644115,-42.78281543496781
310,310,5.307979753309052e-06,5.252732630891076e-06,-42.75401601906724,-42.79402010914736
311,311,5.299126075545612e-06,5.327723484745213e-06,-42.75182259306543,-42.73245629935052
312,312,5.2887866631769525e-06,5.284742512326614e-06,-42.779623960791696,-42.76763474178836
313,313,5.277078287821796e-06,5.376728974002426e-06,-42.7756979006321,-42.69269160828077
314,314,5.252757888491633e-06,5.2494978693797936e-06,-42.783998624196215,-42.79669542487007
315,315,5.396602323484912e-06,5.255690762408592e-06,-42.6760501167556,-42.79157502260934
316,316,5.26869788953582e-06,5.239525571117778e-06,-42.77809760800661,-42.80495342035756
317,317,5.2901243282942285e-06,5.228501920914584e-06,-42.772424202045016,-42.81410034364768
318,318,5.268801989174237e-06,5.236127746780096e-06,-42.776484072364696,-42.80777072705396
319,319,5.23382628277441e-06,5.215090488108169e-06,-42.81156458951265,-42.82525457915571
320,320,5.260285710504569e-06,5.235049780151856e-06,-42.78878369886002,-42.80866490530425
321,321,5.273768050587417e-06,5.419362256170164e-06,-42.774465394401545,-42.658391239672156
322,322,5.271051610254721e-06,5.212323613752807e-06,-42.78543820596486,-42.82755934672534
323,323,5.249941117766604e-06,5.311528040788528e-06,-42.79430821575606,-42.74567827715269
324,324,5.2574696336208585e-06,5.300899230956259e-06,-42.80129921500779,-42.754377578235434
325,325,5.32639164843785e-06,5.432336150222813e-06,-42.742086147878375,-42.6480067024883
326,326,5.213103661647897e-06,5.261148376839149e-06,-42.821540235558054,-42.7870675617403
327,327,5.254895163535863e-06,5.236505211015403e-06,-42.79173951663402,-42.80745766225881
328,328,5.263252064979338e-06,5.358530272228802e-06,-42.78975233441155,-42.707416177381376
329,329,5.273639230507956e-06,5.210270812408692e-06,-42.78211651850565,-42.829270092190946
330,330,5.220314252846478e-06,5.512087825895594e-06,-42.82241922841941,-42.584711775658974
331,331,5.274860405293534e-06,5.282357123130503e-06,-42.77804840415242,-42.769595471635526
332,332,5.236577996499561e-06,5.179307089220904e-06,-42.812034886000546,-42.855156444957814
333,333,5.267798886839937e-06,5.17850402933331e-06,-42.782124553587266,-42.8558298777411
334,334,5.253699599933563e-06,5.203458026938422e-06,-42.800878227424036,-42.834952505481866
335,335,5.263201733355017e-06,5.18830486390997e-06,-42.7922302191232,-42.84761819044823
336,336,5.248873699154913e-06,5.45264052370361e-06,-42.79203838299796,-42.63180439383287
337,337,5.250851728240227e-06,5.182839255499666e-06,-42.80412899619808,-42.85219566765857
338,338,5.225688583618414e-06,5.1915357481017344e-06,-42.814287330149114,-42.84491457432556
339,339,5.23696439579242e-06,5.2136147850864e-06,-42.80904368598647,-42.8264836668838
340,340,5.2398082825862895e-06,5.2030085929513195e-06,-42.80114261435585,-42.835327631272065
341,341,5.282884084755499e-06,5.219808874818754e-06,-42.78087470730395,-42.82132704831851
342,342,5.329761827936439e-06,5.206345505078054e-06,-42.73257431091071,-42.83254320764841
343,343,5.261990689590319e-06,5.237333593150221e-06,-42.78902304377351,-42.80677069008455
344,344,5.271831595723832e-06,5.193622942706018e-06,-42.7880445226164,-42.843168896404805
345,345,5.234295075723887e-06,5.2091684569620015e-06,-42.80924826156935,-42.830189041621914
346,346,5.281650209860917e-06,5.1903857638535555e-06,-42.78380389832223,-42.84587669258994
347,347,5.256818974547846e-06,5.2290312946991576e-06,-42.79439413784209,-42.81366065273978
348,348,5.2075823349668165e-06,5.332515229383716e-06,-42.83119288515962,-42.72855201830925
349,349,5.1925039066922294e-06,5.181456416673762e-06,-42.83945401273258,-42.85335456797174
350,350,5.254345195840194e-06,5.270447050670076e-06,-42.795726996291265,-42.77939851708133
351,351,5.195737722931074e-06,5.1877563668025875e-06,-42.84498883096447,-42.84807734207041
352,352,5.245140143706146e-06,5.287895395380665e-06,-42.79950357396313,-42.76504450883987
353,353,5.2358716847894105e-06,5.161608705269541e-06,-42.81797134128972,-42.87002228111075
354,354,5.247970950653532e-06,5.273456640440456e-06,-42.799297431319545,-42.77691926783199
355,355,5.232905170918663e-06,5.177475007880467e-06,-42.82141962926563,-42.85669295082882
356,356,5.203538594943575e-06,5.1924749210516705e-06,-42.83772745816755,-42.84412898647552
357,357,5.204513948313236e-06,5.248087434569913e-06,-42.83231830562718,-42.79786244383865
358,358,5.205712826414269e-06,5.165394213690888e-06,-42.83380082630341,-42.86683834574223
359,359,5.23749293879331e-06,5.3085351091316334e-06,-42.8048986771811,-42.74812612274337
360,360,5.208912897586808e-06,5.216103808810371e-06,-42.83357621958393,-42.82441080311584
361,361,5.259743065647685e-06,5.177741322289589e-06,-42.787039254358625,-42.85646956799515
362,362,5.20800540939912e-06,5.35836213537933e-06,-42.830295216369734,-42.70755244991852
363,363,5.204300929652107e-06,5.2248950085317786e-06,-42.836768546922,-42.81709738320774
364,364,5.203389709723271e-06,5.1506229905690385e-06,-42.83628429818176,-42.87927544224943
365,365,5.286359779703846e-06,5.176406040462959e-06,-42.77167145189389,-42.857589709542275
366,366,5.2051718130221074e-06,5.345236595052197e-06,-42.827688057912866,-42.71820373223381
367,367,5.184338866437776e-06,5.179409909990347e-06,-42.85588843129248,-42.85507022869609
368,368,5.222733949436194e-06,5.185961311470141e-06,-42.81847715627169,-42.849580337732235
369,369,5.219975475446302e-06,5.2860074279842114e-06,-42.828154268690504,-42.766595372025776
370,370,5.224145625856856e-06,5.152057215845592e-06,-42.81844339491572,-42.87806628867976
371,371,5.214490645756218e-06,5.167973205588121e-06,-42.832686559697386,-42.864670529719334
372,372,5.199642174309552e-06,5.17117240106975e-06,-42.838327157343855,-42.86198289373586
373,373,5.2614457944372655e-06,5.136339328409552e-06,-42.78184933044522,-42.89133598928272
374,374,5.201645687998983e-06,5.318413968780078e-06,-42.83830604103713,-42.74005167835257
375,375,5.199024524268473e-06,5.1246765427717225e-06,-42.839258815647014,-42.90120847304239
376,376,5.229953480873931e-06,5.130211871131139e-06,-42.814197375704985,-42.89652004992463
377,377,5.2165634920082495e-06,5.165575035598043e-06,-42.82627908890958,-42.86668631749667
378,378,5.215588026123779e-06,5.1481987085073915e-06,-42.83289584374237,-42.88132004962716
379,379,5.2207881042742185e-06,5.153686144790538e-06,-42.82072049146248,-42.87669339429779
380,380,5.221829485083983e-06,5.252696227168934e-06,-42.827713447668586,-42.79405020774849
381,381,5.164234654827298e-06,5.270511983804968e-06,-42.86253202328656,-42.77934501131951
382,382,5.206418922471036e-06,5.144334696332838e-06,-42.83367261887744,-42.88458089742478
383,383,5.162208713186046e-06,5.300257965389296e-06,-42.86911266781436,-42.75490298898514
384,384,5.239808587313896e-06,5.2135405176637795e-06,-42.80680500450047,-42.82654553214023
385,385,5.233940874418717e-06,5.165156476562659e-06,-42.811179335355625,-42.8670382342594
386,386,6.81321238723107e-06,7.690614917297162e-06,-41.66536672446939,-41.13826240270531
387,387,7.063712398599612e-06,6.155510092005563e-06,-41.504036646906215,-42.10523258600602
388,388,5.971713239277867e-06,5.826469173610492e-06,-42.233711920516456,-42.34381853223688
389,389,5.728953988885401e-06,5.606331198673854e-06,-42.41469914591815,-42.51108555786913
390,390,5.64220142889061e-06,5.5524412441866984e-06,-42.483013972270946,-42.55303334726415
391,391,5.562888193323779e-06,5.5210089876230705e-06,-42.54205970427728,-42.577688521498764
392,392,5.5134717363263506e-06,5.4805826182832545e-06,-42.58919494834832,-42.60960577270914
393,393,5.508856805501693e-06,5.474532276581924e-06,-42.59759319584249,-42.614402856640965
394,394,5.475690196578501e-06,5.4427498645581134e-06,-42.61110851555913,-42.639689306105176
395,395,5.424012857643508e-06,5.467784208839906e-06,-42.64614718251245,-42.6197593987576
396,396,5.4809794849077045e-06,5.432208820964565e-06,-42.616108581579645,-42.64810849854952
397,397,5.411155940499757e-06,5.393905044720189e-06,-42.66444373560538,-42.67884009490844
398,398,5.364129204271822e-06,5.354305549668712e-06,-42.70392815864167,-42.71084155198999
399,399,5.3891273131102e-06,5.3987645945821174e-06,-42.67950989951596,-42.67492915182814
400,400,5.395683415044164e-06,5.31415815586163e-06,-42.681596962202484,-42.74352830873614
401,401,5.292764052280018e-06,5.332579276957978e-06,-42.753463145837785,-42.72849985654347
402,402,5.341562287286092e-06,5.293517293275248e-06,-42.729052111943076,-42.76042970071355
403,403,5.324277434241238e-06,5.2816719864112154e-06,-42.7411371397953,-42.77015880044477
404,404,5.285860687454073e-06,5.266485961903144e-06,-42.76960296349547,-42.78266375388752
405,405,5.32524383799551e-06,5.399983078141783e-06,-42.73872306269641,-42.673949073944044
406,406,5.3098581833482875e-06,5.240373674927182e-06,-42.74719405106781,-42.80425049984915
407,407,5.263159718450288e-06,5.290431904301697e-06,-42.78323691414297,-42.76296177530817
408,408,5.34060615519621e-06,5.227150507524034e-06,-42.731865264933255,-42.81522301176537
409,409,5.25909697280065e-06,5.20355333240954e-06,-42.790640417481185,-42.834872961722816
410,410,5.266569587547565e-06,5.2052404450813285e-06,-42.78366447853318,-42.833465106507724
411,411,5.2814239144523885e-06,5.204425250619686e-06,-42.767238555360535,-42.834145309825374
412,412,5.234521478959107e-06,5.245587975590943e-06,-42.81696669258735,-42.79993131145731
413,413,5.276580353536926e-06,5.21622266540745e-06,-42.77569934319782,-42.824311843858034
414,414,5.291882404993341e-06,5.277628277230849e-06,-42.76084604918037,-42.773485082727596
415,415,5.28782339108485e-06,5.326977387946834e-06,-42.77508599555552,-42.73306452989007
416,416,5.202676581490975e-06,5.217672328159863e-06,-42.82739201575495,-42.823105045172724
417,417,5.2589534132812804e-06,5.265670145155654e-06,-42.79355962885995,-42.78333655954817
418,418,5.244726979953223e-06,5.172008944722811e-06,-42.80450154934314,-42.861280389774954
419,419,5.273352805310536e-06,5.184777915258708e-06,-42.778981262335165,-42.85057147719786
420,420,5.197099714687565e-06,5.20184551676625e-06,-42.84033212500049,-42.836298558045264
421,421,5.185437540725634e-06,5.278948552394898e-06,-42.84748710649018,-42.77239876804324
422,422,5.190242795036931e-06,5.1977576252906335e-06,-42.843923101580984,-42.839712820642916
423,423,5.241814191903518e-06,5.1736714531695106e-06,-42.81049505509679,-42.85988460289006
424,424,5.200386398822038e-06,5.177499277028562e-06,-42.8314298018273,-42.856672593545824
425,425,5.227001420467955e-06,5.166690841992692e-06,-42.81835298341705,-42.86574830725247
426,426,5.261382514233737e-06,5.180913711611586e-06,-42.79277704489782,-42.85380947126336
427,427,5.1859093809511734e-06,5.204508589055254e-06,-42.84595971756169,-42.83407576682845
428,428,5.2557488133877e-06,5.216040311719744e-06,-42.79513717488729,-42.82446367131965
429,429,5.281505445495473e-06,5.127414073955917e-06,-42.76963715616179,-42.89888915153025
430,430,5.264701593256814e-06,5.170364051752442e-06,-42.791945380478424,-42.8626618289217
431,431,5.151076587110568e-06,5.2226527450808425e-06,-42.874283462756495,-42.81896155780953
432,432,5.220992027988331e-06,5.21946958542685e-06,-42.81570699930076,-42.82160935041684
433,433,5.206017469634426e-06,5.363334390782065e-06,-42.828442752971334,-42.7035243127043
434,434,5.2854600456617075e-06,5.186020763702752e-06,-42.77473891334523,-42.84953055018658
435,435,5.19921003774705e-06,5.1486945985264975e-06,-42.83970325410642,-42.88090174423607
436,436,5.229709820679963e-06,5.1594762752708785e-06,-42.82115155085811,-42.87181686490962
437,437,5.171026339329606e-06,5.1740613391877175e-06,-42.8603871109094,-42.85955733246328
438,438,5.195884221899815e-06,5.1379767539497395e-06,-42.84915886868993,-42.889951712456984
439,439,5.168418349207921e-06,5.127798838082909e-06,-42.8645126399296,-42.89856326665843
440,440,5.2049044403322545e-06,5.209373236874326e-06,-42.83526630910417,-42.83001831756369
441,441,5.189709709250649e-06,5.1516354735787515e-06,-42.84940757982178,-42.87842181236413
442,442,5.181481510683709e-06,5.1330764204306574e-06,-42.85552877058474,-42.89409576259901
443,443,5.210638396560752e-06,5.156648416902355e-06,-42.822898753595524,-42.87419784294636
444,444,5.226379855849166e-06,5.12555521038992e-06,-42.81845812224808,-42.900463903537755
445,445,5.243353821101992e-06,5.233547390640811e-06,-42.800929661198516,-42.80991145146159
446,446,5.221512169883522e-06,5.129884237631861e-06,-42.825043994072416,-42.89679741461862
447,447,5.221522619696358e-06,5.1584400017944925e-06,-42.81952641531244,-42.87268922681287
448,448,5.2213391221081e-06,5.181339283329803e-06,-42.82284449310484,-42.85345274681538
449,449,5.207139035997691e-06,5.37221610916037e-06,-42.8327265672585,-42.69633831481517
450,450,5.2074701998958285e-06,5.2662179003068315e-06,-42.83015970974765,-42.78288481331088
451,451,5.204226651126051e-06,5.144465352426969e-06,-42.83776545759234,-42.88447059647532
452,452,5.177070817677004e-06,5.282623413605554e-06,-42.86138009871139,-42.769376543671534
453,453,5.22379374516961e-06,5.170494516374004e-06,-42.82571878522844,-42.86255224408431
454,454,5.1565701929557125e-06,5.191621360274057e-06,-42.87397160562066,-42.84484295662078
455,455,5.205859269125606e-06,5.1226347511003135e-06,-42.83711614128307,-42.90293914920201
456,456,5.1715184884780735e-06,5.177488985377989e-06,-42.86246853454598,-42.85668122630704
457,457,5.205877510588928e-06,5.128229675296768e-06,-42.83431784723852,-42.898198388139534
458,458,5.237958684466724e-06,5.272909507575126e-06,-42.80588405949992,-42.777369881400986
459,459,5.171971313700983e-06,5.174023858432376e-06,-42.86281088028691,-42.85958879274779
460,460,5.157008381877286e-06,5.122683911682352e-06,-42.88063369948481,-42.90289747129972
461,461,5.1899436228493345e-06,5.140705142318773e-06,-42.85142337941431,-42.88764611714243
462,462,5.231170759834265e-06,5.12226367726199e-06,-42.819942553100546,-42.903253755191635
463,463,5.128258433933766e-06,5.133062490801278e-06,-42.90097427183028,-42.89410754806426
464,464,5.177262360074067e-06,5.107438817886807e-06,-42.86300203925401,-42.915841333631796
465,465,5.187578200590353e-06,5.205973402074673e-06,-42.85713744327679,-42.83285361358695
466,466,5.168674503233747e-06,5.1122119178839245e-06,-42.86848634574671,-42.911784578279494
467,467,5.208029459439429e-06,5.145517063379214e-06,-42.84003131563651,-42.883582835454455
468,468,5.162237892026374e-06,5.277224772726186e-06,-42.87329796879014,-42.77381713809408
469,469,5.1920324180754665e-06,5.180324119704126e-06,-42.8396025244149,-42.85430372979971
470,470,5.150239176896086e-06,5.301561630308003e-06,-42.87286030304521,-42.753834918587984
471,471,5.234554291090126e-06,5.1351658887716965e-06,-42.818669326316595,-42.89232828466886
472,472,5.123905048469506e-06,5.105541875213691e-06,-42.8998642800158,-42.917454636877245
473,473,5.124195918001861e-06,5.175908953740298e-06,-42.89922417573929,-42.85800677958114
474,474,5.178668265422679e-06,5.104875598542429e-06,-42.86109869318534,-42.9180214311007
475,475,5.131078758251496e-06,5.125028062473958e-06,-42.89648348210537,-42.900910585302405
476,476,5.103973134535727e-06,5.107925804431464e-06,-42.91335912604044,-42.915427260170716
477,477,5.163821959886076e-06,5.149785824630128e-06,-42.86702129483703,-42.87998138811047
478,478,5.1686367357630385e-06,5.1057701823179075e-06,-42.86955670876178,-42.91726043555425
479,479,5.192055638319064e-06,5.183866194688323e-06,-42.84372692292418,-42.85133523224544
480,480,5.16316548754796e-06,5.1427903025270145e-06,-42.869604954540236,-42.88588489968561
481,481,5.175775626899924e-06,5.146087890974932e-06,-42.86115051388039,-42.883101069439746
482,482,5.139143229019648e-06,5.115639564074196e-06,-42.895988835915034,-42.908873687591054
483,483,5.158175076054981e-06,5.145574696622421e-06,-42.88277417195879,-42.883534191831245
484,484,5.150757002861469e-06,5.142161602347378e-06,-42.87741524981928,-42.88641585213274
485,485,5.179415818498249e-06,5.270860703220885e-06,-42.86374142605932,-42.779057673185065
486,486,5.159677101866841e-06,5.170378316458817e-06,-42.86960041947323,-42.86264984702902
487,487,5.200764748617976e-06,5.112618366279333e-06,-42.84148260366166,-42.91143930448914
488,488,5.113805747390233e-06,5.077601073073885e-06,-42.91162965428424,-42.94128729188963
489,489,1.0178143632579918e-05,1.0014966344322984e-05,-39.921496319475686,-39.991378121075684
490,490,7.322818995835967e-06,6.754329397632605e-06,-41.35203261896535,-41.702050696267364
491,491,6.841668769974951e-06,6.702092545502207e-06,-41.6400778217632,-41.73576885802614
492,492,6.639806252144236e-06,6.523804562388441e-06,-41.7731219758845,-41.85286364139265
493,493,6.510007045379979e-06,6.417195101293098e-06,-41.86576679695956,-41.92442062976039
494,494,6.404843799790581e-06,6.374606360431674e-06,-41.939017646244864,-41.95333934546209
495,495,6.407058288122121e-06,6.2242146381514e-06,-41.932669716682724,-42.05702745662797
496,496,6.209905949589549e-06,6.15351983038923e-06,-42.070940813655085,-42.106637017793894
497,497,6.165662473426189e-06,6.018432079719404e-06,-42.09883034012024,-42.20303942562988
498,498,6.067165866193839e-06,5.967798068396453e-06,-42.167622099655766,-42.23973186728834
499,499,5.885866315664541e-06,5.817632570956209e-06,-42.296474710665244,-42.35041017595907
500,500,5.804567146847101e-06,5.747928035385772e-06,-42.362262547532865,-42.40275984189055
501,501,5.75100137811927e-06,5.67334114078365e-06,-42.4010294181041,-42.45948407586478
502,502,5.690695128503217e-06,5.605275203522883e-06,-42.44431556505944,-42.511903661630335
503,503,5.608528611156009e-06,5.58777844018646e-06,-42.505342964560135,-42.52548128610946
504,504,5.558671021099519e-06,5.57463011462364e-06,-42.54054892289729,-42.53571249714443
505,505,5.593742632309213e-06,5.547184508414878e-06,-42.52273616014972,-42.557146948137
506,506,5.552489040279941e-06,5.532864083522183e-06,-42.55552697723953,-42.568373045063865
507,507,5.537971428003805e-06,5.476352079743887e-06,-42.57137705679441,-42.6129594472268
508,508,5.504076623240217e-06,5.529697390509107e-06,-42.598822545582344,-42.57085940835731
509,509,5.508941829191958e-06,5.4390395569881595e-06,-42.59181322677633,-42.642650889175414
510,510,5.427157444951122e-06,5.478106471089536e-06,-42.646122309598326,-42.611568374389215
511,511,5.424076939515047e-06,5.421304386369516e-06,-42.65915340081621,-42.65683514268006
512,512,5.416563481892658e-06,5.4066812912137e-06,-42.65008704319817,-42.668565363950194
513,513,5.498270380935396e-06,5.378841825930929e-06,-42.610271219595795,-42.690985329808896
514,514,5.441526251704943e-06,5.38504828957804e-06,-42.652254246419005,-42.68597704157134
515,515,5.403219670979618e-06,5.549103805510401e-06,-42.66456776815616,-42.55564457162614
516,516,5.461163869092827e-06,5.413673701887571e-06,-42.624120283328196,-42.66295230264948
517,517,5.414668315275664e-06,5.374315988822338e-06,-42.66064985674462,-42.69464108606613
518,518,5.36849240665312e-06,5.400768522553048e-06,-42.687616749472696,-42.67331742498689
519,519,5.3720667724003755e-06,5.432697841905265e-06,-42.694796382816016,-42.64771755345847
520,520,5.414292375171874e-06,5.3379764099908674e-06,-42.66710091021931,-42.724106560893404
521,521,5.317541317989961e-06,5.340594917039485e-06,-42.738521980095314,-42.72197668199855
522,522,5.34370551155082e-06,5.445253847076521e-06,-42.720905072843024,-42.6376917575398
523,523,5.357318781365787e-06,5.349047832599976e-06,-42.70575023545645,-42.715108247879535
524,524,5.350704359256101e-06,5.347721932929217e-06,-42.708113060596176,-42.71618489237341
525,525,5.321048751490529e-06,5.295229393117265e-06,-42.748263514510654,-42.75902527478411
526,526,5.3181317863285605e-06,5.2695072554342914e-06,-42.7401771322092,-42.78017299460609
527,527,5.419742662815759e-06,5.3049871942340885e-06,-42.65982384578531,-42.75102966385934
528,528,5.349180177403206e-06,5.2784273640626405e-06,-42.71872723401416,-42.772827566295206
529,529,5.33190421302822e-06,5.279406913790521e-06,-42.727644441672396,-42.77202169450068
530,530,5.331168778735146e-06,5.29521187337722e-06,-42.72770689007061,-42.75903964382924
531,531,5.310733407914648e-06,5.3527489016184855e-06,-42.746413697291715,-42.712104352447994
532,532,5.304850149223432e-06,5.224250511865218e-06,-42.752229099961674,-42.8176331233708
533,533,5.310552699756017e-06,5.3331965366516285e-06,-42.74464176717033,-42.727997178662676
534,534,5.332470734465085e-06,5.296107462383684e-06,-42.733353271155394,-42.75830517562532
535,535,5.32849894297374e-06,5.236475221624316e-06,-42.738355320100595,-42.80748253431342
536,536,5.299669873679282e-06,5.27438640730045e-06,-42.76263843820263,-42.77615362766088
537,537,5.328500701017622e-06,5.247248210300888e-06,-42.73433368817598,-42.79855698183577
538,538,5.2844807542737494e-06,5.233200107269161e-06,-42.770275167888066,-42.81019964653278
539,539,5.309226975272789e-06,5.228819047356649e-06,-42.749621495573166,-42.81383693724691
540,540,5.317297053028897e-06,5.244774432580207e-06,-42.74123437370183,-42.800604914956054
541,541,5.342246541405666e-06,5.386715919915955e-06,-42.72622746756501,-42.68463233582898
542,542,5.335808556580007e-06,5.221899468061135e-06,-42.72962774300724,-42.81958799740578
543,543,5.273541408258229e-06,5.225887721998764e-06,-42.7855308823228,-42.81627231585492
544,544,5.293086299379584e-06,5.240552223097582e-06,-42.760541951686164,-42.804102531080126
545,545,5.217281214595225e-06,5.350365211741423e-06,-42.819367839671955,-42.71403878641988
546,546,5.241452878724829e-06,5.20951633868543e-06,-42.80901505146845,-42.8298990182344
547,547,5.286043852186022e-06,5.202577348858253e-06,-42.774387761553,-42.835687605099835
548,548,5.2802057494379375e-06,5.24508844759303e-06,-42.77548298665857,-42.80034490204854
549,549,5.230874475526753e-06,5.195117003160321e-06,-42.81222663198062,-42.84191973198489
550,550,5.249282620161935e-06,5.282639138290267e-06,-42.792584924475264,-42.769363616129475
551,551,5.275837722984227e-06,5.201465898464544e-06,-42.77767024634666,-42.83661550738409
552,552,5.334479939528578e-06,5.397569829686913e-06,-42.72965940903091,-42.675890366593976
553,553,5.28198376938685e-06,5.230781641186791e-06,-42.77036854537229,-42.812207154799125
554,554,5.230351197281277e-06,5.181929497523111e-06,-42.81416726890293,-42.85295806357789
555,555,5.233694256022909e-06,5.253672450060931e-06,-42.81250011802196,-42.79324313876139
556,556,5.301796459816708e-06,5.344452084069704e-06,-42.75638377122146,-42.71884118539363
557,557,5.255846630949311e-06,5.2159222928151535e-06,-42.793119999089285,-42.824561936547326
558,558,5.239677985749968e-06,5.206003535070187e-06,-42.80429243438859,-42.8328284760098
559,559,5.2452939233206186e-06,5.192227562426859e-06,-42.800774766177355,-42.84433588019442
560,560,5.2401540312164746e-06,5.368468296901004e-06,-42.81494932740651,-42.69936913517628
561,561,5.2463034483752355e-06,5.229994425654265e-06,-42.79811573484716,-42.8128608029803
562,562,5.24219325898136e-06,5.260947905059622e-06,-42.79895553304773,-42.78723304927301
563,563,5.268306994338738e-06,5.312930768827516e-06,-42.78098805102965,-42.74453149488095
564,564,5.217280023813502e-06,5.263918171151186e-06,-42.82693555028487,-42.78478176828139
565,565,5.244746149663715e-06,5.23499434884319e-06,-42.80473663565532,-42.808710890805706
566,566,5.248273873334743e-06,5.188553682513118e-06,-42.80083924437769,-42.847409918270515
567,567,5.184547858006386e-06,5.284302484429454e-06,-42.85012599586811,-42.76799636705874
568,568,5.237097744592922e-06,5.1632177928695455e-06,-42.81686196395155,-42.86866861599809
569,569,5.245956438641572e-06,5.174492439676358e-06,-42.80619787556749,-42.85919549530715
570,570,5.224433570004191e-06,5.3032469239903886e-06,-42.8212947345437,-42.75245457541808
571,571,5.214167109424472e-06,5.292899387361678e-06,-42.82717147628829,-42.760936677034245
572,572,5.268471181572993e-06,5.19673750731224e-06,-42.787865261672366,-42.8405652557149
573,573,5.318591582781477e-06,5.1691760841334285e-06,-42.74292652290122,-42.86365979938674
574,574,5.203344188107012e-06,5.148249592342549e-06,-42.83243100018447,-42.88127712498329
575,575,5.27692861968595e-06,5.160255401087373e-06,-42.78205040450458,-42.87116109196113
576,576,5.184750562810073e-06,5.153448000783101e-06,-42.84972733704291,-42.87689407981694
577,577,5.319919665387565e-06,5.24212478730509e-06,-42.749404281065665,-42.80279951284881
578,578,5.199241162155942e-06,5.142862822762445e-06,-42.84429086319116,-42.8858236587752
579,579,5.262646899393882e-06,5.16565552587915e-06,-42.780060478419415,-42.866618646013166
580,580,5.171754413278961e-06,5.141175398947732e-06,-42.8612215660138,-42.88724885545794
581,581,5.232668013143e-06,5.171533422598211e-06,-42.81382224831758,-42.8616797048791
582,582,5.196267569228496e-06,5.172608995819342e-06,-42.8372965732398,-42.860776555062316
583,583,5.233774404071473e-06,5.15196289167139e-06,-42.812846017182224,-42.87814580030327
584,584,5.230327916092158e-06,5.157517319419544e-06,-42.81528373205606,-42.87346611227794
585,585,5.22437862996084e-06,5.178732097096815e-06,-42.817462929311525,-42.85563861325703
586,586,5.1767228750080544e-06,5.200016929800193e-06,-42.84878640736772,-42.83782548697996
587,587,5.192305679040296e-06,5.171527558750792e-06,-42.84986114880611,-42.86168462921743
588,588,5.24015287325157e-06,5.125082727892349e-06,-42.80702106009025,-42.90086426211616
589,589,5.126924800597126e-06,5.133152004227189e-06,-42.892190247776284,-42.8940318138451
590,590,5.160829970787445e-06,5.148882935731978e-06,-42.863402933236685,-42.88074288394331
591,591,5.234041040726954e-06,5.179662294770089e-06,-42.81225842851394,-42.854858608745936
592,592,5.175183883393495e-06,5.190334138062194e-06,-42.85915957670681,-42.84591988958692
593,593,5.215067162258567e-06,5.126441201833873e-06,-42.827129368405465,-42.89971325716487
594,594,5.1707765939597466e-06,5.1566895117024324e-06,-42.866245145691025,-42.87416323291993
595,595,5.1772491583365406e-06,5.167035971297944e-06,-42.86411027181882,-42.86545821297075
596,596,5.197731893203286e-06,5.1470015980732185e-06,-42.84005361245417,-42.88233003183762
597,597,5.1834268120241104e-06,5.171304947955497e-06,-42.8545845898584,-42.86187157730918
598,598,5.181102106061442e-06,5.137141215527663e-06,-42.85620418602918,-42.8906580201179
599,599,5.196461324416792e-06,5.169734226671464e-06,-42.8425252566802,-42.86319089460407
600,600,5.163676740773281e-06,5.110687724434109e-06,-42.86830774090018,-42.913079609694606
601,601,5.225576200077224e-06,5.3100047807674855e-06,-42.815880612309826,-42.746923941855314
602,602,5.232935545228832e-06,5.115122205193314e-06,-42.80413817595183,-42.909312923910676
603,603,5.255969168951965e-06,5.1713710059917315e-06,-42.79159087148943,-42.861816101065415
604,604,5.67737367990836e-06,5.840051711091196e-06,-42.453168747322266,-42.333706136602274
605,605,5.3242059592091594e-06,5.275771448060895e-06,-42.72704469357207,-42.77501333085931
606,606,5.19025669999201e-06,5.229990644071031e-06,-42.846949255143734,-42.81286394317739
607,607,5.194216142983125e-06,5.124824503199259e-06,-42.84958271191829,-42.90108308470019
608,608,5.265995494801714e-06,5.526313591537091e-06,-42.78039374780522,-42.57351780887751
609,609,5.187134203091792e-06,5.228267893567375e-06,-42.8451203630862,-42.81429473787711
610,610,5.24869030470523e-06,5.27985017278728e-06,-42.79900253058494,-42.77165707616649
611,611,5.187348806336474e-06,5.160140996227519e-06,-42.85160478518855,-42.87125737779633
612,612,5.18057605245069e-06,5.118178011654986e-06,-42.86536373663563,-42.90671919579679
613,613,5.1901715028414155e-06,5.110430265631294e-06,-42.850166946321565,-42.91329839777143
614,614,5.180026501997436e-06,5.432454480270328e-06,-42.857668365642986,-42.64791210317493
615,615,5.226226877902704e-06,5.197386623254524e-06,-42.81845219001505,-42.84002281949098
616,616,5.200396693927012e-06,5.1241750282459085e-06,-42.83835239690834,-42.901633506012814
617,617,5.202571825516175e-06,5.108115218670144e-06,-42.83501277930857,-42.91526621626247
618,618,5.137108126797739e-06,5.1167477594342355e-06,-42.88096052783763,-42.90793298213024
619,619,5.184301319308567e-06,5.116676268363862e-06,-42.8532427327169,-42.9079936620694
