,epoch,train_loss,test_loss,train_dbs,test_dbs
0,0,3.4836119422046996e-05,3.205685769851123e-05,-34.57842323250969,-34.932911539490185
1,1,3.105205054378099e-05,3.1707534761057776e-05,-35.07826083329506,-34.98049626068665
2,2,3.104037400074039e-05,3.1395802388464e-05,-35.09392531333645,-35.02340516429647
3,3,3.079982232839498e-05,3.1051742170300136e-05,-35.11233155555865,-35.07126131851945
4,4,3.0336245227894342e-05,3.0366168702082513e-05,-35.183904823027696,-35.168221028494905
5,5,2.9664860439598416e-05,3.0461599013314728e-05,-35.28493686548585,-35.1545940639903
6,6,2.6319961068214435e-05,1.399859253356944e-05,-35.798172315818164,-38.5312773089332
7,7,1.2277709005896204e-05,1.1215103193918415e-05,-39.110395238362834,-39.494088292858585
8,8,1.0592524725409734e-05,1.0474612090068772e-05,-39.753839794265595,-39.79074154753699
9,9,9.898872084488981e-06,1.0368956282036379e-05,-40.0452255814215,-39.83477059918713
10,10,9.424133636879486e-06,9.670734040187917e-06,-40.251143296221485,-40.13752663613382
11,11,9.7086011141373e-06,9.629763936620867e-06,-40.134456332668556,-40.15596462322536
12,12,9.279385576706941e-06,9.458632791249425e-06,-40.33074691445628,-40.2338373795976
13,13,9.067515719900407e-06,9.498607189590602e-06,-40.41737299749924,-40.21552175309743
14,14,9.306975154742627e-06,9.251837103587796e-06,-40.31715199735452,-40.329841257370774
15,15,9.20190396970714e-06,9.211102750621075e-06,-40.35913098440336,-40.349004763899224
16,16,9.050867044335092e-06,9.101018229940613e-06,-40.428018069982905,-40.40122119023331
17,17,8.985530435780937e-06,9.273374225334632e-06,-40.46113684117987,-40.31974317300487
18,18,9.008837592379687e-06,9.069816099470604e-06,-40.46622414358225,-40.416136219625955
19,19,8.901258063149763e-06,8.97222583405796e-06,-40.5021721854747,-40.46311906919825
20,20,8.818852737809702e-06,8.828851270281072e-06,-40.545547275561596,-40.533079025014914
21,21,8.697049409973485e-06,8.869208757364264e-06,-40.608728206267386,-40.51327226167908
22,22,8.705732294945791e-06,9.037106792675331e-06,-40.60300971101584,-40.43182688886315
23,23,8.704955450515082e-06,8.733861824638504e-06,-40.60498542072104,-40.58005786492973
24,24,8.5295987399562e-06,8.916973959123042e-06,-40.693589303720834,-40.48994604969654
25,25,8.634993756674807e-06,8.724627916403973e-06,-40.64389773911705,-40.584651888612285
26,26,8.544646939252247e-06,8.770541482686225e-06,-40.68894174202036,-40.56185696299199
27,27,8.446241295554426e-06,8.570655728889457e-06,-40.728178840720034,-40.661980528540376
28,28,8.489603808896194e-06,8.564218516862878e-06,-40.70399905599331,-40.66524363482691
29,29,8.340245205976522e-06,8.464747727549893e-06,-40.78534645153539,-40.715980838282576
30,30,8.328379834958619e-06,8.609951452710543e-06,-40.79127358404928,-40.64211400624947
31,31,8.346377436498291e-06,9.584589239047522e-06,-40.78022638505405,-40.17638597995549
32,32,8.258692424092682e-06,8.420211064443911e-06,-40.82768359783093,-40.738891254734654
33,33,8.417142157902828e-06,8.358565968305093e-06,-40.749791915089595,-40.770803289201616
34,34,8.1809707620609e-06,8.338154394119843e-06,-40.86924455457381,-40.78142170797993
35,35,8.29649383208046e-06,8.33551441820945e-06,-40.81381277941202,-40.78279696257174
36,36,8.269990603272987e-06,8.396703115546475e-06,-40.82495150502514,-40.75103305319739
37,37,8.258934940386098e-06,8.356451081980546e-06,-40.833420107519956,-40.77190228115926
38,38,8.139428213251017e-06,8.330235902432928e-06,-40.896859171427195,-40.78554803024878
39,39,8.021341826176853e-06,8.207633168479477e-06,-40.95847311553676,-40.84994165445123
40,40,8.139878961638087e-06,8.300867935567543e-06,-40.89492848557935,-40.80088598897423
41,41,8.184741892767578e-06,8.088925920004075e-06,-40.86748675244433,-40.91321245233062
42,42,8.141744344647658e-06,8.081409401041272e-06,-40.886223228125004,-40.91724994800275
43,43,8.029343438672008e-06,8.036293174403622e-06,-40.95421829782129,-40.941563313206295
44,44,7.835763932872424e-06,7.976392465168733e-06,-41.056538457737986,-40.974055887427525
45,45,7.960284437075708e-06,7.981394662094413e-06,-40.99329224984997,-40.971333170830235
46,46,7.780966872402488e-06,7.945736605937495e-06,-41.09411971264609,-40.99077938827851
47,47,7.648331021985156e-06,7.816155414873624e-06,-41.16349604579942,-41.06218917090792
48,48,7.921079350594904e-06,7.86280780199664e-06,-41.01387670101897,-41.03634443384443
49,49,7.933419787262856e-06,7.804650019687343e-06,-41.007217503963446,-41.068586703437234
50,50,7.62165102303735e-06,7.829610168348728e-06,-41.18175352253189,-41.05471963980832
51,51,7.74952839248689e-06,7.89728801464662e-06,-41.10999502711459,-41.01734126260084
52,52,7.643617307846783e-06,7.774970790227312e-06,-41.16657138007018,-41.085133372102824
53,53,7.772519073058124e-06,7.776691362730498e-06,-41.09957419582802,-41.08417240067797
54,54,7.59012811013423e-06,7.828049810517482e-06,-41.19573550182391,-41.05558522866267
55,55,7.653024347502614e-06,7.751118262508258e-06,-41.16446574326829,-41.098477401345946
56,56,7.474303125378618e-06,7.813583315988868e-06,-41.2581853982219,-41.063618559308935
57,57,7.600565602599053e-06,7.888200965872353e-06,-41.19166273169013,-41.022341368179134
58,58,7.600096415847747e-06,7.88346082309114e-06,-41.18795930473874,-41.0249518957733
59,59,7.600524347169282e-06,7.715607999240379e-06,-41.17946235163952,-41.11841948634142
60,60,7.688189458518142e-06,7.620727333950957e-06,-41.14689833680917,-41.17215680260317
61,61,7.576514605913412e-06,7.84324449915929e-06,-41.204743444731335,-41.04716349735079
62,62,7.5338579589106775e-06,7.488780068486353e-06,-41.23279563866218,-41.24801026957872
63,63,7.557689143853627e-06,7.558566362843665e-06,-41.22455363029008,-41.20772672857044
64,64,7.56198206198457e-06,7.552019054090028e-06,-41.21627627860394,-41.21149026275858
65,65,7.340124734442143e-06,7.4995900353027725e-06,-41.346140367110095,-41.24174579956707
66,66,7.366458562829234e-06,7.537720026256896e-06,-41.322984582490186,-41.21972100910904
67,67,7.479698140122844e-06,7.5506017741358125e-06,-41.25903055986364,-41.21230537540987
68,68,7.33501750913739e-06,7.47270309818161e-06,-41.34409640341776,-41.257343758910835
69,69,7.310126650352067e-06,7.76767549388368e-06,-41.36092544473505,-41.08921029326624
70,70,7.536953020950098e-06,7.371736166150138e-06,-41.22763042250287,-41.31642319851842
71,71,7.465499277610977e-06,7.576345643955344e-06,-41.27189133171984,-41.19752323716287
72,72,7.37610517932911e-06,7.357316271257955e-06,-41.32449208412819,-41.32492677715486
73,73,7.344988726171576e-06,7.722068044370789e-06,-41.34794730661761,-41.11478479144458
74,74,7.3518979277032115e-06,7.522850170828047e-06,-41.34091477717048,-41.228296910517024
75,75,7.136351527638983e-06,7.3081958984594645e-06,-41.46540042274141,-41.354019230772074
76,76,7.263652418091108e-06,7.224663118234419e-06,-41.382746598624564,-41.40394502306083
77,77,7.2631963674436905e-06,7.307037489418259e-06,-41.392322668699954,-41.35470767773982
78,78,7.193176484694968e-06,7.364064578340683e-06,-41.428410526980755,-41.32094514966564
79,79,7.343467600970978e-06,7.199512765510008e-06,-41.344338789895055,-41.41908997215644
80,80,7.188906829000676e-06,7.170565344207908e-06,-41.42874168723427,-41.43658705497784
81,81,7.162413285842967e-06,7.295780936769197e-06,-41.4469269916281,-41.36140317928802
82,82,7.162867751906833e-06,8.755345788813429e-06,-41.446047066594446,-40.56938800270387
83,83,7.3531912948027705e-06,7.261211617572515e-06,-41.336380187475356,-41.382030094822404
84,84,7.160217217123196e-06,7.240563622632946e-06,-41.45170245456001,-41.39439729287346
85,85,7.242272691730681e-06,7.149942575779278e-06,-41.40393445508519,-41.44909549500183
86,86,7.286299951937105e-06,7.186183019688255e-06,-41.371983996902095,-41.427138295711714
87,87,7.1885078561779705e-06,7.769394893617382e-06,-41.43354308196206,-41.0882490749658
88,88,7.234547528119928e-06,7.19854393824598e-06,-41.40034696791072,-41.419674434829396
89,89,7.176524138334027e-06,7.141638290800313e-06,-41.445197207319055,-41.454142530150804
90,90,7.135371950275887e-06,7.358842259763103e-06,-41.46183942664027,-41.32402609592312
91,91,7.105902859245934e-06,7.111188743261951e-06,-41.477037879206065,-41.472698975913715
92,92,7.1529503497679135e-06,7.144311463267322e-06,-41.4648273835172,-41.45251723524899
93,93,7.030805248824745e-06,7.201431105242687e-06,-41.52316359765804,-41.417932930822595
94,94,7.099622151370043e-06,7.245196756182275e-06,-41.491635990302775,-41.39161919307008
95,95,7.142472858288681e-06,7.095709143437776e-06,-41.4645922857089,-41.482162980652404
96,96,7.124510961448229e-06,7.09194151376754e-06,-41.46679355568591,-41.484469579332675
97,97,7.055336829074167e-06,7.158424331895444e-06,-41.51454161030338,-41.44394664701194
98,98,7.1027086294672e-06,7.161768304573152e-06,-41.49156621847999,-41.44191836576624
99,99,7.049915246770792e-06,7.222824957639923e-06,-41.52467819553892,-41.40505013282545
100,100,7.0428358712794674e-06,7.024908140202139e-06,-41.51825168039594,-41.52571453662289
101,101,6.95523823131075e-06,7.031224078290459e-06,-41.57096970039977,-41.5218116461239
102,102,6.981456399162855e-06,7.0157379205308024e-06,-41.56417411034212,-41.531387461287686
103,103,7.044441134116214e-06,7.100839531248264e-06,-41.51580360771618,-41.479024049826094
104,104,7.0051868083423545e-06,7.084429398673819e-06,-41.5462319484362,-41.489072267084204
105,105,7.0308249154756416e-06,7.143477719900578e-06,-41.525514793756216,-41.45302408783376
106,106,6.952521673775129e-06,6.999656953236186e-06,-41.57813342098003,-41.541353471503356
107,107,7.037460462240617e-06,6.997249281419882e-06,-41.532445702043,-41.54284757109484
108,108,7.049406984564128e-06,7.445348561113381e-06,-41.52548599553563,-41.27327068836471
109,109,7.048118225883599e-06,7.392288113662385e-06,-41.51973099143666,-41.30433218187831
110,110,7.02218809594117e-06,7.068853942894891e-06,-41.53356248719626,-41.49863094978044
111,111,7.088662557377115e-06,7.004278263354392e-06,-41.49759186861546,-41.53848712068793
112,112,6.935400478207307e-06,7.128293825524834e-06,-41.59198296491076,-41.462265104631484
113,113,7.006968086532595e-06,7.090148205622283e-06,-41.54680719043935,-41.48556789961043
114,114,7.056292740822549e-06,6.997588259668862e-06,-41.51881925221907,-41.54263718439673
115,115,6.89493768713311e-06,7.039800589394106e-06,-41.6119605008504,-41.51651745896196
116,116,6.987005685773839e-06,7.2790767501972274e-06,-41.55663162619242,-41.37135804730123
117,117,6.822007332264491e-06,7.006685983038838e-06,-41.651650456479494,-41.536994490537964
118,118,6.930995570337004e-06,6.93418453585381e-06,-41.593916871445586,-41.58216708184333
119,119,7.05576172718399e-06,6.99517063127898e-06,-41.51774322289613,-41.544137907288686
120,120,6.82543490837975e-06,7.000035015823271e-06,-41.6601590159081,-41.54111890849184
121,121,6.846695233087809e-06,6.93265895422787e-06,-41.64080515507646,-41.58312267304905
122,122,6.8964333464820585e-06,7.135618345369278e-06,-41.608919516256506,-41.457804899335045
123,123,7.205200074974162e-06,6.9601227503306675e-06,-41.428525812578144,-41.565952043163385
124,124,6.9880830338173764e-06,6.931084212019893e-06,-41.560693285545966,-41.58410927795955
125,125,6.872580347730618e-06,6.973409486626654e-06,-41.620849762726834,-41.55766935086865
126,126,6.876620712309605e-06,7.064372096608981e-06,-41.62733270406703,-41.50138536858123
127,127,6.995936131453473e-06,6.937620965848175e-06,-41.55144314691488,-41.58001534663576
128,128,6.864556663580534e-06,6.905982732668666e-06,-41.63112258494315,-41.59986615182862
129,129,6.9583708686080815e-06,7.3135853007873885e-06,-41.572142148515674,-41.35081772232947
130,130,6.83168684996961e-06,6.940037756545567e-06,-41.656968809473476,-41.57850270117387
131,131,6.8794202354521195e-06,6.949348062335048e-06,-41.62824066293787,-41.57268039183991
132,132,6.869459416661484e-06,6.975906719737013e-06,-41.6250108958388,-41.55611438637376
133,133,6.87826378949823e-06,6.91538585478587e-06,-41.627432217939585,-41.59395686049849
134,134,7.042495678067951e-06,7.03220712239272e-06,-41.52071932408639,-41.521204496099585
135,135,6.946352402440791e-06,7.134585015783638e-06,-41.592819262102864,-41.458433859310546
136,136,6.809967858644836e-06,7.002596200771605e-06,-41.66998535325108,-41.539530194934514
137,137,6.84936172622178e-06,6.866886690802762e-06,-41.63797575866023,-41.62452222069821
138,138,6.920708514859218e-06,6.906626343774597e-06,-41.59973379116507,-41.59946142488607
139,139,6.872074814008059e-06,6.848628034181035e-06,-41.63565812841597,-41.63608524062287
140,140,6.849919387117477e-06,6.916242120113518e-06,-41.63694931116381,-41.593419148946396
141,141,6.8510904787489354e-06,6.931688044699656e-06,-41.640292434708606,-41.58373093920288
142,142,6.774336017451319e-06,7.0433418984880275e-06,-41.6831065023956,-41.514333328492576
143,143,6.863970044186008e-06,6.950708355265976e-06,-41.63645280816262,-41.57183036979998
144,144,6.932780055199287e-06,6.886515142181643e-06,-41.58694500451123,-41.61212596555594
145,145,6.722586008014407e-06,6.859857421659399e-06,-41.72821570013884,-41.628970140820584
146,146,6.752803903847175e-06,6.831459215486814e-06,-41.71156370859646,-41.64698623415952
147,147,6.860038406416934e-06,6.876191515689961e-06,-41.64539143087997,-41.618641391585044
148,148,6.875498892788021e-06,6.954808118040857e-06,-41.62574729210376,-41.569269509287906
149,149,6.803254854810465e-06,6.908130289000263e-06,-41.676015109708274,-41.59851583440984
150,150,6.7746162449580395e-06,6.903219711698751e-06,-41.68807069507382,-41.60160407229356
151,151,7.073744551778816e-06,6.9687719252741725e-06,-41.50272854068806,-41.56055852196698
152,152,6.797759504985789e-06,7.0452193827613404e-06,-41.66850069376678,-41.513175820570645
153,153,6.85859591969122e-06,6.810211552395853e-06,-41.63874798808863,-41.660515002670174
154,154,6.78653920480541e-06,6.857894516686333e-06,-41.67678096656914,-41.63021302494322
155,155,6.730460863201591e-06,6.88728907430471e-06,-41.71839578652525,-41.61163791672719
156,156,6.822157178548784e-06,6.896309610295391e-06,-41.65813803396061,-41.60595352377075
157,157,6.793891850637797e-06,6.833462018556402e-06,-41.67445869063193,-41.64571318426367
158,158,6.747680537355523e-06,6.844139629959643e-06,-41.71227579227802,-41.63893242141718
159,159,6.890614047771339e-06,7.008332168449047e-06,-41.61853976299389,-41.5359742574774
160,160,6.780479536958869e-06,6.808802745102807e-06,-41.68721789863391,-41.66141350710266
161,161,6.76531035611502e-06,6.766062525505396e-06,-41.70958057067341,-41.6887609650567
162,162,6.75804299650745e-06,6.812973783541422e-06,-41.69746792728227,-41.65875385543313
163,163,6.823680061793264e-06,7.048525252397858e-06,-41.65494756257263,-41.5111384330565
164,164,6.779462435907149e-06,6.771105721494869e-06,-41.68718112197575,-41.685525085512694
165,165,6.773079091085351e-06,6.813684697255284e-06,-41.69272245072827,-41.65830070559636
166,166,6.844584895963972e-06,6.803841642977204e-06,-41.646541348167204,-41.664579063053836
167,167,6.67824304063166e-06,6.7868326320757135e-06,-41.76118073506772,-41.67544963986905
168,168,6.755577768925241e-06,6.873946619491203e-06,-41.70081567427272,-41.620059480669894
169,169,6.790425105304841e-06,6.7850924336342265e-06,-41.68281675737749,-41.6765633486186
170,170,6.742019706376295e-06,6.826036042184569e-06,-41.70384631939963,-41.65043526243143
171,171,6.764295711636618e-06,6.73498279387499e-06,-41.68968233772739,-41.7087561276087
172,172,6.67479813254778e-06,6.792704569211071e-06,-41.758001503746286,-41.671693768049394
173,173,6.825604290047663e-06,6.822940122219734e-06,-41.667082046315684,-41.65240543362083
174,174,6.746189134816829e-06,6.77100014830725e-06,-41.70712261624118,-41.68559280002218
175,175,6.6490428646820596e-06,6.774721417681767e-06,-41.76953359935407,-41.68320661957722
176,176,6.703069522194073e-06,6.790700880580851e-06,-41.74214960222099,-41.67297502395401
177,177,6.668340874873054e-06,6.781189265319354e-06,-41.76624974378765,-41.6790623745794
178,178,6.958786306097761e-06,6.9836198092257534e-06,-41.56880684196138,-41.55131515118864
179,179,6.6914404885313526e-06,6.775643812847863e-06,-41.74808941056384,-41.682615357091564
180,180,6.681595513112267e-06,6.879438603247859e-06,-41.7569909750994,-41.616591042422336
181,181,6.751821377658473e-06,6.727628428243885e-06,-41.70369739340039,-41.71350106256449
182,182,6.667435299437109e-06,6.709257855905698e-06,-41.762832768714716,-41.72537619940506
183,183,6.818574575779926e-06,6.823105865662096e-06,-41.666173819227495,-41.65229993571691
184,184,6.672064454008803e-06,6.71681551753672e-06,-41.75238499019812,-41.72048683078949
185,185,6.735877161997085e-06,6.790484468709972e-06,-41.71542941742664,-41.67311343084403
186,186,6.70133607686178e-06,6.717052034027323e-06,-41.73396154095768,-41.72033390713387
187,187,6.778643712527107e-06,6.765074598852631e-06,-41.685223362885104,-41.689395133627514
188,188,6.74532691508708e-06,6.78668799848406e-06,-41.70851364698859,-41.67554219296925
189,189,6.754445663674917e-06,6.766044000534366e-06,-41.69932397487849,-41.68877285572972
190,190,6.739700701163924e-06,6.962070672575225e-06,-41.71098881491396,-41.56473675781026
191,191,6.646936901571402e-06,6.7105213594531e-06,-41.77418523072153,-41.72455840261226
192,192,6.71923402309797e-06,6.7728510178935e-06,-41.7244811709568,-41.68440580757348
193,193,6.653799615734672e-06,6.809236262932628e-06,-41.7672420567297,-41.66113699974172
194,194,6.698249026814346e-06,6.70165608378164e-06,-41.73697435050023,-41.73029966406168
195,195,6.717971616323207e-06,6.682990524017154e-06,-41.72764144916548,-41.742412579852264
196,196,6.8356683599275355e-06,6.971860784688033e-06,-41.64696599136123,-41.558633968542935
197,197,6.702001306602489e-06,6.810457355306043e-06,-41.740195496015325,-41.660358254351465
198,198,6.744298839153417e-06,6.832902344237817e-06,-41.71465897530879,-41.64606889476854
199,199,6.651648885794596e-06,6.725052140896687e-06,-41.768024268733924,-41.71516447438285
200,200,6.665734244305304e-06,6.718453182417618e-06,-41.762223304009474,-41.719428081849834
201,201,6.656393358668735e-06,6.870553845242523e-06,-41.767269844729896,-41.62220355737642
202,202,6.661100551636335e-06,6.81831275678154e-06,-41.766848214038106,-41.65535184825073
203,203,6.72353244976641e-06,6.750749913695281e-06,-41.73174180794544,-41.698600837715205
204,204,6.691346538666283e-06,6.723694217438797e-06,-41.74663967391169,-41.71604149094766
205,205,6.548129354977738e-06,6.699116846376503e-06,-41.833746416114614,-41.731945504659436
206,206,6.6963012079551054e-06,6.802913288227405e-06,-41.7406061288012,-41.665171679511985
207,207,6.6956023362866655e-06,6.7177139307635735e-06,-41.745675147555225,-41.71990597545105
208,208,6.6457333962988715e-06,6.6838923119480326e-06,-41.773531019191566,-41.74182659203801
209,209,6.67552775357575e-06,6.726259423311076e-06,-41.757155167284196,-41.71438489822097
210,210,6.681064251003506e-06,6.699151502911455e-06,-41.74995084199353,-41.73192303736516
211,211,6.663194972602891e-06,6.68263948299634e-06,-41.75801843497843,-41.74264071003126
212,212,6.618297794778572e-06,6.975196739451923e-06,-41.79123757520817,-41.55655641667085
213,213,6.741726488097314e-06,6.6679459020011376e-06,-41.71495133547495,-41.75220035635115
214,214,6.573759487623975e-06,6.654836852248991e-06,-41.82491468568104,-41.76074690388961
215,215,6.589292963288938e-06,6.668947662546998e-06,-41.813256543840225,-41.75154794194001
216,216,6.651109044431689e-06,6.779204963286726e-06,-41.76907500431933,-41.6803333869332
217,217,6.655322855276046e-06,6.6884240607721855e-06,-41.77001045058458,-41.738883027844366
218,218,6.671109292359144e-06,6.743645036821315e-06,-41.74563358664825,-41.70317400919477
219,219,6.541920670643617e-06,6.713151570262485e-06,-41.83621393993099,-41.72285650468707
220,220,6.679564198888911e-06,6.972360695631084e-06,-41.7538235852447,-41.55832257279465
221,221,6.6543009160875615e-06,6.686484132507375e-06,-41.769840910365815,-41.74014284979518
222,222,6.570591572246073e-06,6.672549812049654e-06,-41.827601590520814,-41.74920278736799
223,223,6.585645350401371e-06,6.664979393558736e-06,-41.81165319909452,-41.754132922895636
224,224,6.583982034611574e-06,6.7867661910943415e-06,-41.80573890276235,-41.675492156156665
225,225,6.612118640893557e-06,6.600826485450134e-06,-41.7953404980565,-41.79613786619011
226,226,6.535806690961406e-06,6.642435030363758e-06,-41.848444828949305,-41.76884788042004
227,227,6.5968646942058785e-06,6.7709966778669405e-06,-41.8141257020654,-41.68559502597614
228,228,6.568877920143837e-06,6.659350770190174e-06,-41.830973119017116,-41.757802120799084
229,229,6.694521734689917e-06,6.7029338041672755e-06,-41.750946185768726,-41.72947172837813
230,230,6.57693535873646e-06,6.602183810556246e-06,-41.82618699807202,-41.795244920123125
231,231,6.6058903649184115e-06,6.6545872916896385e-06,-41.792182968167396,-41.7609097701003
232,232,6.590365712289679e-06,6.600586570321436e-06,-41.827127572052845,-41.796295718711036
233,233,6.555061743936151e-06,6.6236597328832816e-06,-41.83129803886017,-41.78114089306865
234,234,6.531189411390121e-06,6.683292883137351e-06,-41.846545984732884,-41.742216096067686
235,235,6.577909999512335e-06,6.672949774311794e-06,-41.81733020343661,-41.74894247279176
236,236,6.650996974994339e-06,6.659335045505462e-06,-41.76031388098338,-41.75781237578054
237,237,6.563831260622858e-06,6.604077881140831e-06,-41.82569207068077,-41.79399917105641
238,238,6.588612417469927e-06,6.582644202449285e-06,-41.81260697346782,-41.808117215739685
239,239,6.545930262422489e-06,6.671183966414231e-06,-41.84314861745918,-41.75009186269655
240,240,6.6200206871594534e-06,6.675265706833575e-06,-41.79659054132409,-41.74743545977391
241,241,6.714282696436582e-06,6.714974604524047e-06,-41.732758538311856,-41.72167728769927
242,242,6.613863787765929e-06,6.632019090159845e-06,-41.79816236026798,-41.77566335658456
243,243,6.498340820884944e-06,6.596759560220801e-06,-41.87370476137002,-41.79881448180028
244,244,6.504989916308106e-06,6.5726612774597015e-06,-41.86570535672225,-41.81470851850352
245,245,6.5971357048745385e-06,6.6015701409732605e-06,-41.81427953773906,-41.795648613367895
246,246,6.569799017935233e-06,6.565933338271479e-06,-41.82871468926443,-41.81915634143266
247,247,6.584001279331938e-06,6.7547960162827574e-06,-41.811393373301186,-41.69599864734298
248,248,6.631401785065482e-06,6.702104249262974e-06,-41.77974161387988,-41.73000924437233
249,249,6.57786005231361e-06,6.661930671582109e-06,-41.81977542993246,-41.756119944865375
250,250,6.7506952169405285e-06,6.8277049888963935e-06,-41.70824489957902,-41.64937355436257
251,251,6.5637940135331386e-06,6.6562625330621625e-06,-41.826322118506965,-41.75981660460394
252,252,6.832584014923621e-06,6.651217733489925e-06,-41.65683672827234,-41.763109382316316
253,253,6.558976687320517e-06,6.582425373237225e-06,-41.83382287807451,-41.80826159221827
254,254,6.5183408484708985e-06,6.5744149986513595e-06,-41.85621222426063,-41.813549886082356
255,255,6.613051365215161e-06,7.0257988227240276e-06,-41.793206714156156,-41.525163933004265
256,256,6.579563746855297e-06,6.585823077904551e-06,-41.81298307091016,-41.806020437023825
257,257,6.445367161336669e-06,6.633182142410844e-06,-41.91097515024659,-41.77490180435899
258,258,6.4929262473165135e-06,6.564346485423525e-06,-41.87855984938697,-41.82020606991989
259,259,6.396483832318576e-06,6.564406057326491e-06,-41.927910876990815,-41.82016665757107
260,260,6.486842318464397e-06,6.55815629694476e-06,-41.88124294478869,-41.82430340553073
261,261,6.435550450575094e-06,6.755020470001527e-06,-41.91674834713092,-41.695854338926054
262,262,6.43292852268151e-06,6.6770843132919826e-06,-41.90808331971502,-41.74625243093878
263,263,6.5438657610187515e-06,6.558864697581157e-06,-41.83941943376059,-41.82383431351998
264,264,6.428460484627423e-06,6.526202875982945e-06,-41.91203542090992,-41.84551533009761
265,265,6.45178691407524e-06,6.537265371183534e-06,-41.907572081585975,-41.83815988408706
266,266,6.4636011471126955e-06,6.521228993063376e-06,-41.896191728920314,-41.848826525790265
267,267,6.4781501275798086e-06,6.547684374948547e-06,-41.886599927302505,-41.83124366830302
268,268,6.484567869116178e-06,6.480478173455738e-06,-41.87927676702281,-41.87605051078653
269,269,6.38665370416609e-06,6.514490714356438e-06,-41.95285779987194,-41.85331633929695
270,270,6.47295325610141e-06,6.503381571651277e-06,-41.893422076667164,-41.86072867280386
271,271,6.492488874127301e-06,6.4371862974535604e-06,-41.87358019071727,-41.90516025162604
272,272,6.414952120807e-06,6.447126811269156e-06,-41.92108279152252,-41.89845890694815
273,273,6.334918729520461e-06,6.528459188733618e-06,-41.99105753358378,-41.844014097538754
274,274,6.39317966150762e-06,6.470162540943803e-06,-41.938711075655775,-41.88296912326842
275,275,6.346906029085806e-06,6.430021250324851e-06,-41.97075024437677,-41.90999695102744
276,276,6.694707060643813e-06,7.1250814423700306e-06,-41.73819777055597,-41.46422270453367
277,277,6.368294086230177e-06,6.469892253478879e-06,-41.95781152977952,-41.88315055117799
278,278,6.370025440662278e-06,6.4835056659113e-06,-41.957265678925566,-41.87402208602506
279,279,6.371843769041325e-06,6.520732767967274e-06,-41.95578826613786,-41.84915700953967
280,280,6.360325876568785e-06,6.389800450721707e-06,-41.962840233241955,-41.937248076738555
281,281,6.29867626108516e-06,6.43359319502978e-06,-42.00713367596094,-41.907585069170324
282,282,6.448102949528304e-06,6.3849473151908326e-06,-41.91857471198321,-41.94054785239128
283,283,6.330109973185751e-06,6.33279770274959e-06,-41.98467830062314,-41.97616488328041
284,284,6.409075045742133e-06,6.479916177532256e-06,-41.926714210143395,-41.87642715322806
285,285,6.277243619947935e-06,6.401808054521864e-06,-42.0191040589289,-41.92909454764816
286,286,6.338307619294075e-06,6.455018472862369e-06,-41.97736336540923,-41.893146138513266
287,287,6.293947338695175e-06,6.478974994120347e-06,-42.00729986857206,-41.87705799541595
288,288,6.323747467044105e-06,6.516681112675303e-06,-41.99055094410269,-41.8518563356616
289,289,6.3293225195462284e-06,6.404646276343173e-06,-41.98432543213804,-41.927169543171914
290,290,6.251914961354749e-06,6.3247861793283124e-06,-42.035913888139504,-41.981662553152546
291,291,6.246365702872467e-06,6.400331059060256e-06,-42.03652567425863,-41.9300966473378
292,292,6.365730422254911e-06,6.3859274154023484e-06,-41.95560274418131,-41.939881254177166
293,293,6.292546116775466e-06,6.3951732188702165e-06,-42.00873952354564,-41.9335979109156
294,294,6.262793741586495e-06,6.537393490266129e-06,-42.037228805491644,-41.83807477072206
295,295,6.207520640338171e-06,6.30837303106091e-06,-42.065529017448206,-41.992947368953786
296,296,6.248934392509178e-06,6.302590200472255e-06,-42.04216231078352,-41.99693033448045
297,297,6.238037614596194e-06,6.273083703203347e-06,-42.04674337902256,-42.017310208446446
298,298,6.302882205269158e-06,6.394297997758258e-06,-42.008787990803,-41.934192311877965
299,299,6.151617985919656e-06,6.380579873764777e-06,-42.108388757444416,-41.9435195366113
300,300,6.244013843336022e-06,6.391749282460966e-06,-42.03746165336378,-41.93592371952875
301,301,6.181524778307012e-06,6.25139175195057e-06,-42.086503373730096,-42.032353879032584
302,302,6.2139372801670405e-06,6.272033069284302e-06,-42.06831692395617,-42.018037638127474
303,303,6.234829175134775e-06,6.373358677305269e-06,-42.0604651351162,-41.94843743095063
304,304,6.159818060472596e-06,6.245433125609691e-06,-42.104761122351,-42.036495408998846
305,305,6.261343130353987e-06,6.241274556822119e-06,-42.03871520609715,-42.03938815477262
306,306,6.141684681687807e-06,6.479141766727767e-06,-42.10850267839804,-41.87694620691384
307,307,6.166541321907005e-06,6.353971864308206e-06,-42.096412733545364,-41.96166815893509
308,308,6.12937835107117e-06,6.2179878544779246e-06,-42.124527741779296,-42.055622339063945
309,309,6.145835690516571e-06,6.3074314407697925e-06,-42.114685210297026,-41.99359564702328
310,310,6.248835740462737e-06,6.209096275262327e-06,-42.05105999469136,-42.0618370945245
311,311,6.163785173223155e-06,6.19664019483791e-06,-42.09731615081605,-42.070558235466635
312,312,6.1800092929111884e-06,6.463569853191362e-06,-42.08763407035281,-41.88739656628721
313,313,6.250899552713273e-06,6.1947953327035066e-06,-42.03433261468905,-42.07185140839883
314,314,6.233832237674355e-06,6.543106122224249e-06,-42.04922038975886,-41.83428139161914
315,315,6.17100928495122e-06,6.305167301577871e-06,-42.088513333416444,-41.99515488661849
316,316,6.226355089518283e-06,6.240326624002161e-06,-42.06026779078119,-42.04004781692292
317,317,6.1729048734987466e-06,6.3461016955108405e-06,-42.09197792222109,-41.96705075975511
318,318,6.29149665365196e-06,6.4237420989038105e-06,-42.01540771662516,-41.91424006793574
319,319,6.226505254594533e-06,6.235923496876096e-06,-42.05951847532739,-42.043113247440644
320,320,6.1152640668784515e-06,6.286991887655428e-06,-42.136035457435305,-42.00769203348251
321,321,6.3128171597181976e-06,6.341822834081923e-06,-42.010482463494185,-41.96997997953967
322,322,6.20289303753321e-06,6.171324481616275e-06,-42.0766575061732,-42.08833721559765
323,323,6.193867873137315e-06,6.192613909661304e-06,-42.07583999323467,-42.07338099377247
324,324,6.152999198955925e-06,6.385055736532913e-06,-42.110107997638025,-41.940474106456534
325,325,6.078991655439748e-06,6.120523219004481e-06,-42.16312776547767,-42.12423553484594
326,326,6.215159969214415e-06,6.192360711123145e-06,-42.06257908244913,-42.073558568182314
327,327,6.118343822215804e-06,6.306746160446078e-06,-42.128101835469955,-41.994067518393486
328,328,6.125711629418632e-06,6.156361570518991e-06,-42.12632531343718,-42.0988798476641
329,329,6.206045453996246e-06,6.306764446076398e-06,-42.07231559561917,-41.99405492658048
330,330,6.114449028358387e-06,6.260136519574046e-06,-42.13466484765447,-42.02628299007257
331,331,6.143468500837473e-06,6.0721584926987385e-06,-42.12183718970371,-42.15869004521184
332,332,6.107586173551606e-06,6.149612545414129e-06,-42.13703026484495,-42.103643492748226
333,333,6.16694416711437e-06,6.227965657576294e-06,-42.10554633937421,-42.04865894208308
334,334,6.166100845184326e-06,6.176313802011703e-06,-42.10507929746449,-42.084827500809546
335,335,6.1366513411072806e-06,6.223638353587471e-06,-42.1249200400321,-42.05167754806805
336,336,6.283041625231151e-06,6.171745314388413e-06,-42.02218658179588,-42.08804107314065
337,337,6.241281041474929e-06,6.447104002099398e-06,-42.04410032593338,-41.89847427179884
338,338,6.205523146190992e-06,6.179652844270765e-06,-42.07080488498491,-42.08248024995534
339,339,6.090245949156635e-06,6.133615490972788e-06,-42.14597472841675,-42.11495556214543
340,340,6.1452347348601984e-06,6.2042140119669245e-06,-42.11931008539561,-42.06525333091699
341,341,6.057130135981349e-06,6.111031636560495e-06,-42.17086403238123,-42.130975712617335
342,342,6.089365248869596e-06,6.134197136768642e-06,-42.155152736828086,-42.11454374372691
343,343,6.039998312452244e-06,6.173654702778501e-06,-42.18168463462984,-42.08669767908767
344,344,6.110004674671482e-06,6.087576366553549e-06,-42.13981640619884,-42.1476768098023
345,345,6.158288356017852e-06,6.1834000342442825e-06,-42.103869863259966,-42.079847592805095
346,346,6.080560524424072e-06,6.157614375536612e-06,-42.15949630062033,-42.0979961585773
347,347,6.073762628166713e-06,6.151525380310456e-06,-42.16076930589243,-42.10229283128588
348,348,6.011449526921911e-06,6.069344109212245e-06,-42.21633072470145,-42.16070342243558
349,349,6.094636989576795e-06,6.132685891651291e-06,-42.148085687632886,-42.11561382064388
350,350,6.053244118278992e-06,6.122512164246903e-06,-42.18384430816785,-42.12282446655421
351,351,6.033175386338118e-06,6.051533881346634e-06,-42.187334862839734,-42.1734663415183
352,352,6.117395406766536e-06,6.100940625305827e-06,-42.13108658302039,-42.13815304877272
353,353,5.976151278071147e-06,6.199067684065085e-06,-42.23466559151609,-42.0688572512227
354,354,6.077960241566768e-06,6.081892407612606e-06,-42.1637159685594,-42.151733703704124
355,355,6.05484258334606e-06,6.153066830225534e-06,-42.1741363312378,-42.10120471201415
356,356,5.990759680421481e-06,6.0731924445702275e-06,-42.222800622679785,-42.15795060244769
357,357,6.083924717197228e-06,6.0814815553481155e-06,-42.15783863746715,-42.15202709412681
358,358,6.107384828301854e-06,6.223337717720394e-06,-42.13835139847071,-42.05188734118954
359,359,6.054120430488502e-06,6.139964673485865e-06,-42.1810272609278,-42.110462308931545
360,360,6.047300964204736e-06,6.097939579998829e-06,-42.19244556874276,-42.1402898636625
361,361,6.0224982607718465e-06,6.022909139191095e-06,-42.191400034616635,-42.19405791801112
362,362,6.042298387048092e-06,6.066900655959647e-06,-42.18703042537787,-42.162452197776325
363,363,6.123938583561877e-06,6.191011427864923e-06,-42.129538932573745,-42.074504976429296
364,364,6.072527304643972e-06,6.1454484717902045e-06,-42.17278470783678,-42.10658521750051
365,365,6.016822957575379e-06,6.032662225295912e-06,-42.20978575954844,-42.187030938910965
366,366,6.003546946210674e-06,6.034074790238121e-06,-42.22307461422358,-42.18601414512197
367,367,6.049020537398767e-06,6.065536581445485e-06,-42.18073175288731,-42.16342876996097
368,368,6.017921247437642e-06,6.113525231692045e-06,-42.20273715696136,-42.12920394349322
369,369,5.987642335761866e-06,6.2547426176407545e-06,-42.2256088076461,-42.030026601121335
370,370,5.984292652710886e-06,6.0778459460140625e-06,-42.22799895592574,-42.154624154069495
371,371,5.958252291072979e-06,6.36137847801652e-06,-42.24765761827193,-41.956608680839224
372,372,6.035047379592686e-06,6.121361150833668e-06,-42.19970565912044,-42.123641003547974
373,373,5.973001711983258e-06,6.0350098943959705e-06,-42.23574550973122,-42.18534116852568
374,374,5.980185412142616e-06,6.138483704968453e-06,-42.23615734965919,-42.11150995996738
375,375,5.93118573812445e-06,6.115562930637297e-06,-42.26805661810262,-42.12775663784926
376,376,6.026576735054085e-06,6.178612693474861e-06,-42.200568207971685,-42.08321131007166
377,377,6.082837191251642e-06,6.082899625126677e-06,-42.16771452864925,-42.15101453150906
378,378,6.000244322478334e-06,6.0384858156076485e-06,-42.21394447659242,-42.18284052831389
379,379,5.944790522447612e-06,6.007637789719554e-06,-42.251807977097464,-42.2050836284932
380,380,6.019366626731557e-06,6.0893760411617175e-06,-42.206138729744715,-42.14639309162542
381,381,6.094754047170654e-06,6.013003186174166e-06,-42.15493201716428,-42.20120669342314
382,382,6.005859589648251e-06,6.085265388384486e-06,-42.20921691873305,-42.14932580039773
383,383,5.969318586609268e-06,6.079391249314588e-06,-42.23536697947214,-42.153520092860326
384,384,6.014024836179853e-06,6.0598200961019184e-06,-42.21134902324251,-42.16752372286099
385,385,5.934038518276306e-06,6.058161417106596e-06,-42.26978834197762,-42.16871262571355
386,386,6.051076164196987e-06,5.963654793480313e-06,-42.18212022746232,-42.2369960696605
387,387,6.017720844499411e-06,6.03321933866889e-06,-42.21138404867466,-42.18662988862289
388,388,5.921717091922867e-06,5.989915998246656e-06,-42.278504045447164,-42.21791371365845
389,389,5.964376261132558e-06,6.041117294922802e-06,-42.24353892786183,-42.18094835196764
390,390,5.988187413751484e-06,6.078252897024963e-06,-42.22812449723599,-42.15433337562028
391,391,6.258528248940117e-06,6.076547043975504e-06,-42.03466338139394,-42.1555523879854
392,392,6.075498037820036e-06,6.101577869948845e-06,-42.16476955084857,-42.137699450882344
393,393,6.10188054292614e-06,6.053578401502148e-06,-42.149880602803165,-42.17199931864503
394,394,5.961291648905974e-06,6.007585565576416e-06,-42.238613097891914,-42.20512138169431
395,395,5.957050098473214e-06,6.092258158069423e-06,-42.24810360335495,-42.14433805127189
396,396,5.9683809678934965e-06,6.024089830852493e-06,-42.24705909611741,-42.193206638989196
397,397,5.945691639484271e-06,5.988797822378968e-06,-42.2658085760509,-42.21872451458051
398,398,5.946188593952684e-06,5.966510511107596e-06,-42.26184407430661,-42.23491693261684
399,399,5.941705441409326e-06,6.2321169743403226e-06,-42.2584874178569,-42.045765070375786
400,400,5.942945171762066e-06,6.014950940880226e-06,-42.254685949671504,-42.199800138128026
401,401,5.951888725416886e-06,5.912156618586251e-06,-42.25447010605407,-42.27466172903903
402,402,5.939130104022681e-06,5.959213084631636e-06,-42.27446221978078,-42.24023188465427
403,403,5.929600123186133e-06,6.218512489316422e-06,-42.26740617708118,-42.05525592406099
404,404,5.931675576031227e-06,5.946658180427651e-06,-42.26516565609022,-42.24939127755597
405,405,5.8604909446733745e-06,6.010285041587562e-06,-42.31226887044056,-42.20317034129171
406,406,5.926626427120111e-06,6.034639179568713e-06,-42.283001573823526,-42.18560795242786
407,407,5.979464693848865e-06,5.986211626326335e-06,-42.23320567449667,-42.22060037229411
408,408,5.9029955372887005e-06,5.909343336067027e-06,-42.29445998802919,-42.27672879853426
409,409,5.889270085521575e-06,5.934374257776653e-06,-42.301651322278964,-42.258371712130376
410,410,5.862679681178127e-06,5.863788493642412e-06,-42.32079725706531,-42.310338063619646
411,411,6.021100423672626e-06,5.917014277656563e-06,-42.206102335722555,-42.27109486088523
412,412,5.8712196348387435e-06,5.90014805742325e-06,-42.313989746584475,-42.283491934131774
413,413,5.89332383936277e-06,6.0837866218016165e-06,-42.30238641183456,-42.15038129785076
414,414,5.854840811977185e-06,5.908886985133377e-06,-42.32527311868943,-42.277064196791024
415,415,5.880830105956399e-06,6.095914781517901e-06,-42.30395724348224,-42.14173216203551
416,416,0.01138383827696295,0.00015389553262043352,-9.433795237998464,-28.119860902802184
417,417,0.00015574074623333386,4.254989931053531e-05,-28.076361834676064,-33.70313566598467
418,418,3.93691743457313e-05,3.890426255805467e-05,-34.054346097000774,-34.092149157647135
419,419,3.8276321124003423e-05,3.773288766464439e-05,-34.16681612867803,-34.22492060665279
