,epoch,train_loss,test_loss,train_dbs,test_dbs
0,0,0.0006946405490677919,0.0006699133664369583,-15.558903749125053,-15.711628915433613
1,1,0.0006605130500284975,0.0006364574441441187,-15.779850424909279,-15.934121642210815
2,2,0.0006247032907810638,0.000610735157112542,-16.025214804574105,-16.113286136962476
3,3,0.0006002651943978806,0.0005782414411537742,-16.199022801193415,-16.35072321399111
4,4,0.0005736161088186902,0.0005517093844613747,-16.39813791433612,-16.55471163396431
5,5,0.0005395418934922512,0.0005295547353422368,-16.644542424752053,-16.732706787710097
6,6,0.000525168458254259,0.0005114052496776965,-16.782288112812754,-16.88416352842048
7,7,728.1919420768663,0.0005055774389275987,44.63400746300809,-16.93393849084358
8,8,0.0005050595485504486,0.0005075806264741052,-16.94519096142249,-16.91676497249512
9,9,0.0005052254595865793,0.0005067864074494297,-16.941071236030115,-16.9235657654781
10,10,0.0005061602224139785,0.000506222474780914,-16.929523937622818,-16.928401120344134
11,11,0.0005085280428510927,0.0005031834573999635,-16.922762008610853,-16.95455179817703
12,12,0.0005026481140731383,0.0005029047085707518,-16.965085666727777,-16.956958328450536
13,13,48513.82008901894,0.0005076595438080595,62.87921768433098,-16.916089795059573
14,14,0.000514576893261413,0.0005066289434724144,-16.862031577347413,-16.92491537473366
15,15,0.0005087979865793293,0.0005073385500030494,-16.917015392120586,-16.9188367133787
16,16,0.0005076543107561613,0.0005054119484204995,-16.924882125976122,-16.935360298343877
17,17,0.0005147924284287489,0.0005088658700084412,-16.87123340326172,-16.90578211261473
18,18,0.0005076437175619541,0.0005028338683156395,-16.92732006556261,-16.95757012822932
19,19,0.0005084249081771783,0.0005030088773070785,-16.918760795345694,-16.956058849446165
20,20,0.0005068462651064523,0.0005108853174054897,-16.936375734610046,-16.888581132250998
21,21,0.0005051996924952825,0.0005042490864932341,-16.940244126889382,-16.945364145656335
22,22,282.2792181233514,0.000510386165268229,40.52572232707065,-16.89282640962889
23,23,0.0005163872124238382,0.0005105403267263778,-16.85343229085831,-16.891514827029553
24,24,0.000513642460477452,0.0005115818042357109,-16.87017436604886,-16.882664454296943
25,25,0.0005139943980971908,0.0005059479674520461,-16.8695073426051,-16.930756791209784
26,26,0.0005148651574008627,0.0005020222130329593,-16.864048820019097,-16.964586008287743
27,27,0.0005107498280680019,0.0005076621769388255,-16.899234760176398,-16.916067269112602
28,28,0.0005117947317914289,0.0005041601543780416,-16.891749177538706,-16.946130158608753
29,29,0.0005053795979732705,0.0005071217540381966,-16.945160941633596,-16.920692937664516
30,30,0.0005079377847651654,0.0005022198540820299,-16.922118308272328,-16.962876571471107
31,31,0.0005143934347157933,0.0005003438395521554,-16.869451469823577,-16.979129777414993
32,32,0.000501942233669754,0.0005089892426775279,-16.974444943392594,-16.904729309146013
33,33,0.0005048229482106519,0.0005011037068662086,-16.94250619756207,-16.972539192696225
34,34,0.000504302572022125,0.0004998271745678625,-16.950341559306676,-16.983616705519534
35,35,0.0005036053147536616,0.0005013082286735114,-16.961315268042412,-16.970767013207457
36,36,0.0005014253400395787,0.0004939709799241667,-16.97568107398958,-17.034800991707982
37,37,0.0005063735417896862,0.0004966745266421256,-16.93920337361232,-17.0110964812986
38,38,0.000499457573654975,0.0004949407272138878,-16.998355152086823,-17.026283425807534
39,39,0.00049633199958726,0.0004998482028512578,-17.023430404990886,-16.9834339968593
40,40,0.0005029492178024512,0.0004972138129615862,-16.958819938944817,-17.006383495214344
41,41,0.0005014248338729604,0.0004936373489296162,-16.976259163179304,-17.037735233982044
42,42,0.0004949704446882662,0.0004922280189164571,-17.027140362564147,-17.050152034181973
43,43,0.0005009760090015521,0.0004947312960499211,-16.977571790138086,-17.028121505455516
44,44,0.0004935286874335605,0.0004943735195985554,-17.04310863849794,-17.031263343264847
45,45,0.0004936738798428403,0.0004895198584754804,-17.042848121785205,-17.074112200451744
46,46,0.0004899815530828248,0.00048543015911586975,-17.0744539370332,-17.110547797155174
47,47,0.0004956145652632238,0.0004931197587498709,-17.0292606428401,-17.04229130107935
48,48,0.0004908619763584059,0.00048726786994130204,-17.069585127790404,-17.09413759385313
49,49,0.0004868405158799526,0.00048270606968894993,-17.106418695389582,-17.13498774875064
50,50,0.000489111055113548,0.0004838322117728622,-17.079822134844186,-17.124867559543972
51,51,0.0004914884396094215,0.0004856023465675351,-17.06393072595216,-17.1090075796968
52,52,0.0004933222683660264,0.00047847211183244854,-17.05488520119278,-17.173249050604394
53,53,0.0004865582408287476,0.0004801059962789479,-17.11658120364335,-17.15844404555866
54,54,0.00048220826801363876,0.0004796695429831743,-17.14757904562047,-17.162393912236332
55,55,0.0004846532586073868,0.000477043314420275,-17.125002491916234,-17.186237209189876
56,56,0.00048437682112448455,0.00047429300244211366,-17.1311356432917,-17.211348174095708
57,57,0.0004771807028182312,0.0004753099561448356,-17.195195310767758,-17.202046232767653
58,58,0.0004764693995011183,0.00047566542113935083,-17.198386596255542,-17.198799534766735
59,59,0.00047678695079515277,0.0004763037064357808,-17.198935841561237,-17.19297573616593
60,60,0.00047978324174746564,0.00047205197532955364,-17.164974802570537,-17.231917153716285
61,61,2.4075572641413974,0.00047902387144093056,19.829236806780198,-17.168243783031244
62,62,0.00047924594813237713,0.0004799538659618089,-17.1701396455451,-17.159820404688237
63,63,0.00048218853801690505,0.000474849257826511,-17.14658252265998,-17.206257711227423
64,64,0.00048221191799402544,0.00047616785435055037,-17.146067317195957,-17.1942146143393
65,65,0.0004787023998940959,0.0004783232717799317,-17.185132866287283,-17.174600236346357
66,66,0.000479084192343133,0.0004756831484356601,-17.182664252775844,-17.19863768311292
67,67,0.0004748367670246582,0.0004732745904843078,-17.208173970370403,-17.220683463043546
68,68,0.00047748572956386607,0.0004739571181983736,-17.191260461364113,-17.21442484504022
69,69,0.00047654244801528827,0.00047143942854171127,-17.19458832584509,-17.237556330208047
70,70,0.0004717623631916364,0.0004700001568141344,-17.232479556277656,-17.250835318386248
71,71,0.0004723264929387219,0.0004695742482956695,-17.22895410898574,-17.254772627257758
72,72,0.00047533931126626035,0.00046957734861950343,-17.21093016165987,-17.254743953430495
73,73,0.00047654666777066504,0.0004674610115073033,-17.195244348161097,-17.274361402012943
74,74,0.0004722983927403567,0.00047004487102017984,-17.237109185610954,-17.250422165135333
75,75,0.000470208451175851,0.00046395234867783363,-17.252871115535328,-17.307081570709286
76,76,47628.85613667728,0.0004666869522464511,62.79818375102862,-17.281558757370735
77,77,0.0004819333364289331,0.0004691820067819208,-17.144059552125004,-17.258401861875083
78,78,0.00047764663624135563,0.00047269325985230113,-17.19001705781349,-17.22602124946692
79,79,0.00047513689172511787,0.0004699407130063168,-17.207568564380118,-17.251384632041646
80,80,0.0004775677774624765,0.000467985246551076,-17.188137772379918,-17.269493727176382
81,81,0.0004732802809700946,0.00047327864357564405,-17.227688834929438,-17.220646270519374
82,82,0.0004743339416460547,0.0004695913996424918,-17.223606685797705,-17.254614002731845
83,83,0.00046999643397152655,0.0004716099815835294,-17.26064303744912,-17.23598546350805
84,84,0.00047051634989947694,0.0004709496708145659,-17.25367995557857,-17.242070370059807
85,85,0.0004758225332647946,0.0004699677029796141,-17.220373912964774,-17.25113521207107
86,86,0.0004696935945137682,0.0004681728575011029,-17.262692307657318,-17.26775302972198
87,87,0.0004717316268463187,0.00046336711200542356,-17.241324718590207,-17.312563286600206
88,88,0.00046526411483448346,0.0004669013785467924,-17.294268715184028,-17.27956378469211
89,89,0.00047257725454233205,0.0004631943777081017,-17.230441342671813,-17.31418255426596
90,90,0.000472599753003433,0.00046579867117352,-17.240892815600933,-17.289832894265786
91,91,0.0004666500566431235,0.0004633245897773457,-17.28191341746934,-17.312961847825903
92,92,0.00046793642044595454,0.00046124427401656777,-17.27370376002963,-17.33250546897873
93,93,0.00047142686353535536,0.0004556695608985855,-17.24169197005678,-17.385315163525764
94,94,0.0004653722025602864,0.00046195135923641687,-17.30544928355981,-17.325852853688932
95,95,0.0004660922481279974,0.0004565893644834624,-17.296333149439388,-17.37655743596401
96,96,0.000458806149479117,0.0004588779411278665,-17.360589418650576,-17.354843535915673
97,97,0.0004638073784083166,0.0004605089488904923,-17.316339736339042,-17.33943460585544
98,98,0.00045940500369641126,0.0004607148799359014,-17.352469210514013,-17.33749295572949
99,99,0.00046320117922432565,0.0004573161300198224,-17.324568316248993,-17.369650150024466
100,100,0.00045749161706891715,0.00045422826875246276,-17.368777962936043,-17.39907375771063
101,101,0.00045442745418374224,0.00044844937694602107,-17.396922776264578,-17.45468109711923
102,102,0.0004534492336367209,0.0004498635029640833,-17.402797365871553,-17.441007740154095
103,103,0.00045384614267530516,0.0004506320355607099,-17.413811018502706,-17.433594720707887
104,104,0.0004557573807200167,0.0004552377871923933,-17.390393447304213,-17.389432310071278
105,105,0.00045056557660855197,0.00044738746395236567,-17.441745921697873,-17.46497723919244
106,106,0.0004449263254070136,0.00044596337829716504,-17.489617794025595,-17.478823379732905
107,107,0.00044623091990925065,0.00044471081223730976,-17.48156834871232,-17.49103846112653
108,108,0.0004475019678963137,0.00044581524592726245,-17.46861217356175,-17.48026618335443
109,109,0.0004451979817606547,0.0004421403542724683,-17.495844613720756,-17.516213797830062
110,110,0.00043969620055202204,0.0004422979178152194,-17.537967022779966,-17.51466639808382
111,111,0.0004428018555981251,0.00043939538974020824,-17.523152095176478,-17.543260388066482
112,112,0.0004421539932306971,0.000437306776324189,-17.519502442790284,-17.563953276314873
113,113,0.0004399527943232241,0.00043708356679417193,-17.54281770555049,-17.566170562223007
114,114,0.00043918299530728807,0.00043060343963780294,-17.557319967286908,-17.631040400524302
115,115,0.0004349699587148336,0.0004252961554907654,-17.59205462023037,-17.684900777941937
116,116,0.0004363090226537135,0.00042689220189411,-17.58615196501433,-17.668633131234888
117,117,0.0004317212874458661,0.00043063466651610245,-17.63226581322825,-17.630725466458067
118,118,0.0004349939459718802,0.0004318585668347384,-17.59640902379732,-17.618399954998925
119,119,0.0004252580092912636,0.0004284045211725721,-17.68729681863244,-17.653274891590595
120,120,0.00043083770235414744,0.0004253537826068503,-17.63618696920124,-17.6843123540218
121,121,0.0004265772505212076,0.0004273091632823803,-17.679116985388337,-17.664393286817468
122,122,0.000429231190715542,0.00042758562975857213,-17.65301488517542,-17.66158433605056
123,123,0.0004268907554826901,0.00043011817921835343,-17.675244521766686,-17.63593736000957
124,124,0.0004279587496451304,0.00042252558418304513,-17.661452183526478,-17.713285237965096
125,125,0.00042695067366873174,0.00042537242743970926,-17.674270113857894,-17.684121990825453
126,126,0.00042937061816607556,0.0004216126031487396,-17.647580484921793,-17.722679500322513
127,127,0.00042557676554388685,0.00042303719122796073,-17.692879067254662,-17.70802984711573
128,128,0.00042622147809675675,0.0004161652774966665,-17.682385696447607,-17.7791569239102
129,129,0.00042589864730786954,0.0004206016570893361,-17.69357605364878,-17.733105552853146
130,130,0.0004305545718903586,0.0004203516521221517,-17.64021085022177,-17.735687759967526
131,131,0.00042085023806910464,0.000424036480437376,-17.734898203616154,-17.697783135281448
132,132,0.0004275462715574492,0.00042056904394963856,-17.666217612572446,-17.73344231462095
133,133,0.0004247303310416869,0.0004147399710123672,-17.69649483696711,-17.794056416948624
134,134,0.0004295491119582667,0.0004243502656831161,-17.65975252724776,-17.69457056253524
135,135,0.00042238355267399286,0.00042226327442269966,-17.725273898630974,-17.715982235776274
136,136,0.00042619540856565476,0.00042714656018161853,-17.68517643098694,-17.66604621343062
137,137,0.0004249487732916341,0.000424200459077072,-17.692580448493146,-17.69610400493615
138,138,0.00042544013626163,0.00042128995808429624,-17.69499397222595,-17.726004273182134
139,139,0.0004208261274958279,0.0004198806372618205,-17.740110099295393,-17.740556870063582
140,140,0.00043036692599362705,0.0004188612756000734,-17.641383365294857,-17.751113236830026
141,141,0.00042566746898168293,0.000426329387425396,-17.692200376641367,-17.674362645269905
142,142,0.0004291047183700751,0.0004224066015970158,-17.65957394371932,-17.714508377094276
143,143,0.00042448346785116056,0.0004290104139057037,-17.70097925355605,-17.647137001902454
144,144,0.0004276138746549289,0.000426769474104635,-17.66760947421322,-17.669881869549165
145,145,0.0004261899196432385,0.00042777188048747023,-17.687863206647904,-17.659693017762695
146,146,0.00043207273030048716,0.00042373959839000906,-17.630197814198453,-17.700824840359903
147,147,0.00042396280812531634,0.0004244413821173734,-17.712671127749772,-17.69363814608503
148,148,0.00043403923111852525,0.00042469144222865765,-17.602806622447073,-17.691080248745514
149,149,0.0004287835188958909,0.0004241676253609751,-17.64837889506134,-17.696440168023607
150,150,0.0004292417944111314,0.0004291293673879026,-17.647455179241046,-17.64593298264174
151,151,0.0004384936905854871,0.0004249252118537889,-17.56388411298101,-17.688690350659
152,152,0.00042913133517320546,0.00042973419093821004,-17.651457565860092,-17.639816258482277
153,153,0.00042820799964979366,0.00042497982136218955,-17.659881533917932,-17.68813225046513
154,154,0.0004294687349795719,0.00042649164587553397,-17.65101512909677,-17.672710060550823
155,155,0.01363635125819632,0.0004314621726639177,-2.6297614850732143,-17.62238808606696
156,156,0.0004319407366283392,0.00042787564330195124,-17.616975050895103,-17.65863969576447
157,157,0.0004336074166859202,0.00042422029869876017,-17.612324486700683,-17.69590089255011
158,158,0.00043087391442014385,0.00042770129757149046,-17.630998959403648,-17.660409668425334
159,159,0.00042897094036308453,0.00043021211106526226,-17.649660821786824,-17.634989024622328
160,160,0.0004358308665219157,0.00043074018628287475,-17.598462660840788,-17.6296614313862
161,161,0.00043179522077648987,0.0004295647193334605,-17.628304975750844,-17.6415292964684
162,162,0.0004348046051520739,0.0004289215476570749,-17.604401772773056,-17.648036703120592
163,163,0.0004344626972523816,0.00042668071967598637,-17.603629154666578,-17.670785157380752
164,164,0.00042843033461207426,0.00043285322547154993,-17.654553759736523,-17.60840876598753
165,165,0.00042887556921095425,0.0004305020556785166,-17.653498839714135,-17.63206305093159
166,166,0.0004346834414052902,0.0004315709581868233,-17.598022169682388,-17.621293227692
167,167,0.0004314861293958942,0.0004271211433469465,-17.633181630247982,-17.666304642749743
168,168,0.0004308140490410523,0.00042514099224813675,-17.63848464694956,-17.68648552858447
169,169,0.00043258956152244864,0.0004225901563921453,-17.61343797165091,-17.712621580839695
170,170,0.00043691893902693673,0.0004257160502387897,-17.57642151024242,-17.68061510528959
171,171,0.0004322615163472779,0.0004289927754526664,-17.622171328855394,-17.647315562609908
172,172,0.0004353571020681219,0.00043058940699618116,-17.588910253616845,-17.631181932095245
173,173,0.00043319758134606034,0.0004230682526739608,-17.609089808091444,-17.707710978712246
174,174,0.0004290702759369862,0.00042914153125725294,-17.650031210973985,-17.64580988161743
175,175,0.0004274416021815472,0.000424564373373103,-17.66585365852918,-17.692379864295674
176,176,0.0004340765875351337,0.0004267030760131188,-17.608473951708067,-17.670557610668396
177,177,0.00043351896984512276,0.00042894767370614176,-17.613164613578505,-17.647772177977025
178,178,0.00043101292301555037,0.00043051749755824477,-17.63793788700243,-17.631907274604984
179,179,0.00043475966133686147,0.0004286976564847129,-17.596817095092533,-17.65030425269138
180,180,0.0004344465011207521,0.00043433319814013024,-17.603410364709923,-17.59358508863619
181,181,0.0004265137771672579,0.00042992379933007454,-17.667854003749227,-17.63790047614612
182,182,0.0004290068676916057,0.0004327607610704083,-17.652264995660587,-17.609336587856525
183,183,0.0004324404950032836,0.0004279511171932283,-17.617210339968633,-17.657873702081933
184,184,0.0004304273488460896,0.0004341140171929606,-17.640536245490676,-17.59577725590288
185,185,0.00043348826170351703,0.00042584536162107006,-17.60174058249634,-17.679296134762716
186,186,0.0004293039376900253,0.00042918423729899685,-17.652396037976004,-17.645377714741684
187,187,0.00042649045389760095,0.0004334526923852728,-17.675824723809185,-17.602398297655242
188,188,0.0004319782790694309,0.0004329892950696184,-17.627806417654263,-17.607043753882433
189,189,0.00043217986240051687,0.00043096715939770406,-17.616028147350143,-17.62737357405077
190,190,0.0004365484013591807,0.00042560771046402425,-17.58192769358148,-17.681720474804155
191,191,0.0004245682419085702,0.00043281129297898397,-17.69700167778621,-17.608829507504826
192,192,0.00042716637475790514,0.0004289467668920559,-17.6703481715856,-17.647781359161442
193,193,0.0004303564816190064,0.0004284438067483471,-17.639218428776246,-17.65287665287708
194,194,0.0004329509788898501,0.0004246660912605493,-17.6141951356866,-17.691339498475568
195,195,0.0004314985117255758,0.00042879731412731896,-17.63475688438383,-17.649294782876595
196,196,0.000430821087367391,0.0004252493320229022,-17.6381909821972,-17.685378945753904
197,197,0.0004331432892004815,0.0004258475934253319,-17.613954288216856,-17.67927337397152
198,198,0.0004292707668242918,0.0004271114732163321,-17.6466683326418,-17.666402969230937
199,199,0.00043105755989036534,0.00042739723913224513,-17.632177406557627,-17.66349822260331
200,200,0.0004301166807579779,0.0004280012447117387,-17.643011814571956,-17.657365026466923
201,201,0.00043369646930644653,0.0004251884131104146,-17.60462972612784,-17.68600113703677
202,202,0.0004356005112040481,0.00042932976717374434,-17.593988620974542,-17.643905337545014
203,203,0.00043448342518045654,0.0004258329725799788,-17.608262168590528,-17.679422485098666
204,204,0.00043031224259655425,0.00042934537295399134,-17.640849138904933,-17.643747477979016
205,205,0.0004285672264288842,0.00042748118683352674,-17.654989550761652,-17.66264528205773
206,206,0.00043535779755965795,0.0004236286576518691,-17.601360034178036,-17.701962030721337
207,207,0.00042856552940553303,0.0004242868116738177,-17.660597452965597,-17.69522002098761
208,208,0.00043660001925279184,0.00042497018799430837,-17.580507697841796,-17.688230696690603
209,209,0.0005308014515321702,0.00042630304233171046,-16.729761998556636,-17.674631026542237
210,210,0.0004270681580312588,0.00041992928354853864,-17.675556707596915,-17.740053736833385
211,211,0.00042719339451406955,0.00042470376846674636,-17.66996730489901,-17.69095420100902
212,212,0.00042383518512840816,0.0004259761327902149,-17.699157595809325,-17.677962681733636
213,213,0.0004340162942997305,0.00042189355774194395,-17.61046028782105,-17.719786408614027
214,214,0.0004310196381993592,0.00042578741129928907,-17.62970279407499,-17.679887176014606
215,215,0.0004258377746962126,0.0004262318604895355,-17.6892952487754,-17.67535624919853
216,216,0.00042141365312212673,0.00042475574484438097,-17.72020991386816,-17.6904227323829
217,217,0.00042791153453098437,0.0004228192571501591,-17.67276469009202,-17.71026775804456
218,218,0.00042795689990167917,0.00042662012396919494,-17.6653341768152,-17.67140197104798
219,219,0.00042372384527458127,0.0004202829640187127,-17.706990103431007,-17.736397482450744
220,220,0.00042166416629303976,0.0004227442872146831,-17.728287314221124,-17.711037872356798
221,221,0.00042341038051839033,0.00042181483341233904,-17.711392192295442,-17.720596867355383
222,222,0.00042879309795662454,0.00042157514345538065,-17.66345525866353,-17.72306538207176
223,223,0.00042156953533832944,0.00042414942474447583,-17.72812018390493,-17.696626523521548
224,224,0.00042167395628153433,0.000418921768677568,-17.72988169705462,-17.750486062289447
225,225,0.0004225845233244418,0.00042568982002864545,-17.717374641766575,-17.68088270117837
226,226,0.0004261414056581435,0.0004215899220741305,-17.678941796359343,-17.722913139697493
227,227,0.0827753568351984,0.00042265027111984397,5.195394640040477,-17.7120038277433
228,228,0.0004293281073710814,0.00042638036661389237,-17.660034715641547,-17.673843360010714
229,229,0.0004298792262057553,0.00043026480431619446,-17.642918857410162,-17.634457124515936
230,230,0.00043067771019702106,0.00043017221737260883,-17.63671602132847,-17.635391765816514
231,231,0.00042876696091663746,0.0004263402385588147,-17.65706936583109,-17.674252108029624
232,232,0.0004313220954068082,0.0004272195755651123,-17.63038178227147,-17.665303904556335
233,233,0.0004351652613192912,0.000429054927448497,-17.58628585885719,-17.646686407172872
234,234,0.00042838035283379795,0.0004308255141184322,-17.65671744115611,-17.628801197320723
235,235,0.0004303950438943221,0.00042690257664377754,-17.641146867086388,-17.668527586046626
236,236,0.0004310281356177341,0.00042768725114384373,-17.636068652667763,-17.66055230035622
237,237,0.0004325130061467284,0.0004273871860564931,-17.61345070048863,-17.663600376905535
238,238,0.00042565990828659345,0.00042609701018878505,-17.690811335399044,-17.67673047794995
239,239,0.0004299852142552125,0.0004307451768239078,-17.642911303304057,-17.62961111446788
240,240,0.0004338726557949654,0.0004281760591670479,-17.60896278026697,-17.655591539736808
241,241,0.00042972527054311303,0.00043048435442247674,-17.657386306596646,-17.632241626521903
242,242,0.0004340560471317395,0.00042914857591600403,-17.60378513107908,-17.64573858972214
243,243,0.0004326866801045643,0.00043390462738706877,-17.62026374190431,-17.597872529768193
244,244,0.0004334328801145527,0.0004297568566950136,-17.60343454247443,-17.639587201690183
245,245,0.00043288115129959723,0.00042593624675646424,-17.617911697991833,-17.678369349949563
246,246,0.0004283803678357724,0.00042735552262073676,-17.65834067115528,-17.663922140526186
247,247,0.00043157277599975623,0.00043024732516833435,-17.628128679652814,-17.634633556601088
248,248,0.00043731874464675015,0.000428312283474952,-17.57143437174424,-17.654210050631185
249,249,0.00043234302027429425,0.0004292340431435916,-17.613037768173076,-17.644873755215396
250,250,0.0004344503173230158,0.0004255758724052851,-17.594572655062844,-17.682045365779725
251,251,0.0004290909579590193,0.00042674335111912926,-17.656522668530602,-17.670147713672982
252,252,0.00042904797370171117,0.0004296993720345199,-17.654801861218733,-17.640168156718474
253,253,0.00043220020537792716,0.0004210305709612409,-17.62488817647922,-17.728679036431895
254,254,0.00043118587927892804,0.00043012246667211383,-17.632083970549395,-17.635894069390407
255,255,0.0004317784002626833,0.0004290488922331286,-17.632614777506248,-17.646747496767663
256,256,0.00043732603410614134,0.0004292080855903853,-17.576401229133246,-17.64513639894518
257,257,0.0004310730872339732,0.0004250245187186489,-17.644461423609744,-17.687675504202353
258,258,0.0004253740666659799,0.0004286729978814133,-17.690592966308817,-17.650554065191795
259,259,0.00043322962406331424,0.00042552830296029384,-17.622722355490353,-17.68253083273163
260,260,0.00043096231385470206,0.0004279679805653072,-17.626994555880493,-17.657702572136117
261,261,0.00043341845481598883,0.0004252677562793619,-17.61026294556614,-17.685190788384112
262,262,0.00042950500825362413,0.0004224877798390624,-17.65134249948352,-17.713673828694986
263,263,0.0004281100004517771,0.0004264955396616929,-17.661368845995835,-17.672670410486408
264,264,0.0004356176236562777,0.00042409155101172234,-17.592777506604396,-17.697219143862686
265,265,0.00042989400735115343,0.0004288094504246194,-17.645521540990153,-17.649171865773642
266,266,0.00042807313910032594,0.0004302902548500386,-17.654406421198065,-17.634200243185788
267,267,0.0004364164145879409,0.000422745820527014,-17.58716570865516,-17.711022120331357
268,268,0.0004393015247073562,0.00042484876834542344,-17.555168730503787,-17.689471711226012
269,269,0.00042796722546066204,0.00042385618833481873,-17.65430563375967,-17.699630064010407
270,270,0.00042861817043380256,0.0004278209648634258,-17.64867817867788,-17.659194718279142
271,271,0.0004287396600234716,0.00042584591306206817,-17.662950905077896,-17.67929051094597
272,272,0.0004309279170276155,0.00042822847822926154,-17.63626607128568,-17.655059891234256
273,273,0.00043668188592755074,0.0004249732117291148,-17.57679432280992,-17.68819979601318
274,274,0.00043016838956355435,0.000424505997216329,-17.642982477705523,-17.692977045487712
275,275,0.00043035750415358577,0.0004269952432399518,-17.639420192112425,-17.6675849769757
276,276,0.0004260440329425805,0.0004269812121301105,-17.680780636428885,-17.667727688956603
277,277,0.00042797229822830673,0.00042736270054439575,-17.65669458870622,-17.663849196424792
278,278,0.00043027432960669325,0.00042719933921226154,-17.63946097901409,-17.665509624168262
279,279,0.000435818722723628,0.0004307292172023536,-17.59665117186546,-17.629772028724254
280,280,0.0004305233344790939,0.0004320725014335231,-17.64421615858502,-17.616249074655528
281,281,0.0004313706639990902,0.0004307481867726892,-17.632431873320353,-17.629580767068774
282,282,0.0004269678836337953,0.00042605183951213563,-17.670862479567553,-17.677190899286852
283,283,0.0004298582885500773,0.0004271117841677838,-17.64630183494934,-17.666399807422863
284,284,0.00042842812062068316,0.0004286721400843051,-17.657499593213995,-17.65056275566041
285,285,0.00042753773423382226,0.0004272591644334362,-17.663567052158776,-17.664901478462735
286,286,0.0004296688727203987,0.0004283617982812422,-17.646087624067025,-17.65370801589881
287,287,0.00042870574475976534,0.0004300856809621971,-17.650281185640207,-17.636265510439493
288,288,0.00043261780393953175,0.00042826691673039213,-17.637056515646037,-17.65467007877191
289,289,0.00043533765980925833,0.00042660199534638146,-17.589451556928704,-17.67158652230785
290,290,0.0004310960807602315,0.00042666220198091313,-17.635960068956443,-17.67097364275012
291,291,0.00043095296822469103,0.0004275560449490226,-17.636601101240444,-17.661884836421912
292,292,0.0004302147363634185,0.0004217556898335093,-17.638854518776128,-17.72120584382528
293,293,0.0004326551063490321,0.0004198513986346753,-17.615313792215407,-17.740859304027985
294,294,0.00042842416309982,0.00042797997747057756,-17.66091131746429,-17.65758083132909
295,295,0.0004287472759258271,0.0004215532558430967,-17.662541389366673,-17.72329086775691
296,296,0.00043099685500078285,0.0004255020666230274,-17.641683541689858,-17.682798609227298
297,297,0.0004328227306106464,0.00042746729971105725,-17.623188322920548,-17.662786368936146
298,298,0.00043338763145921925,0.00042505918138072287,-17.606671895997156,-17.68732133195147
299,299,0.0004254676666850051,0.00042824081672159463,-17.680980679576535,-17.65493476032373
300,300,0.0004252736224461654,0.00042576610116827255,-17.6886108715182,-17.680104540447388
301,301,0.0004323436074515747,0.00042980046036016,-17.626483744962144,-17.63914658346021
302,302,0.00043156084973009824,0.00042503218681208397,-17.625769687357703,-17.68759715153143
303,303,0.00042640163290756037,0.00042234802324520916,-17.67451114826819,-17.715110688209037
304,304,0.00043621820640106946,0.00042290982827054044,-17.58495557724129,-17.709337565654824
305,305,0.00043178649802845856,0.0004273639994943024,-17.631925541295942,-17.663835996257376
306,306,0.00043044490055613144,0.00042795674035962865,-17.636557125436315,-17.657816637291205
307,307,0.00042538731460958795,0.00042798921410729617,-17.694376458354128,-17.657487103180976
308,308,0.0004291632815777833,0.0004267018919467534,-17.654992985715033,-17.670569662004116
309,309,0.00042640698321173257,0.0004300601890702781,-17.675776699470273,-17.636522931613797
310,310,0.0004309587895908614,0.0004269224545599795,-17.631905208855226,-17.668325369690713
311,311,0.00043655543398476906,0.00042453760091264387,-17.57839819127686,-17.692653733211316
312,312,0.00043146650081250776,0.0004222683369574186,-17.630514355532775,-17.71593016831395
313,313,0.00042999754587822044,0.00042708625398135106,-17.63813787646454,-17.666659410432885
314,314,0.00042816834733101354,0.00042721086586090297,-17.65940569191286,-17.665392444858597
315,315,0.00043033533813623885,0.0004187760212899823,-17.646901278521256,-17.751997282387602
316,316,0.00042964988712163775,0.00042722442058699305,-17.647206771662006,-17.665254652264153
317,317,0.0004286862109888575,0.0004236890511636279,-17.658693930544032,-17.701342934279207
318,318,0.0004372352502577621,0.0004255561047772828,-17.57733906610358,-17.68224709646294
319,319,0.0004302717963732856,0.00042227420674048757,-17.642764429995175,-17.71586979919659
320,320,0.0004304271448192369,0.000426058011055973,-17.635836408076326,-17.677127990321967
321,321,0.00043095220492423043,0.00042641691336604327,-17.63424525739391,-17.673471124939777
322,322,0.000423904862398877,0.00042924106329385385,-17.70271234072218,-17.644802726655612
323,323,0.00042986175850677044,0.0004222073414559035,-17.65019623381749,-17.716557540077332
324,324,0.00043294474496938213,0.0004271777610196487,-17.622249140723707,-17.665728995450117
325,325,0.00042652294517389123,0.00042623687553905735,-17.682321306728756,-17.675305150354855
326,326,0.0004249612285309116,0.00042340188213673075,-17.69719941088723,-17.70428750430422
327,327,0.00042872137141644417,0.00043039467479837566,-17.664625841025025,-17.633146454371236
328,328,0.00042599058390796647,0.0004281285586521814,-17.67574987442917,-17.656073359198853
329,329,0.00043410497607144805,0.00042712412266011695,-17.61095505510906,-17.666274349359277
330,330,0.0004308633764332026,0.0004303177426520147,-17.629180270900275,-17.633922816046915
331,331,0.0004301187627319938,0.0004300391837635911,-17.638393592194028,-17.63673505800465
332,332,0.00042705414468691366,0.0004267652846848298,-17.669807989739013,-17.669924502655434
333,333,0.00042518745080481486,0.0004261634098120818,-17.69304770433642,-17.676053760144455
334,334,0.00043387257958493514,0.00042501027469131117,-17.608709189164614,-17.68782105359683
335,335,0.0004323097371937918,0.00042711236011727075,-17.624236453586988,-17.666393951075072
336,336,0.0004375746561281537,0.00042940782211524874,-17.565034924776196,-17.643115833722266
337,337,2.355041999289149,0.0004344044244039412,19.740513371155618,-17.592872947879158
338,338,0.0007627425315074584,0.00043047866385773217,-15.155774804896495,-17.63229903620885
339,339,0.00043651830649829094,0.00043314810241817643,-17.57655322093363,-17.60545118540225
340,340,0.00043476888215044496,0.0004324808281748311,-17.596059675726043,-17.612146746720946
341,341,0.00043460979641261557,0.0004301255409556784,-17.600044350550036,-17.63586302847253
342,342,0.0004333882594418702,0.0004292896023559335,-17.61056278807971,-17.644311649337496
343,343,0.0004283565642028932,0.0004326072429600907,-17.664994378509864,-17.61087748302649
344,344,0.00043301191991051063,0.00042741348672854275,-17.618191820347676,-17.663333127776966
345,345,0.000433210353727078,0.000429661942976772,-17.61582210210969,-17.640546466353058
346,346,0.00043842689129379913,0.00043588993599099154,-17.56801735251876,-17.578046927144698
347,347,0.0004308382217225033,0.0004313002113792065,-17.63485720122297,-17.624018636827152
348,348,0.0004308904495963961,0.00042581942857635254,-17.62900685766328,-17.6795606185914
349,349,0.0004352502226013421,0.0004271274205836418,-17.595827041869956,-17.66624081661357
350,350,0.00043224747689949713,0.0004332684743291649,-17.628073800419244,-17.60424444817081
351,351,15.468771912058823,0.0004291165754885266,27.916718973934277,-17.64606244323188
352,352,0.0004309493647504252,0.00044050920711781244,-17.640833925574505,-17.532265446091316
353,353,0.00043905261734778964,0.00043593953504521206,-17.55345599315475,-17.57755278015164
354,354,0.00043849471131982953,0.0004372132611215899,-17.56513594817723,-17.564882086059157
355,355,0.0004372351002380175,0.00043510530284900025,-17.57358244219662,-17.58587158383325
356,356,0.0004377325687115801,0.00043144883085532407,-17.56104168893665,-17.622522382044824
357,357,0.00044128497475614175,0.0004320438954317452,-17.5370367839666,-17.616536615287114
358,358,0.0004380250079005227,0.00043209058410292,-17.56689052151486,-17.61606732184359
359,359,0.0004385852347339321,0.0004361170255211427,-17.5566317810961,-17.575784932999582
360,360,0.0004343829080510462,0.0004345891540747528,-17.597736045171796,-17.59102651126852
361,361,0.0018980606538891677,0.000429362700455577,-11.196229894094632,-17.64357220914068
362,362,0.0004363043918442365,0.0004315196557926308,-17.584991759323493,-17.621809519872023
363,363,0.0004307810518981831,0.00043122229123439054,-17.6239822512459,-17.62480331870878
364,364,0.0004330023639528177,0.00042673813846991643,-17.617540021154234,-17.670200762856048
365,365,0.000436789615706243,0.00043305856065432494,-17.58019555520239,-17.606349065682718
366,366,0.0004297437592764798,0.00042888890694532737,-17.645499157949786,-17.64836721158964
367,367,0.00044048641245456933,0.0004303413642398817,-17.536934978714907,-17.633684423745365
368,368,0.00044170949282844736,0.00043229519934883634,-17.534805096994614,-17.61401121968236
369,369,0.0004259897512983838,0.00043613748398217326,-17.67294140726607,-17.575581208131698
370,370,0.0004343917487145968,0.00042832296304894904,-17.60459339889774,-17.6541017646349
371,371,0.007399208392748686,0.0004367203387358275,-5.288940042795489,-17.569781165231284
372,372,0.000435275751161245,0.000431474806789897,-17.585342494312687,-17.622260917308928
373,373,0.0004364226830129502,0.0004355079834471996,-17.584153520572322,-17.581854140566737
374,374,0.00043596847723334183,0.0004332908689608111,-17.58298013247324,-17.60401997733623
375,375,0.00044019329697661796,0.000433863627748858,-17.555154275620605,-17.598282913912644
376,376,0.00043468157966025943,0.0004342630456544851,-17.595810226198946,-17.594286607614457
377,377,0.00044383960307969417,0.0004351116689289675,-17.515750329623142,-17.585808042130644
378,378,0.0004416131516486483,0.00043203445200465227,-17.53672429950409,-17.616631542518864
379,379,0.00043882001083363426,0.00043729341153888717,-17.552754539266164,-17.56408600559139
380,380,0.00044010079630228124,0.00043565163995433405,-17.546513466939523,-17.58042181456752
381,381,0.0004372033911646757,0.000432853136628278,-17.564485319405982,-17.608409657378527
382,382,0.00044050386665177716,0.00043043886207191174,-17.53925259544766,-17.632700600712845
383,383,0.00043426029241317403,0.00043712127463598,-17.603168071099674,-17.565795906150292
384,384,0.0004361373442585206,0.0004369196815930895,-17.581184780371203,-17.567799261875123
385,385,0.00043946032420751286,0.0004330531703185682,-17.55899047347146,-17.60640312321343
386,386,0.000437528492952457,0.0004331104175530766,-17.575929771219116,-17.605829047867026
387,387,0.00044142457953001344,0.00043427174769979164,-17.533012786108163,-17.594199581733932
388,388,0.00043522492537188546,0.0004367217602281782,-17.58062966516827,-17.569767029290624
389,389,0.00043699188612775935,0.00043550126505770574,-17.57842200937171,-17.58192113777692
390,390,0.0004331710086487349,0.0004343989559473764,-17.60608895718882,-17.592927618948917
391,391,0.0004367815209408627,0.0004353528784122318,-17.58481516648819,-17.583401144559325
392,392,0.00043902261009843077,0.00043230019142164995,-17.556151443322534,-17.61396106836998
393,393,0.0004355021462578941,0.00043771675892027194,-17.58863749888844,-17.559883598528785
394,394,0.0006067316124657381,0.0004353931489229006,-16.15447701607859,-17.582999437057243
395,395,0.0004333645428204429,0.00043357120777823423,-17.61109102473325,-17.601211004398515
396,396,0.0004348661789560172,0.0004330283861092635,-17.595979356400157,-17.606651682838383
397,397,0.000435277370774408,0.0004336683992541542,-17.590045121930793,-17.60023757741214
398,398,0.00044117448401406945,0.0004314398883204711,-17.53481012894752,-17.622612398137388
399,399,0.00043173578685418385,0.00042807429838974615,-17.626680968778942,-17.656623811288565
400,400,0.00043773495972626987,0.00043879299253029257,-17.575861429273044,-17.54921851346407
401,401,0.0004393246238475147,0.0004314553439862242,-17.555279452447014,-17.62245682165255
402,402,0.00043743207046195633,0.0004349135193287542,-17.570449738495064,-17.587786267143283
403,403,0.00043428716124947536,0.0004346475516764545,-17.60329119995128,-17.59044297042065
404,404,0.00043439478331399104,0.0004331567401286999,-17.59338287996661,-17.60536458055295
405,405,0.0004344653655035594,0.0004360896633251717,-17.606180794836966,-17.576057420034566
406,406,0.0004327276495967022,0.00043560350068697805,-17.617582756371483,-17.580901734104785
407,407,0.00043353878715334784,0.0004332724584903764,-17.605965607709248,-17.604204512394816
408,408,0.00043320771998044144,0.000430137087517467,-17.610687956920387,-17.635746445282606
409,409,0.0004349844950280085,0.00043400225082510397,-17.599659481681858,-17.596895528163845
410,410,0.0004327090918542529,0.00043456803235274394,-17.61534958225225,-17.59123759040269
411,411,0.0004407586655867545,0.0004338548583052072,-17.546661182007412,-17.598370696322448
412,412,0.0004369562294348575,0.0004275395338864703,-17.583236947878873,-17.662052552488635
413,413,0.000441367542623187,0.0004354481689484888,-17.536965899714126,-17.582450659844945
414,414,0.00044102772389845824,0.00043312114920761243,-17.54174617013504,-17.605721439266148
415,415,0.00043245802271016636,0.00043382061075566237,-17.622755160194885,-17.598713532378653
416,416,0.0004359990269540972,0.00043304432122232884,-17.579413022650318,-17.606491868734672
417,417,0.00043588809515397573,0.0004326541384216398,-17.584022247633737,-17.610406724926445
418,418,0.0004350060492648369,0.0004373334568778151,-17.599512288498754,-17.56368831669427
419,419,0.0004354166557061841,0.0004282592578276404,-17.587970838655835,-17.654747746432314
