,epoch,train_loss,test_loss,train_dbs,test_dbs
0,0,0.0017946425443707207,0.001739714895129988,-11.442136525087662,-11.575483344575556
1,1,0.0016772877484963265,0.0016376488891087081,-11.73111894000549,-11.838056213526114
2,2,0.0015861320419755486,0.0015347377384865755,-11.973303720194789,-12.119922439456891
3,3,0.0014897674638969997,0.0014470559422318872,-12.254904683572441,-12.375410953106984
4,4,0.0013996843925494816,0.0013651109459858976,-12.528297845781227,-12.628584672820635
5,5,0.0013130426865320692,0.0012922359532431553,-12.801280783224945,-12.866845962603096
6,6,0.0012413033538680408,0.0012237577711379057,-13.03254408762955,-13.103309536057019
7,7,0.001185056573432899,0.0011607733567392355,-13.239235638786216,-13.332789851219351
8,8,0.0011220764820031898,0.0011057483743091947,-13.479063573840001,-13.543701067588955
9,9,0.0010701577531980332,0.0010518506169319153,-13.676563557372294,-13.760723502864892
10,10,0.001016119157789832,0.0010095295974200493,-13.913739175849315,-13.939073601681818
11,11,0.0009882498356110427,0.0009817354822237241,-14.025667172670815,-14.060319285937998
12,12,0.0009532966140955302,0.0009483183109152474,-14.184562444186525,-14.21072279935885
13,13,0.000929455538688362,0.0009175506879967687,-14.296616734737968,-14.353963510978033
14,14,0.0009067890428717143,0.000888647355359832,-14.408514710870083,-14.492969635405695
15,15,0.0008630029744343812,0.0008629182028878285,-14.621020425963911,-14.620567859527444
16,16,0.000842762654935269,0.0008407533597691279,-14.724690614033019,-14.733578048013758
17,17,0.0008255597293981802,0.0008181470299237653,-14.808164022642991,-14.851950581643532
18,18,0.0007997837575325339,0.0007944430077546521,-14.951579901278006,-14.979636693196754
19,19,0.0007993687927175659,0.0007943320057452901,-14.959911316634278,-14.980243545140105
20,20,0.0007840570430847403,0.0007770965672343186,-15.034895269260478,-15.075514257924079
21,21,0.0007770619386346223,0.0007668110499109485,-15.081741129205316,-15.133380537662564
22,22,0.0007586069297064672,0.000757120108526004,-15.18121861288723,-15.188616354297555
23,23,0.000744535798955824,0.0007437600043455237,-15.259680927468613,-15.265935958052662
24,24,0.0007360938764849351,0.0007359495717345884,-15.303845831169873,-15.311783593850464
25,25,0.000919214413818164,0.0007544546418725268,-14.346481969819976,-15.203932813623698
26,26,0.0007442352536000004,0.0007526285480707884,-15.258587743218142,-15.214457287056058
27,27,0.0007547138711274362,0.0007512986990868261,-15.19878675469571,-15.222137794568889
28,28,0.0007461437765873738,0.0007517133398275627,-15.262698905979198,-15.219741590339247
29,29,0.0007467305890198067,0.0007484546850288385,-15.253475229521404,-15.23860905051615
30,30,0.0007500663842554636,0.0007480688662709374,-15.226106768207073,-15.240848359896052
31,31,0.0007399577364210308,0.0007532229647040367,-15.285963654980701,-15.211028637219211
32,32,0.000752423238249246,0.0007473543151526859,-15.21961178258689,-15.244998698544897
33,33,0.0007491402079581676,0.0007471619204520003,-15.238170441727432,-15.246116865819715
34,34,0.0007466412582626739,0.0007431302648527842,-15.254141104263518,-15.26961467475088
35,35,0.0007411932906366347,0.0007437272548773571,-15.274594052199188,-15.266127192138521
36,36,0.000744037334951236,0.0007474816214342258,-15.267073604230658,-15.24425897300894
37,37,0.0007353047294225352,0.000744924126928182,-15.320060027737437,-15.259143756720785
38,38,0.0007351773098524007,0.0007437389209180287,-15.317428010179166,-15.266059069620217
39,39,0.0007361466564314882,0.0007438659239070196,-15.305278089957845,-15.265317519232962
40,40,0.00074068416262852,0.0007436063299935899,-15.288689746984574,-15.26683338220099
41,41,0.0007420173862987419,0.000744067258078997,-15.278528998468326,-15.264142220214154
42,42,0.000728485380904269,0.0007418533511410811,-15.35346659417306,-15.277083534468472
43,43,0.0007407869585578513,0.0007401321659256753,-15.286181829390594,-15.287171373639206
44,44,0.0007300234757382999,0.0007378829300011459,-15.348697616313864,-15.300389526921705
45,45,0.0007736620099581394,0.0007487979110967564,-15.09611551782379,-15.236617921025523
46,46,0.0007387748895424235,0.0007455125206003064,-15.299491857698335,-15.25571474632052
47,47,0.0008390575188893787,0.0007552864630461523,-14.742683238936351,-15.19914715360538
48,48,0.0007436214280122719,0.0007531169072822913,-15.262841414079706,-15.211640187825575
49,49,0.0007428408272746835,0.0007547402975002402,-15.26409851355648,-15.202288775983687
50,50,0.0007499631148638184,0.0007555603117093836,-15.230992608160332,-15.197572791908252
51,51,0.0007529127364738163,0.0007546716890493898,-15.208721751754709,-15.202683582330824
52,52,0.0007543916719216738,0.00075571975474687,-15.20520309421787,-15.196656413360659
53,53,0.0007458907814898057,0.0007559818178905468,-15.261643978334698,-15.1951506587804
54,54,0.0007410354206588157,0.000752799405936936,-15.281984479234659,-15.21347148592783
55,55,0.0007459075050908572,0.0007523045918021939,-15.249393318637068,-15.21632703685788
56,56,0.0007485003701468795,0.0007497139097387461,-15.236496108714219,-15.231308477353958
57,57,0.0007448832386835795,0.0007539795049907346,-15.258042488256036,-15.206668754508684
58,58,0.0007386918392118797,0.0007524553833431319,-15.286374213602238,-15.215456626487482
59,59,0.0007566844272792109,0.0007531795111533842,-15.190341058223115,-15.211279189612414
60,60,0.0007443266756323733,0.0007506900154495318,-15.262562105256489,-15.225657767213349
61,61,0.0007479459691802328,0.0007458168700778563,-15.236946211698154,-15.253942135905527
62,62,0.000745877776578184,0.0007485347389439611,-15.256078902292403,-15.238144558609008
63,63,0.0007394699298191009,0.0007486118120141327,-15.28796249703669,-15.237697409208877
64,64,0.0007499755743036489,0.0007479716073966733,-15.23461268562498,-15.241413037031625
65,65,0.0007417505521797719,0.0007486273136333024,-15.274042852170114,-15.237607480118049
66,66,0.0007416635149244949,0.0007489012542033666,-15.276569633305384,-15.236018583828113
67,67,0.0007267319807331509,0.0007457638030724698,-15.359104217756014,-15.254251159856228
68,68,0.0007832765617628687,0.0007583960786608881,-15.042158723763395,-15.181303375072709
69,69,0.0007488226191591971,0.0007568792268437775,-15.235626559732856,-15.18999830452463
70,70,0.0007521257400944753,0.0007499951262664246,-15.211613875690889,-15.229679750918494
71,71,0.0007434597193292275,0.0007513836792081987,-15.263431388007021,-15.221646587666404
72,72,0.000747847541825865,0.0007500627176149896,-15.248815501919278,-15.22928837201473
73,73,0.0007465591302535199,0.0007499082743092195,-15.240356770963198,-15.2301827076527
74,74,0.0007369736420739558,0.00075250439113006,-15.300725498807711,-15.21517377757947
75,75,0.0007470550349212645,0.0007483431407691617,-15.2480880271399,-15.239256339758832
76,76,0.0007438427059354318,0.0007541593972985682,-15.256609493824069,-15.205632692951209
77,77,0.0007367573490068701,0.0007450600264986095,-15.307607692865012,-15.258351527708715
78,78,0.0007436536600544434,0.0007475971850860668,-15.262294775304571,-15.243587588247358
79,79,0.0034188363249845724,0.000758649839553982,-8.63385135669689,-15.179850459833977
80,80,0.0007506147862325624,0.0007629913222779961,-15.222024788892803,-15.155068176679457
81,81,0.0007547038954144978,0.0007579393445906279,-15.204701729741654,-15.183919644393708
82,82,0.0007477128655006437,0.0007599650722879328,-15.238618311874738,-15.172327835669881
83,83,0.0007477381942342467,0.0007570965619953839,-15.234846114987759,-15.188751422528096
84,84,0.0007532821991000824,0.0007545852537364944,-15.204599401662769,-15.203181024196539
85,85,0.0007511243540985682,0.0007564952646039034,-15.218242320678462,-15.192202024576169
86,86,0.0007462043095543289,0.0007580064304516112,-15.242154424250582,-15.18353526363633
87,87,0.0007493195571629427,0.0007604457909780505,-15.229817356813504,-15.16958155850932
88,88,0.000763190329343695,0.0007554886029346994,-15.165679959933176,-15.197984992001457
89,89,0.000751929072010302,0.0007596170823825034,-15.213800219589489,-15.174316936395542
90,90,0.0007464778453553307,0.0007555094719129173,-15.246009233472899,-15.197865027823681
91,91,0.0007481235367505206,0.0007557948456930095,-15.242738866209676,-15.196224904679676
92,92,0.0007402116886445696,0.000751318315068554,-15.289688472668225,-15.22202440423001
93,93,0.0007584418407785371,0.0007504438154252344,-15.181381249587423,-15.227082334573785
94,94,0.0007503723693272271,0.0007515618926845491,-15.230913936035,-15.22061664844319
95,95,0.0007378036575151857,0.0007531384104176572,-15.298441073293885,-15.211516189019743
96,96,0.0007448553890181878,0.0007520719265908395,-15.259572432670453,-15.217670386969935
97,97,0.0007512113883534504,0.0007479906688738419,-15.22916572257099,-15.241302361856414
98,98,0.0007468165647353709,0.0007509847177731755,-15.247166597874134,-15.223953169116651
99,99,0.0007483874724880245,0.0007476567713494756,-15.234742884500738,-15.24324145326075
100,100,0.0007278309005658267,0.000746117684205896,-15.360885898509874,-15.252190826945204
101,101,0.0007368417291124304,0.0007484764148677258,-15.300996326168283,-15.238482963896363
102,102,0.0007437428551937271,0.0007454553239145561,-15.258807912015087,-15.256047955451864
103,103,0.0007428676910103136,0.0007422924758621344,-15.26165318495583,-15.274513578803523
104,104,0.0007440606270167861,0.0007440223891631161,-15.27237618943062,-15.264404117373617
105,105,0.0007407959627429235,0.0007410688987491946,-15.279751355634694,-15.281678291569396
106,106,0.0007354732484019064,0.0007408764243959204,-15.310298917537896,-15.282806410788092
107,107,0.0007267172691969143,0.0007384015908954959,-15.369254121761454,-15.297337925818065
108,108,0.0007355559524868798,0.0007356854927677073,-15.315037081863112,-15.313342241671524
109,109,0.0007419794349038263,0.000737253754203649,-15.273886359642884,-15.304094235732698
110,110,0.0007337859595319276,0.0007340730425264491,-15.330476667554095,-15.322871405901656
111,111,0.0007374484041590512,0.0007336297728072264,-15.311754543452285,-15.325494683541995
112,112,0.0007350108473436887,0.0007367068105132171,-15.317899113606172,-15.307317315688225
113,113,0.000733874714213241,0.0007362485048361123,-15.321650444889901,-15.310019904571142
114,114,0.0007380592569555203,0.0007326009095107254,-15.298538769235776,-15.331589627960089
115,115,0.0007294235731830302,0.0007320833943882271,-15.348673177390475,-15.334658602902431
116,116,0.0007334153471543387,0.0007301890597629704,-15.329716151773782,-15.345910945549301
117,117,0.0007284546256564634,0.0007324793290248827,-15.3590252625478,-15.332310431269573
118,118,0.0007310287868508051,0.0007284559664855662,-15.35006896817223,-15.356231115126418
119,119,0.0007170282109861367,0.0007329012273418668,-15.419112171887353,-15.329809673152413
120,120,0.0007293914191511258,0.0007249658565821224,-15.356120303773213,-15.377088630290068
121,121,0.0007307212631765407,0.0007254945628933216,-15.34328701480334,-15.373922542603875
122,122,0.0007239561191923225,0.0007254015041613265,-15.381511059077367,-15.374479645138944
123,123,0.0007238397032704166,0.0007281638926973468,-15.386220653861589,-15.357972764266139
124,124,0.0007339192886798422,0.0007275651533793854,-15.325177110182969,-15.361545258711484
125,125,0.0007321843229349434,0.0007276960164553633,-15.336256434190263,-15.360764187751668
126,126,0.0007268679472281761,0.0007298042305353048,-15.369612705506597,-15.348200397357488
127,127,0.0007244916506754907,0.0007297561295624627,-15.380518549710573,-15.348486647760804
128,128,0.0007271891983091523,0.0007300179598754958,-15.363519010785181,-15.346928715445285
129,129,0.0007273583953777693,0.0007311683362594953,-15.366835028124108,-15.340090405775584
130,130,0.0007246555976531247,0.000730528290947213,-15.381311936337314,-15.34389376907114
131,131,0.0007221245689355989,0.0007321892955683564,-15.389268344786544,-15.334030409826745
132,132,0.0007313917272186541,0.0007306317320877785,-15.34086745692888,-15.343278861519385
133,133,0.0007272735652129751,0.0007287560300411362,-15.364457180169047,-15.35444254972129
134,134,0.0007194657636009464,0.0007298921363575286,-15.413301833953984,-15.347677315784757
135,135,0.0007108466030031289,0.0007310411035034217,-15.458683015677977,-15.340846200157932
136,136,0.0007217208027945275,0.0007308436294184311,-15.393100723624073,-15.342019506151498
137,137,0.0007909999544655462,0.0007353088156761308,-14.99738711410907,-15.315566434993926
138,138,0.0007266786505141747,0.0007332607852540126,-15.359098561106867,-15.327679567216528
139,139,0.000721779788757876,0.0007355548962215451,-15.39677786225675,-15.314113255843338
140,140,0.000720967963510721,0.0007333391756554576,-15.392025238801066,-15.327215302662845
141,141,0.0007288885079612283,0.0007368401121838312,-15.353111747006878,-15.306531562900275
142,142,0.0007327672978623089,0.0007404039926385801,-15.329325076654499,-15.28557664267513
143,143,0.0007227423964500351,0.0007385293199484678,-15.386111654429355,-15.296586746157384
144,144,0.0007259606926212299,0.0007383652662515248,-15.372735613980279,-15.29755157623093
145,145,0.0007333250742732096,0.0007417425360089462,-15.331890631324313,-15.27773231492013
146,146,0.0007351635944472684,0.0007362105840768077,-15.31968008837614,-15.310243595356754
147,147,0.0007373565038637325,0.0007383775113052444,-15.301421844785159,-15.29747955340689
148,148,0.0007370675046275341,0.0007414822926205632,-15.310301527655676,-15.279256322157668
149,149,0.000740279131520962,0.0007394479409987597,-15.282124829967804,-15.291188123120119
150,150,0.0007326256702222006,0.0007399367321723778,-15.335275431210942,-15.288318290532564
151,151,0.0007327292324523873,0.0007393937098401549,-15.336540232554352,-15.291506646647319
152,152,0.0007357328887740822,0.000738991133403033,-15.319520776132592,-15.293871886392665
153,153,0.0007367920155694574,0.0007405393683400593,-15.305308752998766,-15.284782649848001
154,154,0.000729173928926478,0.0007374366886276556,-15.35416261562929,-15.303016756568312
155,155,0.0007347143207167842,0.0007375966126442348,-15.318451801509115,-15.30207502707466
156,156,0.0007303440547308203,0.0007370767753424221,-15.338581915067973,-15.30513689125225
157,157,0.0007385703742254487,0.0007381327235826144,-15.300564906651816,-15.29891956994911
158,158,0.0007247803924778073,0.0007349245838428798,-15.382804182164582,-15.317836411567797
159,159,0.0007258634306202383,0.0007356771782628799,-15.368275735414548,-15.313391324656125
160,160,0.0007287229113664824,0.0007364938715717903,-15.353814732066391,-15.308572789012567
161,161,0.0007370585730520182,0.0007371709369564135,-15.306371499693206,-15.304582115157594
162,162,0.0007257954374714227,0.0007369499285950473,-15.373045645476342,-15.305884351829741
163,163,0.0007275981677350463,0.0007343116112200445,-15.360862743183464,-15.321460207986577
164,164,0.0007327631963224909,0.0007349859653530936,-15.330504570206775,-15.31747370036463
165,165,0.0007344713493384729,0.0007322814291048991,-15.312930874165804,-15.33348395866323
166,166,0.0007174619096667343,0.0007382928283492985,-15.412523089336235,-15.297977665132048
167,167,0.0007267829844459277,0.0007328763205901181,-15.354314746961826,-15.329957265327813
168,168,0.000726276117535404,0.0007364556934733532,-15.364031193177263,-15.308797922824041
169,169,0.0007314835333015732,0.0007375614981068985,-15.337448620449898,-15.302281785247786
170,170,0.0007303342674426811,0.0007371437631694502,-15.342936176119878,-15.304742208870705
171,171,0.0007236753746425521,0.0007373255885843383,-15.383309903188957,-15.30367110115779
172,172,0.0007284049991249424,0.0007395851150106051,-15.353424037890752,-15.290382543875845
173,173,0.0007324149860933269,0.000732733285985887,-15.33311729578783,-15.330804955452894
174,174,0.0007224252979155898,0.0007322822256307853,-15.390444751599567,-15.333479234706084
175,175,0.0007338305574016089,0.0007336439785400504,-15.326399174452984,-15.3254105891953
176,176,0.0007245326234680629,0.0007313129639154987,-15.377908683851704,-15.339231441040376
177,177,0.0007179683217173922,0.0007249790697211498,-15.409349715377287,-15.377009477030324
178,178,0.0007199135161312201,0.0007279987728811408,-15.407290202709449,-15.358957690291692
179,179,0.0007233191491584725,0.000726155146319223,-15.390945751384631,-15.36996996706602
180,180,0.0021714789963317746,0.0007412081651732718,-10.617529137098671,-15.280862214182232
181,181,0.000726815585536671,0.000741629245519442,-15.36423241053529,-15.278395687854038
182,182,0.0007357505701011835,0.0007378608815519041,-15.310109041883726,-15.300519299037516
183,183,0.0007259073546012268,0.0007374328622398408,-15.375390519468759,-15.303039291159422
184,184,0.0007327246814534144,0.0007349951866720067,-15.330449600867178,-15.317419213027641
185,185,0.0007322394719933035,0.0007364169578067958,-15.33860232439989,-15.309026356507403
186,186,0.0007287537500252659,0.000738797203858236,-15.35266127201038,-15.295011732059914
187,187,0.0007242963807753374,0.0007392172762928041,-15.382461669871539,-15.292543080396552
188,188,0.0007273447159773757,0.0007363871064674305,-15.363290121960878,-15.30920240534214
189,189,0.0007234707333089918,0.0007381288971947996,-15.379576201814055,-15.298942083290786
190,190,0.0007301141074666581,0.0007338019143054752,-15.349241978563281,-15.32447575906605
191,191,0.0007235339138244,0.0007345724734477699,-15.381618975258286,-15.319917662479936
192,192,0.0007272516737317609,0.0007375585448339974,-15.367152991834487,-15.302299174885066
193,193,0.0007315832862304043,0.0007347541610024086,-15.34156205550357,-15.318843620793599
194,194,0.0007311306328551133,0.0007378330245908154,-15.34200506208851,-15.300683264266816
195,195,0.0007253772604336828,0.0007326804947009997,-15.36919356110886,-15.331117863165806
196,196,0.0007369412264076167,0.0007348642561976847,-15.313670879536074,-15.31819292486706
197,197,0.0007289860694016301,0.0007404442508950046,-15.346439942817597,-15.285340508571625
198,198,0.0007237189217739422,0.0007356259555212761,-15.380750769184544,-15.313693719907311
199,199,0.0007251402940457091,0.000741338948596661,-15.380010897459286,-15.280095985322156
200,200,0.0007218062264374314,0.0007367455032899192,-15.39253005853965,-15.30708922470411
201,201,0.0007265161383253781,0.0007338180807174036,-15.366776935675496,-15.32438008057275
202,202,0.0007245723823008617,0.0007346338549579837,-15.383133955979453,-15.319554777421835
203,203,0.0007373453273927581,0.0007357208156271985,-15.299358401716583,-15.313133726554014
204,204,0.0007279051201341232,0.0007341680803189153,-15.361853673308213,-15.322309176874615
205,205,0.0007279693975939041,0.0007339857157172734,-15.362458813855573,-15.323388082106597
206,206,0.0007253998054009047,0.0007371274558337111,-15.374453762528322,-15.304838285981008
207,207,0.0007208984797657228,0.0007356907651563617,-15.401588788396678,-15.313311117487117
208,208,0.0007320487446910174,0.0007354577445719195,-15.345947976674314,-15.31468690727544
209,209,0.0007286335452046898,0.0007339300875748066,-15.35224378180909,-15.32371724261116
210,210,0.0007243364882540226,0.0007355039216283904,-15.383412450181241,-15.314414236120463
211,211,0.0007286797356839801,0.0007351590626824059,-15.354940578699827,-15.316451009216935
212,212,0.0007165959872996684,0.0007319512875064424,-15.425186961386117,-15.335442372448956
213,213,0.0007228603815784698,0.0007335172145088252,-15.389164270539304,-15.326161057782704
214,214,0.0007283236440175126,0.0007292853521281167,-15.357822955107924,-15.351289255522161
215,215,0.0007297534437984536,0.0007282496172640668,-15.346398678491957,-15.357461512398746
216,216,0.0007270865656013034,0.0007300151536535276,-15.359942526455331,-15.346945409953163
217,217,0.0007225690510354398,0.0007349373834011587,-15.391557076231361,-15.317760774839241
218,218,0.0007277304593464072,0.0007309616745547636,-15.363768411035615,-15.341318094666716
219,219,0.0007246284428791902,0.0007253171827055906,-15.388732395283656,-15.374984503087006
220,220,0.0007153320127435643,0.0007305585099139103,-15.426227146447351,-15.343714122927192
221,221,0.0007242783400009281,0.0007293354045893801,-15.38165307770711,-15.35099119987417
222,222,0.000711803908997513,0.0007256225370311816,-15.45029779109736,-15.373156533271535
223,223,0.0007264933341240376,0.0007268606783135942,-15.367463799938578,-15.365752412503326
224,224,0.000720052166179437,0.0007306366521669062,-15.409175389996921,-15.343249616197461
225,225,0.0007225461280184615,0.0007273261251516248,-15.389541370520348,-15.362972288246974
226,226,0.0007190184389269844,0.0007265563686623386,-15.409226493920208,-15.367571023404256
227,227,0.000722109892203943,0.0007200630498118699,-15.393391361566184,-15.406558907143523
228,228,0.0007086942157199242,0.0007218911379918848,-15.48192219534128,-15.395547058901968
229,229,0.0007216765109651251,0.0007228926528784397,-15.400241935929671,-15.389526054774008
230,230,0.0007043799539048647,0.0007201401780261413,-15.492485190657222,-15.406093745599074
231,231,0.0007210455279192436,0.0007183106775444589,-15.408224038639698,-15.417140941117477
232,232,0.0007156077004277829,0.0007198304397446153,-15.434814317274734,-15.407962084118145
233,233,0.0007073689887021697,0.0007172339889956149,-15.472362367054258,-15.42365554138134
234,234,0.000718005373593919,0.0007130668872330142,-15.421466472648417,-15.448961467590426
235,235,0.0007134411296778426,0.0007104212203749308,-15.45258068690508,-15.465104908962148
236,236,0.0007196752649741535,0.0007133915756927117,-15.420763503471873,-15.446984397630317
237,237,0.0007028169401911731,0.0007085408586518545,-15.521946545330003,-15.476615170024154
238,238,0.000703567896427145,0.0007081894773842865,-15.5021436187149,-15.478769467772942
239,239,0.0007059420662999307,0.0007091386329480692,-15.492477725089977,-15.472952704774517
240,240,0.0007092883275130514,0.0007103335872096451,-15.477562307124543,-15.465640660802794
241,241,0.0006968759494766439,0.0007097730995155871,-15.537673244497723,-15.469068807823279
242,242,0.0006990263907037215,0.0006977057384670173,-15.537246129845768,-15.543541213288986
243,243,0.0006956088575102465,0.0007011221023276448,-15.560186729594776,-15.522327581709492
244,244,0.0006949704472868482,0.0006958849752615942,-15.5609179732175,-15.55488956478296
245,245,0.0006885096399574397,0.0006928364286738399,-15.60499729176045,-15.573957018973061
246,246,0.0006888693945059917,0.0006907619689101059,-15.596203943960203,-15.586979975706436
247,247,0.0006838861586449226,0.0006878292279955195,-15.619142054260994,-15.605457898970423
248,248,0.0006832139657752723,0.0006838344300999061,-15.634761554917828,-15.630754531673617
249,249,0.0006852880691552593,0.0006807768950238824,-15.619028207334516,-15.650216085441798
250,250,0.0006795657334186751,0.000674307493394927,-15.664899208235958,-15.691684303942148
251,251,0.0006705256450210803,0.0006750765330109157,-15.710158735662034,-15.686734049734097
252,252,0.000665810308419168,0.0006712389723887961,-15.749130664175151,-15.711492524389087
253,253,0.0006711767451146368,0.000681491875040688,-15.707809605612901,-15.645657338866899
254,254,0.0006796076981417989,0.0006740994408334556,-15.652463084935036,-15.693024494025963
255,255,0.0006742103081724616,0.0006765445547276421,-15.700229117166366,-15.677300133862701
256,256,0.0006715641927079672,0.0006729634356145796,-15.706837721083442,-15.700349481204432
257,257,0.0006676400578388772,0.000671674065463441,-15.730086366503892,-15.708678365575846
258,258,0.0006788390095720125,0.0006674967589788139,-15.665973818801021,-15.735772549626386
259,259,0.0006618014832036858,0.0006684612139667335,-15.76382166463193,-15.729502029736613
