,epoch,train_loss,test_loss,train_dbs,test_dbs
0,0,0.002656074031976234,0.0021984529632486796,-9.744221300226414,-10.558016184898737
1,1,0.002037407904767345,0.0018586497815129789,-10.894023218885941,-11.287212316649768
2,2,0.001752617290080285,0.001651706449736498,-11.548160678888976,-11.799859319841573
3,3,0.0016089741875100689,0.001543997842083244,-11.907701977183319,-12.092721076235744
4,4,0.0015315004125160655,0.0014605292021051834,-12.142291553860119,-12.334085518818194
5,5,0.00147393822655581,0.0014546556018390938,-12.295155481400023,-12.351586128953183
6,6,0.0014489061659989284,0.0014130709766361274,-12.376724237419852,-12.4775482022816
7,7,0.001423056797873344,0.0013990507179282997,-12.449172928599026,-12.520853379681217
8,8,0.0014085064332490576,0.0013895076148113922,-12.483308903306192,-12.550578654961521
9,9,0.0014040469211170968,0.0013761452190872085,-12.500599152145742,-12.59254530973517
10,10,0.0013872177397697856,0.001369990690268184,-12.556467753347388,-12.61201180715674
11,11,0.0013829857739859942,0.0013678571282836952,-12.574556253767872,-12.618780586472758
12,12,0.001362606050139389,0.0013589801904010145,-12.627230434586771,-12.647056704970687
13,13,0.0013752464065808303,0.0013507177599852806,-12.6039695969864,-12.673541864006486
14,14,0.0013801121313758579,0.0013640743471976173,-12.581452157832857,-12.630807549935048
15,15,0.0013738419481351511,0.0013580291936370103,-12.59912069515017,-12.650096905466183
16,16,0.0013684171045525479,0.0013633699671022203,-12.617086993760525,-12.63305073703728
17,17,0.001370498705319292,0.001353821398592309,-12.605806880494248,-12.663574223432569
18,18,0.001365463250585515,0.001367098388360127,-12.628915845333271,-12.62119025323665
19,19,0.0013625358468996956,0.001348186094362877,-12.635532071540021,-12.681689532776133
20,20,0.001366797581401452,0.0013555001994398864,-12.622971295762856,-12.658192108307077
21,21,0.0013495920593226234,0.0013450393820867727,-12.670783083443231,-12.69183796194743
22,22,0.0013711111495252123,0.0013429804729591858,-12.610804483584346,-12.698490986076255
23,23,0.001358640628636421,0.001334779730409776,-12.64267859662864,-12.725091936878478
24,24,0.001356312501023418,0.0013438497829300008,-12.65682951621934,-12.69568071151027
25,25,0.0013664209598329726,0.0013343687781966047,-12.630500452891996,-12.726429249353533
26,26,0.0013474669456289908,0.0013437007835723068,-12.676307969795852,-12.696162262255598
27,27,0.0013435151819235732,0.0013428779968403671,-12.693296055459884,-12.698822387104654
28,28,0.0013442856113224761,0.001325563686948858,-12.695842570291205,-12.755181983187217
29,29,0.0013395889131736355,0.0013194718263357093,-12.710498950256904,-12.775186751466737
30,30,0.0013338263955485728,0.001314578816833857,-12.728465001870767,-12.791321668813946
31,31,0.001313394800875067,0.0013017138331442287,-12.795174798604748,-12.834032765820309
32,32,0.0013018938960008247,0.001294905846742423,-12.833128908716748,-12.856806048523197
33,33,0.0012984671809988999,0.0012867785254983527,-12.84147104720108,-12.884149921128149
34,34,0.0012988381594246656,0.001290079867957454,-12.843845429213781,-12.873021986423382
35,35,0.0012949751822047472,0.0012883502916481934,-12.85011741268985,-12.878848365369537
36,36,0.0012971732571010583,0.0012817625446539175,-12.848769295094637,-12.901112200584082
37,37,0.0012945721787640575,0.0012981597530214411,-12.855366987886129,-12.845906561186846
38,38,0.0013037170499524812,0.0012976013516124926,-12.8244597687714,-12.847775074078122
39,39,0.0013074157003447721,0.001296298112720251,-12.810839559584988,-12.852139079043692
40,40,0.0012974346647058258,0.0012983288309585891,-12.84292654333708,-12.845340954115267
41,41,0.001315539681170251,0.0012914396234248813,-12.787642926133746,-12.868446895258465
42,42,0.0013002670710887184,0.0012838168155499979,-12.83909076055036,-12.894157368322771
43,43,0.0012993144817151053,0.0012972281302178377,-12.841039482989345,-12.849024389260332
44,44,0.001303810401838849,0.0012957453237552393,-12.821168292647528,-12.853991464674447
45,45,0.0012959542374616278,0.0012940411076047703,-12.847603211487254,-12.859707239288065
46,46,0.0012994624431888313,0.0012810029898230966,-12.844801510076657,-12.903686532702643
47,47,0.0013058209484539081,0.0012828133338572162,-12.826973504229336,-12.897553312098875
48,48,0.001303428543981203,0.0012909915592325362,-12.832677316153433,-12.869953938772603
49,49,0.0012834143678456084,0.0012945382745544378,-12.888239362798268,-12.858039012561328
50,50,0.00130368471769712,0.0012880993859940453,-12.827304373917416,-12.879694234336938
51,51,0.0012930486718499938,0.0012911520959613355,-12.85366599645859,-12.869413920672448
52,52,0.0012965904952017303,0.0012991981776921374,-12.849318729395574,-12.842433939080735
53,53,0.0012980198905294396,0.0012920418521389365,-12.847636722176478,-12.866422149855264
54,54,0.001295842587967048,0.0012869296570945728,-12.856141206662082,-12.883639874038904
55,55,0.0013056423577489618,0.0012846798268391897,-12.825332837975743,-12.891238921410013
56,56,0.0012929574862487383,0.001284770269290005,-12.865407492924199,-12.89093318550649
57,57,0.001300682078509294,0.0012912752204819729,-12.836820180392941,-12.868999796336016
58,58,0.001298931438101398,0.0012888407922889058,-12.842938197817693,-12.877195234365544
59,59,0.0012960911154766212,0.0012868770006063737,-12.849571424676787,-12.883817575205352
60,60,0.0013018598607213226,0.0012908531352877617,-12.831033510572682,-12.870419627166363
61,61,0.0012849391985338989,0.0012893621062271688,-12.885128981671716,-12.875438943036086
62,62,0.0012979199485757301,0.001282899199347747,-12.850640865003324,-12.897262625529319
63,63,0.0012954735525970145,0.001286552581740053,-12.857572713805148,-12.884912560086084
64,64,0.0012997596323029283,0.0012915310768508597,-12.837957198516857,-12.86813936007608
65,65,0.001303694629801687,0.0012975648094556834,-12.824424717169585,-12.847897378825298
66,66,0.0012962710179542144,0.0012868909153008932,-12.850468747091897,-12.883770616231235
67,67,0.0012996340657766793,0.0013049556935009988,-12.83557899739697,-12.823230301023369
68,68,0.0012999357974886434,0.00129520904738456,-12.844446330076165,-12.855789272265977
69,69,0.0013129403898684481,0.00129722972326961,-12.788574277058903,-12.849019055941133
70,70,0.0013001940342760884,0.001294701243750751,-12.842887773222158,-12.857492314410985
71,71,0.001298071601735332,0.001295855808022775,-12.839328026997979,-12.853621170749442
72,72,0.0012934403710028867,0.0012866977577734935,-12.85704857615239,-12.884422524978916
73,73,0.0013027610401286907,0.0012889711897035962,-12.829840513298134,-12.876755862696093
74,74,0.0012980554848141276,0.0012873212108388543,-12.842606852637434,-12.882318715841468
75,75,0.0013023440944530146,0.0012742110197187255,-12.837274996268226,-12.926774399891618
76,76,0.0013070754519634948,0.0012848140169425231,-12.81668472247793,-12.890785306612704
77,77,0.0013151441511131592,0.0012859197541777241,-12.798236947621415,-12.887049286845183
78,78,0.0012930970394158178,0.0012823799563767878,-12.864407003855472,-12.899020752785223
79,79,0.0012981256724517677,0.0012965612174747022,-12.840616454677722,-12.8512576973036
80,80,0.001301349702377602,0.0012936461471805447,-12.835406503684098,-12.861032972402269
81,81,0.0013033411616805133,0.0012813973559164687,-12.829232741378789,-12.902349731294242
82,82,0.0013048230963231054,0.0012816306951112654,-12.820957466907325,-12.901558964100326
83,83,0.0012998693951491995,0.0012879821190022323,-12.841614633278668,-12.880089628717046
84,84,0.0012922167163534263,0.001289880589434975,-12.861921823978161,-12.873692892542106
85,85,0.0012876819111118764,0.0012883834148708143,-12.8785787285318,-12.878736710581373
86,86,0.001300004882181121,0.0012899570375386822,-12.84318503287895,-12.87343550433089
87,87,0.0012883131425904552,0.00128773479158745,-12.874562326827645,-12.880923671707967
88,88,0.0012982495695582985,0.0012777035100091446,-12.840843005706253,-12.9148870879105
89,89,0.0012949029819022135,0.0012846186168883975,-12.860250922955414,-12.891445850612316
90,90,0.0012884877511713001,0.001280297617133903,-12.874641929587439,-12.906078594559924
91,91,0.001281758505111733,0.0012697685497665876,-12.894802614954992,-12.941942305880513
92,92,0.0012764346344185243,0.0012723647584942611,-12.911763887153583,-12.933071649785234
93,93,0.0012782708112841722,0.0012797773386792916,-12.908342524694259,-12.90784380900795
94,94,0.0012791358455343498,0.0012612824365006465,-12.910295742972302,-12.971064484723255
95,95,0.001270233652285617,0.00125133751670977,-12.940209095836856,-13.005443311782303
96,96,0.001263314005966807,0.0012494914944430715,-12.963881939966901,-13.011854925098824
97,97,0.001263064109077005,0.001248420210016009,-12.969202507380022,-13.015580060322112
98,98,0.0012554644052534527,0.0012415623059496284,-12.992590057961497,-13.03950277789342
99,99,0.001250901147867217,0.001234433705624389,-13.003453260548401,-13.06451025225645
100,100,0.0012509956639068028,0.0012323055416345596,-13.00838985603595,-13.072003951541529
101,101,0.00124823931393396,0.001227950174851637,-13.025613969632557,-13.087380513610018
102,102,0.001232364919449481,0.0012096337128528639,-13.067659277533487,-13.152649144038836
103,103,0.0012186059905888186,0.0012063315248508986,-13.120608466045272,-13.164521193339496
104,104,0.0012282657163390487,0.0012007517752384669,-13.091576901855058,-13.184655592571604
105,105,0.001216234443661248,0.0011988818817036716,-13.130519165039152,-13.191423997456484
106,106,0.0012262681674346635,0.001216586905923721,-13.099833010083035,-13.12775658788716
107,107,0.0012089786547015316,0.0011963062049624952,-13.161087545055395,-13.200764413211441
108,108,0.0012068988925767775,0.001185574666842034,-13.160849566806439,-13.239898858428852
109,109,0.0012110346128933669,0.001204746138108404,-13.141747234792543,-13.170232538301596
110,110,0.001196237319369906,0.001170588406047931,-13.199904727049924,-13.295145782646074
111,111,0.0012211721287272179,0.0012069966852370846,-13.115761637840661,-13.16212719246213
112,112,0.001209225191149054,0.0011974863806053211,-13.151404267541198,-13.196482139016316
113,113,0.0012272127481542296,0.001203471414842888,-13.094814774988226,-13.174830173853188
114,114,0.0012193183023386548,0.001189580677371276,-13.125930402501014,-13.225248954191834
115,115,0.0011987868281196534,0.001195884763116115,-13.188616861304585,-13.20229464112938
116,116,0.0012036928986247206,0.0011810056963249256,-13.1748446715119,-13.256668043027695
117,117,0.0012000711171494163,0.0012001262757142907,-13.183770074612928,-13.186918522984259
118,118,0.001203516246174875,0.0011936433331452701,-13.175085237624799,-13.210442199259697
119,119,0.0012069250512196077,0.0011968491476421293,-13.154749258328234,-13.198793818084436
120,120,0.0012025729352224273,0.0011780071011009184,-13.1797049827773,-13.267708882331776
121,121,0.0012043215233602167,0.001183474197444555,-13.174629079404053,-13.24760002932085
122,122,0.0012099873250561585,0.0011907782662953985,-13.146423736369288,-13.220878972037653
123,123,0.0011907102463325275,0.0011865289845062715,-13.222658109565845,-13.236404450267676
124,124,0.001203271479960339,0.0011877812641231638,-13.174676793495257,-13.231823261451591
125,125,0.001211532983285634,0.0011901024263352156,-13.147179053881977,-13.223344560289505
126,126,0.0012056885068736894,0.001182906868818559,-13.17651690019904,-13.249682430164306
127,127,0.0012027038532530063,0.0011861127874764957,-13.180466839364344,-13.237928085882661
128,128,0.0011900658839257415,0.001173842257182849,-13.22313464558775,-13.283090570074789
129,129,0.001185215613564726,0.0011714482496149447,-13.248619158796267,-13.291956888635138
130,130,0.0011946660449689965,0.0011743247374205997,-13.212311370771488,-13.281305871556219
131,131,0.001195239588455057,0.0011713300390463126,-13.207633535513493,-13.292395156293255
132,132,0.0011904650420603371,0.0011717523877067787,-13.221934469085683,-13.29082949481612
133,133,0.0011940663704437385,0.001161503721959889,-13.214188451260547,-13.328981908409194
134,134,0.0011862891824608764,0.0011638790724406902,-13.235883386555134,-13.320109373808126
135,135,0.0011814639197912106,0.0011539532937795709,-13.252716611872756,-13.357305655255987
136,136,0.0011771091454441554,0.0011679895258949774,-13.273338011909793,-13.304798484476368
137,137,0.0011889856577534037,0.001175914192572236,-13.229334077172227,-13.275431645765641
138,138,0.0011893719285918573,0.0011627803139976766,-13.22494713133771,-13.324211261407148
139,139,0.0011761539661296712,0.0011663186535435287,-13.271455940629357,-13.311015750667018
140,140,0.001176493110365628,0.0011637470207030052,-13.270228599328158,-13.320602144887062
141,141,0.0011664206034878327,0.0011538417066300386,-13.304860132847164,-13.357725637822222
142,142,0.0011639860470673627,0.001156545997793345,-13.3171267776318,-13.347558865693092
143,143,0.0011683716846764395,0.0011557463960918156,-13.306446062073618,-13.350562487738946
144,144,0.0011823490086808493,0.001152120316156039,-13.25969435916647,-13.36420961731137
145,145,0.0011851262738064084,0.0011597983416562017,-13.246327203990006,-13.335363132122346
146,146,0.0011755248181253056,0.0011601346226311044,-13.280425592565706,-13.334104087356483
147,147,0.0011668173000984586,0.0011583266804288876,-13.309136966828326,-13.340877368240147
148,148,0.001187271865795261,0.001171382401432646,-13.226835098525608,-13.292201016414587
149,149,0.0011901295631067809,0.0011635350406562026,-13.224932224301138,-13.321393297505672
150,150,0.001169904515617671,0.0011713139921132672,-13.296749342491092,-13.292454653975195
151,151,0.001177179061846097,0.0011534271271605241,-13.279634367473665,-13.359286353896753
152,152,0.0011627838032358547,0.0011639987290101616,-13.318312768849676,-13.319662905459502
153,153,0.001170315156863599,0.0011411066853294247,-13.291716778510045,-13.40592546896314
154,154,0.0011695853228075909,0.0011600627453605596,-13.298852568444413,-13.334373167068513
155,155,0.0011832543118309574,0.0011658573302587396,-13.251800021578688,-13.312733889958064
156,156,0.001166502413455128,0.0011528653068173873,-13.315004690763546,-13.361402264924143
157,157,0.0011813939481820027,0.0011525190079976853,-13.256672021451166,-13.362706998947454
158,158,0.0011717152767382639,0.0011468263355230814,-13.292428947645075,-13.384211391937303
159,159,0.0011669906881186611,0.0011445988447552448,-13.305485113357951,-13.392654934078735
160,160,0.001156993192313335,0.0011555149256692904,-13.339776256025825,-13.351432370574054
161,161,0.0011626298013671312,0.0011364910935394857,-13.324598973461324,-13.423527600539993
162,162,0.0011558680982357754,0.0011456525443415892,-13.356743292237766,-13.388658726933965
163,163,0.0011719881602534161,0.0011605331551675733,-13.295522670618114,-13.332612443573561
164,164,0.0011619647758407997,0.0011467348637157365,-13.329772342248663,-13.384557802586505
165,165,0.0012532137490367306,0.001204281469414893,-13.003350930302318,-13.171907928416493
166,166,0.0012094951042732627,0.0011897752625181486,-13.15126933315408,-13.224538616958814
167,167,0.0012178336937441346,0.0011970090777858307,-13.119924882290203,-13.198213526584588
168,168,0.0012105398501759184,0.0011946715316490124,-13.155557147519303,-13.206702818237153
169,169,0.001203373248554459,0.0011862401029487189,-13.173709024870256,-13.237461946065743
170,170,0.0012071373903663042,0.0011845071934849809,-13.162743866953676,-13.243810941194049
171,171,0.0012025237071433478,0.0011910902471036504,-13.177758348038457,-13.219741280821735
172,172,0.001199746461220316,0.0011734367335999483,-13.190123487269243,-13.284591172745193
173,173,0.0012096147072146234,0.001180478193993239,-13.159547065828491,-13.258608275240096
174,174,0.0011768634563081503,0.0011828076890914847,-13.266017228915343,-13.250046575602447
175,175,0.001180122152796572,0.001165373630723671,-13.250005803087959,-13.314536096993832
176,176,0.001186023447086516,0.0011738418773012725,-13.232152912673875,-13.283091975548976
177,177,0.001181384682962575,0.0011612523506444536,-13.251212027931341,-13.329921905311291
178,178,0.0011799459432050125,0.001175652178445537,-13.259196438763357,-13.276399437202697
179,179,0.0011804877881191134,0.0011722684261928264,-13.254558290756089,-13.288917287644306
180,180,0.0011783697865615339,0.0011745175885918893,-13.263316667279508,-13.280592718537982
181,181,0.0011911355883132706,0.0011678494905170641,-13.226857138388546,-13.305319210361537
182,182,0.001187209931643891,0.0011564297356495732,-13.23606381068789,-13.34799546350782
183,183,0.0011856482525058475,0.0011649379800809058,-13.238717482577032,-13.316159919932511
184,184,0.0011783862923339162,0.001163630446076001,-13.270599183057016,-13.321037207252346
185,185,0.0011807387879540778,0.0011639340817438143,-13.255381825158121,-13.319904114749754
186,186,0.0011822068115657906,0.0011652127876387614,-13.242956158835678,-13.31513554495928
187,187,0.0011682979337698251,0.001164082486770655,-13.296784781094058,-13.319350411780434
188,188,0.0011760637166516221,0.0011470972646125837,-13.270817992392995,-13.383185525085432
189,189,0.001169068363168728,0.001163656909116789,-13.29712731411038,-13.320938442030565
190,190,0.0011759685597276873,0.0011614919946479954,-13.2830318264574,-13.329025757881723
191,191,0.0011648451513370749,0.00116389154113437,-13.319340246017987,-13.320062847876146
192,192,0.0011866238429067062,0.0011632294259279182,-13.236596489029784,-13.32253416752283
193,193,0.0011785105050819897,0.0011607544974570996,-13.259099950916386,-13.331784215885918
194,194,0.001183778090767332,0.0011634895222653683,-13.244313765872452,-13.32156320018983
195,195,0.0011764590222791758,0.0011623448778041883,-13.27377009858557,-13.325837905330928
196,196,0.0011813075812149448,0.0011603196678487094,-13.255399651437864,-13.333411428876559
197,197,0.0011795164618794759,0.0011584688848080603,-13.26496388131268,-13.340344230330341
198,198,0.001182983053329679,0.0011554131112796696,-13.247406488013812,-13.351815051703992
199,199,0.0011847152785138832,0.0011619876053086237,-13.246483966157411,-13.32717301100715
200,200,0.0011735390463709524,0.0011641297758998054,-13.288216035934049,-13.31917398965453
201,201,0.0011734471838806093,0.001152167488869868,-13.283303465775496,-13.364031802289563
202,202,0.0011721259839928796,0.0011618369638821797,-13.293386202319164,-13.327736071930163
203,203,0.0011727850123298999,0.001152962973145278,-13.287037532213901,-13.36103436287641
204,204,0.0011767137894099673,0.0011624209705348078,-13.274697429437822,-13.325553604414718
205,205,0.0011734454796563105,0.0011554478398083073,-13.28395702847514,-13.35168451673307
206,206,0.001172973365119668,0.001147596618944877,-13.282801771430869,-13.381295365914255
207,207,0.0011596748168513026,0.001154997067427949,-13.337811059232118,-13.353379151037092
208,208,0.0011727612564032992,0.001155328403815235,-13.28883949084365,-13.352133460181586
209,209,0.0011710575157680462,0.0011512432492485172,-13.299121761814561,-13.36751700084671
210,210,0.001213917553127196,0.0011947278215206768,-13.131993979997725,-13.206498194588761
211,211,0.0012163823499277081,0.0011909364869720058,-13.129229260014665,-13.220301956114312
212,212,0.001223413188480916,0.0011887761494634968,-13.115271605037162,-13.228187134369598
213,213,0.0011988834924419824,0.0011767585835370578,-13.189712130683084,-13.27231421816533
214,214,0.00120780127934305,0.0011847157423433504,-13.162418904901587,-13.24304637305433
215,215,0.0011990998077119903,0.0011757814239612536,-13.19224557258069,-13.275922021091219
216,216,0.0012033164414778812,0.0011770336423069239,-13.181573619006974,-13.27129920498631
217,217,0.0011983914240791473,0.0011817898515513853,-13.188677239340741,-13.253785404277032
218,218,0.001189647222024187,0.0011777348424258985,-13.218477536246553,-13.268712731170677
219,219,0.0011886340342750102,0.001178444706295666,-13.230189500277927,-13.2660958680285
220,220,0.0011906040767591791,0.0011765483190844719,-13.22624012944011,-13.273090289417574
221,221,0.0011818173447066976,0.0011588788199189462,-13.253617375702865,-13.338807710298497
222,222,0.0011869183880728238,0.0011648480584354776,-13.236718527322793,-13.316495165090537
223,223,0.001187082472468544,0.0011681028347658483,-13.240800094753135,-13.304377187628374
224,224,0.001204974943359104,0.0011662030102390993,-13.166568874277523,-13.311446385458572
225,225,0.0011931558814110984,0.001164268414293857,-13.205730341975976,-13.3186568110221
226,226,0.0011878264707887603,0.0011738846507413608,-13.223646621373895,-13.282933726546952
227,227,0.0011785589074523946,0.0011710417150568805,-13.27079011823967,-13.29346430783185
228,228,0.0011815111136025528,0.001168725123677991,-13.24305219769151,-13.302064166285874
229,229,0.0011935762247339506,0.001166199382982756,-13.219021182760468,-13.311459893397156
230,230,0.0011933751454692066,0.0011623312817200233,-13.217338762165367,-13.325888705562214
231,231,0.0011862937094566902,0.0011604251340031624,-13.232204199513742,-13.333016698970008
232,232,0.0011765983702192449,0.0011635493229780543,-13.275956389297757,-13.321339988449363
233,233,0.001181828603388492,0.0011620017160710535,-13.247867666031645,-13.32712027215674
234,234,0.0011774894346953514,0.0011685513217296255,-13.266947399674267,-13.302710056740182
235,235,0.0011882554528485868,0.001157414217136408,-13.224022185096088,-13.344299839154644
236,236,0.0011902348349619772,0.0011684265735216047,-13.226029472606541,-13.303173710748482
237,237,0.0011877725956980715,0.0011633777513021702,-13.24006608354411,-13.321980426502158
238,238,0.0011815444599913875,0.0011675419579995306,-13.260654408467332,-13.306462998707833
239,239,0.0011781137532640977,0.0011590260117755908,-13.273518681302578,-13.338256137944587
240,240,0.0011700177049149096,0.0011717804254179722,-13.2877005316901,-13.290725578001394
241,241,0.0011706224393061141,0.0011563111329451203,-13.295680135492521,-13.34844089603186
242,242,0.0011676794731720667,0.0011645634045922442,-13.307542923541105,-13.31755657992382
243,243,0.00118012131988695,0.0011580250850927673,-13.259485660054333,-13.342008294837173
244,244,0.0011821014148941666,0.0011595911836545718,-13.255867935288702,-13.3361389188218
245,245,0.0011817557117949748,0.0011524601447346963,-13.255009071145915,-13.362928814318566
246,246,0.001176313342305726,0.0011601354069027462,-13.279250638675679,-13.334101151449522
247,247,0.0011712751824159136,0.0011503941526538448,-13.295844514476467,-13.37072131080529
248,248,0.0011753415204008523,0.0011621566955000162,-13.274667645929757,-13.32654108004512
249,249,0.001175510024978328,0.0011574500117843087,-13.267194750141142,-13.344165529609642
250,250,0.001179598943935227,0.0011580430559421841,-13.260253275654176,-13.341940899231675
251,251,0.0011660280690250016,0.001155942286315717,-13.30406796526297,-13.349826453997462
252,252,0.001174320167977094,0.0011618534764765126,-13.281997248940616,-13.327674348316068
253,253,0.0011705396200059769,0.0011596929306458485,-13.29200612719902,-13.335757868853683
254,254,0.001170595133312277,0.0011518899792511213,-13.296767348621103,-13.365077964534622
255,255,0.0011776128793423324,0.0011551858746985857,-13.277123249417162,-13.352669268244107
256,256,0.001179531851504958,0.0011571247412480023,-13.27070300392753,-13.345386170246016
257,257,0.0011793018304310815,0.0011556755420506785,-13.266943707744694,-13.350828743921673
258,258,0.0011644995442505197,0.0011547804920394953,-13.310733252526008,-13.35419358008037
259,259,0.0011701676586508443,0.001152719064664684,-13.300262453230136,-13.361953206896263
