,epoch,train_loss,test_loss,train_dbs,test_dbs
0,0,0.0005035875026093431,0.0004964378512292905,-19.00906348859202,-19.04911770274753
1,1,0.0004649832130640208,0.00046198733003908083,-19.343094113617717,-19.361465921988543
2,2,0.0004607175285423885,0.00045576740491302,-19.386404089327524,-19.42033394885688
3,3,0.00045581060772540875,0.0004439219789530494,-19.43446940995228,-19.534700095860444
4,4,0.0004417229432987107,0.00042327739126784235,-19.569163306388916,-19.741515855314
5,5,0.00041457291028808,0.00039636395185401564,-19.836706124227753,-20.026825076391326
6,6,0.0003741965746175805,0.0003558487239244737,-20.293399824109418,-20.49511244647965
7,7,0.0003535369460317354,0.00035237884118319735,-20.52922331432083,-20.53766834403097
8,8,0.0003543908164125973,0.0003490151460650132,-20.528584327795286,-20.579323831662563
9,9,0.0003507563876727423,0.00034143424923776795,-20.57252472908059,-20.67469574428367
10,10,0.00034766444893189006,0.00034442477963717754,-20.60459309323909,-20.636822682136334
11,11,0.00034761549538894337,0.0003416128502545976,-20.614961098386875,-20.67242458500646
12,12,0.00034931765991675945,0.0003442668346810694,-20.594424843232225,-20.63881470941411
13,13,0.0003473501287631153,0.00034155835869329934,-20.614242623511515,-20.6731173947772
14,14,0.000345710388951234,0.0003443051996567336,-20.638678339707162,-20.638330760127307
15,15,0.0003482994975128509,0.00034396923116506323,-20.603477073390035,-20.642570617576034
16,16,0.00034673983404009614,0.0003405331977103886,-20.61571608573413,-20.686172008604323
17,17,0.0003463701118796718,0.0003458617475668066,-20.625459414293953,-20.618741258861334
18,18,0.00034833290480970185,0.00034466460898616597,-20.598946955189344,-20.633799661646126
19,19,0.00034611716478842206,0.0003442558472191817,-20.626454204405242,-20.638953319054536
20,20,0.0003500723597454387,0.00034112768940088386,-20.58355082481528,-20.678596848255264
21,21,0.00034682268124390584,0.000340524509451107,-20.623042555536916,-20.686282814576387
22,22,0.0003481391405077056,0.00034382881896913444,-20.611250902278925,-20.644343819541902
23,23,0.00034769387710503465,0.0003447062274637191,-20.606830365948277,-20.633275279870375
24,24,0.00034535649897453867,0.0003437909456950269,-20.631111362086706,-20.644822227953597
25,25,0.00034393385933596907,0.00034367996206703156,-20.652422232150478,-20.6462244568216
26,26,0.000345228275298573,0.0003414280363358557,-20.642251956531762,-20.674774771316624
27,27,0.0003450810528221089,0.0003407128771007257,-20.637955010258008,-20.683881095748315
28,28,0.0003470896326783161,0.0003386416478621724,-20.616297615243976,-20.710362886422725
29,29,0.00034762272003980487,0.00033942786792881394,-20.615190399817966,-20.70029161256151
30,30,0.0003444447674783734,0.0003427555508862593,-20.652016641172345,-20.657921605641484
31,31,0.0003454173181791665,0.0003442374781068218,-20.644687850210786,-20.63918505998343
32,32,0.0003442768083726891,0.00033907726633754606,-20.658378323652613,-20.70477984241553
33,33,0.0003417645921311389,0.0003399960007395987,-20.68971403280594,-20.693028488211638
34,34,0.0003427492824296669,0.00033847136747729227,-20.66832692693103,-20.71254721404348
35,35,0.00034242159580168575,0.0003377721770543997,-20.674376568823302,-20.721527843969525
36,36,0.0003427127817256818,0.00033808394647693554,-20.677804165492752,-20.7175210814435
37,37,0.00034215799340805444,0.00033872648246439273,-20.68835052475071,-20.709275052550367
38,38,0.00034302890963237924,0.0003394103734631483,-20.66341350625442,-20.700515458227258
39,39,0.00034106305479936146,0.0003401246749011702,-20.692118946637557,-20.69138517751687
40,40,0.0003423399700586367,0.000339548970499125,-20.67372408885217,-20.698742393925134
41,41,0.0003425577951273545,0.0003385845568692802,-20.671704797359823,-20.71109511748718
42,42,0.0003434009063921715,0.00033996509400343423,-20.66261073037149,-20.69342329388752
43,43,0.00034333185230372184,0.0003407113621697614,-20.659806446906313,-20.683900406072787
44,44,0.0003432609142673192,0.0003375637109121798,-20.668651522024376,-20.724209048973393
45,45,0.00034168911149686914,0.0003370560374797175,-20.685002461760327,-20.730745466339545
46,46,0.0003420932223833137,0.0003386843186729637,-20.68514392520964,-20.709815684673348
47,47,0.00033931332111080206,0.00033915339123555705,-20.705617982713505,-20.70380493445726
48,48,0.00034144107365174236,0.0003412720995440491,-20.677503612707035,-20.676758731354884
49,49,0.0003414068307449139,0.00033884602721388405,-20.67882703103461,-20.70774259292895
50,50,0.000341280105166118,0.0003392823196726998,-20.6885675527204,-20.702154286987344
51,51,0.00034297714111894444,0.0003364589341033838,-20.670062835490416,-20.738445926770193
52,52,0.0003414246668923915,0.0003398989900137837,-20.69176109741082,-20.69426783322126
53,53,0.00034473948606731584,0.00033657258456131736,-20.64505111560978,-20.7369791970303
54,54,0.0003408819269604943,0.00033659023067325746,-20.691174181700845,-20.736751507417303
55,55,0.0003403176961001009,0.0003359981147743958,-20.695220117829006,-20.74439816783586
56,56,0.00034255609690384534,0.000339495782483075,-20.67462962066072,-20.699422739714407
57,57,0.0003401924161115642,0.0003385687243855117,-20.70233772153431,-20.711298201796954
58,58,0.0003419197299493688,0.0003364883305039257,-20.68098806467244,-20.738066500469717
59,59,0.00034092452296670335,0.0003367901004630288,-20.68980993215231,-20.734173399761573
60,60,0.00033933817488189364,0.0003361392867334775,-20.719675092926522,-20.742573832407043
61,61,0.0003431566589459124,0.00033620320640406325,-20.66847919448942,-20.741748063975404
62,62,0.0003424180763384769,0.0003340166815752654,-20.66992089689419,-20.770085003946058
63,63,0.00034131546121945165,0.0003335167451663629,-20.69828735754885,-20.77659013629105
64,64,0.00034005779919416175,0.0003373047281791897,-20.701891545123324,-20.727542284633916
65,65,0.00033874720210190284,0.0003331079925900619,-20.720669101991362,-20.781916041573115
66,66,0.0003403815208002925,0.0003394762093912026,-20.702392708939218,-20.699673132540568
67,67,0.00033722770041498095,0.000333938278919576,-20.741730373688725,-20.771104529000972
68,68,0.0003359961778299941,0.00033386063909060076,-20.74999475957447,-20.772114370393115
69,69,0.0003374456872049834,0.00033286856150401657,-20.73655134224161,-20.785038782255395
70,70,0.0003355173523100957,0.0003347878534297802,-20.752017617470596,-20.76006964633664
71,71,0.0003380161846901492,0.0003345946959023805,-20.73339871853557,-20.76257605319472
72,72,0.00033589806461697155,0.00033184098796673904,-20.752390733674492,-20.798466297260827
73,73,0.0003365416388200193,0.0003308320699847843,-20.74643429769963,-20.811690551530894
74,74,0.00033852420855294335,0.00033080767637951985,-20.728731067562073,-20.812010786469102
75,75,0.00033921096833979653,0.00033252294739022066,-20.72460878852351,-20.789550361197463
76,76,0.0003369668559843348,0.00033096334970507185,-20.74461613564816,-20.80996753994277
77,77,0.00033518694072347325,0.0003322883337540062,-20.766722477566063,-20.79261563444739
78,78,0.00033558045421515776,0.0003261282552940477,-20.760829200412516,-20.873882303312136
79,79,0.0003333953803299552,0.00032837192625983765,-20.785252963516466,-20.844106368510943
80,80,0.00033684796653687954,0.0003296379566707305,-20.752589375425444,-20.827394440191714
81,81,0.0003338361554419065,0.00033204847223762616,-20.789194925159663,-20.795751710503147
82,82,0.0003356969472472124,0.00033390576994095584,-20.76508386670001,-20.771527336393273
83,83,0.00033547759527753385,0.00033042680527279645,-20.764193280116807,-20.817013860048874
84,84,0.00033396426960345855,0.0003303150863901369,-20.77891929310999,-20.81848247874365
85,85,0.00033387778142044685,0.00033088908898399065,-20.78303852106787,-20.81094210827969
86,86,0.0003355444542770802,0.0003288599622656444,-20.76793933775273,-20.837656548076204
87,87,0.00033152822558720087,0.00032995535845035,-20.80231147950642,-20.82321471765921
88,88,0.00033440091377172197,0.00032842519699203735,-20.775288829110963,-20.843401883540686
89,89,0.00033570128281783197,0.00037645412559964155,-20.756356501129755,-20.250645964504024
90,90,0.0003422493059260137,0.00033202514628340537,-20.682187996822798,-20.796056807194987
91,91,0.00033452659761341115,0.0003354179636134129,-20.775529190556384,-20.751903395032528
92,92,0.0003343107168005837,0.0003305838510737215,-20.771880226278423,-20.81495022838496
93,93,0.00033844261341392225,0.0003321892413384232,-20.733509142291922,-20.7939109464705
94,94,0.0003413893864490092,0.0003289360779729721,-20.690499908893667,-20.8366514756889
95,95,0.00033394173153714497,0.0003332039295377112,-20.779256473062556,-20.780665429483523
96,96,0.00033057254190633513,0.0003257840810539691,-20.8223164131632,-20.878467980828354
97,97,0.00033377498369087876,0.00032649801486465886,-20.792731152778423,-20.868961123590367
98,98,0.0003320909511494767,0.0003288342421384234,-20.803880839557838,-20.837996222935942
99,99,0.00033205255059544575,0.0003303067749488707,-20.811491655674125,-20.8185917579937
100,100,0.00033038956132362186,0.00032267757648553113,-20.837639770291148,-20.92007870976711
101,101,0.0003283978280846567,0.0003245280455111673,-20.853766163470663,-20.895244232149427
102,102,0.00032809000827141644,0.0003263979865311596,-20.858142902761394,-20.87029186396922
103,103,0.00032764847165924144,0.000326411489176711,-20.86463576478186,-20.870112205901346
104,104,0.0003287584662495047,0.00032896074117161334,-20.846460652197912,-20.836325859550648
105,105,0.0003277195498140855,0.0003301633941622353,-20.86637094007481,-20.820477368830865
106,106,0.00033165395443481347,0.00032411066441502616,-20.815657833901085,-20.900833363021484
107,107,0.0003288624734382539,0.000324768657600017,-20.85183645806341,-20.892025472320547
108,108,0.00032694996232598945,0.000326383305946365,-20.877480369941736,-20.870487203420332
109,109,0.0003259417189275558,0.0003219495748022669,-20.889232257571322,-20.929888015740023
110,110,0.00032881036257976186,0.00032018445658889646,-20.849732056121134,-20.953764122387195
111,111,0.00032752758754926167,0.00032143377374220446,-20.885217418211393,-20.936851503453653
112,112,0.00032437733523355623,0.0003211546756670271,-20.911802223994407,-20.94062408174051
113,113,0.0003222732972137668,0.0003192589118905169,-20.938365127607238,-20.96633628298127
114,114,0.0003218283530531125,0.00031935744826976016,-20.94155730389521,-20.9649960791036
115,115,0.000322522063854813,0.00031804089360919436,-20.93433547091433,-20.982936923933863
116,116,0.00032084831306662833,0.00031938361874046296,-20.95648389864894,-20.964640201217914
117,117,0.00032109701489914475,0.00031772402029386476,-20.95449672482576,-20.9872660821084
118,118,0.00032101805410683924,0.00031676172358474056,-20.95464158768456,-21.000439600196028
119,119,0.0003211024072088455,0.0003165620360768547,-20.960323553930404,-21.003178268510005
120,120,0.0003189965215458813,0.00031794425970139474,-20.9821282554172,-20.984256689749984
121,121,0.00032010563762052,0.00031970452063864,-20.966357997817315,-20.960278801694564
122,122,0.0003216513690596312,0.00031681947324326947,-20.952438805225185,-20.999647898730586
123,123,0.0003207624534663466,0.0003170264566219167,-20.959376625273208,-20.996811507798597
124,124,0.00031925388911892614,0.0003154442284109169,-20.97920956335937,-21.01854071773318
125,125,0.0003216418113017013,0.000317941560704065,-20.956912484362327,-20.984293556734883
126,126,0.00032182429741933635,0.0003164328640866044,-20.946559468071,-21.004950753038596
127,127,0.0003201717369200796,0.0003197845102189795,-20.962593784475416,-20.959192339476882
128,128,0.0003182664804626256,0.00031965953683921774,-20.989118536208874,-20.960889915680966
129,129,0.0003228946738953213,0.0003374262198217605,-20.934320435454392,-20.72597830863156
130,130,0.00032077616827139995,0.00031713559139078776,-20.955648594202255,-20.995316728080354
131,131,0.0003177054450227927,0.000315867860703484,-20.995737777268854,-21.012712183865226
132,132,0.0003183579871061344,0.00031673099453511993,-20.988346971713632,-21.000860929638755
133,133,0.0003182782960177121,0.0003167525528145856,-20.98708556825604,-21.000565337374233
134,134,0.0003188169089064348,0.0003169330654935421,-20.983229778510733,-20.998091061164075
135,135,0.0003205311050177696,0.00031620884884001787,-20.963791587214438,-21.008026382973615
136,136,0.0003194611717001103,0.00031638563163333426,-20.969304134177573,-21.00559905247987
137,137,0.0003213374905489846,0.0003166018730936278,-20.952781852268036,-21.002631775056027
138,138,0.0003168880756459554,0.00031681727360639915,-21.008716040954155,-20.999678051342777
139,139,0.00032140015109595796,0.0003156327354525657,-20.94969445014213,-21.015946182514476
140,140,0.00031973256401900086,0.0003159085110957293,-20.96783543447275,-21.012153307596606
141,141,0.00031955329402465107,0.0003146278108225057,-20.97376689729621,-21.029795489566673
142,142,0.00031861546389355336,0.0003143215450874873,-20.986795751336217,-21.03402506792549
143,143,0.00032035887304971897,0.00031632129838199993,-20.965866142448903,-21.006482228396813
144,144,0.00031850669357791236,0.00031475767824112584,-20.985750749986334,-21.028003242841372
145,145,0.00031939851685388725,0.00031847266578360607,-20.980472910168654,-20.977044942568163
146,146,0.00031853931867181486,0.0003169514943453434,-20.994086766738327,-20.997838537308652
147,147,0.0003188745761962281,0.00031789507422792286,-20.981866944078874,-20.98492858840807
148,148,0.0003178313664957574,0.00032230947736503656,-20.99416120291886,-20.925035814974912
149,149,0.00031878239206355256,0.00031554427818934386,-20.9844425107838,-21.01716347974561
150,150,0.0003191353399162517,0.0003166367593956621,-20.978008063586486,-21.002153253130626
151,151,0.0003188280091673789,0.00031324788180523013,-20.979183746584976,-21.048885144718753
152,152,0.0003186267414778356,0.00031741378112009873,-20.984432755456748,-20.991508788861246
153,153,0.00031532206963843753,0.0003155795060784409,-21.025248438714232,-21.016678653211063
154,154,0.00031915432971556544,0.00031459632966863483,-20.98334693755326,-21.030230059397724
155,155,0.0003195887298884888,0.00031614772620071704,-20.97653764913888,-21.008865948057558
156,156,0.00031983632697560587,0.00031492938011835675,-20.972755713817122,-21.02563479080883
157,157,0.00032218072933058457,0.0003154944126053076,-20.945536731882605,-21.01784985122631
158,158,0.00032041347063549783,0.0003147385126028798,-20.94940580232098,-21.02826769339901
159,159,0.0003189645829423302,0.0003173089629088185,-20.983235325070268,-20.99294317802105
160,160,0.0003187400987971881,0.00031719726853464777,-20.985733590293588,-20.99447218588446
161,161,0.0003178026749195589,0.0003136791745323296,-21.001783864562885,-21.042909710124885
162,162,0.0003180604286434263,0.0003150459639360442,-20.99130927088759,-21.024027372050085
163,163,0.00031907168863888483,0.0003133119990755069,-20.984481582093196,-21.047996298253384
164,164,0.0003186913699838189,0.0003160012726622977,-20.987135314482703,-21.010878257334106
165,165,0.00031794616010414494,0.00031404352998115907,-20.989797842980966,-21.03786807063946
166,166,0.0003166429238806757,0.0003270381145595916,-21.01071394216527,-20.861782871003346
167,167,0.0003191821949830106,0.0003144550918429894,-20.983027783368534,-21.032180259564104
168,168,0.0003149513381451714,0.00031439931205424826,-21.0322106657846,-21.032950703544948
169,169,0.00031723829373938136,0.0003149122195808511,-21.010911283871366,-21.025871444810424
170,170,0.0003175700828072989,0.0003144308897102938,-21.004118136615496,-21.032514528509303
171,171,0.0003184870976988303,0.00031766608222632815,-20.985893421641233,-20.988058105244836
172,172,0.00031928969403133566,0.00031458849767468085,-20.982724609323192,-21.030338179988334
173,173,0.0003269951728763078,0.0004009952474581568,-20.884259001510937,-19.976374319804616
174,174,0.00033578410421824563,0.0003185058824448405,-20.75729339317268,-20.976591997559744
175,175,0.00032095692556149795,0.00031816950803132435,-20.957440015256623,-20.98118101002736
176,176,0.0003194718300028867,0.00031403950293009216,-20.978067050822165,-21.03792376155818
177,177,0.00031859588331648524,0.00031464610947296023,-20.993507694956975,-21.02954291266289
178,178,0.00031664997420859396,0.00031552134130738283,-21.013507872786434,-21.01747917944353
179,179,0.0003185985380658861,0.000313371808978876,-20.99303497217342,-21.04716732802178
180,180,0.0003183502829921691,0.0003141059163394139,-20.98820868781386,-21.037005408055457
181,181,0.00031744191343848084,0.0003126338017050569,-21.00035818521704,-21.057407256534916
182,182,0.00031872906604512913,0.0003129876292261638,-20.99227559142942,-21.052494849486543
183,183,0.0003182956337995981,0.00031620430098356386,-20.993097820930018,-21.008088845588855
184,184,0.00031735114609227354,0.00031360029242932796,-21.001231519842992,-21.0440019844313
185,185,0.0003160782951679196,0.00031299341935664415,-21.022511687066107,-21.052414507702302
186,186,0.0030999889227648065,0.0015191495920972603,-11.097426860846406,-14.191761160743255
187,187,0.001275791623389598,0.001158406057297007,-14.962962223372674,-15.3691583764949
188,188,0.0011151339822765632,0.0010304960642794246,-15.55952397521203,-15.877303199914067
189,189,0.0009959244298911893,0.0009446639635011946,-16.037301923635752,-16.254993089757345
190,190,0.0009207085234631505,0.0008544194708137136,-16.378755283069516,-16.691055207774255
191,191,0.0007936655166894966,0.0007344974866627078,-17.027442697453374,-17.347863433912668
192,192,0.0007195740880579064,0.000683224113584545,-17.452502208881956,-17.662134715712877
193,193,0.000689617050907661,0.0006640561899219296,-17.627412172817998,-17.785718281527465
194,194,0.0006456320148835093,0.0006380549350165223,-17.916856574432956,-17.959185853755194
195,195,0.0006319695889239305,0.0006265295363080345,-18.014690218711344,-18.038351077942455
196,196,0.0006178314599554179,0.0006019416614435613,-18.110124308665586,-18.21222254779497
197,197,0.0006057444411406735,0.0005958614178541067,-18.193910636031262,-18.256313917505892
198,198,0.0006019680547172722,0.0005866595035369851,-18.226489197489702,-18.323905470527002
199,199,0.0005901111955946484,0.0005778611950135153,-18.309516782118102,-18.389531260680705
200,200,0.0005835030208697024,0.0005673233719885742,-18.361860835660075,-18.469459818930115
201,201,0.0005783136254752573,0.0005693503281738805,-18.402092554813347,-18.453970821176295
202,202,0.0005756727571013509,0.0005606443339370584,-18.416624161328606,-18.52089220048837
203,203,0.0005753445973110952,0.00056083393467002,-18.42386757643568,-18.51942373595937
204,204,0.0005741822923360796,0.0005623723018767411,-18.436069981232993,-18.507527348901696
205,205,0.0005690838761157213,0.0005609354457670921,-18.462276825399304,-18.51863773287889
206,206,0.0005669549309178112,0.0005567216798418054,-18.48007990855515,-18.551385235100906
207,207,0.0005626314596906688,0.0005576145332796793,-18.523801926831144,-18.54442573042663
208,208,0.0005628834142512881,0.0005524810648670322,-18.517087386441766,-18.584592593540627
209,209,0.0005600347259254722,0.0005537032082333768,-18.535221464342598,-18.574996175494086
210,210,0.0005579326339618102,0.0005595177062787116,-18.557163211861106,-18.5296282283593
211,211,0.0005551321706830611,0.0005447461000202518,-18.582962870330597,-18.645825277295604
212,212,0.0005478051043422797,0.0005417440889256173,-18.630949734082854,-18.669824760845067
213,213,0.0005460291670049666,0.0005394166280319425,-18.643291299023602,-18.688523275664828
214,214,0.0005419447273376023,0.0005354233374083904,-18.67958101114883,-18.720793606460777
215,215,0.0005430811308036299,0.0005302007515351043,-18.67605040736787,-18.763363184413432
216,216,0.0005336531669563931,0.0005292243976758695,-18.751469791035603,-18.771368001248515
217,217,0.0005263322355230482,0.0005184168602634026,-18.81070420083837,-18.86097539953957
218,218,0.0005247131843340688,0.0005129594754084552,-18.816035570581633,-18.90693600899681
219,219,0.0005220903411325183,0.0005069959565604988,-18.847907565581046,-18.95772161708296
220,220,0.0005078051205047589,0.0005023553768344419,-18.949947870871387,-18.997656024490517
221,221,0.0005079836689041371,0.0004968061127185233,-18.960054302266226,-19.045897266564577
222,222,0.000504249635754998,0.0004921001688528218,-18.99273654475321,-19.08723143379006
223,223,0.0004977979307235746,0.0004875338728245544,-19.050966985808188,-19.127718624843997
224,224,0.0004908947145671959,0.00048314122863015845,-19.114906900667105,-19.167025580474387
225,225,0.0004856083908156713,0.00047716791404558246,-19.154922828374858,-19.221054244896123
226,226,0.00048319689363010766,0.00046987044716891095,-19.181295159071837,-19.287985268051436
227,227,0.0004784502140030303,0.000468034738380658,-19.22548016329353,-19.30498569042729
228,228,0.00047404904094927933,0.0004666914648719524,-19.265096667166123,-19.31746799106426
229,229,0.00046991154859946636,0.000466337073655603,-19.299348457342834,-19.32076714324968
230,230,0.0004687364985470266,0.00045864329532426044,-19.3085107385912,-19.39301608273904
231,231,0.0004663485766642909,0.0004599740434634058,-19.336843258471276,-19.380433324859112
232,232,0.000460259015695912,0.0004563590643412777,-19.38623540123777,-19.414699763915245
233,233,0.00045831016710114463,0.0004566899794889124,-19.405884435865108,-19.41155174837633
234,234,0.0004586994374343722,0.0004525701668554623,-19.400818182702906,-19.45090735291721
235,235,0.00045807062817459024,0.000451669711190717,-19.40984196131778,-19.459556895260064
236,236,0.00045787625089191745,0.00044604899257568543,-19.41388968716582,-19.513940946008933
237,237,0.000451930094997581,0.0004456951619910174,-19.466200454098797,-19.5173873757439
238,238,0.0004527376575837123,0.00044708251554862057,-19.45920830123019,-19.503889715695486
239,239,0.0004542692628636303,0.0004414607139647399,-19.447848074395896,-19.558845961031082
240,240,0.0004454089044209224,0.0004443206279048402,-19.524682034356736,-19.530801812885343
241,241,0.0004470863495953381,0.0004410347564292974,-19.516096372040003,-19.563038413632597
242,242,0.00044536788932278214,0.00044762493282752603,-19.533439067690445,-19.49862388583332
243,243,0.0004462658058007046,0.0004356248950659248,-19.535502530653275,-19.616639666027513
244,244,0.00044517953743313237,0.000435421085536578,-19.535088251247377,-19.618672012368375
245,245,0.0004396976776464276,0.00043612672169202646,-19.57927070875641,-19.61163960512778
246,246,0.0004380216684610074,0.00043588731051912824,-19.601117633944792,-19.61402431340236
247,247,0.00044521812431168615,0.0004354303328957605,-19.538025412712944,-19.618579779021093
248,248,0.0004411642841716326,0.00043410474685706983,-19.577642672919453,-19.63182122634793
249,249,0.0004426327113364583,0.00043766527577597454,-19.56570084534959,-19.596345662376184
250,250,0.00044213058685010166,0.00043385721112013256,-19.574284492772453,-19.634298371954422
251,251,0.00044028327161849465,0.00043371026434837595,-19.584444021591416,-19.635769569861726
252,252,0.00043999214660251496,0.0004337175847276261,-19.586311301202812,-19.635696268080668
253,253,0.0004386225890502641,0.0004316428553705153,-19.59931049689085,-19.656521006442567
254,254,0.000435210305947772,0.00042987484975080744,-19.633852889447727,-19.67434620395085
255,255,0.0004380499354813286,0.0004275835756408541,-19.603968636801927,-19.69755642712889
256,256,0.0004359486089184035,0.00043229512275980885,-19.630365381580216,-19.649963216673157
257,257,0.0004323250896143775,0.0004255890227413099,-19.655839912565444,-19.717862397992295
258,258,0.00043479475365548406,0.0004296038165002277,-19.639567629453538,-19.677085265516027
259,259,0.0004346608058261426,0.0004297026240046283,-19.635861035379083,-19.676086516941634
260,260,0.00044268879321759046,0.0004341801901127359,-19.560650332561046,-19.631066529627535
261,261,0.0004319328506904433,0.000423576849770095,-19.67009917258136,-19.738444413400956
262,262,0.0004328164030778577,0.00042661212194759985,-19.6568918116197,-19.70743465904901
263,263,0.00042860866608290175,0.00042636881392498155,-19.69043625348203,-19.70991226036571
264,264,0.00043222800493672415,0.0004247629809757008,-19.669516311339052,-19.726299974240714
265,265,0.000430202043792905,0.00042630857205949724,-19.680304123056356,-19.710525920590147
266,266,0.00043002206570536054,0.00042601217252300367,-19.692306198023502,-19.713546489763083
267,267,0.00042912776320308603,0.0004265386179261106,-19.699208898402382,-19.708183000215875
268,268,0.0004262237727987705,0.0004235736299673782,-19.717639783742715,-19.738477426250178
269,269,0.00042702179352906486,0.00042039982202511867,-19.716619311552527,-19.77114133932142
270,270,0.0004256071937486491,0.0004259309253508323,-19.72696987290404,-19.714374836133615
271,271,0.000427612601587376,0.00042300011294795886,-19.71352284283936,-19.744361740924475
272,272,0.0004290819423724465,0.0004194413517038093,-19.700009726815615,-19.78105413153388
273,273,0.0004227758011991907,0.00042027360637133057,-19.755570642069948,-19.772445407239598
274,274,0.00042411305710010844,0.0004196291541264049,-19.736089644980588,-19.779110038478137
275,275,0.0004208782140511213,0.0004178227574907635,-19.77435537774519,-19.797845664889774
276,276,0.00042186906896099524,0.0004237003327273813,-19.76824345053783,-19.73717852383268
277,277,0.0004217037691053041,0.00041571518063153093,-19.767523769770182,-19.81980773545361
278,278,0.0004207951373171023,0.00041607585367991735,-19.770394859540772,-19.816041445170573
279,279,0.0004199026227501442,0.00041594605365964145,-19.782735905671114,-19.817396492015295
280,280,0.00042298124153791094,0.0004166956074952491,-19.76323219225161,-19.80957734969239
281,281,0.00042358075584208153,0.00041384009895601163,-19.749064117346254,-19.839440881832143
282,282,0.0004203212957531598,0.00041630987758061995,-19.785340543342485,-19.813599421297035
283,283,0.00041729560573153273,0.0004129540910454173,-19.812943690137597,-19.848748845009432
284,284,0.0004173717596544164,0.00041136127823081453,-19.82176278766416,-19.86553248638764
285,285,0.0004099194349279416,0.00040307905874215066,-19.884711136166043,-19.9538642169192
286,286,0.0004077184658507173,0.0004096217928331737,-19.915301420858405,-19.88393603371135
287,287,0.00040829332500993824,0.0004020373912920293,-19.903931934001925,-19.965102111213184
288,288,0.0004070895683793255,0.0004024677695461402,-19.92588125326355,-19.960455505378437
289,289,0.00040717061774651566,0.00040381488782402714,-19.920519016891177,-19.945943309845152
290,290,0.0004073855906398487,0.0004004323625275375,-19.917764489003787,-19.982474879767
291,291,0.00040694798154458786,0.0004017485449654295,-19.92333883828025,-19.96822344900977
292,292,0.0004070861977357033,0.00039733299605646417,-19.925064387519647,-20.016220253982308
293,293,0.00040552443998731366,0.00040203805302122707,-19.942898481903452,-19.965094962994915
294,294,0.00040383980676685414,0.00040032787364907563,-19.955271793466377,-19.98360827629554
295,295,0.00040528714475605984,0.0004004675689717068,-19.94464683112557,-19.982093060170353
296,296,0.00040578433539305536,0.00040164548217466,-19.936640962956076,-19.969337711751443
297,297,0.0004050903722581444,0.0004039091275588266,-19.95236298549697,-19.94492989941769
298,298,0.0004049447762957515,0.0003995160605929988,-19.942567279198606,-19.992424147406467
299,299,0.00040414184871965,0.0003985221540604375,-19.948312293764182,-20.003241883646965
300,300,0.00040246005327267977,0.0004024475071530201,-19.965587733067597,-19.960674158093298
301,301,0.0004062949858015384,0.00039864662501617874,-19.93162696299422,-20.00188565768594
302,302,0.0004077561823147128,0.0003975806773125537,-19.924061034311556,-20.013513881960407
303,303,0.0004057556444169358,0.0004013859954858689,-19.94089630608787,-19.972144417195167
304,304,0.0004027610450872633,0.0004014468178961818,-19.965621713841436,-19.971486376398
305,305,0.0006574588664567348,0.0005844058009403709,-17.844963728807127,-18.340621392451514
306,306,0.0005658354736821362,0.0005243116940714811,-18.491861277489424,-18.811871132516092
307,307,0.0005274126291174211,0.0005109222562934615,-18.7920676328203,-18.924218360272967
308,308,0.0005182192823489571,0.000508262241246963,-18.873210561948216,-18.94688810225475
309,309,0.0005316967576665362,0.0005458818264550677,-18.76381564934518,-18.636780214540277
310,310,0.0005402041751574533,0.000511007795514735,-18.69894378073557,-18.923491320064954
311,311,0.0005229618817390202,0.0005350617269103072,-18.83524475716428,-18.723727705312296
312,312,0.0005179772563950764,0.0005310511302300974,-18.879763615003885,-18.75640319950971
313,313,0.0005218515640062271,0.000512580113105574,-18.845274039781003,-18.91014904853509
314,314,0.0005137816142919713,0.000510036548611855,-18.909289406897795,-18.931753591926796
315,315,0.0005171164800052906,0.000507455974768259,-18.88539696020321,-18.953782871899882
316,316,0.0005147722732760588,0.0005057350775275968,-18.90411532420005,-18.968535803097723
317,317,0.0005125994085977526,0.000510216787102093,-18.925955756740738,-18.930219138084578
318,318,0.000503767577909682,0.0004958038472594987,-19.00177497728233,-19.054667650174178
319,319,0.000499721015827519,0.0004916913703231043,-19.033785332094567,-19.090840713781095
320,320,0.0004994420730148817,0.0004867453658095512,-19.04029431571275,-19.134748320371646
321,321,0.0004950215105092173,0.00048142842531792427,-19.081313316391892,-19.18244928379921
322,322,0.000497481029915153,0.0004976667007308846,-19.056978440763608,-19.038380746993564
323,323,0.0004964241612169738,0.00047727459643379246,-19.064664115193082,-19.220083383430918
324,324,0.0004909493532583847,0.0004896016203259167,-19.11099010064184,-19.10933811003218
325,325,0.0004854672681420235,0.0004750617357019923,-19.15465897956643,-19.240266062642313
326,326,0.0004908603237408991,0.0004762358883836944,-19.114298716720533,-19.229545373835624
327,327,0.0004892320964442202,0.0004788173751684984,-19.123859310893078,-19.20606755874636
328,328,0.00046928592695921815,0.0004365538755480788,-19.30324308872293,-19.607388093681116
329,329,0.0004412359288010324,0.0004319839675812737,-19.573088309764067,-19.653090284871425
330,330,0.00043287035407853724,0.00041677210002059216,-19.65636223262675,-19.80878019147121
331,331,0.00042504772091447613,0.0004076682763345736,-19.73436706350966,-19.904697403104294
332,332,0.00042716631835048116,0.0004141708456077858,-19.719449740716932,-19.835971327368974
333,333,0.00041923345337842695,0.000412093561240717,-19.786035898629702,-19.857808284913997
334,334,0.0004193824028821912,0.0004053047021826435,-19.801757247122087,-19.929950151498808
335,335,0.00041664548496686923,0.0004090100012131427,-19.8325878388533,-19.890427298185838
336,336,0.0004069164566954924,0.0003958690810433932,-19.922677032870897,-20.03225074488373
337,337,0.00040731622781076457,0.00040532770952650984,-19.91889976377753,-19.92970362884951
338,338,0.00040711315628381197,0.00040045821438788583,-19.923791006149543,-19.9821945088743
339,339,0.00040162171983668945,0.0003948344643791451,-19.97963667733012,-20.04361603007064
340,340,0.0004014092564736445,0.00039195625025680974,-19.985916097453,-20.075390631975438
341,341,0.0003986757683097241,0.00039397656464164977,-20.020231319673524,-20.053062684724665
342,342,0.000396216022373974,0.00039107872534690325,-20.043052943234876,-20.085124664235103
343,343,0.000393460484307989,0.00038554555105388557,-20.06601998862443,-20.147009614186526
344,344,0.0003907594301128165,0.00037946574708544895,-20.103113383967624,-20.21604077524256
345,345,0.0003882678898925096,0.00038898553037525793,-20.119297196145496,-20.108432108486177
346,346,0.00038712971409321907,0.00038811205089778493,-20.142463258932935,-20.118195296173923
347,347,0.00038170346242529294,0.00037215720543539837,-20.206230228277242,-20.30050225530093
348,348,0.00037464710491344564,0.0003689660546737478,-20.28652010583858,-20.337902450554108
349,349,0.00036688264190536183,0.00036000446447073236,-20.375596594085224,-20.44468770877899
350,350,0.00036489689655448356,0.00036135472443052813,-20.391444857689432,-20.42842920279267
351,351,0.0003638361561467353,0.00035390877593798856,-20.422229426667098,-20.518853253837666
352,352,0.0003620420589193356,0.00035811900038664276,-20.44203753787247,-20.467492938497642
353,353,0.00035859326671175277,0.0003478740430804656,-20.470693498493606,-20.593546327293044
354,354,0.0003529275844315278,0.00034869573458931163,-20.54183799486845,-20.583300225177155
355,355,0.0003525334363563236,0.0003477008385265148,-20.54606765552591,-20.595709193881966
356,356,0.00035303406274551046,0.0003453111046263458,-20.538646402897704,-20.625661126746092
357,357,0.00035358035274464446,0.00034230969705324814,-20.541035025864343,-20.66357455292886
358,358,0.0003498680811596209,0.0003388384724722097,-20.587364978763105,-20.70783942213555
359,359,0.0003406012073140015,0.0003311675743469478,-20.70061929828175,-20.807288503678908
360,360,0.0003376154993545533,0.0003343049672701837,-20.729959323126835,-20.76633827826401
361,361,0.00033645786509426675,0.00033349885090597366,-20.749856996797355,-20.776823155686465
362,362,0.0003377208405188717,0.00032917714040530354,-20.73008733969393,-20.833469892766256
363,363,0.0003353189725006364,0.00032907928566840524,-20.771333994276603,-20.834761115180278
364,364,0.000332654780256994,0.00033087299762930915,-20.796275858917372,-20.81115331368681
365,365,0.00033372001045565937,0.0003310218851670231,-20.79490432539574,-20.80919949779173
366,366,0.00033255584283549454,0.00032990972058063274,-20.795233001565343,-20.823815454859755
367,367,0.0003319222194421076,0.000335364032683796,-20.804018546630516,-20.752601741300506
368,368,0.0003342783929463284,0.00032846771768833464,-20.781809360613053,-20.842839645666544
369,369,0.0003986428218735286,0.0005320524704936696,-20.013784378089163,-18.748221933275907
370,370,0.0005204867317758923,0.0004971787505047886,-18.861137470482078,-19.042640988770152
371,371,0.0004758024312190942,0.00043022703826672544,-19.242169482588885,-19.670789566307512
372,372,0.00043935938732285706,0.00043643831342801844,-19.589831842226523,-19.608537886130264
373,373,0.00043384804535589956,0.0004266455944161862,-19.642446165638397,-19.707093920064025
374,374,0.0004196776726436753,0.0004081122567999716,-19.79300622801409,-19.899970193336447
375,375,0.0004054289593207698,0.00040255630952551176,-19.947073992018055,-19.95950019421139
376,376,0.000390636585544814,0.0003640717707304774,-20.099461639417253,-20.395896513653827
377,377,0.0003679841882837264,0.0003632621481205876,-20.3688812801416,-20.405565106524634
378,378,0.0003582371525423236,0.0003557557019552118,-20.46678126323862,-20.496247878658174
379,379,0.0003576270282417344,0.00035338772393419946,-20.490068840268055,-20.525251986222372
380,380,0.0003540463266731,0.00035601736836772606,-20.529282799195588,-20.49305471811553
381,381,0.00035252792673118256,0.0003441588686607582,-20.551653531834702,-20.640176920238346
382,382,0.00034499180937646744,0.0003408929057370283,-20.635876783201166,-20.6815869413524
383,383,0.00033889225649301767,0.0003330972900393566,-20.72169099847863,-20.782055579905677
384,384,0.00033555101704082845,0.0003278467261943182,-20.76107762510496,-20.851058061767404
385,385,0.00033424329912750837,0.00032718020252344246,-20.775893968198087,-20.859896405338773
386,386,0.00033052467960701087,0.000329115083379867,-20.824777995417953,-20.834288709176853
387,387,0.00033352474895661176,0.00032904634319588934,-20.795997786033848,-20.83519588730944
388,388,0.0003309336544336156,0.00032633110592877,-20.822856073222855,-20.87118184656694
389,389,0.00033094450476166515,0.00032904973302624727,-20.826648109395553,-20.83515114658929
390,390,0.0003298114116313224,0.0003273158815174707,-20.835489293713117,-20.858095794435286
391,391,0.0003276259593963239,0.00032277484608225917,-20.864671847170634,-20.918769747310428
392,392,0.0003285623193339243,0.00032625854854766086,-20.855369718002525,-20.872147576567436
393,393,0.00033001423712589385,0.00033276413849211837,-20.8349468199736,-20.786401405763026
394,394,0.0003295282868682839,0.00033421463663934876,-20.84417132599246,-20.76751191908255
395,395,0.0003293246734700137,0.0003247771130286549,-20.85146284561736,-20.891912404199225
396,396,0.00032808014117277314,0.0003257890608725383,-20.850118712559098,-20.878401596639492
397,397,0.0003280553642117908,0.0003240423470024804,-20.85544616429427,-20.901748883735685
398,398,0.00032906727559298046,0.0003266833465252268,-20.853033688242824,-20.866496616045467
399,399,0.0003288814116307755,0.0003250072875648345,-20.848606087038505,-20.888835582563395
400,400,0.0003279649944179067,0.0003272039267406064,-20.85867748941719,-20.859581504773633
401,401,0.0003280967279558176,0.00032596396876646106,-20.86158177957042,-20.876070605250383
402,402,0.00032887557466255177,0.000324324891583896,-20.851252689484888,-20.897963758483662
403,403,0.0003290864829209239,0.0003245530196612603,-20.846755147110137,-20.894910032427298
404,404,0.0003289367035079325,0.00032335376722346013,-20.85481615459919,-20.910987323836746
405,405,0.0003286958684107846,0.0003263654515122701,-20.852435851821806,-20.870724785862834
406,406,0.00032728190711440194,0.0003273704803034075,-20.868405554849318,-20.85737141852374
407,407,0.0003284650186278387,0.00032277940006583537,-20.8585021676361,-20.918708473762937
408,408,0.00032922607629329504,0.00032528900958009457,-20.85046996147064,-20.88507267249149
409,409,0.00032696191259880654,0.00032700251444782083,-20.87553009033868,-20.862255653011886
410,410,0.0003289907703238549,0.00032520323140105526,-20.848627859086655,-20.886218050950866
411,411,0.00032593934891563025,0.0003228549505461399,-20.88517553739519,-20.91769207316963
412,412,0.00032728369174928393,0.00032358748017271096,-20.86821672985861,-20.907849473250373
413,413,0.00032647829124771215,0.00032146749742280106,-20.87768145664835,-20.93639588113455
414,414,0.0003253219093522537,0.00032458836396567916,-20.89081305124525,-20.89443710505652
415,415,0.0003285305430517369,0.00032332936595929295,-20.860536127504112,-20.911315068100997
416,416,0.00032563735136867877,0.00032252465117428645,-20.889762526617535,-20.922137432357122
417,417,0.00032892351557222224,0.000319754349459943,-20.855651678678587,-20.95960196747778
418,418,0.0003268971118701564,0.00032416008884626394,-20.885292281033898,-20.900171147189862
419,419,0.0003268742257580353,0.0003239295711912411,-20.878702511854065,-20.903260613229907
