,epoch,train_loss,test_loss,train_dbs,test_dbs
0,0,0.010903476452102078,0.0005466954899020493,-3.6117832396926506,-16.595956788859333
1,1,0.0005241467313812181,0.0005154199270212924,-16.786125903977027,-16.851799648624255
2,2,0.0005112530738019298,0.0005006636171234085,-16.895458180208045,-16.977951373060407
3,3,0.0004985116349566804,0.0004962517398924224,-17.00761782484016,-17.01639127533989
4,4,0.0004966438366292217,0.00047619406005220587,-17.014298690273563,-17.195571961722184
5,5,0.0004769279657546239,0.0004669440416986809,-17.1951413735211,-17.280763318865993
6,6,0.00045553933812266927,0.00046218405967872396,-17.390094960221504,-17.325262070067964
7,7,0.000486840238343425,0.0004955066266886302,-17.101179707976552,-17.02291703049539
8,8,0.0004853721787269736,0.0004850587681989725,-17.117933802015553,-17.11546810426594
9,9,0.00048354527818221483,0.0004991191886610499,-17.13467093567514,-16.99136903314702
10,10,0.00048058840941839383,0.00048414087168088083,-17.168645001473315,-17.12369422189014
11,11,0.000476687574115841,0.0004780012011331947,-17.19699416454214,-17.179121820545188
12,12,0.0004586722766596478,0.0004618082373206945,-17.361884627118116,-17.328794947686074
13,13,0.0004293141759375168,0.0004053646085881873,-17.647668689074514,-17.894953411714297
14,14,0.0004131078768699171,0.00039786482719998613,-17.826350861675223,-17.976056224538823
15,15,0.00040113913062143805,0.0003936635192459155,-17.953522394565667,-18.022159993397988
16,16,0.0003812055939990912,0.00037654431377488534,-18.170419586664988,-18.2152507630192
17,17,0.0003776572519894113,0.00036300515823409354,-18.198408535563367,-18.37428373652132
18,18,0.00036149978734908105,0.0003581751079764217,-18.40096206666322,-18.432457694885677
19,19,0.0003536274631450087,0.00034274550853297114,-18.49278291274147,-18.623693976345123
20,20,0.0003447261214083464,0.0003404372929301309,-18.59920062309298,-18.653040415147924
21,21,0.0003381045430192974,0.0003373483854566554,-18.687324248843137,-18.692625340032254
22,22,0.0003316570943480684,0.00033660500163310453,-18.76531033422148,-18.702206050794153
23,23,0.00033322559038330754,0.0003282043188320179,-18.751728359391272,-18.81196878349518
24,24,0.00033249741764595136,0.00033180086144344196,-18.760396297404405,-18.764636607398877
25,25,0.00033457309113258554,0.00033639558731872395,-18.74095465653729,-18.704908796842087
26,26,0.0003311645339204709,0.0003267154802176121,-18.780335406971787,-18.8317145755595
27,27,0.00033270970488581615,0.00033027528919965814,-18.76456147392181,-18.78465088458341
28,28,0.00032907052532068847,0.0003234371205938882,-18.80901354521752,-18.875513079472753
29,29,0.0003277425673435029,0.00033466603398617164,-18.819086863181578,-18.72729532910165
30,30,0.0003306283252481755,0.0003227707883955813,-18.781085961953263,-18.884469469370696
31,31,0.00032380844956052675,0.0003279143956636912,-18.875817810778955,-18.815806870645975
32,32,0.000327806602671416,0.0003184000318134694,-18.817373248986087,-18.94368067514993
33,33,0.00032605758427699895,0.0003219740449965588,-18.84420817030032,-18.89520306256606
34,34,0.0003243646546646223,0.00032360723401468833,-18.868699313864223,-18.873229485739888
35,35,0.00031962958566566027,0.000319617808073465,-18.93571654075655,-18.927102011699148
36,36,0.0003192671574652195,0.00031509627373644004,-18.930609941317496,-18.988979026465064
37,37,0.0003229496729339367,0.00032999254548677097,-18.891556817329658,-18.78837040673351
38,38,0.0003235098931664774,0.00032326214989696284,-18.883983414600895,-18.87786313036939
39,39,0.00031800396781241926,0.000313043378379294,-18.952319826167383,-19.017366481288953
40,40,0.0003210768768487056,0.00031634321969345604,-18.916747475828434,-18.97182639480515
41,41,0.0003196706457697239,0.00031342084127429287,-18.938991523670566,-19.012132979769913
42,42,0.0003163728511354588,0.0003275687999312619,-18.98486490720861,-18.820386403255792
43,43,0.0003194823529878535,0.00031616637869247874,-18.93135981772604,-18.974254850376283
44,44,0.0003153917928149482,0.00032306050324175313,-18.9906920825902,-18.880573047221848
45,45,0.0003194644271285686,0.0003168455073855033,-18.93255312095934,-18.964936164154736
46,46,0.00032129511417168164,0.00031554514824069644,-18.915157151879715,-18.982796630371404
47,47,0.0003217389229829087,0.00031959422324833115,-18.91352913473826,-18.927422492507233
48,48,0.00032431028990948706,0.00032528876909054816,-18.867604194055325,-18.850721008703303
49,49,0.00031994742979823623,0.0003256993919709011,-18.933788747181175,-18.845242221671583
50,50,0.00031820819149101055,0.00032077023857518246,-18.950793391886233,-18.911471028248542
51,51,0.0003188841702589362,0.00032274129549286475,-18.934400899736133,-18.884866320343242
52,52,0.00032476728185579256,0.0003293576576796017,-18.86731658597552,-18.796734045818575
53,53,0.0003225310293347911,0.0003272753751125971,-18.89417249149026,-18.82427840666621
54,54,0.00032748385139299343,0.00032170235920746465,-18.828441998123978,-18.898869241573134
55,55,0.000331968043873221,0.0003265740907456922,-18.76741306659636,-18.833594436225948
56,56,0.0003401133722083201,0.00034007044067900434,-18.661732685668053,-18.657722857856598
57,57,0.0003443282975493594,0.00033484901130003363,-18.614549191032356,-18.724921490298122
58,58,0.00033834381191031145,0.00033996875649073015,-18.684006143850347,-18.659021632467745
59,59,0.0003397713040875405,0.0003415355029957075,-18.67200871601029,-18.639053142148946
60,60,0.0003443564820588211,0.00034034597889618263,-18.613100567709033,-18.65420546085169
61,61,0.0003451839312622996,0.00033921408344452316,-18.596932059567038,-18.668672950352217
62,62,0.000349560723407194,0.00035039460023031816,-18.54779832783794,-18.52783765138359
63,63,0.0003444029050687155,0.00035284191682493607,-18.609929221403863,-18.497609972430855
64,64,0.0003446587172370481,0.00034815813169667597,-18.604444275574252,-18.55564626818014
65,65,0.0003492166939282732,0.000349767990165243,-18.546468834087474,-18.535611084867575
66,66,0.00035324468986688124,0.0003581427935339314,-18.492631474692107,-18.4328495316397
67,67,0.00035685662164583264,0.0003497822969955833,-18.458286599499584,-18.535433445673217
68,68,0.0003559565421832322,0.000345093044942539,-18.470134549089753,-18.594049634309172
69,69,0.0003622397321357977,0.00035469919614689917,-18.38984973782079,-18.47480965740343
70,70,0.00035463239890811294,0.0003667972157831843,-18.482242825134257,-18.32915139526032
71,71,0.0003642060487295895,0.0003594671817202317,-18.367672535732087,-18.416819232338636
72,72,0.00036473982738206146,0.000360427093447039,-18.367476473196326,-18.405237403519678
73,73,0.000361282543456854,0.0003627133754841787,-18.39640874149853,-18.377775989761194
74,74,0.00036515200513021384,0.0003686402587367124,-18.350335656259414,-18.30738407749382
75,75,0.00036853944976362833,0.00036107882777670105,-18.3111777657199,-18.39739146097933
76,76,0.0003665759928462086,0.00036036391056289797,-18.335088396830844,-18.405998788660472
77,77,0.00036252568057046954,0.00035956325652813047,-18.37757177183702,-18.415658648392554
78,78,0.00036689649172818537,0.0003759982095001952,-18.32918100608927,-18.221553931473828
79,79,0.00037023998717729425,0.0003676893799198105,-18.293403272377176,-18.31860083778753
80,80,0.0003760628928502388,0.00036719611135164375,-18.225982624310976,-18.324430966480158
81,81,0.000369317124816157,0.0003783843728199013,-18.30171101801439,-18.194079781273974
82,82,0.000374351666229729,0.00037511342395048,-18.24808795348321,-18.23178563718918
83,83,0.0003703857019553249,0.0003576264502235541,-18.286256472608272,-18.439115380342162
84,84,0.0003692937538402213,0.00037667353631389374,-18.302350070983934,-18.21376060618946
85,85,0.00035890254981758206,0.00034757869740899066,-18.42608874014957,-18.56288018656484
86,86,0.00035480989176856794,0.0003640187604009713,-18.48466262055804,-18.362174035537635
87,87,0.00034775261403560714,0.0003437483407507994,-18.571433395203027,-18.61100559439596
88,88,0.0003527306310098004,0.00034757011637434756,-18.50947575458925,-18.56298740665702
89,89,0.00034809212912037275,0.00034383912478867725,-18.557747747451543,-18.609858772823422
90,90,0.00034956617572479257,0.0003541869671990801,-18.548335043071653,-18.481085932939013
91,91,0.000345195300358626,0.0003553396810801994,-18.59581386121872,-18.46697461747421
92,92,0.00034146089426040187,0.00034124219459236453,-18.64405592478654,-18.642784436517623
93,93,0.00034659581928581155,0.00034799833328610187,-18.57981918566915,-18.557640060456418
94,94,0.0003416199941000872,0.00034700296083955387,-18.646505304143567,-18.570079895034873
95,95,0.0003485003709505053,0.0003383282838560837,-18.55187280508791,-18.680028641481677
96,96,0.0003427737161454735,0.0003406672070636169,-18.630614426195454,-18.650108399773544
97,97,0.00034814410136062074,0.0003359850226460319,-18.5710144144869,-18.710212518910584
98,98,0.00034521527008691166,0.0003472456821902214,-18.599659025908593,-18.567043157445585
99,99,0.00034670020092384334,0.0003445275467943008,-18.58348498199459,-18.601172182078088
100,100,0.0003443744874285707,0.0003496048417506053,-18.607382804868482,-18.537637313347158
101,101,0.0003452776530973575,0.00034123980501470595,-18.59868625970362,-18.64281484846671
102,102,0.0003446934873132592,0.00035701450083012646,-18.610402825717017,-18.446553137983564
103,103,0.0003437767985646527,0.0003418874969754956,-18.608844383360253,-18.634579512885406
104,104,0.00034122704168224765,0.0003287276164260938,-18.648394358006417,-18.805049792550385
105,105,0.00034200070940735796,0.0003444188133519339,-18.634843195767242,-18.602543038711985
106,106,0.0003397268550374459,0.00034086187645841976,-18.664390379912632,-18.64762739497707
107,107,0.00033992932048463025,0.0003338527856517191,-18.67699603433225,-18.737861656568214
108,108,0.0003338356942812115,0.00034217483296647275,-18.740044592329465,-18.63093106047952
109,109,0.00034192800533852164,0.00033783408090178117,-18.640133919437186,-18.686377106448063
110,110,0.0003404896124266088,0.00034357626665089473,-18.66025246895445,-18.613180137045052
111,111,0.0003398698817616924,0.0003391806676518172,-18.66494051567874,-18.66910079253021
112,112,0.0003496329237097279,0.00034259259088062927,-18.554983411379244,-18.62563203564043
113,113,0.0003449291710324163,0.0003435721155256033,-18.602727116501935,-18.613232609286992
114,114,0.0003463868336804864,0.000345587293850258,-18.582165477979594,-18.587834035054577
115,115,0.0003466996323490112,0.000349306639308404,-18.588058536256153,-18.54134329576429
116,116,0.00034841347351363027,0.00035248227313307946,-18.562446703895823,-18.502038894239714
117,117,0.00034628277128447113,0.00033612916932294245,-18.590817185729588,-18.708349677504323
118,118,0.0003493669720068958,0.00033810800002691775,-18.544279216567325,-18.682857231760483
119,119,0.0003439635470432719,0.0003400049785054044,-18.6167938140801,-18.65855893750464
120,120,0.0003451596043605511,0.00034587033166501085,-18.60157817538631,-18.584278596125372
121,121,0.00033776577233250455,0.00033213353354336793,-18.682795247881735,-18.760284440363616
122,122,0.00033563795468299505,0.000337700030190478,-18.715827284824783,-18.688100705124203
123,123,0.00033663783358054756,0.00033945495287250534,-18.711980245024318,-18.665590202732204
124,124,0.00033777691879953,0.000327548955714232,-18.696104365448935,-18.820649508136775
125,125,0.0003363014374062726,0.0003361781434106984,-18.71577447647386,-18.7077169556611
126,126,0.0003333487478924973,0.00032288504543861275,-18.743467620315016,-18.88293239028847
127,127,0.00032923970678725193,0.00031940685891497294,-18.804031261271742,-18.929969320695363
128,128,0.0003348523219831326,0.00032745067820590183,-18.7305931903232,-18.82195275710587
129,129,0.0003275855587790576,0.00032331542981984586,-18.82651413772608,-18.87714738713045
130,130,0.00032561546438805684,0.000326855425220473,-18.849397471750446,-18.829854720938197
131,131,0.0003210046075370892,0.00030420407021761333,-18.91277435891478,-19.141761494047536
132,132,0.0003135354370934908,0.0003121509936662685,-19.0123762896211,-19.029764482203007
133,133,0.00031330391882256287,0.0003068800219089577,-19.023770456635106,-19.10372553477907
134,134,0.00031069411443709633,0.00031803850862687747,-19.056104853619196,-18.948614617138908
135,135,0.0003094861854573462,0.00031505960903718675,-19.072608260393423,-18.989484402262374
136,136,0.0003077257370585864,0.0003067787819370431,-19.101613917018312,-19.105158512234095
137,137,0.00030909010512783123,0.00030377532790513024,-19.069243669110925,-19.147886716445214
138,138,0.0003116761694887903,0.00029889729155815745,-19.051061314497755,-19.218191902530233
139,139,0.00030092284300594984,0.00030060696544272726,-19.194779767398863,-19.19342130455219
140,140,0.00030207584135608805,0.0003012361335813215,-19.175177190705718,-19.184341052547513
141,141,0.000302993802872208,0.00030067215802295034,-19.162771172412004,-19.192479552980984
142,142,0.0003009494667099885,0.0002918732781453352,-19.191277813430105,-19.321468340994482
143,143,0.0003007615618791777,0.000294974482753069,-19.196292597319896,-19.275567217206515
144,144,0.0003018634506025995,0.00029300782204556624,-19.178884597845183,-19.304619556747816
145,145,0.00030066318373128616,0.00029448394075428183,-19.19866506545044,-19.282795538115973
146,146,0.000298188558537225,0.0002927178069704065,-19.23644251914282,-19.30892027199277
147,147,0.00029454853826144843,0.0003002256547149859,-19.2839889500002,-19.198933693914068
148,148,0.0002982626721915818,0.0002960569966633461,-19.226001770078568,-19.25965840828868
149,149,0.0002958813106722784,0.0003010750791106961,-19.272158588725187,-19.186663608331685
150,150,0.00029642075917097867,0.0002995657590585516,-19.261196364201997,-19.208489988028155
151,151,0.00029678991425676827,0.0002924354998149762,-19.25056288901819,-19.313110778921324
152,152,0.0002963462818687609,0.00029538944210416,-19.25929027951095,-19.269462014009523
153,153,0.0002976885238259109,0.00029881150112487376,-19.253288089598254,-19.219438607028717
154,154,0.00029891390160215805,0.00029638834530487657,-19.227605862300972,-19.2548004782346
155,155,0.00029509612233089954,0.00029255674637265896,-19.279440326269302,-19.31131052560007
156,156,0.0002945375145105741,0.0002977599521584221,-19.297926995150064,-19.234748839659893
157,157,0.0002987872051271927,0.00029136017455082193,-19.221561056141294,-19.329109813416952
158,158,0.0002960317531725411,0.0002917598497955815,-19.265748801368588,-19.323156432524975
159,159,0.00029477631624010345,0.0002945572119451275,-19.28291444588368,-19.281715094962383
160,160,0.0002952045337993114,0.00029798507794590766,-19.27786835444202,-19.23146653307058
161,161,0.0002967851742329172,0.000293070586753617,-19.253662229401943,-19.3036893615364
162,162,0.000294588932277846,0.000302296727711923,-19.28207377791132,-19.16907723902075
163,163,0.0003007363420599092,0.0002940300159695509,-19.197361020389593,-19.289495024714334
164,164,0.00029545984400157846,0.00028713650260071616,-19.27425503024896,-19.392527637178347
165,165,0.00029358572624239724,0.0002920642421629868,-19.295817436635463,-19.31862781031507
166,166,0.00029537743935601537,0.00029166971829621807,-19.27356479889043,-19.324498277891454
167,167,0.0002947747470335747,0.0002922662886129202,-19.285070394157433,-19.31562445323651
168,168,0.00029802144854329526,0.0002901013435085157,-19.235617910832772,-19.347914298751704
169,169,0.0002957331574733187,0.0002900281014215005,-19.27068127377684,-19.349010903472625
170,170,0.0002978440922008078,0.00029149908560181136,-19.24421228764161,-19.327039732071878
171,171,0.0002931616540287727,0.0002882716469589229,-19.306589166528973,-19.37539240644355
172,172,0.00029386731300301387,0.00028867753970093633,-19.297989996941244,-19.36928174674392
173,173,0.0003102206269197512,0.00030647656316623877,-19.06462132958842,-19.109439011577845
174,174,0.00030444748909692714,0.0003000094867801588,-19.147981238314326,-19.202061819504475
175,175,0.00029975795469093183,0.0002944880934113539,-19.20963461113924,-19.282734296632608
176,176,0.0002998970265946706,0.00029267179687801555,-19.20354499021147,-19.30960296021091
177,177,0.0002977206424531556,0.00030008850521162937,-19.24477471860198,-19.200918097332007
178,178,0.00030045946201876037,0.0002988846451779337,-19.19773125810581,-19.21837565693332
179,179,0.0003011409981181058,0.0002994590337804862,-19.190949554066986,-19.21003750994671
180,180,0.0002984893469250348,0.0002920412715818537,-19.23379379220554,-19.318969392320465
181,181,0.0002976815881130775,0.0002962262017382799,-19.236628981619905,-19.257176999646624
182,182,0.0002962472361330058,0.00030314345311030353,-19.25804500467186,-19.15692976617053
183,183,0.000294564605676137,0.0002853786067326406,-19.282088713777622,-19.419197566479603
184,184,0.0002924547360888346,0.00028886918076559116,-19.316164941311605,-19.366399602079568
185,185,0.0002925303034345168,0.00028967275131052653,-19.319818493738453,-19.354335256919477
186,186,0.00029473764475041364,0.0002920298674756563,-19.291762801048595,-19.319138986058697
187,187,0.0002921016238144954,0.00028522444067915017,-19.320894031429795,-19.4215443281473
188,188,0.0002922614809538516,0.0002891896353838475,-19.324083341697143,-19.361584462762334
189,189,0.00029359159651500433,0.0002956735215296871,-19.300152697637866,-19.265287361086934
190,190,0.00029284201596009053,0.0002862636787253187,-19.307831594572725,-19.405749219517325
191,191,0.00028946734730816764,0.0002843686379492283,-19.358362179079784,-19.434594721377984
192,192,0.00028810267559895963,0.0002887747801938339,-19.37691075000094,-19.367819080185065
193,193,0.0002912322845977261,0.00028455505411042586,-19.327941174460964,-19.43174866261218
194,194,0.0002913562144085611,0.00028864251707043305,-19.32904411235565,-19.369808668856173
195,195,0.00029255765593447485,0.000285465437244918,-19.315614060794363,-19.417876364549528
196,196,0.00029045986323665405,0.0002851973373540922,-19.348815683656685,-19.42195703414753
197,197,0.00028999889006636574,0.0002852851727144106,-19.348877820573563,-19.420619695598827
198,198,0.00029375857749195365,0.00028358025960379134,-19.31067418489522,-19.446651742228365
199,199,0.0002923527940718899,0.0002863944912525384,-19.326269203545543,-19.403765098353887
200,200,0.0002892947666942305,0.0002861703580588494,-19.356381717567363,-19.407165230734332
201,201,0.00029258972745551965,0.00028830823506914864,-19.316071181022355,-19.374841224729067
202,202,0.0002889924412041173,0.0002883980280450104,-19.366656339008458,-19.373488834552653
203,203,0.00028886307887828996,0.0002801927636794158,-19.373256245241826,-19.498842550651
204,204,0.0002871457032484876,0.00028228100640454183,-19.394400601195716,-19.46659512837265
205,205,0.0002884220364311537,0.00028477057257029966,-19.382577587919343,-19.428460615211673
206,206,0.00028390403775157424,0.0002807577486811696,-19.446985248405802,-19.49009418707226
207,207,0.00028486176920195405,0.0002826148135538556,-19.43026563603845,-19.461462478608972
208,208,0.00028305122020928016,0.0002846491774299035,-19.464311319705523,-19.430312368348183
209,209,0.0002827575087028834,0.0002812458000047819,-19.462553947680124,-19.482551243597683
210,210,0.0002831394844760485,0.00028372952702308173,-19.461667911681282,-19.44436635884349
211,211,0.00028597674174738336,0.00028311234659907455,-19.411019273729927,-19.45382360506603
212,212,0.0002848037828201639,0.0002816597713574179,-19.439769174659546,-19.47616347571354
213,213,0.00028648571838557564,0.0002775113266819206,-19.415979235782018,-19.54060456334764
214,214,0.0002844062710022458,0.0002814347604534736,-19.444793026539237,-19.479634331622513
215,215,0.00028168988538925183,0.00028547450079043443,-19.47399689891162,-19.41773847796839
216,216,0.0002871611807855403,0.00027860632919902474,-19.39930259024127,-19.523501917517347
217,217,0.00028595586004907017,0.00027755019101804415,-19.41900086180671,-19.539996394119157
218,218,0.0002839079810205617,0.0002808816590052294,-19.443705480746903,-19.48817788383119
219,219,0.00028570089594235395,0.00027964419936516176,-19.4159337880969,-19.507353547481255
220,220,0.00028379461710034036,0.00028365211542940845,-19.44833986897365,-19.44555143166435
221,221,0.00028464649431887516,0.00028016051203992804,-19.440948739466872,-19.499342474883953
222,222,0.0002841699262960939,0.00028168998419699306,-19.452976667937804,-19.475697645404985
223,223,0.0002833162729938025,0.00028308937295438036,-19.45945977060476,-19.454176035190518
224,224,0.00028319997063684324,0.000280958670804179,-19.450484891614195,-19.48698730359833
225,225,0.00028305410463891004,0.00028113531420546537,-19.452176126732585,-19.48425767976265
226,226,0.00028527218466816644,0.00027615224060259367,-19.432617363762947,-19.56192598686521
227,227,0.00028436615452237583,0.0002811506412016522,-19.443663570771214,-19.484020916606617
228,228,0.00028621089901563896,0.0002849407472623218,-19.416868977238757,-19.425866110615043
229,229,0.0002814401307181676,0.0002856380091735015,-19.477575889399276,-19.415251724860646
230,230,0.0002813607060648117,0.00028455754019025907,-19.480933109005925,-19.43171071965453
231,231,0.0002846225409662908,0.00028407545208832934,-19.437049531559786,-19.43907463470922
232,232,0.0002868079154910616,0.0002768700758583452,-19.412104133269818,-19.550651502769522
233,233,0.0002855978118250934,0.00028198249301088874,-19.434556363263845,-19.471190241537567
234,234,0.00027972621079318266,0.0002763039971652784,-19.504912871616792,-19.559540022695792
235,235,0.00028268022603144123,0.00028230291546175356,-19.462809199745486,-19.4662580666078
236,236,0.0002839448894782126,0.0002764286381486607,-19.456749674266206,-19.557581358098805
237,237,0.00028134005524688545,0.0002811074664350599,-19.488347689013302,-19.4846878901076
238,238,0.0002826042689344625,0.00027756902732347185,-19.471505548005535,-19.539701664510112
239,239,0.0002830696390334459,0.000280042829935586,-19.465401420918802,-19.501167122666526
240,240,0.0002797255073506001,0.00027464815617637023,-19.510303949424596,-19.58564482200397
241,241,0.00028190024607555617,0.0002781655486231964,-19.475241238125186,-19.530378292543812
242,242,0.00028015258115927504,0.0002772090527670164,-19.50910149523704,-19.545337611244303
243,243,0.00027965924948017044,0.00027603833280552765,-19.5106906150758,-19.563717742494354
244,244,0.0002810162499297372,0.00027667273044292077,-19.49290571912337,-19.553748138751534
245,245,0.00028111043712604293,0.00028201879620993217,-19.488120951119214,-19.470631154906275
246,246,0.00028247773538093974,0.0002896991255080425,-19.47723254876098,-19.353939857387257
247,247,0.0002807941303958099,0.0002726967137086352,-19.49273411926505,-19.61661265720575
248,248,0.0002825195338821864,0.0002761092910077423,-19.47342255700993,-19.562601491893677
249,249,0.00028222248488653104,0.0002818432342457144,-19.484679034387796,-19.4733355609715
250,250,0.00028198816814728694,0.00028254575322774286,-19.47464704900616,-19.46252385905415
251,251,0.0002802783382105996,0.0002770760053719737,-19.504261247613655,-19.547422522239465
252,252,0.0002820541826856908,0.0002783909179637895,-19.474142540444166,-19.526861069324404
253,253,0.0002810440884936678,0.0002807803623574345,-19.49132528522558,-19.48974439799723
254,254,0.00028303428823080336,0.00027692134608514607,-19.46384990380168,-19.549847359701687
255,255,0.00027856260889747475,0.00027610737015493214,-19.53072903237193,-19.562631705244147
256,256,0.0002787417230213099,0.00027925015647748585,-19.526539300223835,-19.513477448297827
257,257,0.0002780347209202951,0.0002749208376228221,-19.5434964639195,-19.581335115358733
258,258,0.00028558196523946895,0.00027491352490247473,-19.43235805702201,-19.581450636479683
259,259,0.0002793518231687203,0.0002787119332137273,-19.51693013023273,-19.521856062913464
260,260,0.0002784622087834653,0.000282819963391184,-19.53152665236292,-19.458311082555625
261,261,0.0002819976325929357,0.00027753807310211033,-19.487324317444802,-19.540186012396585
262,262,0.00028047146327846406,0.0002788967992130079,-19.497594692305867,-19.518976399032617
263,263,0.0002785103687219629,0.00027593091056731184,-19.53437242762012,-19.565408158634018
264,264,0.0002796359419625867,0.00027608291374666517,-19.514433035180595,-19.563016401732806
265,265,0.00028004536624834635,0.0002751487221470789,-19.507426514641168,-19.57773669783862
266,266,0.00027711740598927454,0.00027721902925374086,-19.549866090191777,-19.54518131565704
267,267,0.0002778463408269334,0.00027725760714690154,-19.53365339737502,-19.54457699204626
268,268,0.00027969271303442567,0.00027581308294381753,-19.510377654173197,-19.567263072799975
269,269,0.0002793850450411669,0.00027550119251061817,-19.517508392464315,-19.572176869325027
270,270,0.0002791518548001852,0.0002788042689453026,-19.527435151237476,-19.52041750744487
271,271,0.0002783391552379585,0.00027761643593150536,-19.531170634837288,-19.538959955719935
272,272,0.00028047912733715756,0.0002752356905196058,-19.50848094515192,-19.57636420676752
273,273,0.0002784225384623158,0.00027423828386848693,-19.529337311358262,-19.592130874553206
274,274,0.00027789195643056224,0.00027888038158906917,-19.534158480596794,-19.519232059670234
275,275,0.00028069929241385195,0.000279402398614605,-19.49653783133082,-19.511110398470592
276,276,0.00027693151262319965,0.0002736376298248376,-19.557023882129954,-19.601653499464554
277,277,0.0002783067691255092,0.0002794791101845668,-19.536897073906083,-19.50991818111442
278,278,0.0002816227932590223,0.00027802214485985274,-19.486648494633886,-19.53261780503983
279,279,0.000279232148367902,0.00027877779824561194,-19.523346380317662,-19.520829862127446
280,280,0.00028202090215552407,0.00027615903251755397,-19.486378173233593,-19.561819174227754
281,281,0.0002787700673017997,0.0002797015369747226,-19.52718681001717,-19.506463171246764
282,282,0.00028088787023323715,0.00028109198779259855,-19.490676027023163,-19.484927032602652
283,283,0.00027979409637784146,0.00027496581529512217,-19.512077707136093,-19.58062465785522
284,284,0.0002789349717054439,0.0002719262847676873,-19.524064271865956,-19.628899808570107
285,285,0.00028128879229999003,0.00027246251058960825,-19.4901881426416,-19.62034415890147
286,286,0.00027614130972183703,0.0002731430347347142,-19.561892518250882,-19.609510396788274
287,287,0.0002773432355114864,0.00027634427227128883,-19.55202954658902,-19.558907024917758
288,288,0.000279595231404528,0.0002710554522070053,-19.514450422652835,-19.642830225535363
289,289,0.0002796154456649974,0.00027376677730659907,-19.511908545977224,-19.599604263506983
290,290,0.0002776293699706415,0.00027393315318285634,-19.54476454312456,-19.596965733787314
291,291,0.0002756526759110353,0.00027352675648504183,-19.575124207062075,-19.60341354385075
292,292,0.0002754668108986921,0.0002781152648630699,-19.578100608177593,-19.53116343411556
293,293,0.00028020056647478996,0.00027123702334632213,-19.507969179706958,-19.639922003482514
294,294,0.0002762340510278441,0.00027577923518899635,-19.56445310416062,-19.5677960712729
295,295,0.00027792264236924574,0.00027505792279139554,-19.534963918518383,-19.57917011053381
296,296,0.0002797667465782388,0.00027488695770060937,-19.510752567432156,-19.58187035197808
297,297,0.00028166846436995666,0.00028589092299195106,-19.489025436925434,-19.411408032031193
298,298,0.00027759552731649163,0.0002785596665681193,-19.543485177296695,-19.52422936044512
299,299,0.0002739668954895886,0.0002691580218532564,-19.594675274387935,-19.673338421302276
300,300,0.000277047266207933,0.00027938072851515914,-19.56167463264341,-19.511447244884145
301,301,0.00027676686640353584,0.00027548237611833766,-19.56083919964485,-19.572473497239372
302,302,0.00027771689178969364,0.00027465151537111714,-19.54276062814325,-19.58559170419532
303,303,0.000280131185343297,0.0002703711675406483,-19.516204522155146,-19.65380793523942
304,304,0.00027556689072054684,0.0002706697131016929,-19.567421898808554,-19.649015073644055
305,305,0.0002753173187735116,0.0002760502852891621,-19.583928468542457,-19.563529696680035
306,306,0.0002763728762991227,0.00027696044478369385,-19.563914215089213,-19.54923421988243
307,307,0.00027369484113356503,0.000271002739042926,-19.612514907366034,-19.643674896337316
308,308,0.0002753730070028339,0.0002752914718401275,-19.58149601067629,-19.575484122316283
309,309,0.0002786094624640362,0.00027259419316818053,-19.53710246415871,-19.61824569766046
310,310,0.0002760095530808855,0.0002691392483508312,-19.574804406298348,-19.67364134791788
311,311,0.00027825928727625725,0.0002725556229339226,-19.543000430966885,-19.618860238450427
312,312,0.00027555216748277015,0.0002713962504027509,-19.57959100994033,-19.6373732679992
313,313,0.0002744496375749598,0.0002728328338554619,-19.593735520755477,-19.614445360122264
314,314,0.00027683636890100217,0.00026917624161701257,-19.5646595021899,-19.6730444499391
315,315,0.0002767981485206845,0.00027317088863224184,-19.559528995865485,-19.60906754539867
316,316,0.0002752544099438609,0.0002684543111459597,-19.58554398546562,-19.684707872217782
317,317,0.00027349936930683546,0.0002727690474497841,-19.6115735541804,-19.615460828913033
318,318,0.0002740740682449691,0.00026850691402183945,-19.59568117322474,-19.68385696761875
319,319,0.0002738213812879565,0.0002746381459904737,-19.60210632880581,-19.585803113535402
320,320,0.00027412740056422186,0.0002702005088059722,-19.59771722748097,-19.656550074809946
321,321,0.00027555705392589197,0.00027010324686814685,-19.575966509396288,-19.658113651701996
322,322,0.000273483940976259,0.0002705381086439286,-19.610001925382345,-19.651127204645526
323,323,0.00027148222557350646,0.0002706804968367674,-19.637864963749678,-19.648842050098413
324,324,0.0002757759324332565,0.0002696230995321744,-19.58884410735904,-19.665840730245183
325,325,0.0002741157894860473,0.00027105321733918234,-19.604454649373068,-19.642866033513275
326,326,0.0002766543149902514,0.000266161702855147,-19.56253552153291,-19.721956035655207
327,327,0.0002726527225266969,0.0002726989148772861,-19.619990435128525,-19.6165776017213
328,328,0.0002745766123365515,0.0002727312967181206,-19.592033036008587,-19.616061926039762
329,329,0.00027043391580179756,0.0002659562604477335,-19.66311129428278,-19.725309521704354
330,330,0.00027171506566840426,0.0002671248267257684,-19.635714521996622,-19.706269165128173
331,331,0.00027362951248543354,0.00027332847361992066,-19.605536063918372,-19.60656293890857
332,332,0.0002753032007153847,0.0002770612696430793,-19.58332220625634,-19.54765349914846
333,333,0.00027467707440871554,0.0002694207520873629,-19.589377801344344,-19.669101258403423
334,334,0.00027375029353184874,0.0002701171707533496,-19.60970284130034,-19.657889777656724
335,335,0.00027164790662936866,0.0002743694609594776,-19.6477232514979,-19.590053999467422
336,336,0.0002708581846913073,0.0002692601211540597,-19.651233151895422,-19.67169133106015
337,337,0.0002716291345087043,0.000272479173298435,-19.640477785455992,-19.62007857002423
338,338,0.00027100796800481213,0.0002658423465235453,-19.653502992945995,-19.72717008278124
339,339,0.00026636928639173045,0.00027145558545414944,-19.71860256880548,-19.636423878725505
340,340,0.00027226164325538867,0.000267950260374499,-19.633298023720982,-19.69286986578379
341,341,0.00027141344332083406,0.00026933363130267124,-19.6426281707427,-19.670505834497725
342,342,0.0002704128896344703,0.0002689410910917152,-19.664897936980775,-19.676840075013644
343,343,0.00027138261666363007,0.0002695166499746081,-19.642460152909887,-19.667555701404147
344,344,0.0002728408679891781,0.0002691640478779415,-19.630963641827844,-19.67324119068827
345,345,0.0002696180799267898,0.00026481302062931816,-19.672753909766925,-19.74401834793679
346,346,0.0002692669221096835,0.000270405899132847,-19.66721560510281,-19.653250081003733
347,347,0.0002680526457945384,0.00026787405888746053,-19.697699893391334,-19.694105117128945
348,348,0.0002681637543179191,0.0002643815762559442,-19.690607138913748,-19.75109982432459
349,349,0.0002718508827437637,0.00026832924892292604,-19.639378223396783,-19.68673154948293
350,350,0.00027075739482600126,0.000267799451983975,-19.6613866637842,-19.695314860229832
351,351,0.00027014144480866907,0.00026499258513611396,-19.666773102818343,-19.741074480352736
352,352,0.00026711861086294015,0.000265383961959742,-19.71145599605186,-19.73466496520246
353,353,0.00026999096060291737,0.00026457363013545737,-19.6707453146352,-19.747946137858968
354,354,0.0002673629235677882,0.0002640487241718036,-19.71103523709028,-19.756570965643824
355,355,0.0002706230953503784,0.00026849986629952724,-19.661492553995842,-19.683970961967518
356,356,0.0002666724456915843,0.0002669274736514413,-19.718184386159923,-19.709478938965226
357,357,0.0002727162455371821,0.0002664602346301667,-19.62430692691389,-19.717087640006593
358,358,0.0002677597452948811,0.00027035617600440194,-19.696262761396802,-19.65404874945185
359,359,0.0002690613986600248,0.0002619517686789071,-19.674420415341586,-19.791198348558982
360,360,0.0002693155307572373,0.00026738756844822903,-19.68625980775063,-19.701999580719992
361,361,0.00026668277080050797,0.00026527221856859366,-19.711968405039094,-19.73649400406652
362,362,0.00026536928237771095,0.000261248471552359,-19.73594586691911,-19.802874117095786
363,363,0.00026745717212216946,0.0002630324214758155,-19.70818823571939,-19.773318868825115
364,364,0.00026988234690788977,0.00026747651588122706,-19.67366369833273,-19.70055512479863
365,365,0.0002655954768979615,0.0002658689167889717,-19.739539016923906,-19.726736038198652
366,366,0.0002675291653974558,0.0002636656541941001,-19.70807556195711,-19.762876088776373
367,367,0.0002661854847509548,0.000261491542148992,-19.725646850252033,-19.798835236441082
368,368,0.0002684178937660991,0.00026727740125926703,-19.688090980468157,-19.70378929972688
369,369,0.0002687467208441789,0.000260329680474426,-19.679750691443815,-19.81817484648242
370,370,0.0002654133302750085,0.00026272839443807145,-19.73255189801678,-19.7783415816467
371,371,0.0002631499081281177,0.00026492655237425904,-19.777355414781937,-19.742156821495637
372,372,0.0002667323520260661,0.00026048013961898456,-19.712026778753522,-19.815665539801536
373,373,0.0002668856929077949,0.0002632646616180672,-19.71983196703634,-19.769486029083353
374,374,0.00026524425667264146,0.0002603633765829727,-19.73847791175356,-19.817612748185716
375,375,0.0002616870763997269,0.0002593457243883198,-19.796934468145572,-19.83462077427837
376,376,0.0002628520220222873,0.0002633423320826535,-19.779046131379605,-19.76820492743355
377,377,0.000268900617249022,0.00026546284482863386,-19.68795137054245,-19.733374257808514
378,378,0.0002612383032851305,0.0002657334246721707,-19.811686242566445,-19.728949853878262
379,379,0.0002633225235466356,0.00026117028564361756,-19.766218486647336,-19.80417405927875
380,380,0.00026119952663159976,0.00026031800064772953,-19.810962104571203,-19.81836969933469
381,381,0.00026721230764470075,0.00026215946969674215,-19.723178581745326,-19.787756201012858
382,382,0.0002643727463701279,0.00025820815368972133,-19.754233957471524,-19.853712176881672
383,383,0.0002625874748043044,0.0002617448297218959,-19.77731785438383,-19.794630582110734
384,384,0.0002605812378064489,0.0002588978577956655,-19.81825558589526,-19.84212713016688
385,385,0.0002632890668932886,0.0002611347774386798,-19.771947308529057,-19.80476455776634
386,386,0.0002653844594252152,0.0002579023689337957,-19.745591215197877,-19.858858386535086
387,387,0.0002662895448966739,0.00026467019587902253,-19.723845946658663,-19.74636131181187
388,388,0.0002637490721361846,0.0002585079821169768,-19.763075669638113,-19.848672123472625
389,389,0.0002628092929485648,0.00026144664719284167,-19.77538900876949,-19.799580931904394
390,390,0.0002639001154655245,0.0002572640001553258,-19.76989027474342,-19.869621518464655
391,391,0.00026211597399843724,0.00026145260352151175,-19.8008373318234,-19.799481991212843
392,392,0.00026479982422933596,0.0002567692518871474,-19.75344788770651,-19.8779815421906
393,393,0.00025960436278651706,0.00025880334693570867,-19.837635619981253,-19.843712814922487
394,394,0.000259959728057381,0.00026191659593390986,-19.82068907679317,-19.791781522887515
395,395,0.0002602931848947996,0.00026506275906668683,-19.82886474836854,-19.739924556997277
396,396,0.00026076736400316747,0.0002603147999922696,-19.820366852468187,-19.818423096930964
397,397,0.0002617984561588058,0.000258850006503053,-19.812258032684934,-19.842929897452876
398,398,0.0002635842005868644,0.0002604049498729996,-19.765112394446685,-19.8169193477013
399,399,0.000263171274990285,0.00026059610229965885,-19.775383857064796,-19.81373254232042
400,400,0.0002617355755328671,0.0002609588493789105,-19.798261810804743,-19.80769141166905
401,401,0.0002620419637076845,0.00025867839729854544,-19.80110378589158,-19.845810084617312
402,402,0.00026349941617809236,0.00026433751305663273,-19.777509144349846,-19.751823702268364
403,403,0.00026229530010017156,0.00027455253171195323,-19.787965188229958,-19.587157171808578
404,404,0.0002667425910236564,0.0002584020081772714,-19.718088967795563,-19.85045285507962
405,405,0.00026096628358366795,0.00026163125278942873,-19.811001197301962,-19.79651549192853
406,406,0.0002625602886762432,0.0002572473167674616,-19.7927484477326,-19.86990316448693
407,407,0.00026021061942807023,0.0002567017355958294,-19.82255471540035,-19.879123649676387
408,408,0.0002632334524736807,0.0002578890807375214,-19.780634299924614,-19.859082158771766
409,409,0.00026178637581887013,0.00025962343237264767,-19.800319723776948,-19.82997282728134
410,410,0.00026634498289306214,0.0002698587624380659,-19.720806344281737,-19.66204645602235
411,411,0.00026180721626175354,0.0002578533159593414,-19.794611413948537,-19.859684492259742
412,412,0.0002617282254654991,0.00025783963715902676,-19.806430322406776,-19.85991488623589
413,413,0.00026230211684734745,0.00026061822274258653,-19.796622193677447,-19.813363911381284
414,414,0.0002615518972083216,0.0002605630786427738,-19.803148731828212,-19.814282930474405
415,415,0.0002639623034503023,0.00025676408059600934,-19.767571292951025,-19.878069009276512
416,416,0.0002592499553917226,0.0002572344222387887,-19.82681831232645,-19.870120860168857
417,417,0.00026021652405519883,0.0002544061219515769,-19.82961564736032,-19.9181361214138
418,418,0.0002621166139826678,0.0002547695001244153,-19.787711480708822,-19.91193735009571
419,419,0.00026084362113963546,0.00025616349854604587,-19.823654500412292,-19.888239239930257
