,epoch,train_loss,test_loss,train_dbs,test_dbs
0,0,0.00153449283115873,0.0014778309759046686,-15.12632054691549,-15.29036380823439
1,1,0.001411050115231924,0.0013480483076388115,-15.494011437513658,-15.689556905941808
2,2,0.0012868494035426488,0.0012407089877677592,-15.893129525466582,-16.049912178270006
3,3,0.0011813522222903126,0.0011401188706881122,-16.265243297334834,-16.417110121591463
4,4,0.001090139343244859,0.0010493921704198186,-16.613555815783414,-16.7772332654438
5,5,0.0010071052838424126,0.0009729122301857723,-16.96099470262679,-17.105874833089757
6,6,0.0009392468509571531,0.0009024973137696323,-17.26889971984391,-17.432152281931327
7,7,0.0008689489206011148,0.0008377106002482929,-17.59946875896228,-17.75567135154565
8,8,0.000804911082557681,0.0007819398214403344,-17.92982709965684,-18.054878153396736
9,9,0.0007541898677615237,0.0007305216920366021,-18.217295333191824,-18.350280297628494
10,10,0.0007032337334467886,0.0006838243203482738,-18.526649365236857,-18.637166036156025
11,11,0.0006577862443440815,0.0006427573205560053,-18.810157302650452,-18.906141144674308
12,12,0.0006198061926568829,0.0006045666768362647,-19.065209014036014,-19.17216940534859
13,13,0.0005865994079960222,0.0005693693528883159,-19.30053584930807,-19.43267059196104
14,14,0.0005493358392076394,0.0005375842569935086,-19.589122705976326,-19.68214604082642
15,15,0.0005245802764415971,0.0005105542000628224,-19.788483883196932,-19.906192928638042
16,16,0.0004992287500387,0.00048372249033204034,-20.006955949078428,-20.140648660507388
17,17,0.0004684018957087789,0.0004579861078558392,-20.2899697170221,-20.378088414204186
18,18,0.0004477349461593963,0.00043638563243133063,-20.480269664467748,-20.587907026885823
19,19,0.00042940370922130486,0.0004162205870287787,-20.663395139612636,-20.79337588717248
20,20,0.0004074782851396954,0.00039763681553794364,-20.888818809091156,-20.99174559015152
21,21,0.0003853237527043357,0.00037933007115498185,-21.12967449445041,-21.19643873628779
22,22,0.0003692070196248284,0.00036173198206693326,-21.313281515433196,-21.402742380746943
23,23,0.00035913995516332844,0.0003484420073953898,-21.43949484992229,-21.565306390494886
24,24,0.00034344878549370724,0.0003360471057117377,-21.636920727274358,-21.72260986835699
25,25,0.0003335283476302458,0.0003231085015852985,-21.75595284152864,-21.893127608575732
26,26,0.0003173495594834544,0.00031071033414551303,-21.96318470769592,-22.06305448103118
27,27,0.0003040907733483221,0.0003005002263786369,-22.159177394037506,-22.20816342610684
28,28,0.0002961495306736492,0.00029081866408600226,-22.271250461995468,-22.350388709988348
29,29,0.00029031656047607743,0.0002825634437613189,-22.361918589612735,-22.475451711972113
30,30,0.00027797630788235127,0.00027436837799062853,-22.54843933570546,-22.603270903088198
31,31,0.00027168598314075124,0.00026688622969423274,-22.65095136176582,-22.72334979684567
32,32,0.000266690113816948,0.000261899443055307,-22.73448140650709,-22.805265712474263
33,33,0.0002654705254526655,0.00025897684788919593,-22.742742348965905,-22.854002055274407
34,34,0.00025863574440327004,0.0002554937343934159,-22.86966478014138,-22.91280891950261
35,35,0.0002533171635562765,0.00024889775254690135,-22.95043378311557,-23.026401710102178
36,36,0.00024819850157130243,0.0002468957061769049,-23.03925713661588,-23.06147609043713
37,37,0.00025071589574433823,0.00024363983079398932,-22.99639977695451,-23.11912856905405
38,38,0.00024558959535404693,0.000241532908770942,-23.084385586794728,-23.156848345365177
39,39,0.00025182872960828823,0.00024243046707277628,-22.979373856233604,-23.140739479114274
40,40,0.00024546625542084773,0.0002414695114375239,-23.091790999831527,-23.15798842711537
41,41,0.00023975970476179277,0.0002384405387075324,-23.18762744866538,-23.21281051762748
42,42,0.000240654120228935,0.0002377409714666244,-23.179896768530206,-23.22557113115545
43,43,0.00023436224083272144,0.0002366440611168448,-23.290734185534614,-23.245655363513016
44,44,0.00023628592781588129,0.00023564330063221095,-23.252229509573965,-23.26406048894622
45,45,0.00023406691376369484,0.00023586887063605614,-23.28931828589518,-23.259905185164232
46,46,0.00023426259696824456,0.00023399047495331615,-23.286036102293636,-23.294629671695475
47,47,0.0002353784975358141,0.0002322231877386864,-23.276917617244926,-23.327555637750677
48,48,0.00023350580031359473,0.00023077528672537913,-23.31067657760741,-23.354718468945926
49,49,0.0002331964953048827,0.000230499799056959,-23.313686618768724,-23.359905950001803
50,50,0.00023219645798647987,0.0002300976591772939,-23.32502545174617,-23.36748945581348
51,51,0.00022812893859605238,0.0002289040444578093,-23.41007390748921,-23.390076799197406
52,52,0.00022969614746188265,0.00022647320522657153,-23.37925825542733,-23.436443195096253
53,53,0.00023182348009755777,0.00022868694366862704,-23.337166165487947,-23.39419775805716
54,54,0.00022898596194188695,0.00022623460436558448,-23.398787648559747,-23.44102111686846
55,55,0.00022913027193502896,0.00022575231942985403,-23.394599606302773,-23.450289250735068
56,56,0.00022877065405446423,0.0002259131387721649,-23.400016213382493,-23.447196565446337
57,57,0.0002264347545185712,0.00022377905674817922,-23.437441202839242,-23.488417072004925
58,58,0.00022303017643016292,0.0002244459059224219,-23.49978260854423,-23.475494581986297
59,59,0.0002230453284243698,0.0002235651481896639,-23.511237511128908,-23.492570442615307
60,60,0.000224266436638685,0.0002220174034224137,-23.488103502542835,-23.522741270120306
61,61,0.00022435487072780422,0.00022249626789217522,-23.48735803467145,-23.513384155112668
62,62,0.0002232637577726189,0.00022221953718383846,-23.498841347332213,-23.518789073658137
63,63,0.00022471698493691948,0.0002216258435510099,-23.47329500442863,-23.530407444993994
64,64,0.00022400319294226307,0.00022211724181512467,-23.482586921961158,-23.520788742244726
65,65,0.00022089398887906146,0.00022122731790755337,-23.549547531194772,-23.53822392005318
66,66,0.0002208594202793674,0.0002203566385249264,-23.55062648389817,-23.555350074021952
67,67,0.00022084333876282283,0.00022104775569842835,-23.549345788804075,-23.54175036255559
68,68,0.00022067724005199162,0.00021947528722720514,-23.548169516022107,-23.572755200622524
69,69,0.00022524542873725295,0.00022021810429195235,-23.46417995313176,-23.55808126349203
70,70,0.00022291821354433663,0.00022025006565902578,-23.515091527348876,-23.557450995684942
71,71,0.00022197062897942385,0.0002196292641057976,-23.526991298088547,-23.56970939700918
72,72,0.0002240215195042859,0.00022063985862156473,-23.489204061795522,-23.549771755697844
73,73,0.00022114744228694935,0.00022181663217978845,-23.540722878271147,-23.52667038964473
74,74,0.0002250269320301385,0.00022113713432765124,-23.473095777420717,-23.539994687638803
75,75,0.00022295182396792182,0.00022174253229566507,-23.508713534054166,-23.528121432646934
76,76,0.0002257829653843277,0.00022275630372429363,-23.448906477161735,-23.50831143248175
77,77,0.00022501426991363316,0.00022413941578155287,-23.466504493757157,-23.48142910508409
78,78,0.00022382058605873361,0.00022326060264420353,-23.492139540659025,-23.498490534289317
79,79,0.00022518605842331867,0.00022472996313713099,-23.46210740302073,-23.4700016556812
80,80,0.00022926913966189532,0.00022381496091838926,-23.382656693627347,-23.487720325291722
81,81,0.00022927558361000584,0.00022629159732452152,-23.391386814299956,-23.43992718119746
82,82,0.0002343986191205949,0.00022581133663678835,-23.299677033093353,-23.449154046556853
83,83,0.00022638057833825498,0.00022554395591693096,-23.45526063161847,-23.454299526700805
84,84,0.00022884670131330945,0.0002259721261093785,-23.393713921725976,-23.446062743337478
85,85,0.000223948628960907,0.00022612536237207487,-23.48388667119292,-23.44311870283469
86,86,0.00022907751869199048,0.00022620002748322134,-23.3829459103656,-23.441684927646147
87,87,0.0002310062845936045,0.0002257051536090378,-23.356746374080682,-23.451196705235784
88,88,0.00022607179989884657,0.00022537402018267465,-23.445606233670585,-23.457572944886437
89,89,0.0002249941996721186,0.0002263734365298756,-23.47176774363204,-23.438356822852207
90,90,0.00022607834811067958,0.00022523344791567835,-23.4497930443891,-23.460282609779618
91,91,0.00022550118419812205,0.0002245984153552471,-23.450356226832465,-23.47254458331033
92,92,0.00022668523978581172,0.00022431898258601954,-23.438787107997932,-23.47795119601763
93,93,0.00022818416221422557,0.00022359997398636647,-23.411567716079603,-23.49189397432132
94,94,0.00022270636241186948,0.00022410315623825513,-23.511097875352277,-23.482131729983546
95,95,0.00022407478461469304,0.0002221447081721731,-23.482926818269267,-23.520251739815432
96,96,0.00023409038435274102,0.00022501747834643252,-23.292415691735037,-23.46444892655566
97,97,0.00022657850658828297,0.0002256140310476583,-23.44133949652428,-23.452950409818577
98,98,0.00022316535547154849,0.00022432828738697266,-23.50036089989495,-23.47777105344327
99,99,0.00022290702222140755,0.00022498865100236513,-23.506766189762736,-23.465005343708988
100,100,0.00022530755146344184,0.0002250368247347835,-23.45993221526325,-23.464075548069857
101,101,0.00022244302915366002,0.00022408177104999165,-23.517065390171542,-23.482546178069544
102,102,0.00022487681732301783,0.00022348466920543854,-23.472529194907466,-23.49413409739273
103,103,0.0002243261330955441,0.00022394545943059616,-23.491130204385723,-23.485188847171862
104,104,0.00022530816879469094,0.0002226813506384037,-23.462696543293756,-23.50977299333508
105,105,0.00022894347725032837,0.00022427641746808628,-23.40657737711444,-23.478775359434966
106,106,0.00022835765089767687,0.0002238316328178993,-23.405168147466576,-23.487396832873163
107,107,0.00022458578786961543,0.00022328233171720058,-23.47267086815926,-23.49806787318416
108,108,0.000227391746971689,0.00022534594341107694,-23.42304987195466,-23.458114016415333
109,109,0.00022576145495326478,0.00022441866473711438,-23.4531757220056,-23.476021720782597
110,110,0.00022748425214661803,0.0002238016918693718,-23.421531274177582,-23.487977807882423
111,111,0.00022264495227946755,0.000223288322510933,-23.51152281343736,-23.49795135103315
112,112,0.00022546044438621318,0.0002248726324117007,-23.462552291059097,-23.467245422448748
113,113,0.00022343429271731832,0.00022429207149942063,-23.500615396191776,-23.478472241422978
114,114,0.0002272341897850376,0.00022547855424866276,-23.42527954084251,-23.455559046267787
115,115,0.00022702999656045445,0.00022282848428738746,-23.43605346671012,-23.506904399684853
116,116,0.00023023445341020785,0.00022380365101669572,-23.3658154396461,-23.48793979015607
117,117,0.0002268574192469517,0.0002245352937423281,-23.433793673351676,-23.47376530523811
118,118,0.00022107559828130893,0.0002228631170797407,-23.538518072637768,-23.506229456266755
119,119,0.00022691088733407333,0.00022133319840864524,-23.43989840842208,-23.536145862180984
120,120,0.00022274692430036122,0.00022331352106687663,-23.51679120632419,-23.497461268246113
121,121,0.0002227338793334676,0.0002223614283138886,-23.505479076687497,-23.516016911029215
122,122,0.00022447036177798452,0.00022219775220085132,-23.47615291304287,-23.519214849078367
123,123,0.00022159530373155764,0.0002204384156931682,-23.542245269714105,-23.553738650618683
124,124,0.00022566535110470176,0.00022266270657143506,-23.461386134218102,-23.51013662299527
125,125,0.00022179920966832985,0.00022174335639360115,-23.53589158959155,-23.52810529228282
126,126,0.00022287253358223736,0.00022118929222128108,-23.51046450193477,-23.538970471849893
127,127,0.00021907218630526446,0.0002233850360713213,-23.583150522498446,-23.496070685197537
128,128,0.00022106770004179407,0.00021938716082858215,-23.548785974179324,-23.57449938307951
129,129,0.00022011418699661328,0.00021959434257281063,-23.567914585443358,-23.57039998963112
130,130,0.00022034629379499935,0.00021827535927418227,-23.55386258855566,-23.596564343934766
131,131,0.0002189973281029151,0.00021941259144927914,-23.5859367601465,-23.573995992720004
132,132,0.0002199545911916522,0.0002188801154261455,-23.566923329624952,-23.58454837055961
133,133,0.00021955423274907983,0.00021756746986954423,-23.572211756053832,-23.61067184838401
134,134,0.0002157547698385015,0.00021651253566807625,-23.646535511127247,-23.631780998707107
135,135,0.00021776649530871398,0.0002158007011626308,-23.613152376881217,-23.646082946960885
136,136,0.0002180686338742254,0.00021496997138264735,-23.6096917407841,-23.662833474777397
137,137,0.00021379601018930565,0.00021332267007030743,-23.68442463038345,-23.696241351941065
138,138,0.0002147154911053991,0.00021218701256561632,-23.67493668011033,-23.719423478168995
139,139,0.00021390708945883611,0.00021181339443979882,-23.68867453435137,-23.72707726008511
140,140,0.00020983572641253165,0.00020954257266375383,-23.769508745103025,-23.77388874452668
141,141,0.0002110000299505851,0.00020984604136748729,-23.749411422933846,-23.76760365227311
142,142,0.00020817282175184372,0.0002083856019644851,-23.81040977854649,-23.797934372676085
143,143,0.0002097559144081951,0.00020653904357459396,-23.77556380320472,-23.83658984529213
144,144,0.00020533224469358006,0.00020681951948637632,-23.860093152150466,-23.83069621344933
145,145,0.00020754053863485526,0.0002051251618755295,-23.826893490390965,-23.86642209333767
146,146,0.00020517285726604425,0.00020341577902926425,-23.874925991949333,-23.90276507860659
147,147,0.00020628737465156838,0.00020484792874317224,-23.84215707772451,-23.872295690443956
148,148,0.0002066749665638931,0.00020184504147006296,-23.837082918179377,-23.93643061131543
149,149,0.00020513358044668494,0.00020219401860805718,-23.874342361379366,-23.928928421650877
150,150,0.00020746759063391417,0.00020144505297618084,-23.82428346922518,-23.94504539531683
151,151,0.00020536896472643179,0.00020185664317595134,-23.87087548908304,-23.93618099348915
152,152,0.00020466010148046518,0.00020053657461080308,-23.884671514110316,-23.96467553687887
153,153,0.00020074592162158878,0.0002009972254439306,-23.96576851697162,-23.9547108363903
154,154,0.00019997213163038658,0.00019909937614820113,-23.980687806166443,-23.995912468959702
155,155,0.00019920751024589671,0.00019928089520697924,-24.003088536566924,-23.991954806559658
156,156,0.00019999630071136372,0.00019945200811458848,-23.97782647658567,-23.988227329067833
157,157,0.00019802382925750937,0.00019714645244867394,-24.025864884466984,-24.03872179552048
158,158,0.00019913142443197713,0.00019658964868683957,-23.99007663593091,-24.05100499544897
159,159,0.0002008844201498636,0.00019734353439784363,-23.961222583048176,-24.03438244025257
160,160,0.00020009356376249343,0.00019715931098050388,-23.976867562498093,-24.03843854379357
161,161,0.00019825978091193036,0.0001948418403595784,-24.01674392123539,-24.089789231154477
162,162,0.00019783808051046829,0.00019669648425310458,-24.0353278775381,-24.048645486981467
163,163,0.0001968037519788792,0.0001952145141426866,-24.05186651822378,-24.08149041920413
164,164,0.0001965035399669282,0.0001946405069534912,-24.059263220848692,-24.09427919049039
165,165,0.00019774469216930266,0.0001957172881750586,-24.02733048143059,-24.070319565004187
166,166,0.00019910436687083704,0.00019439014967678018,-23.998116303640252,-24.099868919574035
167,167,0.00019404646393257318,0.0001954155733600553,-24.105947300574545,-24.077019748913052
168,168,0.00019992966659141456,0.00019488138174270526,-23.9912414435521,-24.08890795933982
169,169,0.00020015077139178924,0.00019575546857116647,-23.986187381628095,-24.069472428895054
170,170,0.00019752391711232666,0.00019616478254503913,-24.032019716747243,-24.060401049483396
171,171,0.00019696753348473497,0.00019613628223611923,-24.041670577815687,-24.061032071319914
172,172,0.00019497939411877203,0.0001957444336240817,-24.078761864929774,-24.06971725228333
173,173,0.00019687761089970962,0.00019798781891279904,-24.050189292125992,-24.02022674756566
174,174,0.00019948024419136345,0.0001970751802314465,-23.992193472707406,-24.040292137096195
175,175,0.00020027815135671115,0.00019664411497375878,-23.972084074473297,-24.04980192439069
176,176,0.00020256119938663294,0.000198785209489104,-23.920313306192806,-24.00277078314045
177,177,0.00020279917270713246,0.0001975698557400488,-23.92828056195932,-24.029404633813396
178,178,0.00019986749675902587,0.0001980585596021755,-23.982827290915914,-24.018675298390228
179,179,0.00020227276482475326,0.00019879915022389278,-23.932395760573144,-24.002466224671434
180,180,0.00020113739244443046,0.0001999646399206923,-23.955604076071168,-23.977079406817815
181,181,0.00020601836884677526,0.00019808222944112984,-23.856186623486497,-24.018156307125405
182,182,0.00020207736695775782,0.00020010105799883604,-23.94600267306363,-23.974117612233876
183,183,0.0001983663103826459,0.0001984365961489905,-24.014154890899423,-24.010393772948735
184,184,0.00019841845889609385,0.00019981496428188525,-24.014594273929433,-23.980331363964357
185,185,0.00019930037441807464,0.0001988487661276993,-23.98749584029769,-24.001382456218813
186,186,0.00020342741339208231,0.00020050776411632173,-23.914370858476715,-23.965299519695105
187,187,0.0002007807434546118,0.0001990583221317808,-23.96266918855948,-23.99680807052318
188,188,0.00019907935497893463,0.0001993415743958107,-23.991652962603776,-23.990632621329823
189,189,0.0002030601077497044,0.00019942930712683223,-23.91020880416123,-23.98872165724768
190,190,0.0002043512135266432,0.000198487656521856,-23.886778004605848,-24.009276419289822
191,191,0.0002024490239228285,0.00019825953150805282,-23.928676576172453,-24.01427070525258
192,192,0.00020412718724176172,0.00020165045249373898,-23.89259108315381,-23.94061945240399
193,193,0.0002015767767233294,0.00019913657314119568,-23.938865299111768,-23.99510116857978
194,194,0.00020397100153561566,0.00020062707450338885,-23.892506053157145,-23.962716057014912
195,195,0.00020052813240758997,0.0001990473882822124,-23.96592907417333,-23.99704662578177
196,196,0.00020280828310618388,0.00019879363504802123,-23.917145792656555,-24.00258671028066
197,197,0.00019909548225150126,0.00019918954441029775,-23.992961554250776,-23.99394607836639
198,198,0.00020083119929528113,0.00019932118103545355,-23.959370511316905,-23.99107694294039
199,199,0.00020075690021652,0.00019835252284170374,-23.95818128338806,-24.012234174926963
200,200,0.00019931232424083253,0.000198041669423937,-23.988132692617498,-24.01904567490982
201,201,0.00019945286003723932,0.00019819454035697212,-23.99775686305649,-24.015694592685843
202,202,0.00019967567986333454,0.0001978245448921562,-23.982548075567514,-24.023809708418298
203,203,0.000199719472277007,0.00019837396700351842,-23.984384188482373,-24.011764678616903
204,204,0.0002022383099400256,0.0001983449152536004,-23.942495228873216,-24.012400746889217
205,205,0.00020114299088126028,0.00019911839090606294,-23.947769399456508,-23.99549772079407
206,206,0.00020543320018068416,0.00019895026267285605,-23.863744411059375,-23.99916629241453
207,207,0.00019873568629749964,0.00019713481168238153,-24.009611102785726,-24.038978237863923
208,208,0.00019696697541128497,0.00019850045761191532,-24.04190013338159,-24.00899633822043
209,209,0.00019979566445492555,0.0001983710244530812,-23.986760235759807,-24.011829099514213
210,210,0.00019593287866020133,0.00019804117772238036,-24.067110834444463,-24.019056457667737
211,211,0.00020122998223049546,0.00019771674507003474,-23.94670640369906,-24.026176938856423
212,212,0.0002029440422739219,0.00019625969243382938,-23.91906539307881,-24.058300322112327
213,213,0.00019871464632835586,0.00019920195106686535,-24.00922196646367,-23.9936755835115
214,214,0.000200074599016477,0.00019733441111288572,-23.97270340303723,-24.03458322128733
215,215,0.0001993942753767076,0.00019882794846412972,-23.9980753544247,-24.00183714698098
216,216,0.00019892804611464673,0.00019718254885734305,-23.996707465712266,-24.037926699491866
217,217,0.00019985980239634393,0.00019831571721863983,-23.979044655158418,-24.013040111850124
218,218,0.00019974523711800766,0.00019968192990697724,-23.988108137559717,-23.98322380682947
219,219,0.00019659754488924423,0.00019718930554135064,-24.056928615909943,-24.037777886104298
220,220,0.00019903001693538246,0.00019916326594906613,-24.00161476968695,-23.994519067456743
221,221,0.00019836678789549305,0.00019780357864587322,-24.017614123144963,-24.02427001568837
222,222,0.0001966865988599482,0.00019694457526049135,-24.04649957814758,-24.04317123234366
223,223,0.0001975644877019636,0.00019717202475907184,-24.035634774009228,-24.038158498898447
224,224,0.00019591799865179149,0.00019694396025060038,-24.068418556266053,-24.04318479432264
225,225,0.0001990742022507661,0.00019788345640623257,-23.999248051674876,-24.0225165859346
226,226,0.0001967568223523072,0.00019835566835306389,-24.04878578873057,-24.012165304242824
227,227,0.00019915925789523638,0.00019637089204288234,-24.00248043731951,-24.055840331484898
228,228,0.0001978982009231257,0.00019724023111752773,-24.022179116760398,-24.036656433738855
229,229,0.00019712398172543413,0.0001971451795390366,-24.046159503164258,-24.03874983657368
230,230,0.00020003397621996892,0.00019624385229115817,-23.979689841139145,-24.058650855841304
231,231,0.00020007220890190568,0.00019637117006105224,-23.97871541004571,-24.05583418283067
232,232,0.00019764775961167034,0.00019568553742781085,-24.03528808227398,-24.0710241677027
233,233,0.00019868704569574023,0.00019657442202227876,-24.014074567651154,-24.051341387143562
234,234,0.0001960948435769695,0.00019608861935251442,-24.06792761711317,-24.062087574290743
235,235,0.00019655478161101987,0.00019562592665591327,-24.052593040779122,-24.072347340258247
236,236,0.0001969821962645546,0.00019718051541866245,-24.035848739715107,-24.037971486201286
237,237,0.00019924276173546832,0.00019595593575535245,-23.999481414450567,-24.06502722773247
238,238,0.00019837217060393012,0.00019379617725989143,-24.013826801650644,-24.11315940027751
239,239,0.00019723217866561115,0.00019826981818033871,-24.043571149472026,-24.01404537792105
240,240,0.00019591074879761285,0.00019532257819695301,-24.068259084378134,-24.07908697919403
241,241,0.00019911558789767556,0.00019570744801680311,-24.00260613909851,-24.07053792250882
242,242,0.00019885681809007775,0.00019621330935287436,-24.00806758672129,-24.059326834311356
243,243,0.00019417119199846938,0.0001959600616062648,-24.106899342735044,-24.064935788021078
244,244,0.0001984499693432938,0.00019590661701697268,-24.01846724943363,-24.0661204098135
245,245,0.0001976647223441948,0.00019594724979374165,-24.0422137254538,-24.065219737787878
246,246,0.0001989848968469701,0.00019658206484133474,-23.996997525289345,-24.051172536609307
247,247,0.00019505486770211383,0.00019694743356299833,-24.08384748352658,-24.04310820263102
248,248,0.0001999366741637056,0.00019643304403871298,-23.975403681886753,-24.05446599347174
249,249,0.0001979222216345754,0.0001961299621095685,-24.023944663677433,-24.06117201688626
250,250,0.0001955909796116739,0.00019649863794544026,-24.074191526990973,-24.05301601764597
251,251,0.00019508597894677334,0.00019571641352836435,-24.091722024590915,-24.07033897336025
252,252,0.00019912117868349838,0.000196736377945758,-23.996196610493744,-24.04776474659061
253,253,0.00019852689121725018,0.00019602365577348361,-24.014564583016302,-24.063526617439642
254,254,0.00020092990958688723,0.00019588152109032594,-23.958682239063613,-24.066676783088532
255,255,0.0001983209406613785,0.0001945332823149664,-24.018374556811853,-24.096672315171332
256,256,0.0002014915365545732,0.00019665057372644936,-23.946610293423824,-24.04965928322444
257,257,0.00019788289710893727,0.00019686452900427148,-24.027068977566728,-24.04493673991957
258,258,0.0001963999513332665,0.00019612280792850805,-24.057763808689625,-24.061330436231884
259,259,0.00019667014544445674,0.00019698319221405605,-24.055933679832037,-24.042319749849685
