,epoch,train_loss,test_loss,train_dbs,test_dbs
0,0,0.002823734257523854,0.002094876413282595,-9.466480346346804,-10.757411928997701
1,1,0.0018989563098695782,0.0017268303659205373,-11.194152275351158,-11.59649922840553
2,2,0.001601820991652989,0.001457140462375001,-11.932537348188301,-12.333981818640156
3,3,0.001392250242114989,0.001289242437403453,-12.54434831780337,-12.865650073136052
4,4,0.001257484605939118,0.001200109671213125,-12.989082858954772,-13.176786642923906
5,5,0.0011754663740332746,0.0011336047165585977,-13.270058076227338,-13.424379556614356
6,6,0.0011369515925684233,0.0011077679473122483,-13.416354072710273,-13.52450804953798
7,7,0.0011088625604728447,0.0010379350983145599,-13.533825373340413,-13.807294017686583
8,8,0.0010582988076008012,0.0010274126267942943,-13.733937998702288,-13.851547010068302
9,9,0.001037569756177974,0.0010102432325335318,-13.821230295328185,-13.92473650010501
10,10,0.0010258517013238648,0.0010006713319422776,-13.86157817026305,-13.96608141925459
11,11,0.0010235304230123221,0.0009914051992573629,-13.871447069359807,-14.00648407702678
12,12,0.0010227805505189853,0.0009911978176157725,-13.884654278638276,-14.007392627070864
13,13,0.0010156009229831398,0.0009739429867630335,-13.921965458363816,-14.083660652204147
14,14,0.0009887133654178188,0.0009799737140144173,-14.020863367424301,-14.056851731608738
15,15,0.0009824837007098976,0.0009650964210251052,-14.049596224754337,-14.123288947800823
16,16,0.000986286392795479,0.0009581726075052039,-14.03734442151668,-14.154558488891658
17,17,0.0009816136011930625,0.0009536012596646814,-14.064492180404013,-14.175327837817894
18,18,0.0009670570275515856,0.0009414493473932931,-14.121725860349507,-14.231026411378952
19,19,0.000965869251624249,0.0009532818435936382,-14.12627782454998,-14.176782784250065
20,20,0.0009717593316382431,0.0009432919568529254,-14.10546235046554,-14.22253468496779
21,21,0.0009636653157565551,0.000948356688145156,-14.140686060898627,-14.199278885172957
22,22,0.0009430513864853563,0.0009164970649994517,-14.230421234236864,-14.347685213510367
23,23,0.0009323006181392012,0.0009179096117517666,-14.279215047216056,-14.340996823318758
24,24,0.0009396957616398553,0.0009000791745309375,-14.244482876519282,-14.426188864787044
25,25,0.0009232545583556915,0.0008980205748230219,-14.325611072893418,-14.436133128274474
26,26,0.0009139114090711953,0.0008912105817886952,-14.365599377009968,-14.469192654062207
27,27,0.0009215553027107237,0.0009276987157615,-14.327480406687512,-14.294926444696914
28,28,0.0009372019090152048,0.0009102673778359435,-14.260027138013127,-14.377306210983532
29,29,0.000924502871450536,0.0008821986909759673,-14.32466615038982,-14.513331908339042
30,30,0.0009102121748020584,0.0008733960965305174,-14.394555630342008,-14.556883532647696
31,31,0.000898688924786894,0.0008614438426631846,-14.452854545489899,-14.61672628717982
32,32,0.000879169561775382,0.0008652619159731426,-14.53341231445977,-14.597520109587714
33,33,0.0008756471293757564,0.0008534053953266458,-14.555472587740223,-14.657442156705223
34,34,0.0008735052344734905,0.0008574428104207312,-14.565467099048085,-14.636944366829656
35,35,0.0008624282943987355,0.0008458212955462697,-14.619177523245463,-14.696209845254018
36,36,0.0008679039016625239,0.0008481684582013832,-14.595654742864406,-14.68417482037472
37,37,0.0008636267493315733,0.0008414277506649102,-14.61508680539842,-14.718827687178152
38,38,0.0008661956556343003,0.0008315943536887828,-14.610686422295236,-14.76988067940045
39,39,0.0008425657618214789,0.0008186553819350115,-14.717625847329296,-14.837984785910612
40,40,0.0008460712059852236,0.0008084981542962947,-14.70790555380747,-14.892205670602808
41,41,0.00082993304078496,0.0008147433522696558,-14.788477515361535,-14.858787742465617
42,42,0.0008249529565386858,0.0008074708442252717,-14.812255194385513,-14.897727498751255
43,43,0.0008145589045412147,0.0007876324111987886,-14.86388364231583,-15.005760207412614
44,44,0.0008003426908957052,0.0007926449332827408,-14.948461333209892,-14.978209119752734
45,45,0.0008007150585043061,0.0007795168969192003,-14.948972969243979,-15.050740664060578
46,46,0.0007964582170465405,0.0007595352516019423,-14.968081206539715,-15.163516646902362
47,47,0.0007809962028368693,0.0007500746900117711,-15.05215341361658,-15.217950886770426
48,48,0.0007452989091914263,0.0007072429779279781,-15.257891390105303,-15.473309557333007
49,49,0.000725910891466726,0.0007051357258062222,-15.380659470722746,-15.486268810330833
50,50,0.0007086778857706825,0.0006904712063260376,-15.465518389915932,-15.577540272940734
51,51,0.0007124034911106081,0.0006864023407136923,-15.450216331298112,-15.6032084402289
52,52,0.0006948795563243714,0.0006816549146989066,-15.558851898044212,-15.633350295615912
53,53,0.0006859291683325602,0.0006826099216643917,-15.6162030532934,-15.627270034482141
54,54,0.0006955179455450055,0.000683344180671204,-15.550083850076724,-15.622600995235283
55,55,0.0006956669235525211,0.0006785190351748545,-15.55040905699382,-15.65337563996713
56,56,0.0007048465057093766,0.0006772643414718148,-15.498570358906537,-15.66141389617611
57,57,0.0006860380670651025,0.0006751204614135388,-15.60924185229603,-15.675183291648926
58,58,0.0006882887298826935,0.0006734932968883138,-15.606087075012551,-15.6856632220666
59,59,0.0006979068077515004,0.0006765399164961357,-15.543101164170103,-15.666061743864091
60,60,0.0006909665265168572,0.0006807985758457921,-15.580127053769031,-15.638809612797761
61,61,0.0013766975307683508,0.0006801781434516766,-12.594843917899109,-15.642769274708265
62,62,0.0006914471351714401,0.0006702708319368723,-15.575577668197024,-15.706492791769861
63,63,0.0006893654983999572,0.0006745520636047187,-15.589503426914915,-15.678841246329256
64,64,0.0006837517925605332,0.0006759511551966792,-15.633897990015328,-15.669842852738157
65,65,0.00069039425579831,0.0006778209231254694,-15.587493640726212,-15.657846292560029
66,66,0.0006891630527553792,0.0006731943699139121,-15.59712045967144,-15.687591246519592
67,67,0.0006901936805999079,0.0006767094846030599,-15.592956680051913,-15.664973363651697
68,68,0.0006946210657035183,0.0006791125695025059,-15.560709956965459,-15.649578310870584
69,69,0.0006886790644559894,0.000669868941737437,-15.59460614100901,-15.709097575309707
70,70,0.0006844451208118849,0.0006631413615602804,-15.630405300861845,-15.752934832194562
71,71,0.0006843345688617567,0.0006778453121353921,-15.619936472231533,-15.6576900297255
72,72,0.0006924702590283429,0.0006734502691726544,-15.575431960849668,-15.68594069025394
73,73,0.0006836307020233848,0.0006734022386617175,-15.628817130619765,-15.686250440367635
74,74,0.0006818411068885212,0.0006712259706354848,-15.64331882827301,-15.700308482786664
75,75,0.0006904297618713882,0.0006842896231989327,-15.593183288457995,-15.616596456052426
76,76,0.0006896608704749073,0.0006693145137672362,-15.593348044241914,-15.712693572868341
77,77,0.0006854011306356754,0.0006692823218671899,-15.616081263809317,-15.712902459729307
78,78,0.0006896265003513353,0.0006715669051596993,-15.599074228128202,-15.698103139156869
79,79,0.0006839499218370189,0.0006745818322279343,-15.63057481471338,-15.678649592278633
80,80,0.0006958885483213307,0.0006701562424974614,-15.553429124911322,-15.70723532468778
81,81,0.0006876595488739843,0.000681008806599206,-15.605780425672313,-15.637468717484133
82,82,0.0006874608507226269,0.0006755913215640344,-15.614264021178744,-15.672155377389661
83,83,0.0006878034586144477,0.0006742054155390514,-15.5998161006477,-15.68107363202831
84,84,0.000694869856647763,0.0006755183873649098,-15.554238976210078,-15.672624250051047
85,85,0.0006968930631290315,0.0006825960529232887,-15.553136407163473,-15.627358271976618
86,86,0.0006876834164152748,0.0006802670204227692,-15.603470546085266,-15.642201831356726
87,87,0.0006859717763403488,0.0006803303442307209,-15.618568307743901,-15.641797579796332
88,88,0.0006905753542333073,0.000677983962783688,-15.588502467967515,-15.656801787927055
89,89,0.0006881737835542059,0.0006757152916275357,-15.604570611169294,-15.671358526192083
90,90,0.0006917472538711099,0.0006793016126673473,-15.574883477376702,-15.648369542514956
91,91,0.0006885883073111248,0.0006732906515121852,-15.602386581448046,-15.686970154324065
92,92,0.000691893405506637,0.0006727168924714389,-15.587150976983263,-15.690672665525348
93,93,0.0006888127038447359,0.0006832640440399317,-15.596150573910384,-15.62311032770044
94,94,0.0006898897201946178,0.0006737995978542848,-15.582837527362726,-15.68368852417969
95,95,0.0006882379283965326,0.0006708317270845567,-15.601248179534347,-15.702860054211795
96,96,0.0006922411290717494,0.00067089032381773,-15.574488038676106,-15.702480717256371
97,97,0.0006985561880187045,0.0006678093433086025,-15.533484860012077,-15.722471088947438
98,98,0.0006865079733111041,0.0006729716428947684,-15.609172259550729,-15.68902835182974
99,99,0.000692387428926784,0.000673093125346656,-15.576253196477175,-15.688244449600205
100,100,0.0006736298379747523,0.0006818138645030558,-15.691948346615696,-15.632337716168445
101,101,0.0006843058262788451,0.000669318799689216,-15.628705586771694,-15.71266576312766
102,102,0.0006828019323461142,0.0006730157306025687,-15.64235262913934,-15.688743846215479
103,103,0.0006807336779359306,0.0006714314988226091,-15.652275695810879,-15.698978884430101
104,104,0.0006910398561680286,0.000671365577114844,-15.580552069785721,-15.699405299328614
105,105,0.0006851387623044633,0.0006786016257185685,-15.621066877133211,-15.652847041170128
106,106,0.0006864297902211547,0.0006700919383499576,-15.61287388236044,-15.707652067449978
107,107,0.0006941682713096673,0.000677704553757059,-15.573664793278471,-15.65859196020773
108,108,0.000684178955180897,0.0006802138033028888,-15.621939559350311,-15.642541592140054
109,109,0.0006928960270651607,0.0006727857766427883,-15.569588410870224,-15.690227983902332
110,110,0.0006981082824682913,0.0006767111205446877,-15.545952396852659,-15.66496286461808
111,111,0.000689068708338381,0.0006654476348653828,-15.599361843072874,-15.737857140313922
112,112,0.0006843909726852609,0.0006704867976766668,-15.63175065742193,-15.705093691323778
113,113,0.0006818313105991974,0.0006685713336704985,-15.644499472368587,-15.717518484483772
114,114,0.000689575736070071,0.0006763837361512216,-15.592759321561855,-15.667064435511124
115,115,0.0006821777547959276,0.000675828615816212,-15.634118977583443,-15.670630232132932
116,116,0.0006862785403146265,0.000671916481989779,-15.61346990693163,-15.695843054764559
117,117,0.0006818801636289153,0.0006713709260925258,-15.64252540971668,-15.69937069787873
118,118,0.0006826458920091007,0.0006667115560144578,-15.635655984663494,-15.729616171080385
119,119,0.0006838387368035686,0.0006674640830361137,-15.621755793480226,-15.724716990521536
120,120,0.0006863907106777595,0.0006719157559257981,-15.619696715123927,-15.695847747695293
121,121,0.0006910299584653574,0.0006752852197295349,-15.576868607206753,-15.674123556358431
122,122,0.0006915745673432332,0.0006663928568167122,-15.581563321627243,-15.731692667178853
123,123,0.0006975401216906678,0.0006724141207278559,-15.548396993012148,-15.692627747944009
124,124,0.0006783607442258406,0.0006700538429676703,-15.66147800930466,-15.707898975130448
125,125,0.000684623766124018,0.000673864487141959,-15.620220276954537,-15.683270303349932
126,126,0.0006872198860084196,0.0006776724752087734,-15.604237854285499,-15.65879753454185
127,127,0.0006895642493582648,0.0006645670540532784,-15.594467753145729,-15.743607925574166
128,128,0.0006968653226780138,0.0006723210742501052,-15.557011758855772,-15.693228752098031
129,129,0.0006814630469307303,0.000669871530446567,-15.636567336056103,-15.709080792027963
130,130,0.0006901050099296515,0.0006645717137297126,-15.589325239292313,-15.743577474701587
131,131,0.0007472746494254962,0.0006791960883052333,-15.242627407684093,-15.649044238515277
132,132,0.000694609079726002,0.000660560001913262,-15.560098553181625,-15.769873270161902
133,133,0.0006858505351833769,0.0006691617768649992,-15.617004072801217,-15.713684741626079
134,134,0.0006768990196431651,0.0006591257222584988,-15.67501299195923,-15.779313396298285
135,135,0.0006843649304577524,0.000660379882901907,-15.62783904203949,-15.7710576494679
136,136,0.0006833330610498172,0.0006713147066827668,-15.633341722044298,-15.699734383597155
137,137,0.0006786584302053316,0.0006625710306444058,-15.65494287839542,-15.75667156402811
138,138,0.0006783358427484703,0.0006670003609829827,-15.662062047361404,-15.727735309036063
139,139,0.0006880892348264527,0.0006629522326157281,-15.610541703416697,-15.754173623451905
140,140,0.000683407857294012,0.0006575493546398846,-15.627067959678293,-15.789712440030872
141,141,0.0006751944430978949,0.0006645541350161167,-15.689555708621715,-15.743692352285548
142,142,0.0006806490788015432,0.0006645326226900675,-15.659134916214397,-15.743832940316278
143,143,0.000679601136878248,0.0006684819971652407,-15.651860390152642,-15.71809884056126
144,144,0.0006881369693089545,0.0006686476806766892,-15.603616273093436,-15.717022573444837
145,145,0.0006821198747781364,0.0006638008788669188,-15.647033931995615,-15.748617767866495
146,146,0.0006834862600128675,0.0006638500030691686,-15.632157397624873,-15.748296382624861
147,147,0.0006799065158702433,0.0006625736254806581,-15.654632981779923,-15.756654555725497
148,148,0.0006770498458939345,0.0006658240209186548,-15.680206873506608,-15.735401407261293
149,149,0.0006901810501375687,0.0006607169695933791,-15.596010445685389,-15.768841386626463
150,150,0.0006842540382628434,0.0006625269705086554,-15.62611322382336,-15.756960373969997
151,151,0.0006794987784064922,0.000669776465082051,-15.661759123007855,-15.709697168321386
152,152,0.0006832590779126382,0.0006639490541266767,-15.636606213682228,-15.747648433260098
153,153,0.0006790060235533057,0.0006702503704122807,-15.653058791126282,-15.706625371951459
154,154,0.0006731528862014643,0.0006635731245440088,-15.692505310760588,-15.7501081156718
155,155,0.0006682703255906163,0.0006690166375942921,-15.72823334563834,-15.714626816075072
156,156,0.0006793707551569054,0.0006513426993287316,-15.652706242458084,-15.83090050207749
157,157,0.0006765226069021702,0.0006660571303463689,-15.674982289460678,-15.733881179438063
158,158,0.0006758093968341031,0.0006632411754445025,-15.679354924954987,-15.752281195434318
159,159,0.0006835446963038718,0.0006601855459034835,-15.630923128203973,-15.772335882031214
160,160,0.0006836862813383725,0.0006637128780743009,-15.639214942783212,-15.749193554874248
161,161,0.0006803015820662846,0.0006683496880884233,-15.648435225634712,-15.718958501546092
162,162,0.000677200196882153,0.000659155141635749,-15.667153029248716,-15.779119557890205
163,163,0.0006768208173506884,0.0006716372077598384,-15.67061009286229,-15.697648524239627
164,164,0.0006773498817827053,0.0006655884514513769,-15.671762047307382,-15.736938219074828
165,165,0.0006716105782129255,0.0006633133314991076,-15.708715824285777,-15.751808738762271
166,166,0.000681486822059858,0.0006622749711631945,-15.641511661333977,-15.758612574545108
167,167,0.0006710936353762739,0.0006625038191774174,-15.714383341768567,-15.757112136411816
168,168,0.0006833416361784198,0.0006641561263485959,-15.633429988255909,-15.746294168170467
169,169,0.0006731115197570822,0.0006623975381157116,-15.703801268364204,-15.757808901925332
170,170,0.0006800984649333296,0.0006619859333640259,-15.650730295603502,-15.76050838711202
171,171,0.0006827878286898828,0.0006635217149251778,-15.629376181704163,-15.750444593715752
172,172,0.0006808686044940859,0.0006667252899588723,-15.6506405921427,-15.729526709381584
173,173,0.0006745831216397436,0.0006636583773223194,-15.691989918395793,-15.749550190227954
174,174,0.0006695305580542106,0.0006689580224797522,-15.717253748440445,-15.715007334803516
175,175,0.000673229357866167,0.0006625990959276494,-15.69742967570297,-15.756487608815066
176,176,0.0006788846527792744,0.0006691383620675065,-15.6641787780922,-15.713836709290899
177,177,0.0006751265663644011,0.000655508609366064,-15.677221442437197,-15.803211998303206
178,178,0.0006806702711907475,0.0006734913974804314,-15.65084373537273,-15.685675470199271
179,179,0.0006752944690626614,0.0006581628204960572,-15.679069333789235,-15.785662544308789
180,180,0.0006735665992516832,0.0006624074303545058,-15.696011215923038,-15.757744044911293
181,181,0.0006652802250530455,0.0006620121819555367,-15.748925778716545,-15.76033618719239
182,182,0.0006798932805282937,0.0006642019112692459,-15.65858033191212,-15.745994788969417
183,183,0.0006797804362764678,0.0006601280336709399,-15.65343763874589,-15.772714235259384
184,184,0.0006715592438566316,0.0006530012163382612,-15.703511631308562,-15.81985609630513
185,185,0.0006849339763518691,0.0006639040779861572,-15.625459590182317,-15.747942635821811
186,186,0.000675645197823298,0.0006664090385464462,-15.6781223397127,-15.731587210607163
187,187,0.0006811363363312077,0.000665781593660971,-15.655738384488206,-15.735678154726141
188,188,0.0006809035782971102,0.000663567380366945,-15.643555915947065,-15.75014571025041
189,189,0.0006799639746325917,0.0006637373834995455,-15.64940972562545,-15.74903320881429
190,190,0.0006744824919955248,0.0006529180222730103,-15.6823442063412,-15.820409434098865
191,191,0.0006876006925276951,0.0006629520702469898,-15.610671437694227,-15.754174687116107
192,192,0.000678056348763291,0.0006624783579211094,-15.665172510524828,-15.757279047081399
193,193,0.0006831774209654823,0.000667507925659026,-15.628482800932705,-15.724431731968014
194,194,0.0006858172914080476,0.0006710523463736631,-15.610355096358061,-15.70143200625119
195,195,0.0006804698796165128,0.0006688129904336835,-15.653957782380797,-15.715948999960641
196,196,0.0006846074961826743,0.0006645831591939848,-15.628869975954775,-15.743502679776215
197,197,0.0006766797441835563,0.0006649897090698543,-15.67682738661701,-15.740846753539666
198,198,0.0006845212774351239,0.0006567878084943482,-15.621560720673568,-15.794745171890085
199,199,0.0006840196180099756,0.0006659458219808968,-15.63606392724147,-15.73460701279965
200,200,0.0006741869897034365,0.0006648437671461387,-15.68427834357254,-15.741799982248914
201,201,0.0006783921901645503,0.0006693153011024391,-15.658502795773419,-15.712688464132077
202,202,0.0006835573153647105,0.0006560687784497675,-15.63017480588928,-15.799502291822485
203,203,0.0006777682418445337,0.0006617419421672821,-15.672107280987335,-15.762109381297268
204,204,0.0006787222942106964,0.0006687756241789382,-15.666516300952377,-15.716191644942397
205,205,0.0006716133769812811,0.0006560450756775314,-15.706596845975927,-15.799659198681699
206,206,0.0006859977015524565,0.0006658313887831019,-15.62308310542475,-15.735353349440187
207,207,0.0006850861959860267,0.0006583611646324004,-15.628911976305847,-15.784353950381805
208,208,0.0006842461628263298,0.0006692329433893687,-15.626464854363798,-15.713222886414142
209,209,0.0006918760944282656,0.0006689441445479659,-15.574600759836928,-15.715097432709682
210,210,0.0006771733745519724,0.0006657635983030655,-15.668250241450014,-15.73579554142373
211,211,0.0006779849435654037,0.0006675235773926895,-15.667604431138763,-15.724329899740878
212,212,0.0006895317352789733,0.0006670033663364226,-15.587784764925043,-15.727715740748685
213,213,0.0006798264029262991,0.0006679699841984793,-15.656649218245548,-15.721426523412681
214,214,0.0006800248790484344,0.0006577014206222406,-15.65045142489061,-15.788708199340673
215,215,0.0006725489049093778,0.0006576700589472526,-15.693856467084007,-15.788915292205383
216,216,0.0006697725789074201,0.0006659232802983178,-15.715300329347437,-15.73475402016458
217,217,0.0006756099341821271,0.0006575825176887998,-15.67856582519749,-15.789493412122672
218,218,0.0006706985451770735,0.0006637949784482388,-15.716912425875835,-15.748656371772336
219,219,0.0006749170439884297,0.0006570852128788829,-15.687341973790065,-15.79277905974375
220,220,0.0006858314472711502,0.0006609993594649591,-15.614979610703141,-15.76698561224973
221,221,0.0006741689885342398,0.0006585682368543195,-15.683842008158802,-15.782988192673388
222,222,0.0006742235951212033,0.0006568023450917712,-15.69917986353782,-15.794649051132337
223,223,0.0006818754602098818,0.0006628466623001977,-15.643852655121231,-15.754865260860269
224,224,0.0006817293499798043,0.0006593866610752517,-15.64626130739603,-15.777594424354719
225,225,0.000674744605293171,0.0006624972294574897,-15.683764657118358,-15.757155334551241
226,226,0.0006625340452187301,0.0006567854771243507,-15.767403347471722,-15.794760587872375
227,227,0.00067915495535474,0.0006555103984857468,-15.665059066102955,-15.803200144854843
228,228,0.000677314407513813,0.0006574350501116561,-15.67642892799121,-15.79046745774533
229,229,0.0006856844225207094,0.0006565902057397915,-15.62910137556253,-15.79605199727669
230,230,0.0006743655065986683,0.0006609580105807828,-15.694187564239506,-15.767257294115476
231,231,0.0006759266588673687,0.0006566031584761253,-15.680679789105099,-15.795966323649807
232,232,0.0006722285953523187,0.0006517164599101402,-15.70612598203676,-15.82840910080289
233,233,0.0006733276712055289,0.0006554313984356428,-15.698725705984838,-15.803723574437337
234,234,0.0006729125863747652,0.000660355184472313,-15.704994759529605,-15.771220080101426
235,235,0.0006743670049958776,0.0006509493779096948,-15.694613229082089,-15.83352383566112
236,236,0.0006755281956242301,0.0006560298528424219,-15.682342643243068,-15.799759973311922
237,237,0.0006663231611175021,0.000662728733579187,-15.738088583005137,-15.755637993864928
238,238,0.0006716877237663211,0.000658424880576173,-15.70943174947935,-15.783933662166996
239,239,0.0006770595167667518,0.0006564347820944692,-15.678158692110184,-15.797080151842845
240,240,0.0006754637333401239,0.000656926912549687,-15.6829624028858,-15.793825457390401
241,241,0.0006747359683564337,0.0006554852190770601,-15.690973938563864,-15.803366968879349
242,242,0.0006673590438536455,0.0006550945844011087,-15.737402399626681,-15.805955906825432
243,243,0.0006660360845343507,0.0006544565886112028,-15.741563605927261,-15.81018755624342
244,244,0.0006736026952023973,0.0006575198004659461,-15.697383940152054,-15.78990764215558
245,245,0.0006701633011317361,0.0006557851325181362,-15.718350129124534,-15.801380334244916
246,246,0.0006761024628055387,0.0006557859137262169,-15.683147727213818,-15.801375160688217
247,247,0.0006673119442547028,0.000660517381651229,-15.735300023781434,-15.770153492120961
248,248,0.0006738529479390337,0.0006622375589550325,-15.692430031658208,-15.758857916362498
249,249,0.0006643246748897526,0.0006470956692570134,-15.757153670304426,-15.85931106582894
250,250,0.000675231235740303,0.0006544890010876483,-15.687471015794767,-15.809972473817096
251,251,0.0006696549028196593,0.0006563007390420688,-15.721920462812962,-15.797967065577716
252,252,0.0006647991549377282,0.0006559133057874677,-15.755424017608178,-15.800531588189424
253,253,0.0006735138133043404,0.0006490748951603708,-15.695569711340267,-15.846047879949854
254,254,0.0006692295260343355,0.0006556803219657587,-15.723940630178642,-15.802074498845045
255,255,0.0006676781448516419,0.0006493389741272518,-15.737354895258218,-15.844281293156577
256,256,0.0006612477147202823,0.0006503713697097019,-15.774364961335577,-15.837381851276703
257,257,0.0006627353363113536,0.0006476059880744862,-15.760259557798868,-15.855887440676963
258,258,0.00066246553180144,0.0006469263983155159,-15.770376069052777,-15.860447266487345
259,259,0.0006589397605623781,0.0006446499212056791,-15.783365228047103,-15.875756659449024
260,260,0.0006717581574363422,0.0006454438001750724,-15.703784618247985,-15.87041166329081
261,261,0.0006570884022986536,0.0006414850695842975,-15.808484467378248,-15.89713047136363
262,262,0.000661465097530793,0.0006394433807336578,-15.77204391396085,-15.910975037815051
263,263,0.0006514077204442823,0.0006412360204481765,-15.84730680126621,-15.898816896693964
264,264,0.0006586765185161733,0.0006479303242246571,-15.792212615834114,-15.853712937316365
265,265,0.0006526832051152728,0.0006492876839873038,-15.82825937456376,-15.84462434825448
266,266,0.0006526479156707058,0.0006507723929213458,-15.8286031293615,-15.834704788550066
267,267,0.0006567978950639822,0.0006386023780674135,-15.807424977308592,-15.91669068402598
268,268,0.0006592836814270038,0.0006384801389159341,-15.789270417816759,-15.917522075708447
269,269,0.0006478767243175546,0.0006390020992655895,-15.86712125139481,-15.913973149461695
270,270,0.000666420916383414,0.0006473203784001893,-15.747228529010886,-15.857803205321934
271,271,0.0006612583301174119,0.0006399363169054452,-15.7804303422737,-15.907628424290916
272,272,0.0006454635877162218,0.0006336547605889408,-15.877748647520518,-15.950468978304773
273,273,0.0006593491158390552,0.0006385111237729067,-15.790903222085372,-15.917311321683709
274,274,0.0006512813438114125,0.0006293184246475759,-15.839289302608094,-15.980291530252536
275,275,0.0006497367231184905,0.0006336635683271053,-15.85953606101921,-15.950408612223171
276,276,0.0006531150045459034,0.0006396633168486389,-15.830629382279618,-15.909481541733303
277,277,0.0006526413988129995,0.0006323231224852957,-15.827553077913716,-15.959605366883542
278,278,0.0006477528938197906,0.0006288493811888131,-15.867464375998031,-15.98352961970937
279,279,0.00064936026657173,0.0006316988912754153,-15.849667990927275,-15.963894852176846
280,280,0.0006517258871193091,0.0006393159672274793,-15.845187569494952,-15.911840485765437
281,281,0.0006451806174735203,0.0006280275319065703,-15.883687981232965,-15.989209168046754
282,282,0.0006422704144515405,0.0006266620598341289,-15.893895015486773,-15.998661979710745
283,283,0.0006430625331050419,0.0006351400424089087,-15.892813905652696,-15.94030106160761
284,284,0.0006530508218986011,0.000636393388145064,-15.83631155885559,-15.93173940997759
285,285,0.000643338035964935,0.000628425053467876,-15.897339685676062,-15.986461090987856
286,286,0.0006349528557620943,0.000630873923287972,-15.950833254899585,-15.969570233296224
287,287,0.0006451044830532034,0.0006364892622897107,-15.88439527473113,-15.931085184514753
288,288,0.00064953035475763,0.0006235030014067888,-15.851390515778178,-16.02061051443907
289,289,0.0006455290761353812,0.0006256790488566223,-15.884826664142864,-16.005479871863248
290,290,0.00064180842624766,0.000630048017850832,-15.900371817716366,-15.975259502608093
291,291,0.0006367942239109849,0.0006201065690746825,-15.939834296600484,-16.044332678090218
292,292,0.0006465527190606004,0.0006257269537615541,-15.875372164400618,-16.005147368489688
293,293,0.0006372926729135983,0.0006194563190403738,-15.935025535017864,-16.04888912343671
294,294,0.0006388975535375402,0.0006240877341233978,-15.919909618710118,-16.016539528600937
295,295,0.000639619500155455,0.0006253624757702806,-15.923943354765335,-16.00767781565241
296,296,0.0006154403270500683,0.0006186494842710856,-16.076474077101736,-16.05454944643616
297,297,0.0006367239408607873,0.0006154030316362256,-15.94692341011196,-16.07739968497077
298,298,0.0006391434917063213,0.0006135213066284594,-15.9280017347672,-16.090699501738403
299,299,0.0006400307024752279,0.0006186791089069294,-15.919050921096398,-16.054341485253516
300,300,0.0006270016370744435,0.0006138094314864199,-16.003189331212962,-16.088660425647106
301,301,0.0006320451298661376,0.0006185497990564296,-15.974972969156694,-16.055249297128437
302,302,0.0006387188086122966,0.0006123838554087438,-15.922886075453038,-16.09875867214101
303,303,0.0006264604066412166,0.0006190909311714533,-16.01082479172111,-16.051451576178067
304,304,0.0006150401991878435,0.00060878870518584,-16.089417712057305,-16.124330134597574
305,305,0.000626652718152006,0.0006081043730342859,-16.010600427431832,-16.12921473315201
306,306,0.0006259297507997487,0.0006059874860128682,-16.00975930092677,-16.144359440317547
307,307,0.0006235155940641524,0.0006171346942305957,-16.027437606544733,-16.065196374868425
308,308,0.000617415797848677,0.0006064136396162212,-16.071627906902318,-16.141306388615615
309,309,0.0006692928445679088,0.0006200637129184447,-15.721683500979019,-16.044632833519636
310,310,0.0006255894760149963,0.0006125328241308269,-16.009992912557646,-16.097702334263072
311,311,0.000621285309328592,0.0006147956745208878,-16.040419640318635,-16.08168796561758
312,312,0.000642462441524894,0.0006211681481401779,-15.908152843788297,-16.036904217069313
313,313,0.0006252456241594531,0.0006169042868637725,-16.019397608426797,-16.06681811698025
314,314,0.0006288452765222677,0.000616585409979483,-15.999693076524526,-16.06906355891127
315,315,0.0006257843738661829,0.0006064005582103212,-16.01966092995904,-16.14140007456369
316,316,0.0006292292784621037,0.0006174072286261147,-15.994944010415812,-16.063278899506365
317,317,0.0006250757321993791,0.0006094672717154026,-16.015594988906287,-16.119492108181824
318,318,0.0006294289421405375,0.0006095033849736577,-15.99278076243587,-16.119234779776058
319,319,0.0006260444871005938,0.0006108194418055447,-16.0161488317599,-16.109867480746637
320,320,0.0006295001079069124,0.0006081693695465985,-15.997825882315562,-16.12875056746827
321,321,0.0006305124741479678,0.0006007068012350876,-15.984421352224139,-16.182370507810017
322,322,0.0006283125126033483,0.0006031198580259163,-15.998499949769528,-16.164959717904356
323,323,0.0006242306721780795,0.0006208210558581509,-16.02437076469065,-16.039331617665624
324,324,0.0006233138937176656,0.000615521438272768,-16.02842787938044,-16.07656416093519
325,325,0.0006225754209246832,0.000609057131345923,-16.033539107313047,-16.12241567221632
326,326,0.0006214489928715545,0.0006134521252916832,-16.03448400766684,-16.091189244581447
327,327,0.0006239791202704547,0.0006142965438285548,-16.022904510598277,-16.085215279745984
328,328,0.0006333288542215818,0.0006091772198775097,-15.971574563935203,-16.121559452939227
329,329,0.0006208175657672289,0.0006067840701067134,-16.055594281373146,-16.13865429124254
330,330,0.00062368890287393,0.0006123391978785788,-16.031505214149224,-16.09907538895111
331,331,0.0006137273259960191,0.0006096937730418224,-16.097854024521546,-16.117878403778086
332,332,0.0006160330484602024,0.0006070219678804278,-16.07939446119022,-16.136951915599795
333,333,0.0006199792746368066,0.0006104085232915455,-16.051992122762,-16.112790107069934
334,334,0.000623868947570241,0.0006064987698520877,-16.029362954644952,-16.14069675528262
335,335,0.0006239521803247944,0.0006023501260451189,-16.03279214674372,-16.170505943055623
336,336,0.0006222918151983435,0.000609019045154319,-16.041254693707117,-16.12268725823327
337,337,0.0006176790584973299,0.0006035866497672702,-16.073507871231413,-16.16159974451778
338,338,0.000625867198567031,0.0006001805580270133,-16.024655367409036,-16.186176768809805
339,339,0.0006212716653328581,0.0005978617823290589,-16.051028339324485,-16.202988073618258
